4.604437847932179584e-01
4.504172404607136859e-01
4.326392809549967633e-01
3.807934323946635113e-01
4.093738198280334473e-01
3.696270783742268695e-01
3.626893560091654645e-01
3.783681690692901611e-01
3.821567396322886334e-01
3.830206890900929584e-01
3.906044463316599713e-01
3.808863510688145770e-01
3.935735225677490234e-01
3.746423423290252686e-01
3.549472490946452008e-01
3.799519538879394531e-01
3.706944187482197894e-01
3.618330657482147217e-01
3.538245260715484619e-01
3.597035109996795654e-01
3.874265948931376324e-01
3.633119364579518451e-01
3.409535835186640607e-01
3.565573891003926410e-01
3.608340322971343994e-01
3.521427214145660400e-01
3.568900227546691895e-01
3.581543068091074811e-01
3.911457260449727191e-01
3.562650581200917377e-01
3.367030670245488300e-01
3.779725631078084125e-01
3.816529214382171631e-01
3.876230418682098389e-01
3.678003748257954730e-01
3.819228609402974262e-01
3.772769570350646973e-01
3.465785185496012555e-01
3.659553329149882184e-01
3.648193081219990863e-01
3.616429169972737445e-01
3.569861551125844135e-01
3.761958579222361432e-01
3.621139427026112689e-01
3.534712394078572406e-01
3.510696788628895892e-01
3.638912141323089600e-01
3.664934039115905762e-01
3.481025099754333496e-01
4.020008941491444721e-01
3.494607706864674701e-01
3.989334106445312500e-01
3.664762973785400391e-01
3.746502995491027832e-01
4.091090410947799683e-01
3.398075054089228497e-01
3.547775745391845703e-01
3.468869030475616455e-01
3.929726779460906982e-01
3.637357453505198346e-01
3.691475292046864642e-01
3.536949455738067627e-01
3.723748624324798584e-01
3.726956248283386230e-01
3.879008094469706402e-01
3.654756645361582623e-01
3.519974350929260254e-01
3.462751011053721295e-01
3.493698338667551861e-01
3.761523266633351459e-01
3.451475103696187152e-01
3.655705948670704974e-01
3.528644045193989887e-01
3.492730259895324707e-01
3.287921051184336529e-01
3.770969907442728863e-01
3.705134987831115723e-01
3.561196327209472656e-01
3.585487604141235352e-01
3.721661667029063092e-01
3.585719366868336810e-01
3.517253299554188861e-01
3.518906732400258197e-01
3.638632098833720074e-01
3.427165051301320209e-01
3.555469314257304059e-01
3.680395583311716901e-01
3.460655212402343750e-01
3.378187517325083600e-01
3.521832327047983990e-01
3.465035458405812396e-01
3.421773910522460938e-01
3.524540265401204242e-01
3.392907083034515381e-01
3.242827008167902814e-01
3.844728867212931500e-01
3.375531534353892194e-01
3.646218279997507916e-01
3.609512746334075928e-01
3.645264605681101666e-01
3.582311471303303851e-01
3.401533166567484723e-01
3.536347945531209125e-01
3.421747038761774884e-01
3.245805601278941022e-01
3.330675363540649414e-01
3.335325370232264386e-01
3.759361604849497662e-01
3.553831974665324078e-01
3.697501868009567261e-01
3.424890637397766113e-01
3.754575947920481549e-01
3.800588945547739850e-01
3.405889769395192279e-01
3.365457952022552490e-01
3.337826927502949848e-01
3.093160986900329590e-01
3.198688079913457050e-01
3.418258627255757465e-01
3.444295426209767474e-01
3.084934502840042114e-01
3.217850824197133197e-01
3.201283365488052368e-01
3.676181435585021973e-01
3.220617373784382953e-01
3.227931807438532696e-01
3.591006994247436523e-01
3.487104475498199463e-01
3.109844177961349487e-01
3.247982660929362164e-01
3.543392419815063477e-01
3.349516689777374268e-01
3.787238399187723981e-01
3.073890159527460919e-01
3.312013049920399799e-01
3.544485320647557391e-01
3.491123020648956299e-01
3.021082977453867779e-01
3.222619891166687012e-01
3.250546157360076904e-01
3.041164328654606952e-01
3.065648078918457031e-01
3.010280479987462177e-01
3.250211079915364398e-01
2.893573244412739887e-01
2.737783044576644897e-01
2.646839171648025513e-01
2.572604417800903320e-01
3.111177186171213971e-01
3.140261173248291016e-01
3.218867480754852295e-01
2.979696641365687237e-01
2.727259447177250995e-01
2.654888381560643329e-01
2.890137881040573120e-01
2.790768345197041644e-01
2.407580738266309195e-01
2.652147064606348859e-01
3.279983947674433575e-01
2.751565575599670410e-01
2.925169269243876324e-01
2.686972071727116718e-01
2.886406878630320416e-01
2.963387270768483295e-01
2.762451420227686749e-01
2.440278828144073486e-01
2.541443804899851666e-01
2.813067684570948468e-01
3.037758866945902692e-01
2.695337533950805664e-01
2.587165137132008685e-01
2.558399687210718976e-01
2.165424004197120667e-01
2.479899128278096609e-01
3.604126671950022565e-01
3.144554098447163715e-01
2.886425107717514038e-01
2.630164126555125104e-01
3.239478419224421368e-01
2.774715224901835309e-01
2.820244133472442627e-01
2.719178696473439349e-01
2.556518018245697021e-01
2.283771137396494455e-01
2.809000511964162006e-01
3.337150911490122662e-01
3.889523049195607318e-01
3.148537973562876569e-01
3.104409476121266498e-01
2.767167290051777973e-01
2.679285158713658466e-01
2.635064572095870972e-01
2.451951205730438232e-01
2.497650682926177979e-01
2.729088117678959979e-01
2.596209694941838397e-01
2.553179264068603516e-01
3.071954250335693359e-01
3.490897615750630512e-01
2.737832119067509784e-01
2.794764488935470581e-01
2.439260035753250122e-01
2.524464130401611328e-01
2.304549564917882376e-01
2.533515642086665021e-01
2.329565534989039011e-01
2.066554228464762277e-01
2.231100102265675955e-01
2.218545178572336740e-01
2.458606660366058350e-01
2.251712704698244638e-01
1.772357200582822256e-01
1.829185883204142160e-01
2.027784536282221384e-01
1.555597409605979919e-01
2.308066536982854300e-01
2.252605358759562082e-01
3.765072524547576904e-01
2.897729227940241681e-01
2.006179938713709421e-01
2.823830246925354004e-01
2.800760914882023944e-01
2.590327858924865723e-01
2.572533339262008667e-01
2.445955872535705566e-01
2.081158409516016550e-01
2.670328865448634015e-01
2.141344795624414987e-01
2.447001636028289795e-01
2.189821253220240183e-01
1.867143685619036264e-01
1.596770957112312317e-01
1.314928854505220956e-01
1.688637013236681528e-01
1.336902702848116464e-01
2.410087734460830688e-01
1.612380084892114096e-01
2.268440028031667166e-01
1.973630438248316354e-01
1.862225979566574097e-01
2.321858604749043875e-01
1.741482714811960764e-01
1.636899883548418588e-01
1.732823314766089029e-01
1.820386548837026053e-01
1.644639198978742056e-01
1.454910226166248322e-01
1.473188449939092093e-01
2.316253036260604858e-01
1.678783247868219919e-01
1.810051649808883667e-01
1.783567890524864197e-01
1.795141547918319702e-01
1.617327891290187836e-01
1.552135099967320853e-01
1.629491075873374939e-01
1.342393631736437387e-01
1.639147773385047913e-01
1.522290383776029044e-01
1.829810639222463065e-01
1.603355954090754099e-01
1.372279214362303323e-01
1.165890718499819484e-01
1.328136200706163950e-01
1.100848466157913208e-01
1.453211779395739145e-01
1.168239240845044408e-01
1.141802556812763214e-01
1.297699138522148132e-01
1.241213244696458134e-01
1.381326491634050913e-01
1.388776103655497141e-01
1.178255925575892177e-01
1.528946186105410165e-01
1.325540281832218170e-01
1.564883490403493338e-01
1.279495706160863333e-01
1.346729050079981393e-01
1.121712736785411835e-01
2.333853542804718018e-01
1.344874178369840079e-01
1.499874033033847809e-01
1.642523507277170725e-01
1.403625210126241141e-01
1.268635963400205069e-01
1.264659898976484842e-01
1.428928499420484000e-01
1.125247788925965581e-01
1.260498929768800735e-01
1.181468795984983444e-01
1.488963440060615540e-01
1.584277984996636801e-01
1.202821681896845546e-01
1.229779819647471156e-01
1.435971930623054504e-01
1.358376344045003348e-01
1.645680914322535104e-01
1.072528474032878876e-01
1.619418139259020395e-01
1.597100794315338135e-01
1.193325929343700409e-01
1.296883821487426758e-01
1.480902805924415588e-01
1.138475115100542751e-01
1.291846409440040588e-01
1.556894804040590830e-01
1.325206160545349121e-01
1.441736991206804819e-01
1.308097566167513437e-01
1.248940664033095088e-01
1.452720289429028921e-01
1.141083141167958531e-01
9.973967634141445160e-02
1.027936656028032303e-01
1.281359829008579254e-01
1.072349262734254155e-01
8.951925672590732574e-02
1.153891136248906407e-01
1.736002117395401001e-01
1.734036728739738464e-01
1.153256545464197841e-01
1.337659756342569894e-01
1.213978119194507599e-01
1.070637342830498967e-01
1.177341938018798828e-01
1.314074980715910501e-01
9.418155315021674301e-02
1.430499653021494455e-01
1.170003948112328801e-01
1.447528911133607321e-01
1.051077097654342651e-01
1.122063845396041870e-01
9.770922983686129715e-02
1.406117454171180725e-01
1.685498257478078299e-01
1.318366639316082001e-01
1.320965960621833801e-01
1.262903213500976562e-01
1.295463169614473886e-01
1.121987787385781560e-01
1.086918705453475270e-01
1.506443706651528769e-01
1.119153499603271484e-01
1.188895516097545624e-01
1.431781873106956482e-01
1.136548221111297607e-01
1.329451998074849539e-01
1.242061443626880646e-01
1.041384004056453705e-01
9.361401945352554321e-02
1.580068369706471854e-01
1.033874147882064137e-01
1.260235123336315155e-01
1.186340798934300694e-01
1.287843187650044852e-01
1.073123974104722295e-01
1.083632136384646144e-01
1.203444978843132701e-01
1.248661056160926819e-01
1.295452962319056101e-01
1.273445946474870138e-01
1.007139931122462001e-01
1.037864914784828868e-01
1.443345695734024048e-01
1.131403533120950017e-01
1.113585891822973933e-01
1.162586510181427002e-01
1.231268222133318629e-01
1.151614276071389470e-01
1.176265229781468663e-01
1.490383067478736334e-01
1.237569699684778896e-01
1.569930339852968759e-01
1.328655319909254617e-01
1.494919334848721915e-01
1.498629773656527109e-01
1.162697188556194305e-01
1.533460393548011780e-01
1.162978770832220760e-01
1.039188013722499165e-01
1.506010728577772684e-01
1.300453543663024902e-01
1.146543286740779877e-01
1.860094666481018066e-01
1.262405067682266235e-01
1.142480087776978764e-01
1.394573599100112915e-01
1.370746592680613107e-01
1.344895462195078439e-01
1.103365377833445821e-01
1.012969228128592220e-01
1.465531798700491495e-01
1.031812652945518494e-01
1.148296091705560684e-01
1.164076663553714752e-01
1.073664923508961949e-01
1.127176694571971893e-01
1.391376679142316275e-01
1.114816082020600591e-01
1.422969351212183542e-01
1.140915105740229335e-01
1.286450872818628854e-01
1.336878004173437662e-01
1.337949782609939575e-01
1.396379930277665549e-01
1.362557895481586456e-01
1.320848303536573953e-01
1.028868276625871658e-01
1.074491838614145961e-01
1.582172289490699768e-01
1.400518616040547781e-01
1.354696204264958792e-01
1.360607246557871408e-01
1.343140850464502878e-01
1.153814507027467046e-01
1.243828261892000880e-01
1.110852851221958842e-01
1.645209789276123047e-01
1.460104907552401132e-01
1.176284812390804291e-01
1.373680358131726675e-01
1.121611235042413030e-01
1.112544747690359798e-01
1.092853322625160217e-01
1.607968993484973907e-01
1.187912287811438289e-01
1.754803583025932312e-01
1.319463451703389578e-01
1.080241277813911438e-01
1.410826146602630615e-01
1.297380328178405762e-01
1.072266207387049947e-01
1.222628255685170445e-01
1.405826931198438101e-01
1.041291293998559270e-01
1.485965556154648370e-01
1.191910430788993835e-01
1.083729378879070282e-01
9.917330866058667038e-02
1.224406709273656163e-01
1.675356018046537943e-01
1.115591103831927028e-01
1.682963793476422720e-01
2.089865580201148987e-01
1.360065862536430359e-01
1.140977026273806844e-01
1.032313052564859390e-01
1.094084009528160095e-01
1.102240619560082707e-01
1.144520044326782227e-01
1.134639419615268707e-01
1.381795058647791452e-01
1.159259304404258728e-01
1.571963702638944083e-01
1.355140705903371268e-01
1.337566922108332224e-01
1.151425627370675359e-01
1.277823559939861298e-01
1.355184055864810944e-01
1.398100902636845999e-01
1.295382914443810873e-01
1.560215801000595093e-01
1.139293077091376033e-01
1.138202846050262451e-01
1.145905988911787715e-01
1.626801453530788422e-01
1.146105180184046474e-01
1.157806279758612361e-01
1.209271575013796535e-01
1.381667479872703552e-01
1.138758038481076512e-01
1.135896282891432491e-01
1.198864889641602788e-01
1.086160379151503291e-01
1.439598388969898224e-01
1.186604785422484126e-01
1.055547644694646153e-01
1.153363672395547185e-01
1.579324230551719666e-01
1.158947783211867061e-01
1.099595750371615138e-01
1.140058723588784489e-01
1.126583243409792628e-01
1.362535102913776941e-01
1.398718977967897958e-01
1.031009840468565669e-01
1.769407801330089569e-01
1.530454953511556082e-01
1.566609914104143686e-01
1.282470387717088156e-01
1.336132648090521402e-01
1.038446289797623906e-01
1.501809433102607727e-01
1.157769672572612762e-01
1.026000995188951492e-01
1.057720122238000188e-01
1.381068478027979440e-01
1.390714993079503470e-01
1.141500100493431091e-01
1.488515834013620920e-01
1.086694858968257904e-01
1.145526543259620667e-01
1.123634601632754054e-01
1.636925985415776663e-01
1.089277919381856918e-01
1.099608279764652252e-01
1.014981921762228012e-01
1.054553954551617351e-01
1.345465133587519235e-01
1.361306446293989725e-01
1.353227545817693167e-01
1.089613642543554306e-01
1.362240624924500876e-01
1.092761028558015823e-01
1.124420252939065251e-01
1.062369110683600154e-01
1.387447503705819540e-01
1.121108047664165497e-01
1.596982615689436502e-01
1.238432327906290736e-01
1.300586586197217398e-01
1.291207720836003714e-01
1.157213039696216583e-01
1.340260629852612906e-01
1.364339217543601990e-01
1.339981804291407175e-01
1.093446668237447739e-01
1.322911667327086038e-01
1.327097266912460327e-01
1.103148919840653691e-01
1.126218984524409022e-01
1.528030807773272104e-01
1.117297063271204677e-01
1.130052519341309819e-01
1.278644967824220657e-01
1.298386317988236838e-01
1.055373760561148372e-01
1.274631023406982422e-01
1.132223767538865361e-01
1.302106579144795828e-01
1.142690007885297093e-01
1.367123747865358896e-01
1.181965991854667664e-01
1.074942052364349365e-01
1.321870212753613882e-01
1.534823390344778604e-01
1.083386627336343083e-01
1.078638720015684810e-01
1.320486019055048532e-01
1.342581957578659058e-01
1.122904705504576411e-01
1.322595315674940653e-01
1.410321618119875497e-01
1.074822147687276158e-01
1.216623596847057343e-01
1.417802448074022836e-01
1.421972066164016724e-01
1.339343239863713675e-01
1.339435366292794638e-01
1.332012265920639038e-01
1.324026075502236777e-01
1.607669778168201447e-01
1.107619119187196050e-01
1.401244327425956726e-01
1.381048721571763449e-01
1.152945719659328461e-01
1.141288379828135219e-01
1.371507644653320312e-01
1.429126684864362173e-01
1.033080754180749211e-01
1.105355061590671539e-01
1.000565631935993877e-01
1.041797266031305041e-01
1.068116091191768646e-01
1.099076929191748347e-01
1.369429392119248801e-01
1.098571668068567958e-01
1.331409178674221039e-01
1.301165694991747446e-01
1.086714752018451691e-01
1.143244765698909760e-01
1.111164558678865433e-01
1.351377616326014108e-01
1.129151098430156708e-01
1.362336911261081696e-01
1.333731648822625571e-01
1.069447783132394109e-01
1.582577936351299286e-01
1.344735299547513419e-01
1.331004997094472342e-01
1.390328680475552969e-01
1.157061507304509435e-01
1.082717974980672154e-01
1.308407137791315622e-01
1.303567166129747934e-01
1.361195979019006186e-01
1.366088564197222299e-01
1.544159365197022848e-01
1.395519388218720847e-01
1.125531631211439815e-01
1.386780763665834970e-01
1.358679855863253183e-01
1.143017423649628911e-01
1.143838552137215886e-01
1.343820691108703613e-01
1.348267408708731241e-01
1.357377755145231790e-01
1.359804098804791861e-01
1.374886520206928253e-01
1.339715644717216492e-01
1.146708751718203273e-01
1.578412565092245645e-01
1.360185096661249704e-01
1.333373598754405975e-01
1.555625380327304297e-01
1.304940817256768637e-01
1.102102187772591863e-01
1.315956252316633768e-01
1.107498096923033443e-01
1.367925827701886587e-01
1.341628034909566336e-01
1.310826316475868225e-01
1.325409164031346732e-01
1.366028375923633575e-01
1.549328491091728210e-01
1.139029550055662837e-01
1.347208569447199411e-01
1.331187225878238678e-01
1.365172204871972494e-01
1.590023251871267862e-01
1.082723320772250447e-01
1.605802600582440787e-01
1.141723692417144775e-01
1.170960528155167851e-01
1.139486618340015411e-01
1.040953341871500015e-01
1.203411668539047241e-01
1.319245882332324982e-01
1.079382436970869746e-01
1.317497740189234323e-01
1.137693151831626892e-01
1.356707264979680472e-01
1.416104671855767660e-01
1.334158815443515778e-01
1.113911656041940007e-01
1.375985294580459595e-01
1.414571913580099649e-01
1.104755258808533397e-01
1.022912977884213176e-01
1.379476996759573526e-01
1.354796042044957571e-01
1.156131091217200008e-01
1.353193583587805338e-01
1.144778542220592499e-01
1.318002827465534210e-01
1.620701551437377930e-01
1.584295903642972403e-01
1.351251925031344003e-01
1.561020016670227051e-01
1.116478008528550420e-01
1.139816716313362122e-01
1.373342362542947226e-01
1.371943391859531403e-01
1.091880028446515355e-01
1.050910434375206676e-01
1.171145252883434296e-01
1.086433430512746129e-01
1.080997996032238007e-01
1.098402962088584900e-01
1.150489089389642033e-01
1.382001241048177176e-01
1.584025857349236899e-01
1.358006596565246582e-01
1.080332516382137981e-01
1.119586216906706538e-01
1.355459491411844797e-01
1.445086225867271423e-01
1.127922373513380733e-01
1.306753208239873343e-01
1.555114425718784332e-01
1.122566300133864131e-01
1.116636283695697784e-01
1.384561111529668265e-01
1.357412785291671753e-01
1.352067242066065378e-01
1.333279373745123453e-01
1.366644700368245535e-01
1.323758562405904227e-01
1.375692784786224365e-01
1.109502787391344752e-01
1.109146239856878963e-01
1.111303555468718257e-01
1.114997031788031306e-01
1.569630913436412811e-01
1.346884245673815317e-01
1.543110149602095194e-01
1.135574964185555730e-01
1.347472071647644043e-01
1.353155697385469980e-01
1.340379839142163687e-01
1.312533915042877197e-01
1.115590147674083710e-01
1.110556237399578094e-01
1.329680271446704865e-01
1.594196793933709555e-01
1.368212575713793344e-01
1.106619102259476933e-01
1.297994305690129691e-01
1.144546394546826634e-01
1.382380388677120209e-01
1.578113672633965903e-01
1.091818281759818349e-01
1.611538852254549570e-01
1.353252207239468985e-01
1.317915444572766714e-01
1.139742744465668950e-01
1.580281630158424377e-01
1.576896520952383585e-01
1.331515113512674875e-01
1.113447497288386073e-01
1.129993883272012029e-01
1.335641431311766214e-01
1.359147305289904184e-01
1.379976049065589905e-01
1.593785521884759360e-01
1.328394102553526468e-01
1.137260459363460541e-01
1.603138744831085205e-01
1.122825605173905644e-01
1.126921661198139191e-01
1.110707124074300084e-01
1.127383361260096278e-01
1.364275154968102866e-01
1.074902297308047566e-01
1.134460580845673833e-01
1.575071252882480621e-01
1.116057621936003413e-01
1.107338729004065242e-01
1.146854348480701447e-01
1.323150967558225088e-01
1.102698302517334666e-01
1.097938157618045807e-01
1.120153975983460698e-01
1.053124306102593694e-01
1.341838240623474121e-01
1.325754945476849966e-01
1.594219493369261331e-01
1.103387425343195644e-01
1.080826887240012441e-01
1.326245528956254416e-01
1.149980699022610936e-01
1.134766538937886510e-01
1.374490037560462952e-01
1.093266469736893926e-01
1.349571322401364737e-01
1.134120871623357091e-01
1.583625537653764181e-01
1.107427900036175999e-01
1.085520467410484996e-01
1.357216226557890482e-01
1.574798151850700378e-01
1.101593847076098170e-01
1.103668945531050410e-01
1.114537666241327968e-01
1.385491428275903159e-01
1.322376777728398733e-01
1.086240354925394058e-01
1.338658009966214590e-01
1.075130496174097061e-01
1.130257186790307317e-01
1.102185721198717799e-01
1.323849173883596964e-01
1.152502037584781647e-01
1.093642078340053558e-01
1.110846213996410370e-01
1.099736268321673122e-01
1.369471376140912466e-01
1.338874623179435730e-01
1.131722840170065608e-01
1.131947301328182220e-01
1.106333608428637233e-01
1.108317325512568202e-01
1.330136594672997885e-01
1.107213596502939906e-01
1.407216389973958426e-01
1.099000349640846252e-01
1.066633487741152492e-01
1.322797934214273996e-01
1.362545850376288004e-01
1.102068995436032567e-01
1.326305729647477560e-01
1.151012405753135681e-01
1.105224465330441747e-01
1.094718662401040349e-01
1.573049587508042746e-01
1.388290772835413522e-01
1.076968709627787318e-01
1.333664779861768179e-01
1.343460343778133392e-01
1.605477668344974518e-01
1.348957816759745187e-01
1.154461093246936798e-01
1.569488383829593658e-01
1.084024099012215886e-01
1.080882592747608867e-01
1.348246956864992685e-01
1.606005020439624786e-01
1.340385302901268005e-01
1.340375468134880066e-01
1.117419699827830043e-01
1.101692629357178960e-01
1.365292891860008240e-01
1.368611343204975128e-01
1.100791357457637787e-01
1.580033786594867706e-01
1.122116607924302373e-01
1.098458754519621577e-01
1.098717140654722896e-01
1.356684391697247916e-01
1.102596496542294774e-01
1.357547144095102853e-01
1.339069977402687073e-01
1.332623337705930167e-01
1.085588106264670644e-01
1.330791004002094269e-01
1.348412521183490753e-01
1.104311719536781311e-01
1.118429824709892273e-01
1.374922593434651785e-01
1.333046145737171173e-01
1.588550756374994821e-01
1.114980491499106136e-01
1.362501097222169333e-01
1.084352595110734258e-01
1.093798341850439754e-01
1.345583399136861258e-01
1.344405064980188913e-01
1.098414796094099727e-01
1.327057431141535349e-01
1.093442961573600769e-01
1.356539204716682434e-01
1.375117488205432892e-01
1.111070389548937526e-01
1.591591201722621918e-01
1.100734360516071320e-01
1.078562544037898335e-01
1.362129027644793100e-01
1.110658074418703761e-01
1.075723376125097275e-01
1.343514447410901480e-01
1.090340781956911087e-01
1.333857079346974783e-01
1.349212117493152618e-01
1.082687477270762172e-01
1.560519859194755554e-01
1.123563113311926570e-01
1.093876976519823074e-01
1.352524161338806152e-01
1.091960345705350194e-01
1.108863490323225703e-01
1.339253559708595276e-01
1.105500397582848821e-01
1.341303661465644836e-01
1.153529485066731725e-01
1.089429520070552826e-01
1.090337429195642471e-01
1.351602921883265085e-01
1.355164448420206613e-01
1.326823383569717407e-01
1.117533842722574916e-01
1.583977937698364258e-01
1.349242515861988068e-01
1.132493726909160614e-01
1.578642285118500299e-01
1.360829100012779236e-01
1.349208715061346597e-01
1.093725661436716762e-01
1.338874623179435730e-01
1.093099564313888550e-01
1.568296725551287241e-01
1.122550939520200047e-01
1.103714394072691646e-01
1.328189621369043893e-01
1.329717176655928201e-01
1.101874572535355840e-01
1.118014603853225708e-01
1.083323651303847585e-01
1.125404847164948735e-01
1.359146957596143179e-01
1.107055246829986572e-01
1.345376173655191965e-01
1.120457090437412262e-01
1.097225931783517155e-01
1.576433926820755005e-01
1.129273846745491028e-01
1.348970383405685425e-01
1.121003180742263794e-01
1.102371066808700562e-01
1.356411476929982596e-01
1.585306636989116669e-01
1.121735349297523499e-01
1.366730928421020508e-01
1.312265396118164062e-01
1.092489585280418396e-01
1.361836964885393686e-01
1.338651652137438364e-01
1.335330468912919455e-01
1.330389678478240967e-01
1.351890526711940765e-01
1.085738018155097961e-01
1.095036218563715663e-01
1.347041303912798471e-01
1.323911845684051514e-01
1.107572068770726476e-01
1.101043981810410771e-01
1.345834073921044760e-01
1.097952636579672542e-01
1.124485979477564540e-01
1.100836967428525243e-01
1.092892525096734319e-01
1.091666246453921046e-01
1.123459885517756190e-01
1.357231276730696268e-01
1.337295795480410165e-01
1.090826820582151413e-01
1.318711775044600076e-01
1.332490742206573486e-01
1.344971843063831329e-01
1.122643314301967621e-01
1.105680614709854126e-01
1.102423605819543156e-01
1.099476913611094203e-01
1.575763809184233255e-01
1.345105158785978861e-01
1.082613288114468303e-01
1.373655572533607483e-01
1.387240216135978699e-01
1.086840095619360652e-01
1.590778492391109467e-01
1.322728979090849466e-01
1.120726664861043248e-01
1.097676431139310155e-01
1.547494269907474518e-01
1.099525652825832367e-01
1.589505213002363748e-01
1.078896727412939072e-01
1.336540542542934418e-01
1.328491245706876211e-01
1.130822114646434784e-01
1.120466527839501653e-01
1.082000502695639882e-01
1.098052325348059383e-01
1.091817412525415421e-01
1.346650769313176566e-01
1.114431532720724788e-01
1.097785197198390961e-01
1.353625332315762930e-01
1.342126714686552591e-01
1.095354941984017644e-01
1.102025111516316686e-01
1.107486834128697667e-01
1.343979574739933014e-01
1.113189732035001073e-01
1.355097095171610422e-01
1.334582765897115164e-01
1.111171208322048187e-01
1.352819030483563834e-01
1.338073660929997855e-01
1.114426590502262115e-01
1.334626823663711548e-01
1.574607069293657846e-01
1.366066572566827231e-01
1.108887406686941829e-01
1.102503140767415318e-01
1.329298627873261862e-01
1.596475765109062195e-01
1.112563833594322205e-01
1.133495345711708069e-01
1.325717009603977203e-01
1.095487326383590698e-01
1.112871542572975159e-01
1.111285823086897578e-01
1.334952935576438904e-01
1.337337357302506857e-01
1.320591866970062256e-01
1.334930260976155691e-01
1.323297992348670959e-01
1.347963660955429077e-01
1.102858719726403508e-01
1.328282480438550406e-01
1.362845078110694885e-01
1.106977971891562190e-01
1.134762627383073125e-01
1.092769665022691045e-01
1.126256982485453334e-01
1.082584578543901443e-01
1.337618132432301932e-01
1.328582639495531625e-01
1.092605553567409515e-01
1.102838081618150029e-01
