1.280980666478474861e+00
1.337133765220642090e+00
1.105120142300923591e+00
1.023348212242126465e+00
1.043254613876342773e+00
1.013122320175170898e+00
9.869059324264526367e-01
9.767553210258483887e-01
9.892337918281555176e-01
9.488581418991088867e-01
1.016351858774821038e+00
9.574930071830749512e-01
1.006539146105448479e+00
1.018777708212534661e+00
1.006029764811197991e+00
9.356970787048339844e-01
9.555159807205200195e-01
9.619317849477132532e-01
9.272356033325195312e-01
9.481086532274881629e-01
9.539016286532083777e-01
9.931347568829854700e-01
9.568608005841573450e-01
9.543889959653218957e-01
9.531621734301248816e-01
9.321438074111938477e-01
9.510750174522399902e-01
9.198973377545675012e-01
1.029213150342305427e+00
9.561066230138143274e-01
9.586314956347147254e-01
9.406522909800211218e-01
1.004473785559336418e+00
9.521382053693135950e-01
9.466844995816549035e-01
9.849489927291870117e-01
9.706857204437255859e-01
9.353837569554647180e-01
9.568334817886352539e-01
9.435719251632690430e-01
9.372155666351318359e-01
9.422419667243957520e-01
9.324457248051961633e-01
9.374285340309143066e-01
9.068620204925537109e-01
9.129408796628316614e-01
9.545144637425740930e-01
9.152438044548034668e-01
9.514670769373575476e-01
9.512635072072347375e-01
9.154665867487589148e-01
9.855480988820394250e-01
9.896898269653320312e-01
9.445948203404744836e-01
9.405457973480224609e-01
9.618925452232360840e-01
9.108833869298299524e-01
9.317405819892883301e-01
9.808773001035054895e-01
9.791119297345479700e-01
9.647791783014932898e-01
9.778411388397216797e-01
9.763081272443135950e-01
9.905910491943359375e-01
9.592349131902059289e-01
9.769665002822875977e-01
9.278244574864705774e-01
9.206454555193582800e-01
9.080933531125386926e-01
9.580507278442382812e-01
9.138973355293273926e-01
9.389080603917440149e-01
9.065291682879129675e-01
9.721248745918273926e-01
9.157628814379373816e-01
9.602160851160684851e-01
9.131691257158914832e-01
9.520115454991658899e-01
9.108410477638244629e-01
9.910073280334472656e-01
9.323266744613647461e-01
9.275048573811849328e-01
9.119771520296732215e-01
9.239192605018615723e-01
9.132391214370727539e-01
9.373059471448262903e-01
9.354363679885864258e-01
9.137366612752279016e-01
9.125330448150634766e-01
8.988433082898458215e-01
9.022618929545084265e-01
8.732784787813822058e-01
9.680657784144083289e-01
9.077367186546325684e-01
8.756665984789530066e-01
1.017787535985310798e+00
9.191956321398416785e-01
9.356900850931803015e-01
9.510160485903421668e-01
9.497790137926737097e-01
8.986694812774658203e-01
9.902913769086202356e-01
8.806310097376505164e-01
8.635138670603433875e-01
8.519537647565206262e-01
8.473063508669534949e-01
8.288255532582601282e-01
1.044211049874623543e+00
9.125561912854512903e-01
8.886277675628662109e-01
8.920793135960897180e-01
9.659202496210733679e-01
1.005734066168467278e+00
8.986556331316629675e-01
8.834606409072875977e-01
9.511820673942565918e-01
9.046385685602823523e-01
8.615765968958536414e-01
8.746762673060098914e-01
9.198742310206095008e-01
8.508099118868509558e-01
8.647022843360900879e-01
8.670722643534342078e-01
9.476711750030517578e-01
8.548593918482462195e-01
9.354155460993448523e-01
9.021819829940795898e-01
8.758829832077026367e-01
8.857451279958089563e-01
8.909882704416910437e-01
8.991221388181050989e-01
8.628193934758504602e-01
9.317809939384460449e-01
8.416330019632974890e-01
8.530082305272420617e-01
8.638295928637186316e-01
9.530747532844543457e-01
7.917061845461527136e-01
8.294314940770467492e-01
9.316101471583048133e-01
8.656468192736307410e-01
8.482267260551452637e-01
7.950535813967386511e-01
8.577160040537515906e-01
7.937515377998352051e-01
7.466184894243875769e-01
7.553741931915283203e-01
7.102106213569641113e-01
9.754722118377685547e-01
8.734200994173685340e-01
8.214588562647501258e-01
7.943874398867288855e-01
7.510323325792948035e-01
7.665694753328958777e-01
7.901402910550435754e-01
7.698298096656799316e-01
7.084277669588724402e-01
7.453860441843668250e-01
9.657788872718811035e-01
7.814276417096456262e-01
8.562575181325277063e-01
8.454083204269409180e-01
7.694560289382934570e-01
7.711482246716817590e-01
7.638799746831258508e-01
7.138652602831522254e-01
7.588999072710672644e-01
8.216606179873148230e-01
8.849871158599853516e-01
7.844483256340026855e-01
7.100226084391275672e-01
7.778904636700948450e-01
7.131473024686177942e-01
7.251959840456644324e-01
1.090237259864807129e+00
8.534524639447530481e-01
8.451005419095357629e-01
7.948320905367532996e-01
8.734338482220967981e-01
8.132273157437642785e-01
7.485548059145609168e-01
7.251667181650797156e-01
7.532060543696085242e-01
6.804531812667846680e-01
8.094621499379476282e-01
9.448590079943338660e-01
1.038634796937306648e+00
8.410359223683675500e-01
9.012527664502462121e-01
8.670428395271301270e-01
8.152491450309753418e-01
7.852997779846191406e-01
7.209010918935140344e-01
7.877484361330667761e-01
7.501682639122009277e-01
6.948685447374979285e-01
7.836584250132242468e-01
9.713640213012695312e-01
9.487966497739156457e-01
7.989695072174072266e-01
7.415878574053446082e-01
7.237061063448587683e-01
6.852820316950479773e-01
6.751915216445922852e-01
6.332254211107889441e-01
5.965174237887064246e-01
5.849449038505554199e-01
6.470751166343688965e-01
6.847604711850484582e-01
6.759657661120096472e-01
5.718053380648294715e-01
5.420320530732473108e-01
6.128548383712768555e-01
6.864820520083109168e-01
5.839613874753316614e-01
5.990681250890096399e-01
7.223331530888875696e-01
8.853281339009603235e-01
7.729104757308959961e-01
6.039173205693563196e-01
7.828581730524698523e-01
7.775116364161173133e-01
7.158479094505310059e-01
7.374522487322489050e-01
5.796595215797424316e-01
6.433042883872985840e-01
8.028750220934549597e-01
6.414619684219360352e-01
7.084762652715047571e-01
6.154606938362121582e-01
5.345878700415293006e-01
5.992145339647928504e-01
4.748788575331370221e-01
5.456096629301706580e-01
4.504562616348266602e-01
7.138354380925496789e-01
7.392594615618387488e-01
6.942628224690755578e-01
6.748913923899332312e-01
6.919099291165670129e-01
6.948075890541076660e-01
5.708268284797668457e-01
6.353962421417236328e-01
4.998261829217274799e-01
5.539321005344390869e-01
6.274056831995645789e-01
5.137366950511932373e-01
5.967948238054910925e-01
7.281243602434793738e-01
5.419977804025014612e-01
5.577813982963562012e-01
4.893679519494374408e-01
5.377345879872640344e-01
3.714943031469981061e-01
4.770086109638214111e-01
4.694420993328094482e-01
4.535165429115295410e-01
5.120469629764556885e-01
4.952585697174072266e-01
5.220931967099508020e-01
4.877078831195831299e-01
4.399092992146809711e-01
3.761905233065287457e-01
4.535766541957855225e-01
3.322012225786845074e-01
4.646118581295013428e-01
4.135705431302388324e-01
4.114712874094645367e-01
4.996485511461893902e-01
3.995049893856048584e-01
3.951276342074076520e-01
3.720720509688059674e-01
4.837926725546519147e-01
5.251359045505523682e-01
4.862325787544250488e-01
4.884526431560516357e-01
5.057835678259531287e-01
4.027282694975535260e-01
4.790218770503997803e-01
5.991311271985372278e-01
4.481849074363708496e-01
4.464701513449351178e-01
5.354332427183786658e-01
4.130913615226745605e-01
4.014256894588470459e-01
4.251770277818043842e-01
4.221493800481160297e-01
3.958246608575184955e-01
4.086578687032063617e-01
3.637109696865081787e-01
4.894614815711975098e-01
5.689523915449777869e-01
4.497589468955993652e-01
4.565060536066691266e-01
4.306391477584838867e-01
3.989815413951873779e-01
6.640812357266744348e-01
4.146240452925364361e-01
4.962302645047505512e-01
5.528225402037302283e-01
3.761036793390910016e-01
4.584938585758209229e-01
4.260844290256500244e-01
3.581244150797526227e-01
4.354566136995951520e-01
3.935065567493438721e-01
3.579705158869425641e-01
4.850407342116038190e-01
3.884480794270833148e-01
4.048494696617126465e-01
4.248737196127573834e-01
3.986964325110117779e-01
3.541784981886546002e-01
3.646578093369801654e-01
3.594880203406016217e-01
3.597732384999592914e-01
2.614229073127110614e-01
3.551910718282063617e-01
5.516842405001322058e-01
4.584446152051289691e-01
3.612433969974517822e-01
4.485779503981272565e-01
4.139476915200551166e-01
3.649624884128570557e-01
3.788826763629913330e-01
3.572366237640380859e-01
3.073650896549224854e-01
3.876516918341318951e-01
3.674702048301696777e-01
4.466325839360554828e-01
3.890306552251179828e-01
3.781884213288624896e-01
3.055250346660614014e-01
4.029978513717651367e-01
4.152078429857889996e-01
3.697764575481414795e-01
3.809023499488830566e-01
4.112674693266550885e-01
3.674781620502471924e-01
3.636782268683115826e-01
4.037002722422282086e-01
3.921463688214619769e-01
3.045607904593150006e-01
4.352796375751495361e-01
4.525470435619354248e-01
2.599414785703023090e-01
4.692339201768239154e-01
3.261067469914754047e-01
3.366305728753407611e-01
2.718188017606735229e-01
4.509236812591552734e-01
3.235139946142832623e-01
4.095449248949686871e-01
3.063567876815795898e-01
4.318175911903381348e-01
3.528428574403126849e-01
3.848225375016530170e-01
3.225699067115783691e-01
4.015006919701893939e-01
4.490974644819895611e-01
3.723114927609761371e-01
3.116788367430369244e-01
3.234416643778483258e-01
4.410827855269114361e-01
3.888269762198130475e-01
3.576550583044688092e-01
3.813693523406982422e-01
3.918440838654835834e-01
3.796995282173156738e-01
2.983033855756123676e-01
3.342470427354176654e-01
4.003603855768839703e-01
3.838793337345123291e-01
4.066365162531535016e-01
4.025851388772328510e-01
4.402611354986826764e-01
2.676625996828079224e-01
4.398778478304545270e-01
3.751261035601298199e-01
3.487670719623565674e-01
4.266956150531768799e-01
3.590540289878845215e-01
3.731065591176350726e-01
3.938674430052439557e-01
4.112876256306965961e-01
3.789384265740712299e-01
3.811705410480499268e-01
3.719630837440490723e-01
3.911793132623036517e-01
3.639469047387440814e-01
3.090430796146392822e-01
4.264213442802429199e-01
3.086632390817006244e-01
3.874550163745880127e-01
3.885643084843953265e-01
3.463568290074666156e-01
4.068160553773244037e-01
4.318570593992869244e-01
3.713150620460510254e-01
4.043998817602793561e-01
3.610642254352569580e-01
3.468014995257059918e-01
3.442658285299937115e-01
3.562664091587066650e-01
4.221139053503672467e-01
3.912966052691141949e-01
3.586446543534596576e-01
3.288180778423945294e-01
3.587664663791656494e-01
3.678059379259745465e-01
3.948498964309692383e-01
3.666604757308959961e-01
3.599562048912048340e-01
3.493039508660634174e-01
3.601278265317280902e-01
3.163003524144490375e-01
3.455708821614583148e-01
3.939979175726572858e-01
3.956366280714671002e-01
3.788450757662455426e-01
3.783290485541025983e-01
3.474277953306834088e-01
3.551005919774373187e-01
3.269451061884562360e-01
3.907841245333353863e-01
3.722462753454844342e-01
3.577223221460978375e-01
3.473323583602905273e-01
3.398936192194620953e-01
3.743936419486999512e-01
3.316939771175384521e-01
3.548589150110880719e-01
4.031056662400563373e-01
3.964199125766754150e-01
3.138317267100016461e-01
3.276427487532297955e-01
3.684981763362884521e-01
3.414929211139678955e-01
2.980381846427917480e-01
2.990580995877583637e-01
4.057640930016835346e-01
3.503937820593516217e-01
4.544987380504608154e-01
4.977739155292510986e-01
4.405880471070607318e-01
3.791876633961995258e-01
3.175271451473236084e-01
3.437677224477131976e-01
3.404621084531148090e-01
3.562075694402058734e-01
3.635167280832926617e-01
3.732340931892395020e-01
3.589543203512827740e-01
3.595181206862131940e-01
3.710808654626210346e-01
3.534967799981434955e-01
3.721255660057067871e-01
4.249102572600046979e-01
3.938885033130645752e-01
3.903579711914062500e-01
3.333227833112080707e-01
3.661546607812245502e-01
3.581895132859547748e-01
3.615378638108571185e-01
3.495236734549204694e-01
3.796451985836029053e-01
3.660644888877868652e-01
3.560400803883870258e-01
4.575359125932057514e-01
3.680894573529561176e-01
3.710442384084065570e-01
3.602339128653208600e-01
3.716462353865305768e-01
3.440194427967071533e-01
3.813896079858143939e-01
3.604841530323028564e-01
3.441254099210103168e-01
3.469679852326710834e-01
3.725231488545735492e-01
3.487725357214609967e-01
3.273427983125050678e-01
3.562354743480682373e-01
3.481003642082214355e-01
3.512740731239318848e-01
3.748424053192138672e-01
3.127689460913340436e-01
4.281709094842274799e-01
4.850618044535319195e-01
4.384601215521494733e-01
4.071554342905680524e-01
3.519629637400309430e-01
3.119977116584777832e-01
4.049175282319386615e-01
3.673059244950612201e-01
3.082857529322306500e-01
3.093702793121337891e-01
3.724984725316365375e-01
3.698375225067138672e-01
3.556629916032155170e-01
4.108793437480926514e-01
3.351119259993235455e-01
3.463654915491740094e-01
3.408697843551635742e-01
3.821640113989512311e-01
3.323231240113576068e-01
3.376407821973164691e-01
2.955268124739329205e-01
3.128140171368916644e-01
3.432777027289072858e-01
3.526917000611622943e-01
3.501514792442321777e-01
3.257799545923869000e-01
3.586501379807789935e-01
3.325233062108357562e-01
3.452119429906209125e-01
3.228810429573059082e-01
3.582919339338938580e-01
3.392922878265380859e-01
3.721472720305125104e-01
3.096177180608113422e-01
3.311482767264048444e-01
3.270104328791300641e-01
3.508648773034413471e-01
3.590230445067087994e-01
3.496847748756408691e-01
3.472546140352885113e-01
3.346429069836934223e-01
3.378216028213500977e-01
3.367621997992197858e-01
3.297913769880930768e-01
3.426167368888854980e-01
3.328603307406107770e-01
3.461063802242279053e-01
3.418063422044118060e-01
3.161542961994807110e-01
3.252819925546646118e-01
3.196155528227488385e-01
3.203663527965545654e-01
3.360789318879445209e-01
3.416824936866760254e-01
3.533479173978169574e-01
3.703125119209289551e-01
3.586891392866770611e-01
3.247510592142741070e-01
3.358920613924662457e-01
3.466223577658335553e-01
3.287252833445866718e-01
3.262969652811686383e-01
3.421090443929036273e-01
3.434954981009165631e-01
3.351083000500996723e-01
3.481825391451517926e-01
3.686046103636423932e-01
3.407532970110575543e-01
3.752200802167256488e-01
3.816235164801279889e-01
3.846402466297149658e-01
3.611119091510772705e-01
3.525974551836649762e-01
3.449154496192932129e-01
3.501305083433787213e-01
3.793864448865254535e-01
3.383818467458089008e-01
3.755718568960825787e-01
3.605590164661407471e-01
3.522078792254130231e-01
3.446101347605387555e-01
3.709222972393035889e-01
3.810511132081349506e-01
3.104034761587778912e-01
3.356025218963623047e-01
2.837058852116267071e-01
3.084824532270431519e-01
3.220556279023488178e-01
3.342106540997822894e-01
3.591252168019612445e-01
3.347867925961812152e-01
3.439085582892100201e-01
3.345478971799214496e-01
3.272338112195332660e-01
3.438869714736938477e-01
3.375965654850006104e-01
3.487510780493418561e-01
3.466195364793141498e-01
3.574568927288055420e-01
3.420924146970112933e-01
3.183177510897318707e-01
3.610219955444335938e-01
3.487197260061900006e-01
3.377397060394287109e-01
3.650844097137451172e-01
3.449115355809529437e-01
3.335796495278676166e-01
3.290965358416239606e-01
3.331483205159505023e-01
3.551632662614186420e-01
3.543605903784434186e-01
3.521783848603566303e-01
3.693167467912037982e-01
3.482459286848704205e-01
3.578239480654398785e-01
3.490936756134033203e-01
3.445425132910410748e-01
3.474848568439483643e-01
3.448164959748585834e-01
3.485748668511708392e-01
3.529310723145802631e-01
3.530258735020955219e-01
3.585299948851267682e-01
3.470186293125152588e-01
3.506146570046742572e-01
3.569503327210744037e-01
3.555995623270670758e-01
3.406278491020202637e-01
3.455896079540252686e-01
3.236639499664306641e-01
3.313158154487609863e-01
3.323367834091186523e-01
3.295322358608245850e-01
3.515479266643524170e-01
3.422394891579945697e-01
3.315091629823048724e-01
3.419783314069111957e-01
3.495746354262034283e-01
3.381840189297993793e-01
3.420437077681223736e-01
3.412650426228840961e-01
3.381508489449818744e-01
3.505782485008239746e-01
3.613119324048360004e-01
3.245954116185506000e-01
3.718602259953816547e-01
3.506208459536234723e-01
3.628639777501423969e-01
3.558065990606943951e-01
3.306325326363245831e-01
3.861119647820790424e-01
3.314939737319946289e-01
3.190463085969288959e-01
3.404671549797058105e-01
3.421771625677744733e-01
3.700060645739237652e-01
3.696460823218027936e-01
3.391866981983184814e-01
3.408947487672169818e-01
3.567876418431599750e-01
3.829893767833709717e-01
3.359816074371337891e-01
3.000859171152114868e-01
3.621670603752136230e-01
3.511313796043395996e-01
3.541757861773173199e-01
3.539675076802571430e-01
3.507328232129414691e-01
3.489101131757100238e-01
3.777856230735778809e-01
3.618275026480357037e-01
3.431637485822041644e-01
3.500005006790161133e-01
3.383825918038685931e-01
3.537229696909586774e-01
3.654804229736328125e-01
3.605172137419382916e-01
3.314094444115956439e-01
3.127679427464802875e-01
3.578905264536539899e-01
3.225589295228322162e-01
3.140121201674143658e-01
3.353103001912434711e-01
3.597160379091898785e-01
3.666214446226755963e-01
3.653587996959686279e-01
3.507644037405650006e-01
3.344912032286326276e-01
3.434152702490488873e-01
3.592413564523060931e-01
3.854918678601582660e-01
3.410069445768992291e-01
3.299032151699066162e-01
3.464442392190297260e-01
3.367509841918945312e-01
3.493222395579020367e-01
3.643151621023814069e-01
3.513282338778178082e-01
3.491409321626027240e-01
3.450504839420318604e-01
3.530415594577789307e-01
3.439856966336568012e-01
3.579547305901845111e-01
3.402077654997507916e-01
3.360117177168528424e-01
3.293109039465586529e-01
3.351777593294779645e-01
3.607958555221557617e-01
3.474166989326477051e-01
3.396475315093994141e-01
3.432090580463409424e-01
3.488984107971191406e-01
3.566980163256327496e-01
3.486692309379577637e-01
3.368411163489024029e-01
3.354129989941914691e-01
3.386724392573038922e-01
3.412079910437266217e-01
3.592609465122222900e-01
3.570318520069122314e-01
3.300707240899403705e-01
3.230681717395782471e-01
3.466988503932952881e-01
3.571038544178009033e-01
3.566245039304097308e-01
3.281239569187164307e-01
3.616590301195780621e-01
3.514483471711476459e-01
3.324052989482879639e-01
3.493456741174061908e-01
3.577618996302286969e-01
3.554243147373199463e-01
3.403608004252116070e-01
3.393816053867340088e-01
3.400416870911915912e-01
3.423671325047810687e-01
3.512171308199564801e-01
3.547005256017048969e-01
3.646053075790405273e-01
3.397580484549204694e-01
3.397022088368733539e-01
3.700634737809498920e-01
3.366217811902363910e-01
3.385778566201527728e-01
3.356376687685648785e-01
3.390139341354370117e-01
3.502223988374074115e-01
3.238666454950968610e-01
3.496872186660766602e-01
3.580708305040995465e-01
3.364789585272471295e-01
3.339730203151702881e-01
3.488271931807200299e-01
3.387549519538879395e-01
3.345220188299815045e-01
3.284440934658050537e-01
3.405929903189341412e-01
3.140962471564610614e-01
3.451774815718333111e-01
3.419806857903798236e-01
3.620346585909525738e-01
3.272679746150970459e-01
3.264837116003036499e-01
3.356695572535197125e-01
3.456348677476246967e-01
3.377209504445393695e-01
3.571060895919799805e-01
3.311620652675628662e-01
3.496589859326680316e-01
3.429761330286661969e-01
3.623354434967041016e-01
3.323205312093098773e-01
3.239983916282653809e-01
3.465239802996317731e-01
3.549242019653320312e-01
3.310385843118031635e-01
3.337246477603912354e-01
3.398529887199401855e-01
3.586027920246124268e-01
3.365105589230855121e-01
3.235313296318054199e-01
3.445092538992564069e-01
3.225873609383900775e-01
3.415509561697642194e-01
3.262234826882680072e-01
3.354993164539337158e-01
3.477799594402313232e-01
3.282564878463745117e-01
3.351834714412689209e-01
3.315637906392415180e-01
3.565310736497243060e-01
3.408488929271697998e-01
3.349577883879343854e-01
3.362592558066050397e-01
3.343179523944854736e-01
3.352084656556447162e-01
3.358980516592661725e-01
3.265893260637919293e-01
3.742243548234303607e-01
3.245265285174052106e-01
3.155842125415802002e-01
3.415907224019368305e-01
3.536297281583150043e-01
3.275417188803355084e-01
3.343845109144846783e-01
3.451232711474100934e-01
3.338260749975840436e-01
3.218802909056345807e-01
3.513049383958180560e-01
3.644813398520151959e-01
3.217412233352661133e-01
3.402811288833618164e-01
3.562647203604380475e-01
3.658963839213053570e-01
3.431889315446217670e-01
3.462288479010264264e-01
3.493964970111846924e-01
3.244845718145370483e-01
3.247340867916743146e-01
3.440084358056386127e-01
3.672247429688771381e-01
3.375983238220214844e-01
3.466790815194447650e-01
3.319448530673980713e-01
3.326840698719024658e-01
3.488688667615254535e-01
3.530646165211995258e-01
3.290142317612965717e-01
3.565856417020161762e-01
3.359731535116831647e-01
3.305264015992482318e-01
3.289407491683959961e-01
3.494600355625152588e-01
3.290487428506215228e-01
3.467314938704172955e-01
3.412907322247822894e-01
3.423789143562316895e-01
3.238283197085062848e-01
3.441536923249562396e-01
3.512715498606364117e-01
3.279366493225097656e-01
3.372431596120198383e-01
3.538491328557332172e-01
3.401627937952677594e-01
3.631195624669392719e-01
3.302991688251495361e-01
3.471310536066691266e-01
3.301802178223927631e-01
3.236963947614033832e-01
3.469621042410532819e-01
3.476999402046203613e-01
3.266628384590148926e-01
3.390266696612040387e-01
3.279424309730529785e-01
3.477337161699931012e-01
3.514776627222697125e-01
3.323881129423777447e-01
3.609491984049479352e-01
3.320123354593912945e-01
3.248278995354970111e-01
3.479625384012858258e-01
3.312054276466369629e-01
3.182052224874496460e-01
3.469023108482360840e-01
3.298983474572499408e-01
3.381958305835723877e-01
3.473308781782786236e-01
3.240940868854522705e-01
3.487746814886729108e-01
3.478228350480397357e-01
3.219376802444458008e-01
3.518036802609761371e-01
3.293706874052683697e-01
3.326078752676646100e-01
3.443297048409779681e-01
3.353488743305206299e-01
3.396902779738108502e-01
3.526980280876159668e-01
3.237515191237131940e-01
3.289880355199177875e-01
3.486741483211517334e-01
3.488765557607014789e-01
3.436219394207000732e-01
3.339213629563649310e-01
3.570460975170135498e-01
3.473201493422190533e-01
3.417161107063293457e-01
3.526315689086914062e-01
3.537906706333160400e-01
3.455274999141693115e-01
3.303181231021881104e-01
3.440046409765879498e-01
3.281224866708119525e-01
3.553544183572133197e-01
3.338530262311299457e-01
3.341323435306549072e-01
3.386028707027435303e-01
3.390895028909047260e-01
3.341008126735687256e-01
3.382919331391652240e-01
3.269590536753336774e-01
3.385954201221466064e-01
3.503088553746541156e-01
3.306439916292826520e-01
3.439700802167256488e-01
3.356039921442667828e-01
3.343277474244435443e-01
3.563369611899058209e-01
3.367606500784556256e-01
3.437469104925791608e-01
3.387186328570048199e-01
3.302861352761586322e-01
3.474101026852925433e-01
3.564418156941731586e-01
3.350144326686859131e-01
3.474882145722706928e-01
3.370091418425242291e-01
3.270518481731414795e-01
3.495497802893320904e-01
3.413606981436411725e-01
3.400719761848449707e-01
3.433378140131632672e-01
3.451392650604248047e-01
3.309542437394459857e-01
3.284175097942352295e-01
3.471723298231760846e-01
3.374113241831461774e-01
3.338561157385508404e-01
3.324630657831827985e-01
3.441499571005503522e-01
3.308471739292144775e-01
3.346762657165527344e-01
3.307769298553466797e-01
3.279908398787180768e-01
3.275954922040303363e-01
3.349583248297373639e-01
3.495980203151702881e-01
3.446986675262451172e-01
3.264941871166229248e-01
3.386730452378590717e-01
3.418235282103220807e-01
3.455073634783427106e-01
3.352501690387725830e-01
3.317371904850006104e-01
3.341971139113108502e-01
3.304796218872070312e-01
3.550449609756469727e-01
3.438560167948405133e-01
3.253444681564967023e-01
3.482730289300282611e-01
3.587193687756856098e-01
3.247529367605845319e-01
3.611999948819478168e-01
3.384838898976643695e-01
3.390047550201416016e-01
3.302331765492756976e-01
3.485035002231597900e-01
3.288316726684570312e-01
3.587714731693267822e-01
3.223641961812973022e-01
3.462281028429667340e-01
3.425668279329935895e-01
3.352257013320922852e-01
3.375915090243021832e-01
3.243873715400695801e-01
3.309803605079650879e-01
3.279379407564799176e-01
3.432949582735697613e-01
3.333264191945393695e-01
3.257996439933776855e-01
3.469598988691965924e-01
3.401956756909688129e-01
3.303369283676147461e-01
3.326563437779744281e-01
3.341583510239918842e-01
3.452296455701192035e-01
3.335145115852355957e-01
3.484260837237040387e-01
3.402897715568542480e-01
3.302833139896392822e-01
3.462443252404530658e-01
3.416105608145396100e-01
3.327026466528574811e-01
3.418611188729603900e-01
3.541588783264160156e-01
3.509751458962758197e-01
3.304955760637919293e-01
3.326203922430674420e-01
3.400448958079020367e-01
3.616533974806467877e-01
3.308765192826588764e-01
3.371195793151855469e-01
3.419318695863087787e-01
3.315141002337138043e-01
3.342947661876678467e-01
3.329756458600361957e-01
3.420173426469166889e-01
3.439976871013641357e-01
3.399078547954559326e-01
3.421908517678578510e-01
3.399991989135742188e-01
3.447588284810383930e-01
3.311725060145060406e-01
3.388132850329081402e-01
3.479444881280263080e-01
3.323173125584920062e-01
3.401904702186584473e-01
3.255332012971242084e-01
3.356630305449168072e-01
3.266734679539998187e-01
3.431298335393269672e-01
3.408323228359222412e-01
3.284988800684611188e-01
3.333601752916972027e-01
