1.297279244661331266e+00
1.104726737737655728e+00
1.034469705820083574e+00
1.000337773561477572e+00
1.025418668985366821e+00
1.026455706357956021e+00
1.032978057861328125e+00
1.075147014856338457e+00
1.021149724721908569e+00
9.834735691547393799e-01
9.138270974159240501e-01
9.363056063652038796e-01
8.832946836948394331e-01
8.743018925189971480e-01
9.327889025211334451e-01
9.218836784362792747e-01
9.683358490467071089e-01
9.768268704414367898e-01
8.830302476882934126e-01
9.388668775558471902e-01
9.609312057495117410e-01
8.822229504585266113e-01
8.831708550453185591e-01
9.717535734176635520e-01
9.419453203678130881e-01
8.424609422683715376e-01
8.386713564395904541e-01
8.362317085266113281e-01
8.611124396324157937e-01
8.339246034622191939e-01
8.333783745765686035e-01
8.789548993110656294e-01
8.628428339958190696e-01
9.499692499637604204e-01
9.364288330078125444e-01
9.662457346916198953e-01
1.025239467620849609e+00
9.746636271476745161e-01
1.041643232107162476e+00
9.070369303226470947e-01
8.917353868484496626e-01
9.295873880386352761e-01
8.819376111030579057e-01
8.266456663608551247e-01
8.729078650474548784e-01
8.694066584110260454e-01
9.169909596443176492e-01
1.003060489892959595e+00
9.810332536697388139e-01
9.918089866638183372e-01
8.492633819580077681e-01
8.053031623363494651e-01
8.030064105987548828e-01
8.721404135227203147e-01
8.092616558074950950e-01
7.980604946613312212e-01
8.110283672809600608e-01
8.044800460338592529e-01
8.803022384643555132e-01
8.534436047077178511e-01
7.957904815673828569e-01
7.811476647853851096e-01
8.044893562793731245e-01
8.369111061096191628e-01
8.475777506828308105e-01
8.274381339550018755e-01
8.407582938671112061e-01
7.830916583538055642e-01
7.835558354854583740e-01
7.831910550594329834e-01
8.146336197853087935e-01
8.386903166770934837e-01
8.917841374874114768e-01
8.472886621952057107e-01
7.880169749259948730e-01
7.843697249889374223e-01
7.666295468807220459e-01
7.816397547721862793e-01
7.914756655693053755e-01
7.673322379589080366e-01
7.604669332504272461e-01
8.197974443435669389e-01
7.646411538124084917e-01
7.878077626228332520e-01
7.998465061187743919e-01
7.661134839057922585e-01
7.750836431980132613e-01
7.487255215644836870e-01
7.516690611839293990e-01
7.413341760635375755e-01
7.587844491004943626e-01
7.420085906982422097e-01
7.579094469547271729e-01
7.444750428199767844e-01
7.387741267681121604e-01
7.708837151527404563e-01
7.550324678421020952e-01
7.409313619136810303e-01
7.489593207836151567e-01
7.589028298854827437e-01
7.751081407070159468e-01
7.681339740753173606e-01
7.417403340339661089e-01
7.583641827106475386e-01
7.571284234523772971e-01
7.354593753814697710e-01
7.271304428577423096e-01
7.522502899169921653e-01
7.667449712753295898e-01
8.004107713699341042e-01
7.784247159957885520e-01
7.546935021877289040e-01
7.376737713813781294e-01
7.360682368278503862e-01
7.495377659797668457e-01
7.401400804519653320e-01
7.525915980339050737e-01
7.411959946155548540e-01
7.474527060985565186e-01
7.301277995109558550e-01
7.236523568630218728e-01
7.450714468955993430e-01
7.169561505317687544e-01
7.111801743507385476e-01
7.130345880985260454e-01
7.124150097370147705e-01
7.080118834972382036e-01
7.152027249336242454e-01
7.108714282512664795e-01
7.218967497348784956e-01
7.262925207614898682e-01
7.084559679031372514e-01
7.098561525344848633e-01
7.140511453151703325e-01
7.389855921268463357e-01
7.661899864673614724e-01
7.760541617870331255e-01
7.217242181301116721e-01
7.123409152030945046e-01
7.103364586830138716e-01
7.031420826911926047e-01
7.026977479457855447e-01
7.200529873371124268e-01
7.402790904045104536e-01
7.450404882431029829e-01
7.047315776348114236e-01
7.123227179050445335e-01
6.907884716987610085e-01
7.077774643898010476e-01
7.179901242256164773e-01
6.997077405452728494e-01
7.151566445827484131e-01
7.355888485908508301e-01
7.444108605384827104e-01
7.031192183494567871e-01
6.946453213691711204e-01
6.837500989437103049e-01
6.841789245605468528e-01
6.831134259700775146e-01
7.003466844558715598e-01
6.829419493675231712e-01
6.871787011623382568e-01
7.014019310474395308e-01
6.813756942749022993e-01
6.800400555133819802e-01
6.914959847927093506e-01
6.779417514801024947e-01
6.950946033000946489e-01
6.836023092269897239e-01
6.846077203750610130e-01
6.908165514469146729e-01
6.962132155895233154e-01
7.240039885044098344e-01
7.164855182170868364e-01
7.034452497959137185e-01
7.211542487144469993e-01
6.954416394233703391e-01
6.759948790073394553e-01
6.738490402698517068e-01
6.762716054916382280e-01
6.709413290023803489e-01
6.975802958011627641e-01
6.905142724514007346e-01
6.926499903202056885e-01
6.956586003303527610e-01
7.235101282596587691e-01
6.932003140449524148e-01
6.865161359310150146e-01
7.172810614109039751e-01
7.178158819675445335e-01
7.001403748989105669e-01
6.835072517395019975e-01
6.632071554660796675e-01
6.645488798618316428e-01
6.665087223052978960e-01
6.679839432239532693e-01
6.670325636863708718e-01
6.717480242252349409e-01
6.596847414970398171e-01
6.594622433185577393e-01
6.587821424007416216e-01
6.605032980442047119e-01
6.591042160987854448e-01
6.607709586620330589e-01
6.673825442790984885e-01
6.831906139850616455e-01
6.740820705890655518e-01
6.695338308811187300e-01
6.674709439277648482e-01
6.595104038715362549e-01
6.622304260730743630e-01
6.764555811882019265e-01
6.837880432605742964e-01
6.863384366035460982e-01
7.256917476654052290e-01
7.045520782470703347e-01
6.592857062816619429e-01
6.564235925674438699e-01
6.621031880378722700e-01
6.654519557952880415e-01
6.632144570350646529e-01
6.549852728843689187e-01
6.538605809211730513e-01
6.568437635898589644e-01
6.573430240154266579e-01
6.674366414546966109e-01
6.550512909889221191e-01
6.561168193817138450e-01
6.576741576194763406e-01
6.545981705188751443e-01
6.567174196243286133e-01
6.679927289485931841e-01
6.674814522266387939e-01
6.773711204528808372e-01
6.619186282157898393e-01
6.639238059520721214e-01
6.814075291156769243e-01
6.736971497535705344e-01
6.616485893726349321e-01
6.618945240974426492e-01
6.607180833816528320e-01
6.556852996349334939e-01
6.753059208393097368e-01
6.941541373729706033e-01
6.610917866230010542e-01
7.213621020317078081e-01
6.647917747497558150e-01
6.630141973495483620e-01
6.587075710296630415e-01
6.633761584758758323e-01
6.576233029365539107e-01
6.605336427688598411e-01
6.535139143466949241e-01
6.650070488452911599e-01
6.763147950172424538e-01
6.691820263862610085e-01
6.733581364154815896e-01
6.569515287876128706e-01
6.738186299800872359e-01
6.644769847393036111e-01
6.575115621089935303e-01
6.492790639400481956e-01
6.533896446228026900e-01
6.529402673244476540e-01
6.533422410488128884e-01
6.525024890899657759e-01
6.531542897224426047e-01
6.457620382308959517e-01
6.448330581188201904e-01
6.464287579059601052e-01
6.443043887615204079e-01
6.438500702381133589e-01
6.472273945808411089e-01
6.588731467723846214e-01
6.681133210659027100e-01
6.616059064865111861e-01
6.646855950355530229e-01
6.528339803218841109e-01
6.584124565124511719e-01
6.499625086784363015e-01
6.479064702987671343e-01
6.544775724411010520e-01
6.623747110366821067e-01
6.509162425994873269e-01
6.538952887058258057e-01
6.556644380092621072e-01
6.589197516441345215e-01
6.547440290451049805e-01
6.465081691741942915e-01
6.580507814884185569e-01
6.440784990787505881e-01
6.401783585548400657e-01
6.407140135765075906e-01
6.397249281406403032e-01
6.400931775569915771e-01
6.406548500061035600e-01
6.461373746395111528e-01
6.399235248565673384e-01
6.394956231117248091e-01
6.499307751655578613e-01
6.503970801830292192e-01
6.391652822494506836e-01
6.377040684223175271e-01
6.374431729316711870e-01
6.380307614803314431e-01
6.377662479877471702e-01
6.411345660686492698e-01
6.386305749416351096e-01
6.370953500270843950e-01
6.369673430919646773e-01
6.370935201644897239e-01
6.374288022518157515e-01
6.373365104198456255e-01
6.371381580829620361e-01
6.375736355781554954e-01
6.382881820201873335e-01
6.373064279556274192e-01
6.366544067859649658e-01
6.378713488578796609e-01
6.369667053222656250e-01
6.382595717906951460e-01
6.374573826789855513e-01
6.371111273765563965e-01
6.367607772350311057e-01
6.398195266723633035e-01
6.448485314846038596e-01
6.472624599933624046e-01
6.475782036781311257e-01
6.390503585338592751e-01
6.424141347408294234e-01
6.391812562942504883e-01
6.363289177417754683e-01
6.355462074279785156e-01
6.349137783050536887e-01
6.354657173156738059e-01
6.353575766086578813e-01
6.379492998123168501e-01
6.395783543586730513e-01
6.377852320671081321e-01
6.363457798957824485e-01
6.344959259033202681e-01
6.344407677650452104e-01
6.345126569271087869e-01
6.349700570106506792e-01
6.361942529678344949e-01
6.376895487308502641e-01
6.428297579288482222e-01
6.447617709636688232e-01
6.354626417160034180e-01
6.417086839675902876e-01
6.476940095424652544e-01
6.400375664234161377e-01
6.331907451152801736e-01
6.331641793251037154e-01
6.331777393817901167e-01
6.346181035041809082e-01
6.339223384857177734e-01
6.326406180858612505e-01
6.334267556667327881e-01
6.321838796138763428e-01
6.329973399639129417e-01
6.324777603149414062e-01
6.318774938583373579e-01
6.318847954273223433e-01
6.318648278713225874e-01
6.324905693531036599e-01
6.345868051052093728e-01
6.342852771282195823e-01
6.412929296493530273e-01
6.357253551483154075e-01
6.394586265087127686e-01
6.455594480037689653e-01
6.353956401348114236e-01
6.350464522838592529e-01
6.347701013088226096e-01
6.348293125629425049e-01
6.485336303710937944e-01
6.442738413810730203e-01
6.336051762104034646e-01
6.349224925041199175e-01
6.317772090435027632e-01
6.309754490852356179e-01
6.309522628784179910e-01
6.300080478191375510e-01
6.301288545131683572e-01
6.311294496059417503e-01
6.337894320487975630e-01
6.333860158920288086e-01
6.320127308368682639e-01
6.336509704589843306e-01
6.344726800918578657e-01
6.319905757904052956e-01
6.305792152881621870e-01
6.302459597587585227e-01
6.308470547199249712e-01
6.326503336429596391e-01
6.321557998657226785e-01
6.299972236156463623e-01
6.341728568077087402e-01
6.329691529273986372e-01
6.333538115024566206e-01
6.313599765300750288e-01
6.294105887413025124e-01
6.283321380615234375e-01
6.284662425518036111e-01
6.282528340816497803e-01
6.282122552394866499e-01
6.281075537204742210e-01
6.280491530895233598e-01
6.279574394226073997e-01
6.279517948627472146e-01
6.278954982757568581e-01
6.278675377368927446e-01
6.278929591178894487e-01
6.280727088451385498e-01
6.278545856475830078e-01
6.277522921562195268e-01
6.276014924049377885e-01
6.276159107685088667e-01
6.275882601737976518e-01
6.277153432369232400e-01
6.276041805744171365e-01
6.278691947460174339e-01
6.279229044914245161e-01
6.291456222534179688e-01
6.287896096706390159e-01
6.284299314022063765e-01
6.300993382930755171e-01
6.284358978271484819e-01
6.294597268104553667e-01
6.276462912559509499e-01
6.273853957653046098e-01
6.271937251091003196e-01
6.270951569080353005e-01
6.268557310104370117e-01
6.268412590026855025e-01
6.267698287963867632e-01
6.267383515834807906e-01
6.266550481319427268e-01
6.266431868076324241e-01
6.266059339046478049e-01
6.266542255878448930e-01
6.268281877040863259e-01
6.270440399646759477e-01
6.275370001792908159e-01
6.266501426696777788e-01
6.265747785568237527e-01
6.267209410667419212e-01
6.267551779747009277e-01
6.261800944805144820e-01
6.261375129222870317e-01
6.261159598827361616e-01
6.260449290275573730e-01
6.260504722595214844e-01
6.259096026420593040e-01
6.261514186859130637e-01
6.260196983814239058e-01
6.264377593994140403e-01
6.263799667358398438e-01
6.261691331863403764e-01
6.262403249740600142e-01
6.266974568367004172e-01
6.277637839317321555e-01
6.266281306743621826e-01
6.261600315570831077e-01
6.257965624332427756e-01
6.255848586559296098e-01
6.253328740596770796e-01
6.254107117652892844e-01
6.255023837089538352e-01
6.261784911155701128e-01
6.262337028980254905e-01
6.272203683853149192e-01
6.253463745117187056e-01
6.250582277774811013e-01
6.250088751316070779e-01
6.249794423580169456e-01
6.250674188137054221e-01
6.252312302589416726e-01
6.257340371608733909e-01
6.258762896060943159e-01
6.258443713188170943e-01
6.248276054859160933e-01
6.250486195087432417e-01
6.256083846092224121e-01
6.268639743328094927e-01
6.251708149909973589e-01
6.252802550792694314e-01
6.275633990764617476e-01
6.282736659049987793e-01
6.249450087547302468e-01
6.248781502246856245e-01
6.245107114315032737e-01
6.249715805053710493e-01
6.250766515731811523e-01
6.249001502990723100e-01
6.250746250152587891e-01
6.269770205020904763e-01
6.267587006092071311e-01
6.258031129837036133e-01
6.238942921161652055e-01
6.238164663314819114e-01
6.238568365573883279e-01
6.237839818000793235e-01
6.237673759460449219e-01
6.237242400646210161e-01
6.236948132514953391e-01
6.237011194229126199e-01
6.236626982688904253e-01
6.236408591270446999e-01
6.236085712909698042e-01
6.235765576362609641e-01
6.235659778118133323e-01
6.235423326492309792e-01
6.235453963279724565e-01
6.234984219074248823e-01
6.234772205352783203e-01
6.234975516796111839e-01
6.234229147434234841e-01
6.234251737594604936e-01
6.233777046203613503e-01
6.233822524547576460e-01
6.233611345291137917e-01
6.233186244964599165e-01
6.232699751853942871e-01
6.233468711376189964e-01
6.232757985591887984e-01
6.232177674770355003e-01
6.232169270515441895e-01
6.231716632843017356e-01
6.231734633445740190e-01
6.231281340122223344e-01
6.231216847896575706e-01
6.230954170227051003e-01
6.231073498725890891e-01
6.230538010597228560e-01
6.230233669281005637e-01
6.229889512062072310e-01
6.229569435119628462e-01
6.230181038379669634e-01
6.229152441024780051e-01
6.229013681411743608e-01
6.228888750076293501e-01
6.228854775428771529e-01
6.227855741977691428e-01
6.229597687721252219e-01
6.227767944335937944e-01
6.228414297103881392e-01
6.227413892745972124e-01
6.227825522422790749e-01
6.227051138877868208e-01
6.227442443370818648e-01
6.227056801319121870e-01
6.226258933544158714e-01
6.226651906967163308e-01
6.225515425205230269e-01
6.226129055023192915e-01
6.226998805999756081e-01
6.225494742393493652e-01
6.227561891078948753e-01
6.225483834743499312e-01
6.226320862770080566e-01
6.224246501922607866e-01
6.223681390285491499e-01
6.223470509052276833e-01
6.223260700702667458e-01
6.223484039306640403e-01
6.223279953002929243e-01
6.223942279815674050e-01
6.222711920738219771e-01
6.223107337951659934e-01
6.221966266632079634e-01
6.222079932689666970e-01
6.221681714057922807e-01
6.221444725990294966e-01
6.221189439296722634e-01
6.220537960529327615e-01
6.221288025379181352e-01
6.220697402954101785e-01
6.221008718013762984e-01
6.220096349716186523e-01
6.220112264156341109e-01
6.219287157058716042e-01
6.218963444232941118e-01
6.219130098819732888e-01
6.218610286712646928e-01
6.218293130397796187e-01
6.218146920204162820e-01
6.217598438262939009e-01
6.217843949794769065e-01
6.217269718647002730e-01
6.217564642429351807e-01
6.216997146606445535e-01
6.216856718063354936e-01
6.216543734073638472e-01
6.215963125228881614e-01
6.215713560581207497e-01
6.215554296970366988e-01
6.215273082256317361e-01
6.215810120105743630e-01
6.215111553668976052e-01
6.214545011520385964e-01
6.214863955974578857e-01
6.214280128479003906e-01
6.214085638523101363e-01
6.214045464992523637e-01
6.214145421981811523e-01
6.214002966880798340e-01
6.213712096214294434e-01
6.213980138301848921e-01
6.213373124599457231e-01
6.213244616985320601e-01
6.213229417800902876e-01
6.213132858276366743e-01
6.213054597377777322e-01
6.212768018245696799e-01
6.212892174720764382e-01
6.212498307228088157e-01
6.212392032146454302e-01
6.212271034717560259e-01
6.212256550788879395e-01
6.211998462677001953e-01
6.211976945400238259e-01
6.211716949939727339e-01
6.211538076400756614e-01
6.211508691310883012e-01
6.211437523365020974e-01
6.211271941661834495e-01
6.211101591587067094e-01
6.211306393146515115e-01
6.211174368858337624e-01
6.210924446582793967e-01
6.210611939430237260e-01
6.210656404495239480e-01
6.210357308387756126e-01
6.210164546966552290e-01
6.210168182849884477e-01
6.210128545761108843e-01
6.209725856781005415e-01
6.209902822971343772e-01
6.209601938724518266e-01
6.209858834743500200e-01
6.209291458129883035e-01
6.209339797496795654e-01
6.209180712699889915e-01
6.208872199058532715e-01
6.208885669708251731e-01
6.208890557289123979e-01
6.208958506584167925e-01
6.208591461181640625e-01
6.208346903324126753e-01
6.208236277103423850e-01
6.207998394966125488e-01
6.208121478557586670e-01
6.207837998867035134e-01
6.207578182220458984e-01
6.207487702369689497e-01
6.207399427890777366e-01
6.207249283790587935e-01
6.207455933094024880e-01
6.206873297691345437e-01
6.206753015518188255e-01
6.206882953643798606e-01
6.206662952899932861e-01
6.206389427185058372e-01
6.206371426582336648e-01
6.206304371356964333e-01
6.206907868385315163e-01
6.206282436847686546e-01
6.205937623977660911e-01
6.205848515033721702e-01
6.205442428588867632e-01
6.205586791038513184e-01
6.205168366432189941e-01
6.205145716667175293e-01
6.204977989196777122e-01
6.204779505729675071e-01
6.204756796360015869e-01
6.204568564891814741e-01
6.204496920108795166e-01
6.204240381717681663e-01
6.204596579074859175e-01
6.204042315483093706e-01
6.204147458076476607e-01
6.203871130943298118e-01
6.203568100929259810e-01
6.203781723976135032e-01
6.203411400318146196e-01
6.203158080577850786e-01
6.203184783458709495e-01
6.203099131584167703e-01
6.202759087085724099e-01
6.202866494655608909e-01
6.202682256698608398e-01
6.202411353588104248e-01
6.202401757240295632e-01
6.202357828617095503e-01
6.201999485492706299e-01
6.202099919319152832e-01
6.202502906322479026e-01
6.202343165874480979e-01
6.201388537883758545e-01
6.202039062976837380e-01
6.201366364955902544e-01
6.201287090778351274e-01
6.201285779476165549e-01
6.201170623302459939e-01
6.201019585132598877e-01
6.201060414314270020e-01
6.200805306434631348e-01
6.200915575027465820e-01
6.200781166553497314e-01
6.200723171234130415e-01
6.200625479221344438e-01
6.200609683990478960e-01
6.200598537921905296e-01
6.200427651405334695e-01
6.200345814228057639e-01
6.200283646583557573e-01
6.200241267681121382e-01
6.200393795967101829e-01
6.199973225593566895e-01
6.199977993965148926e-01
6.200138092041015403e-01
6.200011491775512251e-01
6.199873268604279009e-01
6.199895024299622026e-01
6.199659705162048340e-01
6.199588537216186301e-01
6.199572384357452393e-01
6.199385106563568559e-01
6.199346601963042769e-01
6.199296891689300981e-01
6.199251294136047807e-01
6.199277102947234885e-01
6.199088215827941450e-01
6.199154734611511675e-01
6.198927998542785867e-01
6.198917388916015403e-01
6.198841571807861550e-01
6.198902308940887895e-01
6.198899865150451216e-01
6.198589205741882324e-01
6.198621749877929465e-01
6.198490738868713823e-01
6.198417186737060769e-01
6.198375046253203902e-01
6.198257267475127952e-01
6.198163032531738281e-01
6.198107898235321045e-01
6.198161780834198220e-01
6.197897374629974809e-01
6.197860956192016157e-01
6.197745084762573686e-01
6.197763621807098611e-01
6.197717845439910667e-01
6.197707712650298850e-01
6.197523176670074463e-01
6.197637379169463889e-01
6.197433829307555930e-01
6.197289943695067915e-01
6.197431623935699685e-01
6.197072446346283403e-01
6.197100460529327837e-01
6.197013139724731889e-01
6.197002470493316872e-01
6.196894884109497292e-01
6.196796000003814697e-01
6.196828007698058638e-01
6.196628391742706743e-01
6.196670889854430930e-01
6.196555674076080766e-01
6.196683108806609885e-01
6.196270406246184859e-01
6.196496844291686790e-01
6.196227788925170454e-01
6.196121037006377952e-01
6.196144819259643555e-01
6.196013092994689941e-01
6.195873439311980757e-01
6.195822417736053245e-01
6.195826888084411399e-01
6.195800244808197244e-01
6.195761620998382346e-01
6.195704817771912065e-01
6.195420503616333452e-01
6.195636987686157227e-01
6.195489466190338135e-01
6.195416331291199175e-01
6.195168018341064009e-01
6.195266485214233620e-01
6.195038318634032981e-01
6.195265889167785867e-01
6.195200085639953613e-01
6.194823294878005759e-01
6.194936990737914817e-01
6.194748759269714800e-01
6.194616317749023215e-01
6.194432973861694336e-01
6.194913446903228538e-01
6.194289326667785645e-01
6.194296300411223921e-01
6.194252967834472656e-01
6.194231867790221946e-01
6.194251060485840288e-01
6.194127440452575906e-01
6.194113790988922119e-01
6.194078028202056885e-01
6.193986594676971214e-01
6.193988800048828569e-01
6.193921327590942161e-01
6.193931996822357178e-01
6.193839430809020552e-01
6.193840324878692183e-01
6.193791031837463379e-01
6.193712055683135986e-01
6.193702876567840354e-01
6.193664789199828657e-01
6.193753302097320113e-01
6.193560302257538064e-01
6.193695366382598877e-01
6.193529069423675537e-01
6.193580448627471480e-01
6.193581581115722434e-01
6.193472266197204146e-01
6.193480551242828147e-01
6.193309307098389116e-01
6.193279623985290527e-01
6.193350374698638472e-01
6.193250775337219016e-01
6.193166911602020486e-01
6.193180739879607932e-01
6.193099319934844971e-01
6.193092107772827370e-01
6.193037807941437212e-01
6.192975938320159912e-01
6.192910850048065630e-01
6.192912161350250244e-01
6.192880868911743164e-01
6.192847251892089622e-01
6.192869484424591286e-01
6.192807555198669434e-01
6.192771196365356445e-01
6.192643523216248003e-01
6.192685961723327637e-01
6.192627370357512984e-01
6.192497491836548296e-01
6.192528009414672852e-01
6.192456305027007613e-01
6.192419290542602317e-01
6.192457854747772661e-01
6.192316532135009322e-01
6.192410707473754439e-01
6.192347764968871848e-01
6.192190289497375710e-01
6.192155182361602783e-01
6.192253828048706055e-01
6.192101597785949485e-01
6.192115008831023948e-01
6.192078888416290283e-01
6.192010104656219260e-01
6.191953122615814209e-01
6.191920340061187744e-01
6.191879928112029585e-01
6.191818058490753396e-01
6.191834092140198198e-01
6.191847264766693337e-01
6.191760659217834251e-01
6.191816568374634011e-01
6.191670179367065874e-01
6.191629290580749068e-01
6.191600561141967773e-01
6.191505551338195579e-01
6.191487133502959761e-01
6.191430389881134033e-01
6.191386252641677412e-01
6.191392302513122337e-01
6.191358983516692671e-01
6.191241443157196045e-01
6.191271781921386941e-01
6.191194117069244163e-01
6.191201567649841087e-01
6.191116988658904585e-01
6.191123366355896218e-01
6.191049814224243164e-01
6.191004872322082297e-01
6.190998315811157005e-01
6.190895199775695579e-01
6.190898478031158225e-01
6.190966725349426047e-01
6.190917491912841797e-01
6.190853059291839822e-01
6.190709292888640913e-01
6.190697669982909712e-01
6.190651416778564231e-01
6.190707147121429221e-01
6.190561830997467485e-01
6.190476536750793013e-01
6.190523147583008035e-01
6.190425515174865501e-01
6.190369129180908203e-01
6.190353572368622048e-01
6.190344989299774170e-01
6.190316319465637429e-01
6.190313398838043213e-01
6.190296351909637673e-01
6.190285205841064009e-01
6.190206587314606157e-01
6.190199553966522217e-01
6.190173089504241721e-01
6.190187931060791016e-01
6.190137445926666704e-01
6.190125167369842085e-01
6.190089821815490945e-01
6.190065205097198264e-01
6.190066218376160112e-01
6.190068542957305464e-01
6.190029382705688477e-01
6.190018713474273460e-01
6.190005660057067427e-01
6.189953625202179177e-01
6.189928889274597390e-01
6.189899504184722678e-01
6.189892530441284402e-01
6.189885914325714555e-01
6.189851701259613259e-01
6.189886450767516646e-01
6.189813613891601562e-01
6.189786434173584206e-01
6.189783275127410667e-01
6.189737737178802046e-01
6.189721286296844260e-01
6.189714193344115767e-01
6.189716041088104692e-01
6.189688086509704812e-01
6.189656853675842285e-01
6.189616858959198220e-01
6.189630508422852007e-01
6.189624071121215820e-01
6.189573585987091509e-01
6.189543128013610396e-01
6.189507186412811501e-01
6.189504802227020486e-01
6.189503014087677224e-01
6.189491510391235130e-01
6.189431846141815186e-01
6.189415395259857400e-01
6.189405083656310813e-01
6.189382195472716841e-01
6.189338505268097146e-01
6.189321756362915483e-01
6.189301967620849387e-01
6.189293920993804710e-01
6.189264297485351785e-01
6.189238071441650613e-01
6.189250111579894797e-01
6.189220309257507102e-01
6.189180374145507590e-01
6.189188122749328391e-01
6.189131021499634233e-01
6.189089655876159890e-01
6.189096808433532937e-01
6.189138174057007280e-01
6.189122676849365678e-01
6.189030587673187700e-01
6.189002931118011697e-01
6.189033448696136253e-01
6.188966989517211692e-01
6.188931107521057351e-01
6.188940346240997536e-01
6.188987076282501665e-01
6.188872814178466575e-01
6.188861489295959251e-01
6.188847631216048972e-01
6.188823699951171431e-01
6.188829541206359863e-01
6.188767969608306441e-01
6.188749432563781516e-01
6.188757538795470747e-01
6.188730716705321822e-01
6.188753485679626687e-01
6.188668072223663108e-01
6.188632547855377197e-01
6.188653886318207231e-01
6.188621759414673074e-01
6.188583016395569070e-01
6.188564956188201682e-01
6.188568234443664329e-01
6.188549935817718728e-01
6.188472092151642290e-01
6.188469409942627397e-01
6.188441336154937300e-01
6.188466191291809304e-01
6.188401043415069358e-01
6.188456773757934348e-01
6.188492953777313677e-01
6.188393771648407204e-01
6.188349008560181108e-01
6.188328444957733598e-01
6.188291668891906516e-01
