1.045037031173706055e+00
1.008991499741872078e+00
9.746540188789367676e-01
9.646975596745809289e-01
9.652866522471109656e-01
9.731209874153137207e-01
9.847917755444844934e-01
9.592526157697042200e-01
9.545681675275167200e-01
9.379625717798868445e-01
9.052825570106506348e-01
8.922320008277893066e-01
8.809416691462198523e-01
9.062116146087646484e-01
9.157800277074178430e-01
9.280133843421936035e-01
9.032401641209920617e-01
8.877137104670206336e-01
9.002349972724914551e-01
9.272287487983703613e-01
8.632450103759765625e-01
8.582842151323953894e-01
9.115054806073507043e-01
9.051199158032735559e-01
8.598927259445190430e-01
8.410304784774780273e-01
8.387922843297322961e-01
8.495775461196899414e-01
8.359168569246927527e-01
8.350312908490499231e-01
8.637244304021199914e-01
8.282451629638671875e-01
8.812861442565917969e-01
9.070615371068319055e-01
8.934422334035238000e-01
9.587088425954183313e-01
9.136795798937479285e-01
9.098871151606241492e-01
8.345747391382852820e-01
8.309276700019836426e-01
8.570443193117777136e-01
8.534914652506510047e-01
8.201056718826293945e-01
8.238501548767089844e-01
8.437620202700296668e-01
8.774898052215576172e-01
9.730954368909200403e-01
8.970649043718973425e-01
8.245436946551004675e-01
8.210034966468811035e-01
8.139666716257730750e-01
8.116056521733602258e-01
8.289784193038940430e-01
8.480350971221923828e-01
8.113343318303426477e-01
8.074503739674886438e-01
8.034635980923970910e-01
8.221090237299600867e-01
8.017968535423278809e-01
7.962500254313150672e-01
7.993497848510742188e-01
7.928271889686584473e-01
7.896754344304403039e-01
8.008445501327514648e-01
8.713959058125814172e-01
8.258238832155863074e-01
7.941355705261230469e-01
7.895372112592061731e-01
7.829259435335794715e-01
7.870423396428426477e-01
7.785889705022176477e-01
7.894965012868245813e-01
7.713581919670104980e-01
7.956678072611490515e-01
7.761512994766235352e-01
7.557015419006347656e-01
7.754382689793904992e-01
7.642886042594909668e-01
7.864483793576558801e-01
7.692649960517883301e-01
7.868757446606954309e-01
7.814089258511861535e-01
7.658589084943135950e-01
7.768241961797078821e-01
7.715107599894205359e-01
7.728896935780843469e-01
7.688190539677938196e-01
7.569777766863504675e-01
7.398424744606018066e-01
7.381621201833089563e-01
7.501458525657653809e-01
7.450036009152730676e-01
7.474045157432556152e-01
7.467567125956217078e-01
7.477810581525167200e-01
7.756005128224691125e-01
7.297688325246175500e-01
7.412727872530618933e-01
7.473109960556030273e-01
7.701091368993123742e-01
7.330034573872884485e-01
7.413027485211690637e-01
7.434296806653341028e-01
7.474049329757690430e-01
7.469009160995483398e-01
7.406090299288431433e-01
7.558174530665079383e-01
7.473875482877095910e-01
7.365983327229818078e-01
7.264058987299600867e-01
7.411432663599649695e-01
7.409362395604451867e-01
7.240744630495706824e-01
7.428187529246012000e-01
7.489014863967895508e-01
7.396651109059652063e-01
7.295232216517130164e-01
7.506724993387857703e-01
7.347702383995056152e-01
7.324172655741373328e-01
7.360944350560506555e-01
7.384007771809896203e-01
7.174198428789774207e-01
7.208766341209411621e-01
7.246528466542562219e-01
7.201553781827291223e-01
7.223785718282064172e-01
7.192382216453552246e-01
7.172187964121500281e-01
7.403975327809652063e-01
7.300140062967935828e-01
7.103441158930460242e-01
7.217029730478922156e-01
7.142303983370462683e-01
7.170842885971069336e-01
7.155922253926595422e-01
7.129226922988891602e-01
7.067701816558837891e-01
7.237762014071146277e-01
7.138116359710693359e-01
6.956269542376199988e-01
7.018795013427734375e-01
7.076829075813293457e-01
7.366850177447000769e-01
7.050319115320841101e-01
7.178883353869119910e-01
6.937031745910644531e-01
6.984800100326538086e-01
7.084357738494873047e-01
6.943363944689432410e-01
6.897068222363790246e-01
7.192471226056417200e-01
7.243012785911560059e-01
7.339782714843750000e-01
7.033528486887613562e-01
6.973692377408345910e-01
6.834824085235595703e-01
6.951489448547363281e-01
7.038813034693399695e-01
6.960237224896749231e-01
7.003862659136453894e-01
7.000425259272257117e-01
7.044996221860250207e-01
7.010893424352010461e-01
6.978907783826192590e-01
6.850985089937845496e-01
7.060106794039407996e-01
6.964787840843200684e-01
6.919027169545491907e-01
6.944808761278787879e-01
6.950168410936991004e-01
7.099655667940775183e-01
7.261617382367452356e-01
7.005602121353149414e-01
7.255831956863403320e-01
7.013003031412760047e-01
6.961419781049092981e-01
6.780078013737996789e-01
7.041542331377664832e-01
6.742382645606994629e-01
6.907189885775247840e-01
6.858107646306356164e-01
6.736599405606588098e-01
7.095495065053304407e-01
6.867034435272216797e-01
6.894012292226155969e-01
6.921615799268087121e-01
7.252784768740335730e-01
6.722956498463948938e-01
6.818428039550781250e-01
6.825662056605020789e-01
6.777072946230570105e-01
6.852086385091146203e-01
6.852804621060689660e-01
6.704549988110860559e-01
6.747057437896728516e-01
6.831886370976766321e-01
6.659056742986043664e-01
6.641917427380880090e-01
6.757790644963582727e-01
6.632174849510192871e-01
6.580261588096618652e-01
6.863261063893636438e-01
6.676120758056640625e-01
6.944830218950907019e-01
6.672351360321044922e-01
6.867679754892984656e-01
6.531253059705098840e-01
6.693854729334512976e-01
6.595578789710998535e-01
6.783107519149780273e-01
6.698313752810159949e-01
6.855542262395223352e-01
7.188021540641784668e-01
6.704632242520650598e-01
6.640357176462808875e-01
6.649184028307596472e-01
6.699340740839639929e-01
6.711705128351846961e-01
6.633928219477335242e-01
6.722183624903360633e-01
6.693067749341329309e-01
6.793587605158487586e-01
6.662877202033996582e-01
6.679662068684896203e-01
6.688428322474161414e-01
6.656552553176879883e-01
6.522337794303894043e-01
6.690068642298380164e-01
6.580331524213155481e-01
6.445332368214925500e-01
6.618446509043375281e-01
6.747245987256368371e-01
6.733683149019876746e-01
6.755136847496032715e-01
6.732737024625142785e-01
6.628583470980325965e-01
6.743946274121602746e-01
6.612954735755920410e-01
6.684887210528055457e-01
6.465334892272949219e-01
6.417646408081054688e-01
6.544635097185770300e-01
6.667242646217346191e-01
6.843931277592977258e-01
6.567438046137491492e-01
6.597943504651387903e-01
6.743290821711221961e-01
6.658029158910115930e-01
6.625796357790628699e-01
6.567959785461425781e-01
6.634767651557922363e-01
6.646158695220947266e-01
6.694130897521972656e-01
6.657434105873107910e-01
6.762945652008056641e-01
6.626148621241251258e-01
6.786538561185201379e-01
6.716414888699849817e-01
6.636457045873006555e-01
6.548454960187276575e-01
6.715722680091857910e-01
6.489675839742025110e-01
6.756169398625692102e-01
6.653048197428385047e-01
6.612864335378011438e-01
6.518699924151102332e-01
6.732188661893209192e-01
6.696886817614237097e-01
6.547244787216186523e-01
6.396876772244771692e-01
6.699514389038085938e-01
6.651412844657897949e-01
6.525028347969055176e-01
6.654053529103597375e-01
6.521443128585815430e-01
6.742384632428487512e-01
6.706083218256632117e-01
6.552161574363708496e-01
6.468768715858459473e-01
6.609178980191549035e-01
6.611164212226867676e-01
6.548051834106445312e-01
6.465040445327758789e-01
6.692860126495361328e-01
6.597467859586080285e-01
6.575334072113037109e-01
6.559173862139383582e-01
6.704707543055216101e-01
6.608743667602539062e-01
6.430245836575826379e-01
6.499596635500589636e-01
6.491662661234537390e-01
6.566868821779886511e-01
6.518842577934265137e-01
6.642608245213826867e-01
6.540641188621520996e-01
6.433755954106649133e-01
6.504124999046325684e-01
6.662554542223612097e-01
6.449412902196248742e-01
6.555181543032327918e-01
6.452432274818420410e-01
6.597321828206380578e-01
6.453175942103067664e-01
6.537143190701802942e-01
6.483717163403829309e-01
6.560491522153218957e-01
6.547469496726989746e-01
6.514170169830322266e-01
6.557679573694864539e-01
6.400751670201619836e-01
6.560530662536621094e-01
6.534037192662557336e-01
6.437663634618123742e-01
6.621534824371337891e-01
6.545336842536926270e-01
6.464628974596658972e-01
6.358810067176818848e-01
6.436131596565246582e-01
6.603353420893350867e-01
6.576433579126993445e-01
6.603642304738363000e-01
6.596561272939046594e-01
6.598087946573892859e-01
6.541107296943664551e-01
6.573946078618367883e-01
6.559527516365051270e-01
6.552123824755350379e-01
6.566651264826456336e-01
6.550941069920858117e-01
6.323714852333068848e-01
6.595351099967956543e-01
6.550984581311544153e-01
6.678550442059835168e-01
6.451988617579141883e-01
6.557451089223226282e-01
6.441278855005899695e-01
6.596768697102864953e-01
6.462754408518472937e-01
6.488208572069803504e-01
6.597606937090555457e-01
6.379384597142537805e-01
6.511078675587972375e-01
6.483535369237264367e-01
6.412530144055684778e-01
6.380319595336914062e-01
6.618985335032144812e-01
6.697569489479064941e-01
6.580131252606710168e-01
6.464344064394632605e-01
6.429163614908853797e-01
6.354609926541646692e-01
6.524186730384826660e-01
6.449418862660726282e-01
6.554327805836995813e-01
6.391837795575460168e-01
6.531452536582946777e-01
6.507531801859537390e-01
6.445820132891336707e-01
6.615524888038635254e-01
6.485686500867208215e-01
6.566604971885681152e-01
6.454329689343770715e-01
6.521393855412801477e-01
6.575108567873636511e-01
6.484771569569905969e-01
6.442939837773641321e-01
6.626722017923990515e-01
6.638408303260803223e-01
6.433375080426534387e-01
6.557231744130452844e-01
6.658830046653747559e-01
6.497783263524373742e-01
6.465530991554260254e-01
6.531698703765869141e-01
6.460193395614624023e-01
6.541573603947957727e-01
6.394754449526468543e-01
6.527685125668843957e-01
6.432271003723144531e-01
6.436842282613118860e-01
6.573803822199503211e-01
6.368181705474853516e-01
6.629683176676431922e-01
6.546320517857869836e-01
6.561263203620910645e-01
6.518262823422750207e-01
6.429703632990518836e-01
6.471295952796936035e-01
6.420528093973795203e-01
6.610303918520609168e-01
6.430305441220601770e-01
6.488786339759826660e-01
6.381559371948242188e-01
6.516223351160684851e-01
6.459849675496419641e-01
6.441831787427266809e-01
6.403634945551553992e-01
6.416553457578023645e-01
6.482989192008972168e-01
6.366599996884664270e-01
6.302669246991475793e-01
6.501302719116210938e-01
6.456288297971090051e-01
6.382334033648172644e-01
6.630791028340657922e-01
6.419612169265747070e-01
6.554840405782064172e-01
6.604336897532144812e-01
6.375968853632608679e-01
6.389058828353881836e-01
6.484325528144836426e-01
6.531392534573873254e-01
6.460939645767211914e-01
6.360978285471597937e-01
6.405103603998819617e-01
6.354972124099731445e-01
6.479745705922445032e-01
6.415913105010986328e-01
6.394277811050415039e-01
6.537679433822631836e-01
6.495794653892517090e-01
6.577402949333190918e-01
6.431882381439208984e-01
6.552935640017191199e-01
6.291493177413940430e-01
6.343962351481119422e-01
6.572552720705667761e-01
6.593786875406900672e-01
6.470142404238382605e-01
6.571423808733621863e-01
6.355512142181396484e-01
6.506595015525817871e-01
6.417098045349121094e-01
6.486326456069946289e-01
6.385747591654459265e-01
6.433792312939962121e-01
6.512951453526815149e-01
6.451716224352518347e-01
6.426288286844888953e-01
6.430179675420125696e-01
6.355861028035482141e-01
6.354609529177347449e-01
6.502195199330648157e-01
6.534980734189351770e-01
6.554657419522603723e-01
6.368060310681661340e-01
6.391542752583821985e-01
6.326421101888021203e-01
6.515761216481527063e-01
6.418982148170471191e-01
6.438774267832437781e-01
6.452226440111795691e-01
6.348642110824584961e-01
6.264300743738809851e-01
6.559842030207315711e-01
6.365681489308675500e-01
6.411091287930806848e-01
6.212042868137359619e-01
6.443873047828674316e-01
6.331528623898824426e-01
6.271740794181823730e-01
6.547739903132120398e-01
6.397613684336344031e-01
6.501069466272989539e-01
6.365778247515360144e-01
6.244068543116251258e-01
6.543698708216348914e-01
6.464819113413492468e-01
6.690863966941833496e-01
6.452270746231079102e-01
6.507322192192077637e-01
6.607256333033243445e-01
6.472371021906534461e-01
6.452140808105468750e-01
6.399197181065877649e-01
6.462939778963724402e-01
6.579004724820455285e-01
6.333777705828348425e-01
6.339036424954732629e-01
6.473980545997619629e-01
6.356854041417440149e-01
6.411366860071817664e-01
6.470821102460225793e-01
6.456803679466247559e-01
6.392397880554199219e-01
6.376872062683105469e-01
6.562386552492777136e-01
6.461374163627624512e-01
6.436053315798441199e-01
6.461944182713826867e-01
6.343676050504049035e-01
6.630189418792724609e-01
6.559555729230245325e-01
6.483007272084554407e-01
6.538396875063577918e-01
6.439320643742879602e-01
6.453676223754882812e-01
6.411952177683512000e-01
6.305023431777954102e-01
6.430449883143106726e-01
6.582805315653482703e-01
6.387961705525716516e-01
6.409805814425150183e-01
6.482251882553100586e-01
6.431104540824890137e-01
6.632164319356282922e-01
6.496775945027669641e-01
6.478970646858215332e-01
6.391341090202331543e-01
6.494598189989725379e-01
6.511002977689107629e-01
6.489511330922445032e-01
6.478250225385030481e-01
6.379748980204263953e-01
6.376638611157735559e-01
6.339680353800455359e-01
6.348929603894551965e-01
6.411941448847452429e-01
6.524099906285604211e-01
6.467727224032083777e-01
6.298884948094686242e-01
6.354911128679910925e-01
6.425456603368123742e-01
6.472618381182352332e-01
6.536925236384073523e-01
6.483720938364664343e-01
6.370393236478170129e-01
6.421144604682922363e-01
6.407002011934915808e-01
6.383368174235025672e-01
6.429977019627889367e-01
6.459405620892842981e-01
6.409762501716613770e-01
6.455372174580892297e-01
6.383132338523864746e-01
6.503090461095174524e-01
6.336802641550699500e-01
6.610206365585327148e-01
6.237483521302541467e-01
6.473041772842407227e-01
6.420384248097738000e-01
6.479615767796834680e-01
6.348657409350076941e-01
6.301012039184570312e-01
6.509856383005777625e-01
6.397652029991149902e-01
6.333868106206258508e-01
6.380456686019897461e-01
6.476071079572042200e-01
6.471871932347615930e-01
6.496320764223734168e-01
6.398956775665283203e-01
6.482343475023905066e-01
6.436638633410135535e-01
6.428181330362955359e-01
6.424295107523599890e-01
6.429782112439473840e-01
6.508048375447591516e-01
6.486915349960327148e-01
6.487044294675191614e-01
6.514137983322143555e-01
6.336497267087300989e-01
6.413422822952270508e-01
6.490653554598490027e-01
6.449888745943704871e-01
6.489234368006387976e-01
6.479020714759826660e-01
6.566101511319478723e-01
6.461093425750732422e-01
6.459012627601623535e-01
6.485489010810852051e-01
6.469465096791585657e-01
6.409421960512796668e-01
6.372997959454854700e-01
6.517212788263956336e-01
6.349276304244995117e-01
6.482832630475362512e-01
6.358625292778015137e-01
6.368338465690612793e-01
6.405501763025919226e-01
6.481535434722900391e-01
6.417377789815267297e-01
6.321544448534647254e-01
6.475996573766072961e-01
6.425641973813375207e-01
6.439937551816304895e-01
6.313432852427164343e-01
6.620705326398214075e-01
6.323043505350748328e-01
6.271525820096334192e-01
6.636976798375447961e-01
6.512347459793090820e-01
6.332238912582397461e-01
6.480244000752767297e-01
6.462623079617818567e-01
6.510718663533529016e-01
6.356212099393209192e-01
6.369740168253580359e-01
6.469610532124837610e-01
6.481093764305114746e-01
6.325934131940206262e-01
6.483274300893148157e-01
6.395255724589029578e-01
6.226232747236887244e-01
6.316107908884683875e-01
6.481465299924215051e-01
6.403238972028096887e-01
6.339448491732279090e-01
6.453884243965148926e-01
6.394017537434896203e-01
6.361123323440551758e-01
6.528847416241964075e-01
6.299623052279154090e-01
6.544495820999145508e-01
6.527324318885803223e-01
6.513493458429971961e-01
6.491260727246602746e-01
6.342636545499166223e-01
6.362853844960530969e-01
6.551653544108072547e-01
6.300755937894185754e-01
6.395371953646341590e-01
6.346619526545206336e-01
6.531935334205627441e-01
6.347432732582092285e-01
6.464125911394754675e-01
6.524440646171569824e-01
6.468320290247598914e-01
6.290116508801778528e-01
6.503047545750936242e-01
6.323341528574625281e-01
6.317423184712728235e-01
6.351369023323059082e-01
6.464749574661254883e-01
6.369368036588033410e-01
6.521626710891723633e-01
6.476853092511495325e-01
6.382623910903930664e-01
6.354321837425231934e-01
6.419455409049987793e-01
6.476468841234842566e-01
6.400181849797567102e-01
6.272543072700500488e-01
6.492815216382344934e-01
6.695712208747863770e-01
6.457819143931070593e-01
6.349926988283792761e-01
6.400614380836486816e-01
6.464574535687764856e-01
6.494597991307576867e-01
6.430696447690328332e-01
6.515638828277587891e-01
6.414714455604553223e-01
6.536665161450704309e-01
6.500088373819986609e-01
6.318254470825195312e-01
6.448267698287963867e-01
6.480494737625122070e-01
6.489566167195638391e-01
6.401199102401733398e-01
6.523874402046203613e-01
6.394586364428201941e-01
6.395082076390584680e-01
6.443618734677633020e-01
6.340548793474832800e-01
6.318172017733255652e-01
6.345792611440023157e-01
6.370752453804016113e-01
6.433658202489217492e-01
6.419272621472676965e-01
6.549180150032043457e-01
6.319672465324401855e-01
6.361504594484964636e-01
6.448215246200561523e-01
6.314253608385721472e-01
6.310996810595194129e-01
6.476958791414896277e-01
6.297709743181864050e-01
6.546446681022644043e-01
6.448289950688680383e-01
6.472796003023782996e-01
6.427545150121053430e-01
6.318233609199523926e-01
6.380057533582051965e-01
6.395459175109863281e-01
6.431518395741780969e-01
6.482360760370889929e-01
6.541965405146280554e-01
6.550113360087076453e-01
6.269600788752237586e-01
6.399775147438049316e-01
6.454569101333618164e-01
6.352688670158386230e-01
6.559029817581176758e-01
6.392575502395629883e-01
6.438150604565938684e-01
6.506588459014892578e-01
6.371457974116007117e-01
6.317091782887777063e-01
6.341482996940612793e-01
6.447008649508157996e-01
6.312405268351236609e-01
6.405811707178751258e-01
6.449691653251647949e-01
6.411625742912292480e-01
6.412286957105001184e-01
6.494670907656351355e-01
6.557462612787882117e-01
6.309433976809183386e-01
6.394834121068319055e-01
6.414780418078104285e-01
6.444150408109029504e-01
6.375803748766580847e-01
6.460121472676595422e-01
6.521461009979248047e-01
6.406000653902689246e-01
6.436739365259805945e-01
6.377747654914855957e-01
6.478795607884725305e-01
6.445906162261962891e-01
6.377943555514017371e-01
6.344601511955261230e-01
6.404215494791666297e-01
6.345138947168985633e-01
6.388695836067199707e-01
6.523676713307698938e-01
6.433007518450418738e-01
6.505354046821594238e-01
6.431671977043151855e-01
6.514288187026977539e-01
6.469078063964843750e-01
6.653686165809631348e-01
6.448758840560913086e-01
6.390926241874694824e-01
6.523259282112121582e-01
6.346896290779113770e-01
6.441787282625833777e-01
6.387742559115091590e-01
6.370191971460977820e-01
6.403249104817708703e-01
6.434509158134460449e-01
6.654379367828369141e-01
6.456758578618367883e-01
6.437713106473287317e-01
6.540890932083129883e-01
6.460918784141540527e-01
6.385260820388793945e-01
6.507574121157327918e-01
6.374155680338541297e-01
6.393539508183797571e-01
6.532829801241556433e-01
6.624690492947896692e-01
6.474783817927042273e-01
6.508429050445556641e-01
6.656977534294128418e-01
6.264372269312540320e-01
6.401161352793375281e-01
6.480354865392049524e-01
6.488022406895955774e-01
6.477200984954833984e-01
6.309174497922261926e-01
6.401381293932596472e-01
6.330106258392333984e-01
6.532479921976724890e-01
6.329531073570251465e-01
6.373290419578552246e-01
6.420759359995523718e-01
6.270465453465779992e-01
6.457185745239257812e-01
6.478534539540609094e-01
6.291097402572631836e-01
6.313174168268839148e-01
6.337089538574218750e-01
6.441894570986429480e-01
6.299069722493489953e-01
6.519168615341186523e-01
6.399950981140136719e-01
6.388587355613708496e-01
6.612714727719625207e-01
6.498522361119588586e-01
6.411124865214029578e-01
6.616794268290201453e-01
6.519920825958251953e-01
6.280566652615865442e-01
6.318640112876892090e-01
6.386617223421732215e-01
6.420934995015462610e-01
6.396028002103170129e-01
6.423459053039550781e-01
6.445527871449788782e-01
6.490641236305236816e-01
6.370207866032918664e-01
6.343557635943094519e-01
6.362793246905008582e-01
6.251554091771444055e-01
6.440386374791463586e-01
6.517213384310404090e-01
6.595884362856546668e-01
6.493905186653137207e-01
6.348377267519632605e-01
6.360004345575968054e-01
6.477739413579305383e-01
6.243954400221506384e-01
6.352825959523519250e-01
6.471009254455566406e-01
6.469547351201375696e-01
6.347962021827697754e-01
6.462012728055318567e-01
6.389719843864440918e-01
6.435841520627340051e-01
6.496323148409525183e-01
6.554173231124877930e-01
6.349193652470906946e-01
6.550858616828918457e-01
6.390005350112915039e-01
6.453618009885152551e-01
6.559234261512756348e-01
6.434782346089681360e-01
6.481989622116088867e-01
6.444507439931234094e-01
6.404782533645629883e-01
6.506747802098592492e-01
6.473469138145446777e-01
6.444734732309976843e-01
6.489074826240539551e-01
6.597254673639932898e-01
6.382701992988586426e-01
6.408143242200216028e-01
6.404327551523844031e-01
6.359484990437825891e-01
6.496851642926534387e-01
6.340395808219909668e-01
6.407780845959981653e-01
6.539230346679687500e-01
6.448400020599365234e-01
6.219393511613210412e-01
6.418666839599609375e-01
6.411578655242919922e-01
6.465171376864115027e-01
6.477045416831970215e-01
6.466795206069946289e-01
6.368022163709005090e-01
6.228522857030233117e-01
6.385714014371236535e-01
6.635410388310750696e-01
6.227754751841226843e-01
6.387535929679870605e-01
6.493830879529317590e-01
6.402464707692464563e-01
6.295906702677408484e-01
6.351821819941202429e-01
6.257994969685872766e-01
6.535777250925699500e-01
6.527187228202819824e-01
6.376600265502929688e-01
6.371760567029317590e-01
6.439488530158996582e-01
6.514337460199991492e-01
6.369908452033996582e-01
6.349568168322244910e-01
6.320679783821105957e-01
6.367498238881429407e-01
6.287887096405029297e-01
6.417760848999023438e-01
6.262494126955667761e-01
6.294046044349670410e-01
6.397781173388162879e-01
6.351096232732137414e-01
6.377090613047281531e-01
6.372960607210794715e-01
6.387740770975748328e-01
6.390335957209268836e-01
6.307029326756795617e-01
6.427061359087625769e-01
6.507863005002340051e-01
6.422878702481588098e-01
6.166027983029683801e-01
6.301476558049520227e-01
6.490867733955383301e-01
6.493062376976013184e-01
6.295679608980814246e-01
6.538050770759582520e-01
6.478311816851297644e-01
6.438185969988504675e-01
6.317473649978637695e-01
6.593851248423258093e-01
6.368544697761535645e-01
6.250803073247274133e-01
6.427849928538004187e-01
6.341065565745035437e-01
6.379080216089884070e-01
6.572885115941365930e-01
6.287653048833211633e-01
6.521857380867004395e-01
6.550853252410888672e-01
6.562368869781494141e-01
6.514445543289184570e-01
6.554817756017049524e-01
6.350029905637105676e-01
6.375350157419840125e-01
6.468322674433389929e-01
6.444639563560485840e-01
6.523411472638448450e-01
6.424299478530883789e-01
6.330959399541219446e-01
6.369388302167257043e-01
6.394372383753458289e-01
6.489030122756958008e-01
6.362937688827514648e-01
6.343736251195272180e-01
6.330684224764505652e-01
6.438988645871480676e-01
6.467852791150411340e-01
6.246193448702493933e-01
6.482684612274169922e-01
6.399924953778585168e-01
6.581223408381143836e-01
6.335259278615316125e-01
6.424988508224487305e-01
6.402366558710733679e-01
6.392783522605895996e-01
6.379994551340738562e-01
6.375644207000732422e-01
6.457959612210592004e-01
6.648836930592855188e-01
6.478786269823709754e-01
6.383228302001953125e-01
6.362522840499877930e-01
6.362133224805196496e-01
6.417037844657897949e-01
6.473362843195596961e-01
6.328744888305664062e-01
6.271940469741821289e-01
6.423981785774230957e-01
6.426999767621358606e-01
6.409063537915548059e-01
6.580308477083841590e-01
6.435007055600484582e-01
6.421336531639099121e-01
6.412286559740701941e-01
6.372053424517313269e-01
6.396553317705789832e-01
6.351852615674337121e-01
6.360682447751363489e-01
6.454448699951171875e-01
6.449626882870992395e-01
6.368119120597839355e-01
6.291372974713643762e-01
6.409118175506591797e-01
6.287114222844442102e-01
6.414036949475606653e-01
6.400881807009378699e-01
6.456803282101949426e-01
6.357597907384237024e-01
6.366298397382100793e-01
6.428164243698120117e-01
6.327791015307108191e-01
6.369624535242716101e-01
6.446185906728109094e-01
6.245846748352050781e-01
6.279156406720479700e-01
6.454423864682515832e-01
6.322525540987650183e-01
6.524317860603332520e-01
6.404673258463541297e-01
6.450864076614379883e-01
6.251058379809061316e-01
6.409156918525695801e-01
6.371330618858337402e-01
6.393689711888631555e-01
6.252910097440084192e-01
6.472038427988687781e-01
6.580970088640848425e-01
6.348145802815755578e-01
6.458130478858947754e-01
6.372578740119934082e-01
6.444269021352132532e-01
6.554391185442606238e-01
6.423545082410176965e-01
6.497031648953756067e-01
6.556569536526998254e-01
6.394755840301513672e-01
6.457497676213582727e-01
6.595977743466695520e-01
6.342583894729614258e-01
6.515975395838419226e-01
6.340764760971069336e-01
6.298994819323221472e-01
6.452970504760742188e-01
6.313805580139160156e-01
6.572840611139932898e-01
6.327433188756307336e-01
6.395313143730163574e-01
6.528368194897969934e-01
6.434992154439290735e-01
6.602028210957845422e-01
6.403091947237650183e-01
6.551500757535299035e-01
