2368001
0 2.0190343000000013 1.5335049046410454 0.8255140116957368
1 0.370092200000002 1.3934970802730984 0.7282814119682938
2 0.36614649999999926 1.1983116573757595 0.6826825376416816
3 0.3661422000000023 1.0252384609646268 0.7522556117323579
4 0.3635628000000004 0.9917731550004747 0.6895086726204294
5 0.3651926000000003 0.9313011275397407 0.762736445567647
6 0.3641112000000035 0.9724570963117811 0.7166412384783636
7 0.3649117000000004 0.9287585841284858 0.7379301102435003
8 0.3647127000000019 0.9332650184631348 0.6901791682008838
9 0.3641475000000014 0.9109909269544814 0.7261796388469759
10 0.3639796000000004 0.8764326837327745 0.6850153031896372
11 0.36435769999999934 0.8833570374382866 0.6413530599875529
12 0.3646505999999974 0.8113131576114231 0.64427080310759
13 0.365807199999999 0.7493809223175049 0.5812366829543817
14 0.36728329999999687 0.6826993306477864 0.4972258552176053
15 0.3651992999999969 0.6158530129326715 0.4372432114648037
16 0.3674706999999984 0.5239234924316406 0.38322265812608064
17 0.36881389999999925 0.4763095749749078 0.3420526316908539
18 0.3706700999999981 0.41732673909929063 0.2990136381055488
19 0.3668338999999996 0.3740998559527927 0.26729500098306624
20 0.36901140000000154 0.37129312621222604 0.2817311677776399
21 0.36688039999999944 0.3531363487243652 0.26084032215055875
22 0.3708828000000004 0.3885932193862067 0.33172481568133244
23 0.3691242999999993 0.4792707151836819 0.28951014847051904
24 0.36815969999999965 0.27275545597076417 0.1903169702311031
25 0.3659756000000023 0.2293759995036655 0.1803998790803503
26 0.36757049999999936 0.2168531444337633 0.19582296590336035
27 0.36796059999999997 0.21191759241951835 0.1735515399057357
28 0.36774480000000054 0.2730074471897549 0.15827168402124625
29 0.3697224999999982 0.21148279375500148 0.17909764852680143
30 0.3821464999999975 0.1943874955177307 0.1441364210160052
31 0.370898099999998 0.19306849241256713 0.13861914540900558
32 0.3665882000000025 0.1944604926639133 0.13685741971750728
33 0.3680103000000017 0.17354309956232708 0.11672974805362889
34 0.36579000000000406 0.14823340839809843 0.11309554537788766
35 0.36612610000000245 0.14086875319480896 0.10490528872755707
36 0.3671949999999953 0.14763973421520657 0.10529858362479289
37 0.37017469999999975 0.14621723426712885 0.13143554281015865
38 0.3725604000000047 0.17298087212774488 0.12572711803874032
39 0.3698480999999987 0.20192488961749608 0.10914496124767867
40 0.3697777000000002 0.16156632767783272 0.15579192755652255
41 0.3671191000000036 0.17114878959125943 0.11464527786755171
42 0.36789859999999663 0.1451817062166002 0.08600797614113229
43 0.3685483000000005 0.14691103431913588 0.11789071364480941
44 0.3692998000000003 0.1964773972829183 0.1010655203803641
45 0.37001759999999706 0.13229357732666863 0.10287757388880996
46 0.368228000000002 0.12299858132998148 0.09535294673481925
47 0.3912367000000003 0.1338114129172431 0.0802423035512205
48 0.3670485000000028 0.16750548481941224 0.11073118350544914
49 0.37256670000000014 0.17984105348587037 0.1209379180532987
50 0.37340650000000153 0.12824934323628742 0.07463861488905109
51 0.36811099999999897 0.09950979948043823 0.07777264079109567
52 0.3707522999999995 0.0939597229162852 0.09863790723144031
53 0.37266060000000323 0.09759282867113749 0.07492322413647762
54 0.3644634000000053 0.10353696015146044 0.0669252833382028
55 0.369133699999999 0.09448424445258247 0.07118007198708956
56 0.3717838000000029 0.09283261597156525 0.12232746257156622
57 0.3763191999999975 0.21539651221699185 0.15164217010873263
58 0.367038799999996 0.22858835922347176 0.09165490650739826
59 0.37226590000000215 0.09776482714547051 0.08344654567906114
60 0.37341539999999895 0.10761064887046815 0.08126798223276607
61 0.3747255999999979 0.13011557989650302 0.076065188548604
62 0.37145770000000056 0.1364187154504988 0.12553209945803784
63 0.3717739000000009 0.1386529525121053 0.09354232960059995
64 0.3696525000000008 0.1627099765671624 0.08079017185774005
65 0.36877210000000105 0.09563404553466373 0.06368385963752622
66 0.3670882999999989 0.08258708053165012 0.0839810058718822
67 0.3660001000000008 0.09863246944215563 0.08742154230836963
68 0.368271 0.09060960279570686 0.07315548521573426
69 0.36819559999999996 0.08148721555868785 0.05859013561342583
70 0.36769160000000056 0.07636320127381219 0.05246127824314305
71 0.36912900000000093 0.09619999329249064 0.08025867040040063
72 0.3667467000000002 0.12609451413154601 0.06930542578462695
73 0.3645703999999981 0.09770606888665093 0.08698144506235592
74 0.3659139999999965 0.08190089232391781 0.07741674829701908
75 0.3650973000000022 0.07788486182689666 0.0523842348427069
76 0.36606200000000655 0.09040527542432149 0.05180801524490607
77 0.3669152000000011 0.09814643661181131 0.07645606212928648
78 0.3671952999999988 0.10112201306555006 0.09744753407650307
79 0.36609729999999985 0.09038802451557583 0.0564459249621532
80 0.3655380000000008 0.10856975581910876 0.051527840192200705
81 0.36499849999999867 0.07503744131988949 0.05866473033779957
82 0.3668055999999993 0.06769734720389048 0.04819290950650074
83 0.36643899999999974 0.07403945989078946 0.05088510083370521
84 0.36711770000000143 0.07006068627039591 0.0487271390977453
85 0.36772940000000176 0.0879639873902003 0.12435491163222516
86 0.3664077999999975 0.12783412933349608 0.08397463110626721
87 0.36760459999999995 0.12219730483161079 0.10027650536083785
88 0.36769569999999874 0.1223667946126726 0.06774196272990743
89 0.36945909999999316 0.08916419479582045 0.08257975148372963
90 0.36990399999999823 0.09972032441033257 0.07819629497215395
91 0.37013350000000145 0.12156643138991462 0.0714564362510306
92 0.3679841999999951 0.07576922575632732 0.058748722076416016
93 0.3708026999999987 0.09273271196418338 0.08064936809852476
94 0.3643615000000011 0.08633342716428968 0.04789326620883629
95 0.3672429000000008 0.07026096880435943 0.04716393009561007
96 0.3689020999999997 0.06255718833870358 0.04129106881188565
97 0.3691835999999995 0.06463413602775997 0.05631514553163872
98 0.36546779999999757 0.06816362043221792 0.04997219609432533
99 0.36989100000000263 0.05671279960208469 0.04316678496657825
100 0.3656641000000036 0.06283752355310653 0.051422923314766805
101 0.3667318999999978 0.06397019426027933 0.04138470282320116
102 0.36466100000000523 0.05207682285043928 0.03920157620164215
103 0.3686046999999988 0.050345577465163334 0.05427793889749245
104 0.3659983000000011 0.04906431701448229 0.04198405684017744
105 0.36530709999999544 0.057172444297207727 0.04284777602211374
106 0.36937679999999773 0.0661456353134579 0.036138949824161215
107 0.3949046999999979 0.04836780942148632 0.040798970910369374
108 0.3675047000000049 0.057441030277146234 0.05045580766240104
109 0.36627409999999827 0.05990932285785675 0.051716476190285604
110 0.36617539999999593 0.09805459214581383 0.04037481155551848
111 0.364939200000002 0.06683423121770223 0.03409676473648822
112 0.37050490000000025 0.0938384473323822 0.0574084285829888
113 0.36991979999999813 0.06704997784561581 0.04591003402334745
114 0.3721622999999994 0.07389038470056322 0.07173446162802274
115 0.3657889999999995 0.07527376976278093 0.04109271041682509
116 0.36675900000000183 0.055824799007839626 0.06304159809331425
117 0.36904339999999536 0.07319838338428074 0.051711727361210054
118 0.3717090999999897 0.08591057923105028 0.06303274826925309
119 0.36764700000000516 0.08024685117933485 0.03903899915882798
120 0.3650789000000003 0.06863643493917253 0.03430097024948871
121 0.365336599999992 0.057100814249780446 0.035415838976375395
122 0.3659247000000079 0.06655469371212853 0.05056153359960337
123 0.36705080000000123 0.06255874335765839 0.03861180778409614
124 0.36586339999999495 0.06504836529493332 0.03864021965714752
125 0.3664432000000062 0.0710971411731508 0.04691103051920406
126 0.3658009999999905 0.04815852377149794 0.037823535379816274
127 0.36672330000000386 0.05142904222011566 0.03537745553939069
128 0.3659566000000041 0.048999052908685475 0.046016573905944824
129 0.36751939999999195 0.0767356127500534 0.041388657249388144
130 0.3663982000000061 0.1063979854186376 0.05605614380758317
131 0.3674072000000024 0.05924683842394087 0.052149365182782785
132 0.36526000000000636 0.0873887601825926 0.06796001899437826
133 0.3670609000000127 0.06917668034633001 0.035657933500946544
134 0.3674153999999987 0.06483198139402602 0.0461407723974009
135 0.3650576000000001 0.06086474061012268 0.054669487671773945
136 0.36474640000000136 0.07034811907344395 0.053385548904293874
137 0.36622280000000274 0.0831563111808565 0.04125285637183267
138 0.36522230000001343 0.10720316502783034 0.050836183008600454
139 0.3658276000000029 0.0587029453780916 0.03792561370818341
140 0.36768480000000636 0.04809713032510546 0.03754166012904683
141 0.3663278999999875 0.047177440259191725 0.03708783231797765
142 0.3653267999999912 0.03994248890214496 0.04124003355620337
143 0.3652797000000021 0.08760077622201708 0.06177606641269121
144 0.3657147999999921 0.0613763905233807 0.036480008578691325
145 0.36573300000000586 0.07656003369225396 0.053532825141656595
146 0.3649230999999986 0.06863239804903666 0.04730230862977075
147 0.3662897999999899 0.10118623740143246 0.04148127895886781
148 0.3657591999999994 0.06547674735387167 0.03524952540632154
149 0.3650447999999926 0.09147830539279514 0.04475057320516618
150 0.3677804000000009 0.05988950017425749 0.033108667272036194
151 0.36675699999999267 0.056330598559644486 0.04879468972565698
152 0.36694330000000264 0.05359503328800201 0.03788118088831667
153 0.366310299999995 0.05592602011230257 0.04919064631227587
154 0.36523460000000796 0.055852582222885555 0.030710699616885575
155 0.3699476999999973 0.04243150353431702 0.03003153986618167
156 0.3658741000000134 0.0421909953157107 0.039116215510446514
157 0.3696769999999958 0.041809923615720536 0.028920693475691997
158 0.36523560000000543 0.054454113046328224 0.04099907835976022
159 0.36530639999999437 0.04911653349796931 0.031071173363044612
160 0.366368499999993 0.042730595337020026 0.034249687781099415
161 0.36769569999999874 0.04992650283707513 0.040531991935167155
162 0.3685101999999887 0.05016155507829454 0.032800945102191364
163 0.3674795999999958 0.048486272825135124 0.035928426218814535
164 0.36408910000000105 0.05319611049360699 0.042608884514355266
165 0.3653877999999935 0.05008821951018439 0.03619921793703173
166 0.36529690000000414 0.06414108259810342 0.041314544247799234
167 0.3651857999999919 0.07467838989363776 0.034718078668000266
168 0.3652402999999964 0.051675420502821603 0.034221023809714396
169 0.36531800000000203 0.050511180361111956 0.033492596911602335
170 0.3642706999999916 0.03961229407125049 0.04239505431691154
171 0.36532600000001025 0.06262418511841032 0.055703753330668467
172 0.3678263000000044 0.06324065725008647 0.06253106281405589
173 0.38039280000000986 0.10471258229679531 0.04588917826042801
174 0.368715899999998 0.04943123410145442 0.03542085358353912
175 0.3633422000000053 0.055226484272215104 0.04332356765621998
176 0.3695540999999878 0.05463214682208167 0.041773410117039916
177 0.3682768999999979 0.06573080271482468 0.043436127607939676
178 0.3649267999999921 0.05574721660878923 0.029216987187745142
179 0.36536630000000514 0.06728669669893053 0.03651150816776713
180 0.36906830000000923 0.047305190066496534 0.03461185586257059
181 0.36774530000000993 0.04642836550871531 0.03727940408909907
182 0.3714829999999978 0.04552095333735148 0.030307147346559118
183 0.36707830000000286 0.050483821166886225 0.02771302764532996
184 0.36506110000000547 0.040628023114469315 0.030922002479678294
185 0.3674860999999936 0.040712188680966696 0.03406211342967925
186 0.36510599999999727 0.03848625454637739 0.03223052181181361
187 0.36465350000000285 0.04614681700865428 0.0574736771036367
188 0.3708039999999926 0.06261798375182681 0.034261589167548005
189 0.3691653000000059 0.058656039834022525 0.0347785192434905
190 0.3616604999999993 0.038788886037137774 0.029914193466061452
191 0.3667183000000023 0.040930193993780346 0.024259139279850194
193 0.37082610000000216 0.03411419772439533 0.031003979385876266
194 0.3705302000000046 0.04804822123712964 0.03196267514932351
195 0.3687539999999956 0.031890101068549684 0.023396221340679733
196 0.3683734999999899 0.04582603871822357 0.04235865932996156
197 0.3808329000000015 0.0500717603498035 0.028903795070335515
198 0.38675159999999664 0.042255498468875885 0.02577001002968335
199 0.3715222999999952 0.038823141157627104 0.02786742175211672
200 0.3691552000000087 0.03760580023129781 0.02642719374328363
201 0.37204560000000697 0.03472208231687546 0.03143506949065161
202 0.3700477999999947 0.03409909523195691 0.02352358864956215
203 0.36808320000000094 0.03835493392414517 0.028741749095135046
204 0.36806769999999744 0.0389134019613266 0.030225489471779495
205 0.3687579999999997 0.03205764939387639 0.023265103824803086
206 0.3676954999999964 0.03420866347021527 0.023959574640774337
207 0.36868289999999604 0.03258355110883713 0.02207684223769141
208 0.3680258000000123 0.039365597897105746 0.02925078302133279
209 0.3642571999999973 0.03544913712475035 0.023658912689959417
210 0.3651704000000109 0.036777763234244455 0.03126430462618343
211 0.36527829999999994 0.039052000807391275 0.021590838666822088
212 0.36276420000000087 0.02782443596257104 0.028069890424853465
213 0.3637283999999994 0.029874605105982888 0.025722750874816395
214 0.3636260999999905 0.047111646334330244 0.03252897985645982
215 0.3646894999999972 0.03408091598086887 0.026290171459072927
216 0.36452769999999646 0.029783386819892458 0.025571953566347966
217 0.36381869999999594 0.03185463597377141 0.024963249437144546
218 0.3641450000000077 0.02821310692363315 0.02182531991942984
219 0.36411480000001006 0.03820111354192098 0.02509882508731279
220 0.3641524000000089 0.03280494991275999 0.027275592577262003
221 0.3640995000000089 0.031106600330935583 0.02722569860395838
222 0.3649349000000086 0.02919034676419364 0.023546418694199107
223 0.36472160000000997 0.03206788500150045 0.024297580855791687
224 0.3643009000000035 0.03306188931067785 0.021851722822814692
225 0.3641037999999952 0.030714050514830483 0.023688440440131017
226 0.3637818999999922 0.0352387171652582 0.01966640402059086
227 0.3641891000000044 0.028015103191137314 0.027484337325956
228 0.36631820000000914 0.02765037342905998 0.022455990803046305
229 0.3650485999999944 0.03629039509428872 0.024622826302637818
230 0.3641640000000024 0.037150843772623274 0.02434723445626556
231 0.3637572000000091 0.055196058419015676 0.02826509319367956
232 0.3644831999999951 0.04640240834818946 0.030281073245845856
233 0.364052099999995 0.03266998330752055 0.020953991862594105
234 0.3651268999999928 0.034141540692912205 0.03685206663413126
235 0.364416300000002 0.03694249043862025 0.021706247915987107
236 0.36462009999999623 0.040468329522344804 0.026406934026811945
237 0.3639351000000062 0.03438707855012682 0.025053719028097686
238 0.3640383999999983 0.034060680369536085 0.025364564090478617
239 0.36423279999999636 0.029535604185528225 0.022055859448479823
240 0.36413930000000505 0.032747963402006364 0.021882849150016658
241 0.3640924000000041 0.03171344432565901 0.021249446712556432
242 0.3639071000000058 0.029016068081061046 0.0211432478466972
243 0.364551800000001 0.03248126490248574 0.026495711236703592
244 0.36386729999999545 0.037591465810934706 0.026105478161671122
245 0.3641429000000045 0.03961308267381456 0.0243162459037343
246 0.36427739999999176 0.030938528974850974 0.024393343046063283
247 0.36528380000000027 0.029554219875070783 0.022023102299111787
248 0.363707699999992 0.029918752362330756 0.022461973252843638
249 0.36436009999999897 0.02941050993071662 0.024277205838531744
250 0.3634648000000027 0.030790055294831593 0.024095553843701472
251 0.3638349999999946 0.028274908496273888 0.0212702570391483
252 0.3638462000000118 0.0293172847893503 0.024580813822199087
253 0.36343149999999014 0.03317903280258179 0.021605870274246715
254 0.3641506000000021 0.027733334567811754 0.022464248000598343
255 0.36385709999998994 0.03228576638632351 0.02380478186685531
256 0.3645913999999948 0.02897121815217866 0.021560947426029892
257 0.36423469999999725 0.02988228044576115 0.02354298556437258
258 0.3647323999999941 0.027210808793703713 0.020782982716794875
259 0.36425200000000757 0.03329584995905558 0.03184026284296004
260 0.3650511000000023 0.033264735837777455 0.02106083709685529
261 0.36409499999999184 0.031450099415249295 0.02170896041588705
262 0.36388149999999087 0.032366467681196 0.024043892250686396
263 0.3612406999999962 0.030738509198029836 0.021126909822714132
264 0.3637817000000041 0.03190757077601221 0.026839207430354884
265 0.3648352000000017 0.034173750049538085 0.020996104009815903
266 0.364143399999989 0.03074886053800583 0.02193195556030899
267 0.3651506000000069 0.02924476381805208 0.019711835951101583
268 0.3647814999999923 0.02570209130644798 0.023543950964192876
269 0.36357190000001083 0.029752808809280395 0.024214147055735352
270 0.36354699999999696 0.05582418673568302 0.02251982346909945
271 0.3643978000000061 0.05601527757114834 0.032736487075930736
272 0.36461070000000007 0.04252660887108909 0.023203435979905675
273 0.3650250999999969 0.031083610819445717 0.02229376503678619
274 0.3642813000000018 0.027625895457135306 0.022386372089385986
275 0.36335219999999424 0.029983347819911108 0.020515679335985026
276 0.3647397000000012 0.027829768343104258 0.01970657217698019
277 0.3632987000000014 0.03375369153088993 0.022241125829884262
278 0.3636297999999982 0.028773352007071176 0.01979799348799909
279 0.3645430999999917 0.029200072255399494 0.019358923200701105
280 0.36480829999999287 0.036823778847853345 0.02651375629862801
281 0.364318499999996 0.028473033673233457 0.024862431600445607
282 0.3641700999999955 0.0374711114499304 0.026529085929276514
283 0.36397970000000157 0.062166661355230544 0.040021480106916585
284 0.3647793999999891 0.06162995927863651 0.04081208881784658
285 0.3629138000000012 0.06368017726474338 0.05249127012784364
286 0.36451540000000193 0.0643806634677781 0.029377580666151204
287 0.3635319999999922 0.044133887853887346 0.027616265367289058
288 0.364513400000007 0.03481953094402949 0.022652312868931254
289 0.36449489999999685 0.03806799799203873 0.020403615763930023
290 0.36390039999999146 0.034023324814107685 0.018630734721168142
291 0.3641484999999989 0.03168919036785762 0.02716310688706695
292 0.36418860000000564 0.0391667064693239 0.022436533795028437
293 0.3638100999999949 0.03377447641558117 0.03214182032913458
294 0.36353930000001355 0.03713928444517983 0.020631558093868317
295 0.36454210000002263 0.032772642374038694 0.028297563068202285
296 0.36365800000001514 0.03090462668074502 0.04379998465053371
297 0.36510800000002064 0.07408250139819252 0.026851158650195012
298 0.3635735000000011 0.0599504722489251 0.04065175525477675
299 0.36373629999999935 0.032972485820452375 0.030147445006448715
300 0.36419619999998076 0.047117182943556046 0.019183147149007828
301 0.364044100000001 0.026847719649473824 0.02204992145788474
302 0.3644146000000035 0.026981389770905178 0.02028272581882164
303 0.36367930000000115 0.029086833033296795 0.019152094594767837
304 0.3657269999999926 0.027063712891605165 0.02149030517359249
305 0.36387110000001144 0.02729152151279979 0.019428041137632777
306 0.36441870000001586 0.02556025783220927 0.021448142704416494
307 0.3637302999999861 0.025106795214944414 0.02087496880625115
308 0.36321530000000735 0.02462277462085088 0.01920367117787971
309 0.36505089999999996 0.024702067838774787 0.01861220549364559
310 0.3645607000000268 0.02441887300875452 0.020942110018651993
311 0.36347639999999615 0.02425665623611874 0.020372528521741023
312 0.3648529000000167 0.02275078520178795 0.018651377959329574
313 0.3638950000000136 0.02734740161233478 0.018605330928427276
314 0.3637698999999941 0.02444411524467998 0.018956008016086014
315 0.36435489999999504 0.025168795386950174 0.019416992781592198
316 0.36433349999998654 0.023964538425207137 0.019841974875966055
317 0.3646659999999997 0.0239505206545194 0.018433238639206182
318 0.3644329000000255 0.02602862161066797 0.019409811399022085
319 0.3640299000000198 0.024153806269168854 0.02334278040244931
320 0.36425850000000537 0.024011836283736758 0.018208634657937973
321 0.36413840000000164 0.03152806725766924 0.020750702404585042
322 0.3641321000000062 0.024802166223526 0.01767190460298882
323 0.3639331999999911 0.030455592688586976 0.01754127369552362
324 0.3644002999999998 0.03186866144339243 0.020020260674054505
325 0.3640623000000005 0.023372499230835172 0.018106729769315877
326 0.36397830000001363 0.02643572762608528 0.022672286776245616
327 0.36342960000001767 0.023415953252050613 0.017763156382763972
328 0.3642032999999856 0.027116307864586513 0.0203942563690123
329 0.36359660000002236 0.02304169527358479 0.018886092256327144
330 0.36476989999999887 0.027068509078688092 0.022656874578507222
331 0.3644600000000082 0.022815939535697303 0.01777661823835529
332 0.3641120999999998 0.0299999862909317 0.01729580271439474
333 0.363435399999986 0.03087354451417923 0.022341726256198572
334 0.3640124000000071 0.02590057858162456 0.019206923050958603
335 0.3732509000000164 0.02437544622355037 0.019822117735127934
336 0.3797495999999967 0.024194205303986867 0.018108590215933126
337 0.37901709999999866 0.02549364152881834 0.019854857296240133
338 0.42451639999998747 0.023504990918768776 0.019228227802964508
339 0.42382630000000177 0.024252000037166807 0.019052761011436336
340 0.42318490000002384 0.023861709071530235 0.019724192189388586
341 0.42176430000000664 0.023294081290562946 0.01832591559066147
342 0.42380249999999364 0.02379004367523723 0.02216845799664982
343 0.4262513000000183 0.02735128982199563 0.019480803950888213
344 0.4263924999999915 0.030607646538151637 0.021115104194547308
345 0.42634100000000785 0.024773509552081425 0.018257821192506882
346 0.423207600000012 0.027196375197834438 0.019409631119399775
347 0.4205091999999979 0.02331420075562265 0.018699313773483526
348 0.42207620000002066 0.025350523822837406 0.01904152895583481
349 0.4203827999999987 0.023650947875446745 0.018923853753043004
350 0.4223116999999945 0.022737833857536315 0.018907400428271683
351 0.4249202000000025 0.02480846063958274 0.021181288801255773
352 0.42276359999999613 0.023050943017005922 0.017876956306520055
353 0.4228533000000141 0.025705898139211866 0.021210039736794643
354 0.420823299999995 0.026297366619110106 0.018383507357269038
355 0.42429880000000253 0.02660797701941596 0.01748954077235988
356 0.42842509999999834 0.02361127659678459 0.02276728290026305
357 0.4217352999999946 0.024655367847945954 0.01805071361729356
358 0.42408750000001305 0.032432293312417135 0.019695309830493616
359 0.42355100000000334 0.028943032688564723 0.01907987623918252
360 0.4208417000000111 0.02723022848367691 0.01931501558569611
361 0.42288720000001945 0.023664968543582493 0.018554797915161632
362 0.4234832999999867 0.026029825458923975 0.01801165889521114
363 0.4215949000000023 0.023485743751128513 0.020084132913683283
364 0.4210879000000034 0.023454743209812376 0.017374198456279567
365 0.422128999999984 0.0284649730556541 0.020454362767641662
366 0.4219659999999976 0.025091196099917095 0.020766926104905176
367 0.42388740000001235 0.02822515136665768 0.01730573714756575
368 0.4209805000000131 0.024406498505009547 0.02272779824303799
369 0.4209086000000184 0.025072429411941103 0.017675261028477402
370 0.42200639999998657 0.029313386893934673 0.019573872206641026
371 0.42022850000000744 0.023243864708476596 0.017193962316044042
372 0.42271650000000704 0.026899070209927028 0.01972583327137056
373 0.4210663000000068 0.025541211995813582 0.01932984053111467
374 0.4205891999999949 0.02356578028864331 0.018696230454523056
375 0.42152269999999703 0.022920314967632294 0.018431351321642517
376 0.4209339999999884 0.026415768762429556 0.018286672771954147
377 0.42313029999999685 0.027962677346335518 0.017594864622491303
378 0.4219098000000088 0.0335510394639439 0.022427210065185048
379 0.41963780000000384 0.025938156247138976 0.01997825747630635
380 0.42206600000000094 0.034917752113607196 0.024391361924468495
381 0.42103850000000875 0.024261952771080866 0.01912941209605483
382 0.4218270000000075 0.03848508513636059 0.017404384300357005
383 0.42168309999999565 0.02479315855436855 0.02109656861571015
384 0.422625499999981 0.02485040409697427 0.01907484697513893
385 0.42053079999999454 0.023778676158852048 0.01807958767062328
386 0.42136899999999855 0.022714164439174865 0.018597347814528667
387 0.422128999999984 0.023798674676153396 0.016234874236779134
388 0.42194509999998786 0.024832689265410105 0.020573166550182907
389 0.4220915000000218 0.026291477680206298 0.020700720490002242
390 0.42038549999998054 0.02272635532750024 0.019009532498531653
391 0.4207470999999998 0.022077876329421996 0.01799976483720248
392 0.4208393999999771 0.02464949736992518 0.017652508176741053
393 0.42262759999999844 0.02147620270649592 0.018019587778654256
394 0.42339079999999285 0.023100618024667105 0.01744691710003087
395 0.4209965000000011 0.02520145078500112 0.02005868441745883
396 0.4239894000000106 0.030171005345053143 0.01851163731246698
397 0.4199436000000105 0.02333242462741004 0.018756533255342576
398 0.42025820000000635 0.02419715565111902 0.01686782524233959
399 0.42089749999999526 0.02827624579270681 0.021039472251641947
400 0.4210508000000175 0.023330203774902556 0.016982219258292776
401 0.42079200000000583 0.02272421187824673 0.0177552231022569
402 0.42269229999999425 0.021884206351306702 0.0185574972238697
403 0.4233097999999984 0.02257406148645613 0.01874378372411259
404 0.4215059999999937 0.021354724301232232 0.018636768958607657
405 0.4221230999999932 0.02184987258579996 0.01710239297053853
406 0.4214473000000112 0.023155602481630115 0.019593386376490357
407 0.4214575000000025 0.022642998728487226 0.01739106363937503
408 0.4211419000000092 0.021578148918019402 0.018525461681553574
409 0.42295089999998936 0.021410479644934335 0.017884040465120408
410 0.42248980000002234 0.021599691692325805 0.01783080472320807
411 0.41891839999999547 0.02137567260199123 0.018036150541461883
412 0.4208487999999875 0.021200539999538 0.017762340483118276
413 0.4193080000000009 0.021025265753269195 0.016767171562695114
414 0.4197612000000106 0.022031287931733663 0.01738590539478865
415 0.4202855999999997 0.021973068598243925 0.018421466966144374
416 0.42126530000001594 0.020299037794272105 0.016529034395686915
417 0.41887080000000765 0.023201810485786862 0.016258833838290857
418 0.4231450000000052 0.02205341863963339 0.019756889245549185
419 0.4224277000000143 0.02172826180855433 0.01648175081268686
420 0.4216060999999911 0.022428526563776863 0.016871841227421996
421 0.41804220000000214 0.024319030592838922 0.01647831133154572
422 0.4246870999999999 0.021183326178126866 0.021113308726764115
423 0.4211645000000033 0.022173647416962518 0.016722107031306284
424 0.41852640000001884 0.027456590781609218 0.016986307550649175
425 0.42273940000001176 0.022584040628539193 0.01928973491074609
426 0.4194431000000236 0.022649277084403566 0.01739741886248354
427 0.42247210000002156 0.02148308397995101 0.01667193750866124
428 0.4205378000000053 0.02059300376309289 0.018320055281529662
429 0.42041560000001255 0.020887111872434617 0.017619136904106766
430 0.4231747999999982 0.02073917587598165 0.016739742189157206
431 0.42003370000000473 0.024447710149817996 0.017803268843009822
432 0.4206398999999976 0.020890576475196414 0.01787459264036085
433 0.42074759999999856 0.02124171041780048 0.01775675621189055
434 0.4197881999999993 0.020704040593571133 0.018440987243026983
435 0.4239426000000037 0.020725250244140625 0.018003929345334162
436 0.42022099999999796 0.0205428808927536 0.017636600576463293
437 0.4194470999999851 0.021511192868153253 0.01682202395845632
438 0.4197753999999918 0.021419880621963077 0.017936271722199488
439 0.419909199999978 0.021274318959977893 0.017919947866533625
440 0.4213316999999961 0.020333809157212574 0.017433673631949503
441 0.42156049999999823 0.02142506159014172 0.018148017711326726
442 0.4219692000000066 0.02182961901028951 0.017027640440424936
443 0.41954269999999383 0.02191564010249244 0.016639165213850678
444 0.4217450000000156 0.021108662254280514 0.018825767714469158
445 0.4187751999999989 0.020333495570553674 0.016107582655109344
446 0.4231194999999843 0.023919848932160273 0.016256069550748733
447 0.4204381999999782 0.021251521921820112 0.019061510435870437
448 0.42133830000000216 0.021434963825676175 0.017582754619785996
449 0.41874089999998887 0.02294868975877762 0.016422500375841486
450 0.42131189999997787 0.022316621243953706 0.020475631854573233
451 0.42460080000000744 0.021040922072198657 0.01645499370137199
452 0.4188811999999871 0.030223598413997226 0.016195742321796106
453 0.41913119999998116 0.020403436323006948 0.021416549311309565
454 0.4209320999999875 0.027288225458727944 0.016463408704663885
455 0.4222123000000124 0.024003046171532736 0.015792814434551803
456 0.4194978999999819 0.02543480396270752 0.018873141437280375
457 0.4238392000000033 0.022293012837568918 0.01698312309921765
458 0.42088370000001873 0.021962442166275447 0.018050362340739517
459 0.4200484000000131 0.02091260701417923 0.017059508894310623
460 0.4214478000000099 0.021784127172496583 0.018936970683394887
461 0.42076630000002524 0.02110231907831298 0.01669694947414711
462 0.42011039999999866 0.02116039660241869 0.017173383568154007
463 0.4197318000000223 0.020309508012400734 0.016813295786498022
464 0.420650199999983 0.0232144746515486 0.01612502776208471
465 0.4223953999999992 0.020757868223720128 0.01947525387904683
466 0.42157380000000444 0.021867635018295712 0.01637150713654815
467 0.4201847000000214 0.022178853385978275 0.01714645643703273
468 0.42184629999999856 0.0206682537164953 0.017646974960311514
469 0.41952620000000707 0.022168057991398704 0.016615039501033844
470 0.41976819999999293 0.019835270030630958 0.018204053894418183
471 0.41952219999998874 0.021110396915011934 0.016148854963115005
472 0.42289490000001706 0.021949347688092126 0.017664311362094568
473 0.42079599999999573 0.02008442415131463 0.017046885412247456
474 0.42002709999999865 0.020691303163766862 0.016641341760510305
475 0.42238940000001435 0.02259155669146114 0.02021030080123026
476 0.42119030000000635 0.022795468982723024 0.01644666175373265
477 0.4193996999999854 0.023171362032492957 0.016347401943363128
478 0.42296139999999127 0.020599763260947333 0.01870892086967093
479 0.4185482000000036 0.022000389132234784 0.016308895388587576
480 0.42230599999999185 0.023803907384475072 0.015954190101779876
481 0.4193953999999849 0.020503912948899798 0.01842262754674818
482 0.42162819999998646 0.022076205412546793 0.015874136178219905
483 0.4203768999999795 0.022160806506872178 0.016192764532370646
484 0.42148789999998826 0.020250045673714745 0.0178104893105929
485 0.42044190000001436 0.021948647416300242 0.016662022129434052
486 0.42124689999999987 0.021853800697459114 0.020120189815271097
487 0.4207703999999808 0.021729418304231432 0.01676623498807188
488 0.4224557999999945 0.021836305409669875 0.01583440577397581
489 0.42324060000001396 0.020662273632155524 0.018379245625167597
490 0.4229285000000118 0.020355554670095442 0.01646129029696105
491 0.4267560000000117 0.021664296173387103 0.017175166577589315
492 0.4250419999999906 0.021222056531243854 0.015884494195218948
493 0.42572110000000407 0.0252994974454244 0.01626171928937318
494 0.42651820000000384 0.0200506211982833 0.018022752199016633
495 0.4245535000000018 0.02294112311469184 0.016463972505975942
496 0.4216653000000008 0.024362461020549137 0.01623419611180415
497 0.42219180000000733 0.024386911259757147 0.020789139094899912
498 0.42023000000000366 0.02200318384501669 0.016498174335135788
499 0.4207249000000104 0.025540672490994135 0.016389476959822607
Traceback (most recent call last):
  File "C:\Users\sinap\Documents\github\XNO\hilbert_2d\fourier_2d.py", line 261, in <module>
    torch.save(model, "/central/groups/tensorlab/khassibi/fourier_neural_operator/outputs/planes_3x4_patch")
  File "C:\Users\sinap\Documents\github\XNO\.venv\lib\site-packages\torch\serialization.py", line 849, in save
    with _open_zipfile_writer(f) as opened_zipfile:
  File "C:\Users\sinap\Documents\github\XNO\.venv\lib\site-packages\torch\serialization.py", line 716, in _open_zipfile_writer
    return container(name_or_buffer)
  File "C:\Users\sinap\Documents\github\XNO\.venv\lib\site-packages\torch\serialization.py", line 687, in __init__
    super().__init__(torch._C.PyTorchFileWriter(self.name))
RuntimeError: Parent directory /central/groups/tensorlab/khassibi/fourier_neural_operator/outputs does not exist.