2368001
0 2.3760478999999997 1.5385767036014133 0.8325470314651239
1 0.7205738000000004 1.4298428111606174 0.7643618505509173
2 0.7190228999999988 1.2934215280744765 0.6702996707353436
3 0.7196961000000002 1.1038505024380154 0.7270458721723713
4 0.7190076000000012 0.9985527197519938 0.689447434222112
5 0.719046500000001 0.9502577304840087 0.7293724153862625
6 0.7184761999999978 0.9648610909779867 0.7252145986087987
7 0.7204832000000003 0.9403928597768147 0.7532352697653849
8 0.7186246999999995 0.9482273313734266 0.7090615288155978
9 0.7349983999999985 0.9300331486596002 0.7527834157474705
10 0.7172750999999984 0.914617559644911 0.7304543354472176
11 0.7178536000000015 0.9452913708157009 0.6911763832217357
12 0.7161162999999995 0.9024789969126383 0.7614861003688125
13 0.7179801999999995 0.8999835597144232 0.7001389988133164
14 0.7188201999999997 0.8854558044009738 0.7208294164939005
15 0.7157929000000003 0.871506945292155 0.6775435463326877
16 0.7192063999999974 0.8569983694288466 0.7035322032991003
17 0.718055200000002 0.8336859809027778 0.656117314197978
18 0.7195447000000001 0.7862654156155057 0.614555624664807
19 0.7188688000000028 0.7489148563808865 0.5722593088619045
20 0.7206429000000014 0.7144585662417942 0.5708695708728228
21 0.7175942000000006 0.6895737912919786 0.4731182973892962
22 0.7188818999999995 0.5997718175252279 0.46600333979872405
23 0.7205101999999997 0.5817161877950032 0.4184018901137055
24 0.7197804999999988 0.5101002242830065 0.38183279506495743
25 0.7205219000000014 0.466006875038147 0.3490864487945056
26 0.7214570000000009 0.4441639714770847 0.3422312267491075
27 0.7214250999999976 0.42348994149102104 0.32394966531972413
28 0.7202243999999993 0.3780786938137478 0.277429994989614
29 0.7241864999999947 0.3209469689263238 0.24642182178184635
30 0.7222610000000032 0.2965064075258043 0.23617095634585522
31 0.7212506000000047 0.302412830458747 0.23877623823822522
32 0.7223668999999973 0.3170755280388726 0.24992878710637328
33 0.7198776999999978 0.3132404221428765 0.23250856555876184
34 0.722547200000001 0.26683751609590317 0.21568102914778914
35 0.7232480999999993 0.27389937904145983 0.22663227847365083
36 0.7230120000000042 0.24346883296966554 0.20041232030899797
37 0.723320600000001 0.25431406630410086 0.19021391477741179
38 0.7252347000000015 0.23925859795676338 0.19642941678156617
39 0.7234971999999971 0.24679485029644435 0.20083166732162724
40 0.7280748000000017 0.20912716918521457 0.17038656453617285
41 0.7362295000000003 0.1970842056804233 0.1810366442946137
42 0.7252451000000022 0.19965396722157797 0.1514332646229228
43 0.7240442999999956 0.18307712343004015 0.1630379840975902
44 0.7195870999999983 0.21315821806589763 0.1486639663821361
45 0.7210431000000028 0.2025874031914605 0.16863814338308866
46 0.7208162000000016 0.20940969387690225 0.1430303776850466
47 0.7227624000000006 0.17946894698672824 0.16053077431975818
48 0.7218250999999967 0.2540437353981866 0.16871674334416625
49 0.7216984000000011 0.2562546266449822 0.16214849128097783
50 0.7225429000000005 0.197082605626848 0.13032121736495222
51 0.7198118000000022 0.19972360134124756 0.1527694444187352
52 0.7234583999999984 0.20423794984817506 0.1602079008446365
53 0.7218745999999996 0.1844759398036533 0.13104149161792192
54 0.7226348000000016 0.17498795058992173 0.12354599061559458
55 0.7212636000000003 0.16620033515824212 0.13942691146350297
56 0.7221793000000005 0.16668342484368218 0.15732015547205191
57 0.7217052999999964 0.2526182810465495 0.2158908648569076
58 0.7202448999999973 0.29049783812628854 0.14476260200875704
59 0.7239722999999998 0.14595832890934415 0.1458673946193007
60 0.7244375000000076 0.16048485967848036 0.14432488894853435
61 0.7186599999999999 0.20485774278640748 0.11525235801446633
62 0.7175253999999995 0.1704521059989929 0.16316003486758374
63 0.7235938999999973 0.16420856846703424 0.11653221630659259
64 0.7203143999999924 0.21110354794396294 0.1209182192067631
65 0.7179119999999983 0.18711578514840868 0.1163850221477571
66 0.7237517000000082 0.14815606673558554 0.13126627734450044
67 0.7196505999999943 0.16229651305410597 0.1367552905786233
68 0.7185560000000066 0.14649155934651692 0.10284704653943172
69 0.7211719000000016 0.12403161194589403 0.09390869296965051
70 0.7227416000000062 0.12773305111461217 0.09906855958407043
71 0.723752200000007 0.1157368262608846 0.0853965301982692
72 0.7228596000000067 0.11578204896714953 0.08958268751863574
73 0.7231857000000019 0.10141135454177856 0.10220569469889657
74 0.7220975000000038 0.1155029124683804 0.1120965304921885
75 0.7239569999999986 0.12661389112472535 0.0867196575540011
76 0.7195040000000006 0.12333424554930793 0.080349292911467
77 0.7229113999999868 0.10424969063864814 0.08822709615113306
78 0.7201962999999978 0.11219929589165581 0.10187921563132865
79 0.7188896999999912 0.11189993752373589 0.07847844186376353
80 0.7245501000000019 0.11412866049342685 0.0760633183307335
81 0.7191700999999995 0.11467637022336324 0.08854704215878346
82 0.7190923999999939 0.12418114410506355 0.09151611171784949
83 0.7219039000000009 0.10682898230022854 0.0808511562034732
84 0.7231931999999972 0.09770248267385695 0.07947418337962667
85 0.7199894000000029 0.12251833346154954 0.16243156057889344
86 0.7231160999999986 0.15887301630443998 0.10358293916358323
87 0.7180577000000028 0.13682774504025777 0.11841783367219519
88 0.7203288999999984 0.1582632389333513 0.0825449345541782
89 0.7239132000000126 0.12182016968727112 0.10668678948136627
90 0.7217389000000054 0.14683249129189385 0.0949266074133701
91 0.7245179000000093 0.13470696541998123 0.08874449573579382
92 0.7221297000000106 0.11053342355622185 0.10033942636896352
93 0.7218220000000031 0.10448209676477645 0.07766848118578801
94 0.7194387999999918 0.09260039395756192 0.07325178482493416
95 0.7203327000000002 0.08478188382254706 0.07571611052653829
96 0.7216359999999895 0.09527008500364091 0.0674638455031348
97 0.7222686000000067 0.10385024481349521 0.0913849521855839
98 0.7213938000000013 0.09859518176979488 0.08499089420818892
99 0.7220559000000009 0.09576503899362353 0.07519689739727584
100 0.7196452000000022 0.0869214846028222 0.06809298718561892
101 0.7188871000000034 0.08561338252491421 0.05452157141732388
102 0.7225003000000072 0.07246346275011699 0.05536226170961974
103 0.7232438999999999 0.07609688076708052 0.0705861283130333
104 0.7190094000000045 0.07207833694087135 0.06462443070333512
105 0.7236268999999993 0.08018448617723253 0.06285878478503618
106 0.7183581000000032 0.08700415359603034 0.05896572402266205
107 0.7215003999999965 0.07278744876384735 0.07170591979730324
108 0.7204728000000102 0.07725971804724799 0.064908965689237
109 0.7202209999999951 0.07416879567835066 0.055980181107755565
110 0.7177374000000043 0.07538720568021139 0.05898923952071393
111 0.7189297000000039 0.0689927746852239 0.04912491606884315
112 0.7215249999999997 0.07456719908449384 0.05694930866116383
113 0.7222711999999945 0.07017099691761865 0.06216796108933746
114 0.7234214000000065 0.07567672232786814 0.06492065210811428
115 0.7218267000000083 0.07301478551493751 0.05446970267374007
116 0.7232199999999978 0.06389540864361656 0.06924989379820276
117 0.723052899999999 0.07272193729877471 0.05849104924280135
118 0.7218764999999934 0.0820037689473894 0.07971502718378286
119 0.7215011000000118 0.08696285651789772 0.05481715671351699
120 0.7208612000000016 0.09960134691662259 0.07115295089659143
121 0.7224351000000127 0.06949645015928481 0.056861718169978405
122 0.7211797000000075 0.07480270001623365 0.061256043246535004
123 0.7222593999999987 0.08309878640704685 0.051769375801086426
124 0.7243447000000032 0.08717643817265829 0.0543751091253562
125 0.7197273000000024 0.08540453248553806 0.07024906697820445
126 0.7223134999999985 0.07405026290151807 0.06443758479884414
127 0.7209909000000039 0.08341039154264662 0.05428423744733216
128 0.7184052000000065 0.06790970332092709 0.05340036994121114
129 0.721728799999994 0.0896370874510871 0.05830316172271478
130 0.7197601999999961 0.11390443013774024 0.06643218876885586
131 0.7207471000000112 0.08595688607957629 0.06147447081862903
132 0.7217385000000007 0.06753935582107967 0.05251233890408375
133 0.7209928999999988 0.07453977962334951 0.05790593878167574
134 0.7220423999999923 0.0728929188516405 0.053829631844504934
135 0.7225538 0.0749202291170756 0.06468035549413963
136 0.7216379999999987 0.0840106659465366 0.05161159937498999
137 0.7215157999999917 0.08334869477483961 0.05294864294958896
138 0.7191509999999965 0.09793622692426046 0.08268680533424752
139 0.7245090999999917 0.08275080356332991 0.05057915019207313
140 0.7234956000000068 0.05961083239979214 0.04561101901726645
141 0.7203610000000111 0.05722968048519558 0.05295752697303647
142 0.7232448999999974 0.05527151392565833 0.05267267539852955
143 0.7207246000000112 0.09008151855733659 0.10592395946627757
144 0.7207030999999944 0.10593676732646094 0.06187459093625428
145 0.7185862000000043 0.15293194188012016 0.06025642645163614
146 0.720300899999998 0.07075300084220039 0.058158884282971994
147 0.717823199999998 0.08274206452899509 0.07952139221253943
148 0.7221026999999935 0.09448756310674879 0.050938672706729075
149 0.7221258999999804 0.10922757453388637 0.07246950219889156
150 0.7217277999999965 0.07699823048379686 0.05555974264613918
151 0.7225671999999861 0.11761951777670118 0.07885306975880607
152 0.7199798999999985 0.07202102144559225 0.04903130550853542
153 0.7206492999999909 0.06980095704396566 0.06572182452092405
154 0.7208165000000122 0.06636287073294321 0.05048621287111376
155 0.7197352000000024 0.06218085421456231 0.0458041820369783
156 0.7213184999999953 0.06313668025864495 0.0633772934069399
157 0.7191726000000074 0.062353935837745664 0.044923375864497954
158 0.7210351999999887 0.07416815161705018 0.05260613120970179
159 0.7205861999999854 0.06486288673347897 0.0528598144406178
160 0.726163200000002 0.05993310312430064 0.04770151122671659
161 0.7227447999999868 0.05926922327942318 0.04765555506846944
162 0.7177044000000024 0.05959297617276509 0.04143189211360744
163 0.7237420000000157 0.06273438864284092 0.04736500099057057
164 0.7208826000000101 0.06499566766950819 0.06997229818437921
165 0.7241374000000178 0.07115476330121358 0.06546439499151512
166 0.7202989999999829 0.10716975927352905 0.0583501262742965
167 0.7280560000000094 0.10000274843639798 0.050734701703806395
168 0.7260961000000066 0.06311349670092264 0.04684430263081535
169 0.7196811999999966 0.057328581147723726 0.042052260187805675
170 0.7253547000000253 0.054613084925545584 0.04714240011621694
171 0.720571700000022 0.06059007313516405 0.06555251019899963
172 0.7210156000000154 0.07186483244101206 0.07359664752835134
173 0.7210235999999952 0.11892172627978854 0.056396240093668955
174 0.7233404000000121 0.05955858793523577 0.04954629647927206
175 0.7239558999999929 0.06736332674821217 0.05505203712181967
176 0.7212677999999926 0.05855208006170061 0.05092045518218494
177 0.7195464000000129 0.07147028942902883 0.0575905725604198
178 0.7222478000000194 0.06452408797211118 0.039089400260174864
179 0.718800200000004 0.06280497941705916 0.05301296613255485
180 0.7236266000000171 0.059155820806821184 0.04234803895481297
181 0.7218944999999906 0.05357853670914968 0.04383134451068816
182 0.7189678000000015 0.051534052027596366 0.04929967004744733
183 0.7237836000000186 0.05500951045089298 0.04524346257819504
184 0.7226721000000111 0.05630497501956092 0.04164541744795002
185 0.7246343999999851 0.054453763531314 0.047672184764361775
186 0.720948600000014 0.05097741252846188 0.04744803123786801
187 0.7183222999999828 0.059853521320554944 0.07582298849449783
188 0.7208666000000221 0.07969020571973588 0.0421057861359393
189 0.7213637999999776 0.05702751676241557 0.04359583287942605
190 0.7236010999999962 0.055027621984481814 0.044145735560870564
191 0.7192335000000014 0.05123522347874111 0.03767500939916392
192 0.7223413000000107 0.055051155885060626 0.04281725551261276
193 0.7187842999999816 0.04616331358750661 0.04143160093026083
194 0.7210461999999893 0.05755857129891714 0.045931988075131276
195 0.7224153999999885 0.050931484169430205 0.04308898820251715
196 0.7235519999999838 0.06449301176600986 0.07051802854068943
197 0.7197519999999997 0.07917555140124427 0.04004872431520556
198 0.719763300000011 0.05638560420937008 0.03837407416984683
199 0.722062099999988 0.053240725066926745 0.03863027545272327
200 0.7211059999999918 0.05316326684421963 0.039391407223998524
201 0.721278400000017 0.045412003331714204 0.042033953744857036
202 0.7329785999999956 0.043844338258107504 0.03608140398244389
203 0.7358267999999839 0.04596988045507007 0.03611768366860562
204 0.733453499999996 0.046344620320532055 0.04129866107565458
205 0.7362229000000013 0.043578835825125374 0.03698258126368288
206 0.7330967000000044 0.051733940674199 0.039415059519595785
207 0.7346097000000213 0.05179889516697989 0.03668541497871524
208 0.7351992000000109 0.05406754927502738 0.042050330365290406
209 0.7381723999999963 0.04620931413438585 0.033821703957729654
210 0.7934781000000157 0.05001800258954366 0.0450843445590285
211 0.8006179000000202 0.04927837716208564 0.03415369792062728
212 0.8012586000000113 0.041931913296381636 0.040068168132031554
213 0.8049480999999901 0.04344146516587999 0.03876393935719474
214 0.803080499999993 0.05891957879066467 0.05037103129214928
215 0.7988039999999899 0.0494536128309038 0.034822697522210296
216 0.8030622999999935 0.04501893089877235 0.03841119125241139
217 0.80344580000002 0.04597599671946632 0.03760316332832712
218 0.8012587000000053 0.04283517748117447 0.037147584508677
219 0.7995838000000219 0.04657898859845267 0.0353408582874986
220 0.798662400000012 0.04815582715802723 0.042959031511525636
221 0.8021166000000051 0.044301615324285296 0.034615996431131835
222 0.8020735000000059 0.048114908072683545 0.04034019395953319
223 0.7977242999999987 0.0446515045232243 0.035674270059241626
224 0.7966343000000222 0.0451728492975235 0.035833630405488565
225 0.7994616999999948 0.04311622811688317 0.03499961485628222
226 0.8018859999999961 0.04508221861388948 0.03217876250626611
227 0.7986076999999909 0.039108392927381726 0.04048981334342331
228 0.7979894000000058 0.040741266972488824 0.0345941029611181
229 0.796718999999996 0.046476469437281294 0.03728406155695681
230 0.7984254000000135 0.04691131578551398 0.03383098469405878
231 0.7993154999999774 0.06665491594208611 0.03757045308097464
232 0.7998517000000049 0.05820616649256812 0.03962160622487303
233 0.8016843000000051 0.04329321218861474 0.03355865498058132
234 0.7989397000000054 0.045739944444762336 0.04488526015985207
235 0.8003266999999994 0.04604553199476666 0.03148330919078139
236 0.8015577999999834 0.049230450060632494 0.04054499942748273
237 0.798749799999996 0.044967406657007006 0.03526850606574387
238 0.8025111999999979 0.04366415308581458 0.036730573802697855
239 0.7982593000000122 0.04187018954091602 0.03488532734698937
240 0.8009694999999795 0.05033235301574071 0.03464030535494695
241 0.7987765999999965 0.044662624928686355 0.03585597726165271
242 0.7959421000000191 0.043020791974332596 0.03511690214032032
243 0.7985631999999896 0.0466493523783154 0.038468955970201335
244 0.7973276999999825 0.05103128850460052 0.03759187753083276
245 0.8045762000000138 0.05055452601777183 0.039976263632539845
246 0.799122600000004 0.04543976849979824 0.03684481538710047
247 0.7962640999999735 0.04710186769564947 0.03658711421685141
248 0.7985060000000033 0.04370715270439784 0.03328846712581447
249 0.8006597999999769 0.04324520511759652 0.04014635672334765
250 0.8013224000000037 0.04433907833364275 0.031759798526763916
251 0.7969278000000202 0.046023842526806726 0.03386301290793497
252 0.7991333999999881 0.04191031042072508 0.03609636474828251
253 0.8020568000000026 0.04412441750367482 0.03367738450159792
254 0.8007464000000084 0.04094376663366953 0.03230929276982292
255 0.7944717999999966 0.04707773807975981 0.03701260441639384
256 0.799868900000007 0.04064033379157384 0.03177673210863207
257 0.801157599999982 0.04281321283843782 0.03375095519863191
258 0.7971789999999999 0.04015380640824636 0.03370792846210667
259 0.7985305999999923 0.04136460721492767 0.0359809799272506
260 0.7984503000000132 0.04168868197335137 0.03846015500240638
261 0.7991668999999888 0.037037833862834504 0.03721756231589395
262 0.7984394000000066 0.04983213461107678 0.050911933672232706
263 0.798680399999995 0.05582118133703868 0.03255108438554357
264 0.7979119000000026 0.06995634138584136 0.040609768179596446
265 0.7991880999999807 0.04753112859196133 0.0340040638798573
266 0.7994429000000025 0.04310522013240391 0.03313675278522929
267 0.7992930999999999 0.03963323864671919 0.03293123499291842
268 0.8004375999999809 0.04025660786363813 0.032301928176254525
269 0.7998666999999955 0.04269866065846549 0.03901434921827473
270 0.7995011000000147 0.0461030857430564 0.03223079345265373
271 0.8002697999999953 0.04539425985680686 0.03157551366774762
272 0.7983887000000038 0.042201308409372966 0.03386060527113617
273 0.8016204000000187 0.042601187196042806 0.03264717928698806
274 0.8009364000000119 0.03842029339737362 0.03696944527938718
275 0.8018543000000022 0.039409466915660434 0.03150373208718222
276 0.8011816000000067 0.038469700680838693 0.030159485144693344
277 0.798489399999994 0.041947006185849504 0.032122118551223
278 0.7993886999999802 0.03933386305967967 0.03373578874791255
279 0.7994535999999925 0.042523159252272714 0.03098026846275955
280 0.7994815000000131 0.04880837698777517 0.0441261354039927
281 0.7981409000000212 0.04397343562708961 0.0344844470258619
282 0.7975512000000151 0.0458868275086085 0.04036565491410553
283 0.7969673000000057 0.07339876492818197 0.05195373980725398
284 0.7977080999999941 0.0721179124381807 0.04836042494070335
285 0.7979448999999761 0.07629321846697065 0.06877962487642883
286 0.7960443999999995 0.07608960171540578 0.03864658953713589
287 0.8004224000000022 0.05632646944787767 0.04487266306017266
288 0.799525100000011 0.048283414708243474 0.033767640590667725
289 0.7987122000000113 0.047260416050752006 0.035291148990881246
290 0.7920378999999969 0.04804033703274197 0.031131043785908183
291 0.7958401000000208 0.0450966262155109 0.04245656435606909
292 0.7951049000000125 0.048830372426244946 0.03032527497557343
293 0.7986883000000091 0.044243362877104016 0.04497550256916734
294 0.7967256999999961 0.04829497337341308 0.03098378806817727
295 0.7966130999999734 0.0428659309943517 0.037809695376724496
296 0.817065499999984 0.03728961365090476 0.034759609425654175
297 0.7945920999999885 0.05604692068364885 0.042817556467212615
298 0.8045213999999987 0.044418923887941573 0.0297224404381924
299 0.7979334000000051 0.046781997548209296 0.037984509937098766
300 0.79744740000001 0.04269416199790107 0.029175466689907135
301 0.8004138000000012 0.03741303748554654 0.03207367023483652
302 0.7993270000000052 0.03579180720779631 0.03056642803989473
303 0.8001766000000146 0.041401393711566925 0.02855599024256722
304 0.7964202999999941 0.03903781192170249 0.03452057330334773
305 0.8014622000000031 0.039844290746582876 0.02800971269607544
306 0.8001428999999973 0.03739111191696591 0.032674629180157774
307 0.7951972000000183 0.03640023916959763 0.030469645730784683
308 0.7991560000000106 0.03453212231397629 0.030287061069832474
309 0.7968091999999842 0.03490910331408183 0.02950901135069425
310 0.7984129000000166 0.035129920807149675 0.03184539470516267
311 0.7974311000000114 0.035019977556334604 0.03131752082558929
312 0.7972747000000027 0.03392428027258979 0.030583086072421464
313 0.7995793000000049 0.037160881360371906 0.02937651364529719
314 0.7972484999999665 0.03469297306405173 0.029901518684918763
315 0.8005213999999796 0.034844298660755155 0.03031880054317537
316 0.8000480999999695 0.034615760213798946 0.03054287492251787
317 0.7972563999999807 0.0350899284084638 0.029125052885931046
318 0.7989268000000038 0.036067941288153334 0.02959621832018993
319 0.7969439999999963 0.03447714729441537 0.033541061839119334
320 0.8020245999999815 0.0342875298526552 0.0283779257633647
321 0.7968437999999765 0.04005841463804245 0.033124846513154074
322 0.7958750000000236 0.03225705739524629 0.028708122304228485
323 0.797039199999972 0.03779019167025884 0.029143575762138992
324 0.8075206999999978 0.04409730649656719 0.030610765590042364
325 0.7995988000000125 0.03532064656416575 0.02872797504800265
326 0.7991670000000113 0.039183725416660306 0.03378432940264217
327 0.7996421000000282 0.034561449454890356 0.02892189533984075
328 0.8007455999999706 0.037011669741736516 0.031239110915387263
329 0.7995280000000093 0.03363279203573863 0.028346353867014902
330 0.7972244000000046 0.03743434151013692 0.033938178273498036
331 0.795866999999987 0.03344915724462933 0.02792420934458248
332 0.7988250000000221 0.03969052980343501 0.027587532020006023
333 0.7987523999999553 0.041300169461303285 0.03224869243434218
334 0.7977329999999938 0.036248807112375894 0.02878395748920128
335 0.7973349000000098 0.03448591960801019 0.031975138382833515
336 0.797767800000031 0.03520505328973134 0.02720785629553873
337 0.7988771999999926 0.03728194733460744 0.030754529061864634
338 0.7985946000000013 0.03484685288535224 0.029675382082579565
339 0.794854799999996 0.03590877486599816 0.029179209079898773
340 0.7986553000000072 0.03505762798918618 0.03067153594532951
341 0.8007898000000182 0.03416115426354938 0.029954827711230418
342 0.798044300000015 0.03524321830934948 0.03098433623548414
343 0.7992000000000417 0.03852820412980185 0.0295605082980922
344 0.7976123000000257 0.04066952715317408 0.03067212417477467
345 0.8001448999999639 0.033880359099970926 0.028402056850370814
346 0.8033897000000252 0.0375591614180141 0.032232290897213044
347 0.7958343000000241 0.03387658513254589 0.02842303768533175
348 0.796559899999977 0.03759771039088567 0.029695884126131653
349 0.7985479000000169 0.03537561462985145 0.03017707242340338
350 0.7975353999999584 0.03435389714108573 0.02901815342121437
351 0.8044414000000302 0.034127473168902925 0.029365840016818436
352 0.7977543999999739 0.033500059611267514 0.028161800298534455
353 0.7984997000000362 0.033995079663064746 0.03242785129390779
354 0.8002963999999793 0.031873768402470484 0.027331246215789043
355 0.7990901000000008 0.03736812058422301 0.02953341358997783
356 0.7975438999999938 0.03387412379185359 0.030340320751315257
357 0.8053067999999826 0.03405528797043694 0.030720907156584692
358 0.8026469000000134 0.034577038718594445 0.029156316987803726
359 0.8019482999999923 0.03498181319899029 0.029355719441273173
360 0.8003122000000076 0.03441687060727013 0.031604510838868186
361 0.7976871999999844 0.03343747605880101 0.02686751328530859
362 0.7977379999999812 0.03459182861778471 0.03372141572295642
363 0.7977498999999852 0.03514030327399572 0.02710146200461466
364 0.7989345999999955 0.03749136080344518 0.03383711859828136
365 0.7954016999999567 0.03511368549532361 0.029422750727075044
366 0.7994004999999902 0.03640139384402169 0.030425881753202346
367 0.7991437000000019 0.03724333975050184 0.025506852103061365
368 0.7992160000000013 0.03343943771388796 0.03352383707390457
369 0.7966013999999859 0.03445186813672384 0.02822561586489443
370 0.7991336000000047 0.035578425559732646 0.03128762421060781
371 0.7969865999999683 0.03248259077469508 0.027302910069950292
372 0.800186100000019 0.03566877742608388 0.03317745884910959
373 0.7995849999999791 0.03622401754061381 0.026397111474490555
374 0.7966314999999895 0.03275210145446989 0.031994859703251576
375 0.7983766000000401 0.03412924392355813 0.02823541789758401
376 0.7948351000000002 0.03657767143514421 0.027230114721861043
377 0.8043309999999906 0.03858875433603923 0.0276933204932291
378 0.8148730000000342 0.04760143823093838 0.034691184759140015
379 0.8065571999999861 0.0370935814248191 0.02899324600813819
380 0.8463370999999711 0.04646955761644575 0.03566895547460337
381 0.8156630999999948 0.03484990464316474 0.027980928538275548
382 0.8164699999999812 0.0461254444387224 0.026359002121159287
383 0.822269800000015 0.03451367384857602 0.031004711741306742
384 0.8175100999999927 0.034626328614023 0.029417228503305404
385 0.8254825999999866 0.03361731949779723 0.028392474182316513
386 0.8137665000000425 0.032892802357673646 0.029331389997826248
387 0.8204653000000235 0.03471021552880605 0.025199589670681564
388 0.816593599999976 0.035814303821987574 0.03164099669847332
389 0.8108293999999887 0.037847803698645696 0.027805440738552907
390 0.8009835000000294 0.03259024851851993 0.029578124401999303
391 0.8026441000000091 0.03227479441298379 0.027624955919922374
392 0.7970912000000112 0.03583156267801921 0.02674868458607158
393 0.7968662999999765 0.03187890301148097 0.029553003975602447
394 0.7975834000000077 0.032587299744288124 0.027646327605012986
395 0.7976639999999975 0.03350962301095327 0.030600984565547256
396 0.8005088000000455 0.03351971076594459 0.028188193430666062
397 0.8234214999999949 0.032319713632265726 0.028825175078188787
398 0.8159860000000094 0.03420592380894555 0.027580764450010706
399 0.8314739999999574 0.03582159694698122 0.031100125097837605
400 0.8205011000000013 0.03251813881927067 0.027071009405323716
401 0.8153689000000099 0.03216732922527525 0.028296898134419175
402 0.8225315999999907 0.03150625228881836 0.028703140430763118
403 0.8177972000000295 0.03302741199731827 0.02798177375168097
404 0.8123739000000114 0.03113231509923935 0.028992201949729294
405 0.8083390000000463 0.03156587150361803 0.027714921802770895
406 0.800728099999958 0.03262311038043764 0.030433173062371425
407 0.806679900000006 0.03323980023463567 0.026863733764554632
408 0.8017046000000505 0.032086853020721014 0.031721130746309875
409 0.800089000000014 0.03196218527025647 0.026978968596849284
410 0.8019836999999939 0.03239187995592753 0.026945968143275528
411 0.8006901999999627 0.031631035606066386 0.030551101340622198
412 0.8075838999999974 0.031886810892158085 0.028403994489888677
413 0.8222482000000468 0.03045887334479226 0.027226427539450225
414 0.8171293999999989 0.031514250073168014 0.02837587673155988
415 0.816851100000008 0.03219554589854346 0.028167288811480413
416 0.8173502000000212 0.03198917193545236 0.029451429355339925
417 0.8234003999999686 0.031124632557233176 0.02692523500958427
418 0.8179661000000351 0.03178004076083501 0.029768190422996145
419 0.8044499999999744 0.030782092776563432 0.026994350992265295
420 0.8241725000000315 0.03132788505819109 0.027612168280804743
421 0.8159797999999796 0.0343259334564209 0.02631456392710326
422 0.8080206000000203 0.030603262616528404 0.03217904440692214
423 0.8206546000000117 0.03261217011345757 0.026025089572687617
424 0.8115306999999916 0.035731925070285796 0.02645390932677222
425 0.8064870000000042 0.032052104671796165 0.02999975739932451
426 0.8132409999999481 0.03200334161520004 0.0275198260291678
427 0.8077878000000283 0.030982670022381677 0.027228613857363092
428 0.8098830000000135 0.03043563448720508 0.02871147677546642
429 0.8104917999999657 0.030697995920976003 0.027821370812713124
430 0.8155058000000395 0.031446433067321776 0.026616316349779973
431 0.8143627000000038 0.03495705376068751 0.026980234462706768
432 0.805384800000013 0.030562015374501546 0.02898512902807017
433 0.8170681000000286 0.03127328041527006 0.027967384604156993
434 0.8124384999999847 0.030788561039500766 0.029143820043470037
435 0.8180162999999538 0.030630624294281004 0.027528079318218542
436 0.8096312000000125 0.03036591774887509 0.028861762070264974
437 0.820368099999996 0.032249183621671465 0.025304058536154327
438 0.8088523000000123 0.031747918327649435 0.028232180192822316
439 0.7996423000000163 0.03051546298795276 0.0282251522189281
440 0.7973883000000228 0.031063050528367362 0.02881496753848967
441 0.798711400000002 0.03043031411038505 0.027098700648448507
442 0.7984290999999644 0.0304191079404619 0.027840296753117295
443 0.802514599999995 0.0304655694299274 0.027708772264543127
444 0.7954412000000275 0.03088089856836531 0.02810907461604134
445 0.7964781000000016 0.03044791171948115 0.028166175865736165
446 0.8048114000000055 0.031432832611931694 0.02742791420123616
447 0.8131360999999515 0.03031572981013192 0.028510042389885325
448 0.818810400000018 0.03087838457690345 0.027600179441639634
449 0.8165440999999873 0.030609516633881464 0.028221073697824946
450 0.8036810000000401 0.030650386379824743 0.0277996229343727
451 0.8045699000000468 0.030681729647848342 0.028484403109941325
452 0.7994517999999857 0.030956822137037914 0.02759251145065808
453 0.8039064999999823 0.02989927927652995 0.028184041136600932
454 0.798325200000022 0.03230464441908731 0.02529903024923606
455 0.7956052000000113 0.03238746838437186 0.025864175597175222
456 0.7963973000000237 0.03590713838736216 0.03046893584923666
457 0.7988931999999522 0.03276536547475391 0.025948923142229924
458 0.8005799999999681 0.03230431775252025 0.028228499361726105
459 0.7977146000000062 0.030697908831967248 0.02710095536513407
460 0.7965461000000005 0.03162464267677731 0.030075942883726028
461 0.7995951999999988 0.030543867581420473 0.027230578367827368
462 0.8163309000000254 0.03041076146894031 0.027527243876066365
463 0.7997890999999981 0.029998642206192017 0.02833884563602385
464 0.7969646999999895 0.03187584595547782 0.02707083498845335
465 0.7994233000000008 0.03055270082420773 0.027698623840926122
466 0.7977533999999764 0.030352247092458935 0.0269191782982623
467 0.7983810999999719 0.030953247845172883 0.028120519684963537
468 0.797140899999988 0.029863857726256052 0.02652077694408229
469 0.7940098000000262 0.033073556588755715 0.025226053644399175
470 0.7961103000000094 0.030231409933831957 0.03147000465236726
471 0.7988558999999782 0.03261190834972594 0.025756503714889776
472 0.7968751999999881 0.03209158562951618 0.027527384093550385
473 0.8020786999999814 0.03058973401784897 0.027849496388044515
474 0.7991345000000365 0.030920676555898453 0.02593116388946283
475 0.8028896000000145 0.033164646393722956 0.030682043951065816
476 0.7992736999999579 0.031470348768764075 0.02513640874721965
477 0.7975221000000374 0.032723088728057015 0.026730573568187775
478 0.7955393000000299 0.030820300347275204 0.02869771445383791
479 0.8028777000000105 0.03210062517060174 0.026603115386650212
480 0.7994054999999776 0.03320252531104618 0.02513934256600552
481 0.7995427000000177 0.030271543396843806 0.028694168466036438
482 0.7993614000000093 0.030476719637711844 0.025766347763968297
483 0.7974852000000396 0.03185270627339681 0.026551356081102716
484 0.7992530999999872 0.030154588321844738 0.028941954745620977
485 0.7973819000000049 0.031687650912337835 0.02565057795555865
486 0.7965902999999912 0.031895341475804646 0.030836014474024537
487 0.8018901000000369 0.03084144377046161 0.02720621032793014
488 0.7958696000000032 0.03006467537747489 0.026580543303098836
489 0.8027215000000183 0.030805467400285932 0.02786169384346634
490 0.8013356999999814 0.03104731755124198 0.027004128596821768
491 0.7954737000000023 0.030136078264978196 0.026625227244173894
492 0.7998929000000317 0.03027151988612281 0.02723242708894073
493 0.7993849000000068 0.032472957173983255 0.02653351474980839
494 0.821216800000002 0.02943874481651518 0.027345541070719234
495 0.7974351999999953 0.03111623724301656 0.026527574804962657
496 0.7969201000000226 0.032936340901586744 0.02651870641552034
497 0.799200600000006 0.03270206203063329 0.031184783724487804
498 0.800787400000047 0.030440899729728698 0.025785465709498672
499 0.799206100000049 0.03397689594162835 0.025111391896107157
Traceback (most recent call last):
  File "C:\Users\sinap\Documents\github\XNO\hilbert_2d\hilbert_2d.py", line 326, in <module>
    torch.save(model, "/central/groups/tensorlab/khassibi/fourier_neural_operator/outputs/planes_3x4_patch")
  File "C:\Users\sinap\Documents\github\XNO\.venv\lib\site-packages\torch\serialization.py", line 849, in save
    with _open_zipfile_writer(f) as opened_zipfile:
  File "C:\Users\sinap\Documents\github\XNO\.venv\lib\site-packages\torch\serialization.py", line 716, in _open_zipfile_writer
    return container(name_or_buffer)
  File "C:\Users\sinap\Documents\github\XNO\.venv\lib\site-packages\torch\serialization.py", line 687, in __init__
    super().__init__(torch._C.PyTorchFileWriter(self.name))
RuntimeError: Parent directory /central/groups/tensorlab/khassibi/fourier_neural_operator/outputs does not exist.
(.venv) PS C:\Users\sinap\Documents\github\XNO\hilbert_2d> 