549569
0 3.296899699999999 0.07531188808381557 0.43103543531894684 0.10601696610450745
1 1.6259775999999988 0.002156061205896549 0.061717483580112455 0.03171988308429718
2 1.6265836999999994 0.0007243188230495434 0.032910826832056046 0.024010577499866487
3 1.6309430999999996 0.00044671916955849153 0.022909544438123704 0.020403149127960204
4 1.6353690000000007 0.0005321455624653027 0.03532672679424286 0.044108858704566954
5 1.6383015999999984 0.0002885713091382058 0.02579578161239624 0.030965750813484193
6 1.6375518000000007 0.00025120767331827666 0.02325960512459278 0.01743065267801285
7 1.6361898000000004 0.00017401495764715947 0.01701181897521019 0.011592547744512557
8 1.636732300000002 0.00013526347043807619 0.01473703995347023 0.011428819149732589
9 1.6377820000000014 0.0001809279487315507 0.020027001306414605 0.017123037576675416
10 1.6250166000000021 0.00014255960539230728 0.01724226240813732 0.011982443034648895
11 1.6239854999999999 0.00014821068325545638 0.01939379870891571 0.020374777913093566
12 1.6263034000000012 0.00013451216864268645 0.018167824670672416 0.015285819172859191
13 1.6389143999999973 9.439086265047081e-05 0.013672445103526115 0.021125105023384095
14 1.6273701000000003 0.00015491376223508268 0.02115604856610298 0.022350782155990602
15 1.6344326999999979 0.00011696832560119219 0.016684439793229103 0.01436679184436798
16 1.6244669999999957 0.0001345635408142698 0.0187821696549654 0.02373089611530304
17 1.6316534999999988 0.0001230621801187226 0.016853056147694587 0.014424936175346374
18 1.626830400000003 0.00010149644018383696 0.015876204699277877 0.012812751680612564
19 1.633400199999997 0.00011796389670053031 0.018811482325196267 0.02624851405620575
20 1.6293587000000045 8.784007482063317e-05 0.014020302884280682 0.008309084475040435
21 1.6325544000000036 0.00011931667118915357 0.017876003667712213 0.014770710468292236
22 1.6315786999999986 0.00012169462446763646 0.018833551377058028 0.01480292946100235
23 1.6265342000000018 0.00010044646907772403 0.017008164182305337 0.018788847029209136
24 1.628858000000001 9.752067455337965e-05 0.01627947251498699 0.009824177324771881
25 1.6283439999999985 0.00010379007562733022 0.01703100921213627 0.020308291912078856
26 1.6305137000000016 0.00012552884480101055 0.01905977286398411 0.015630258023738863
27 1.6303728999999976 0.00010385387566202553 0.01756002762913704 0.018223232328891753
28 1.6316105000000007 9.544246535369893e-05 0.015941444396972655 0.009072654992341994
29 1.6273979999999995 5.2466299712250476e-05 0.00987191018462181 0.01034115195274353
30 1.6279561999999999 4.5564257197838744e-05 0.009377527967095374 0.009239060580730438
31 1.6337728000000027 5.7869749216479246e-05 0.011503214612603188 0.014359580278396606
32 1.6292437999999976 4.776338703777583e-05 0.009519139736890793 0.020435785949230192
33 1.6307349999999872 0.0001026849301342736 0.017822719141840936 0.018148618340492247
34 1.6287233000000043 5.8078204529010693e-05 0.011665843352675438 0.008671689927577973
35 1.6302062999999976 6.240726177566103e-05 0.012180483460426331 0.01733018606901169
36 1.633145099999993 8.506111731549027e-05 0.016142867773771285 0.017512439489364623
37 1.6311548999999985 9.08051299120416e-05 0.017315435662865638 0.019237811267375945
38 1.6339901999999995 9.202971094055101e-05 0.017285540163516997 0.009036274254322052
39 1.6281993999999997 8.683156776896794e-05 0.016043228283524513 0.023625328540802
40 1.6310052000000042 8.380552571907174e-05 0.016213316589593886 0.01888704061508179
41 1.628894299999999 5.4580581108893965e-05 0.01230343322455883 0.009909701198339463
42 1.6319534000000004 6.845530982900527e-05 0.01369316789507866 0.014111256003379822
43 1.630950900000002 7.39418313423812e-05 0.015096366509795189 0.009303527772426606
44 1.6261841999999973 5.7084304698946654e-05 0.012166453167796135 0.02001403331756592
45 1.6270597999999978 5.444346705189673e-05 0.01178360815346241 0.011486530750989914
46 1.6292113000000086 5.5543960197610435e-05 0.011784372851252556 0.014480448961257934
47 1.6337006999999915 6.0952427947995605e-05 0.012930080249905586 0.021108933091163636
48 1.6295848999999976 8.248809095675824e-05 0.0167962549328804 0.011507936120033264
49 1.6275724000000054 7.342055461776908e-05 0.015230419635772706 0.013311230540275575
50 1.630435999999989 3.1589343880114026e-05 0.008656203359365464 0.006447149440646172
51 1.6282321999999994 2.3160232422014816e-05 0.005655471034348011 0.005544693693518638
52 1.6264816000000053 2.7621664412436075e-05 0.0069871641770005224 0.012205430418252944
53 1.6288794000000024 2.603975873626041e-05 0.006597058616578579 0.00682272881269455
54 1.6325687000000073 2.9857337904104497e-05 0.00824553220719099 0.004911743104457855
55 1.625805200000002 2.711668723350158e-05 0.006795630469918251 0.004977503195405007
56 1.6287333000000075 2.1018674888182433e-05 0.0054526662454009054 0.004389349818229676
57 1.627442000000002 2.052626252407208e-05 0.005331806518137455 0.005081080198287964
58 1.6338293999999962 2.287106892254087e-05 0.006084715738892555 0.004923853799700737
59 1.6295257999999961 2.164471723517636e-05 0.005843312248587609 0.005540390536189079
60 1.6291573999999969 2.682819699657557e-05 0.007027421250939369 0.007353698164224625
61 1.630566200000004 3.1732593506603734e-05 0.009058812655508518 0.005788899138569832
62 1.630067699999998 2.8417598264240952e-05 0.007974164620041847 0.004547547250986099
63 1.6292497999999966 2.006586748393602e-05 0.0055786831825971606 0.012069688737392425
64 1.6302154999999914 2.553280234678823e-05 0.007677285127341747 0.008269425332546234
65 1.6303105000000073 3.216436902221176e-05 0.008928400084376335 0.011953755617141723
66 1.6267357999999916 3.0135262522890117e-05 0.0087645498290658 0.010152658373117447
67 1.6304568999999987 2.8700279312943166e-05 0.0086891999989748 0.008155425190925597
68 1.6252702000000028 2.0641984042413243e-05 0.006078100591897964 0.008944751471281051
69 1.6268327000000085 1.997241681692685e-05 0.005883242458105087 0.005290566459298134
70 1.6459744 1.6756689465182717e-05 0.0050032509118318556 0.004093345776200294
71 1.6748456000000118 2.281421744328327e-05 0.006363536931574345 0.007059516310691833
72 1.7147860000000037 2.7911155011679512e-05 0.008716210871934891 0.009635567963123322
73 1.6942327000000148 3.1459855290449926e-05 0.008849711135029793 0.0070216389000415805
74 1.7030500999999845 2.7388858316044208e-05 0.008448726333677768 0.007915805429220199
75 1.6855680000000177 2.7021129990316696e-05 0.008604103781282901 0.011504107564687728
76 1.6536423999999954 2.6872588250625995e-05 0.007672368995845318 0.00382571779191494
77 1.658105599999999 2.2366154380506485e-05 0.006595654241740703 0.010593416839838029
78 1.6642758999999785 2.1660769689333393e-05 0.0066629928201437 0.00453457772731781
79 1.6782105000000058 1.5863791004449014e-05 0.005136634528636932 0.004169229567050934
80 1.70544000000001 1.6543295773772117e-05 0.005127905301749706 0.004533033147454262
81 1.637689999999992 2.201345055254933e-05 0.007206407606601715 0.006817865520715714
82 1.6291650999999945 2.7837995439767837e-05 0.00894546428322792 0.008635813891887665
83 1.6272438000000022 2.733088182139909e-05 0.008662759602069855 0.006264152303338051
84 1.6294119999999737 2.6359743460488973e-05 0.00846898552775383 0.007867604792118073
85 1.6434031999999945 2.63902712822528e-05 0.008468754187226295 0.009365797489881516
86 1.6684485000000109 2.512755790121446e-05 0.008513663336634636 0.008670532405376434
87 1.6847543000000087 2.4814516873448156e-05 0.0082475151643157 0.006299238801002503
88 1.7061648000000105 1.8983389791173976e-05 0.006169364370405674 0.00492116242647171
89 1.6937109000000135 1.4999527963936999e-05 0.0049779082760214805 0.004067949503660202
90 1.6460203000000035 2.4614987942186418e-05 0.008339696682989598 0.008026305139064788
91 1.632734599999992 2.471120309564867e-05 0.008531340710818767 0.00866558238863945
92 1.6300831000000073 1.9984061445939005e-05 0.007506161198019981 0.00550818644464016
93 1.705152699999985 2.2047710681363243e-05 0.008221082895994186 0.01108026459813118
94 1.7243502000000035 1.3866488266103261e-05 0.005343386478722095 0.00496240422129631
95 1.6895920999999987 2.349238174247148e-05 0.008059974931180477 0.00850582629442215
96 1.65412120000002 2.5031105506059247e-05 0.008375421322882175 0.005327722206711769
97 1.6575717999999995 2.321551745353645e-05 0.008121341750025749 0.005629279762506485
98 1.6549454000000026 2.2305442475953895e-05 0.007723032608628273 0.004852829426527023
99 1.6546215000000188 2.2868788319101442e-05 0.00805155037343502 0.006261803284287453
100 1.6607187999999837 1.2584197204432712e-05 0.004499866951256991 0.003162616267800331
101 1.6608597999999972 1.06740524779525e-05 0.0035463486686348913 0.0029836761578917502
102 1.6551573000000133 1.1221744734939421e-05 0.003534072492271662 0.0034199707955121996
103 1.6529577000000018 1.0534765723377859e-05 0.003389456935226917 0.00290660846978426
104 1.653532599999977 1.0683608029466996e-05 0.003181951820850372 0.003307524658739567
105 1.645901699999996 1.0244497362918991e-05 0.0033867941536009313 0.0030803224444389344
106 1.655086300000022 1.0950685394846005e-05 0.0033524224571883678 0.0029037315025925636
107 1.6577269000000001 1.0237481261583525e-05 0.0031307267397642138 0.0026757184416055678
108 1.6578049000000021 1.0129994251428798e-05 0.00298197964951396 0.002796602584421635
109 1.6564037999999925 1.015885608580902e-05 0.0030021060667932034 0.002518780119717121
110 1.6502720999999951 1.0038338523372658e-05 0.003108141668140888 0.00308700505644083
111 1.6649433999999985 9.59629568001219e-06 0.0029775402918457987 0.0025203928723931315
112 1.6544151999999883 1.0084313628340168e-05 0.002978138279169798 0.00251592967659235
113 1.657604900000024 1.0167383537691421e-05 0.002953822027891874 0.002575444281101227
114 1.6471827000000019 9.855877699465055e-06 0.0034727143980562685 0.003600287362933159
115 1.648696000000001 1.1950526561577135e-05 0.004153233867138624 0.002938382476568222
116 1.6517884999999808 1.0272613949382503e-05 0.003553740359842777 0.004093694910407067
117 1.6528036999999927 1.233199016155595e-05 0.004727714594453573 0.0036969134211540223
118 1.6590660999999898 1.3523696061383817e-05 0.005125702552497387 0.004712831303477287
119 1.6580505999999957 1.4033173501957207e-05 0.005210890375077724 0.004396381005644798
120 1.6580038999999829 1.2321537774369062e-05 0.004894334100186825 0.0045521270483732225
121 1.6546073000000092 1.1934762601413241e-05 0.004891548383980989 0.004158912599086762
122 1.6613136999999938 1.136077631599619e-05 0.004857900097966194 0.006175161674618721
123 1.6537772000000075 1.1810998125838524e-05 0.0046245591826736925 0.00492700457572937
124 1.6500125000000025 1.121820064554413e-05 0.004697866629809141 0.004636358246207237
125 1.6580307000000118 1.147531969309057e-05 0.004552065670490265 0.005561488121747971
126 1.6576364999999953 1.1766874638396985e-05 0.004741240680217743 0.0033218974992632864
127 1.6687847999999974 8.564589905972753e-06 0.003053371448069811 0.0025145459920167925
128 1.6946817999999837 8.586131316405954e-06 0.002685279704630375 0.002919398136436939
129 1.8106700999999816 1.0945990378559145e-05 0.003612842094153166 0.005041230097413063
130 1.8101091000000054 8.924229136937356e-06 0.003087199129164219 0.0029583859443664553
131 1.81248930000001 8.907770700261608e-06 0.0031540216766297816 0.0035332725197076797
132 1.810710400000005 1.1829431136902714e-05 0.004847513653337955 0.004486024007201194
133 1.8116718999999932 1.132954890408655e-05 0.0042547713182866575 0.004729181677103043
134 1.8046771999999862 1.1216476889330806e-05 0.004603887543082237 0.00573217399418354
135 1.7979542999999865 1.16001793412579e-05 0.00469264243170619 0.00303170558065176
136 1.7967677999999978 1.0975666236845428e-05 0.004499467518180609 0.006415226310491562
137 1.7987528999999824 1.1109036397556339e-05 0.004697719849646092 0.0038574592024087904
138 1.8048043000000007 9.54897426140633e-06 0.0038612843006849288 0.00359967440366745
139 1.7997465999999918 1.0327855395644292e-05 0.004321230944246053 0.004479478597640991
140 1.8070965999999942 9.769735377176404e-06 0.003889251619577408 0.003925132229924202
141 1.8021752999999876 9.410998180783282e-06 0.0034636557400226594 0.0064964772760868076
142 1.806784300000004 1.046586550273787e-05 0.004395710591226816 0.004205664843320847
143 1.7981526999999744 1.029771690355119e-05 0.0046159933507442475 0.005156633406877518
144 1.7996262000000058 1.0361264339735498e-05 0.004579584553837776 0.004161807224154473
145 1.8092747000000031 8.95058786682057e-06 0.003713972557336092 0.002242133691906929
146 1.8016711000000214 1.0774113576417221e-05 0.004440602380782366 0.003870492056012154
147 1.82806309999998 8.651502038219404e-06 0.0032926194593310355 0.0022946882620453832
148 1.8086298000000056 7.98727149970091e-06 0.0030559895522892476 0.0020589745417237282
149 1.8057633999999894 7.186117618402932e-06 0.002854267507791519 0.002507975362241268
150 1.8070319000000268 6.529241078396808e-06 0.0021027689948678015 0.0017270910926163196
151 1.8063478999999916 6.84984837164393e-06 0.002161576695740223 0.002602403536438942
152 1.8048504000000207 6.615422375944036e-06 0.0021883070319890976 0.0017052680626511573
153 1.8101403000000005 6.432443095718554e-06 0.0018916175160557031 0.0017545255459845066
154 1.8122247999999672 6.553867010552495e-06 0.0018333633113652467 0.0017463342100381852
155 1.8130241999999726 6.431296481537174e-06 0.0017908032853156328 0.0016951938532292843
156 1.8088616999999658 6.978828524779601e-06 0.0020914549194276334 0.0018451236933469772
157 1.8092174999999884 7.1455566046552125e-06 0.002649349121376872 0.0023305097222328184
158 1.8058037999999783 7.450201555343483e-06 0.0028032342102378605 0.002228751815855503
159 1.814312799999982 6.9125639663525364e-06 0.0026510559134185316 0.002767093852162361
160 1.808958999999959 7.047945526892363e-06 0.0024100230894982815 0.002477423548698425
161 1.8124402999999916 7.070581109474005e-06 0.002489192644134164 0.0032378387451171874
162 1.8058196000000066 6.839317098297215e-06 0.0023886053301393987 0.0020541717484593392
163 1.8072848999999565 6.214365514267684e-06 0.0017555205095559359 0.0015703724697232247
164 1.7981308999999897 6.688951311275559e-06 0.002647819831967354 0.0029987979680299757
165 1.8092538999999874 6.972891396799241e-06 0.002621488656848669 0.002269192487001419
166 1.8126953999999955 6.029639269513609e-06 0.0020589548479765653 0.00173557598143816
167 1.8234372000000008 5.884667464499671e-06 0.0017686318438500167 0.002136492021381855
168 1.8091926000000171 6.490854013350145e-06 0.0017809662278741598 0.0021509283035993578
169 1.8110115000000064 6.103981736487185e-06 0.001821009397506714 0.0017639563418924808
170 1.8072307999999566 6.705848742853959e-06 0.0024401363544166088 0.00234932292252779
171 1.8090379999999868 6.744672226091097e-06 0.002683477506041527 0.0023172465339303017
172 1.8066843999999946 6.7275302444613776e-06 0.0023244995940476655 0.002048487327992916
173 1.8095772000000352 6.501392324480548e-06 0.002317435136064887 0.0023056386411190034
174 1.8136407999999733 6.833532126506725e-06 0.0026157415118068456 0.001771792471408844
175 1.8126321000000303 6.693842647678138e-06 0.0026293288432061674 0.002285425290465355
176 1.8053198999999722 6.22409798040735e-06 0.002212708888575435 0.0015692530572414397
177 1.8055692000000363 6.896044648669886e-06 0.0024597645066678523 0.0019161928631365299
178 1.8027903000000265 5.832387035411557e-06 0.0017905598562210799 0.001465529501438141
179 1.8043564000000174 6.054334039049536e-06 0.0020100378077477217 0.002406326271593571
180 1.808334899999977 6.721343804656499e-06 0.0027451216802001 0.0023536679521203043
181 1.8152822000000128 6.712952817906625e-06 0.0026066423058509827 0.002012830153107643
182 1.8034331999999722 5.927044900886358e-06 0.001751213151961565 0.0019502243027091025
183 1.8120165999999926 5.874505866643176e-06 0.001840376414358616 0.0015484589524567126
184 1.808919899999978 6.297865210740383e-06 0.002030869856476784 0.0021055591478943824
185 1.811246800000049 6.253725678107002e-06 0.0023683322574943304 0.0023627277836203576
186 1.805852399999992 6.356612462923295e-06 0.0024830952305346728 0.0027696308866143227
187 1.8111210000000142 6.506310288045824e-06 0.0025246380660682915 0.0017302435450255872
188 1.80886849999996 5.660164052869732e-06 0.0018158205151557923 0.0017430182732641698
189 1.8067793999999822 5.712179560646291e-06 0.0018030192628502846 0.0016100863926112653
190 1.8093940999999631 6.255238150743025e-06 0.0019473885390907527 0.0015063855983316898
191 1.8069128000000205 5.986618819520117e-06 0.0019956736713647844 0.0024411563575267793
192 1.812723799999958 6.310189234568497e-06 0.0025557467881590127 0.002602774165570736
193 1.803277200000025 5.845426391601905e-06 0.0020893805027008055 0.0013873160071671009
194 1.804930000000013 5.442558645256668e-06 0.0017215548250824214 0.0017773683741688728
195 1.8039293999999586 5.69437219212432e-06 0.0016686924435198307 0.0019365226849913596
196 1.8066428999999857 5.872603295813406e-06 0.0021715300604701043 0.0032098430395126345
197 1.8103360999999722 6.859368421601175e-06 0.002685770858079195 0.0027227595448493956
198 1.8091023000000064 6.0086461945729755e-06 0.0024502377156168224 0.0017625674046576024
199 1.8067025000000285 5.690220430381032e-06 0.0019301686380058527 0.0014717286825180053
200 1.8024389999999926 5.094436224339915e-06 0.0013952752463519574 0.001548815183341503
201 1.8011234000000513 5.2006827633022115e-06 0.0013072621822357178 0.0013512628339231014
202 1.8064011000000164 5.248448709096465e-06 0.0013714320491999387 0.0013101142831146717
203 1.8061240999999768 5.3671693822821e-06 0.0014196177814155817 0.0013241982273757458
204 1.8124316999999905 5.017497648225344e-06 0.0012685231026262045 0.0011941459216177463
205 1.8052143999999544 5.285818922970975e-06 0.0013658508379012346 0.0019392896816134452
206 1.8051095000000146 5.466385975125831e-06 0.0014899771139025688 0.0013014796189963818
207 1.8035883000000013 5.1836066808164105e-06 0.0013854672703891993 0.0013705208897590638
208 1.8058017000000177 5.3121371995246135e-06 0.0013953951960429549 0.0012152648530900478
209 1.8034898000000226 5.233068516474759e-06 0.00131641910597682 0.0012008255161345006
210 1.8049075999999786 5.410010965078982e-06 0.0014051700718700885 0.0011397536564618348
211 1.8131983000000105 5.169827358315615e-06 0.0013500540126115085 0.0012969107553362847
212 1.8117983000000208 5.147878512730131e-06 0.0012524567749351264 0.0014290796220302582
213 1.8032951999999796 5.1333954058918605e-06 0.0013147854525595902 0.001203947402536869
214 1.8074229999999716 5.226038726675597e-06 0.0014267006888985633 0.0012415898591279983
215 1.8024234999999749 5.131089050678383e-06 0.0013383857831358909 0.0013468676060438157
216 1.8070644000000016 5.153340123342787e-06 0.0012760892193764447 0.0012752012349665164
217 1.8070419000000015 5.111379773978797e-06 0.0012341220322996378 0.0013337771594524384
218 1.8051279000000022 5.097269196880916e-06 0.001303671445697546 0.0012558314949274064
219 1.811156799999992 5.189134091665437e-06 0.0012936030104756355 0.00123226473107934
220 1.814162299999964 5.2937280074161205e-06 0.001490645457059145 0.0019265694543719291
221 1.807536500000026 5.287636643060978e-06 0.0015660163694992662 0.0018181072920560838
222 1.812498699999992 5.308252897293642e-06 0.0013259195610880851 0.0013152536004781723
223 1.80767689999999 5.3992328528806865e-06 0.0016026119813323022 0.0013599294424057008
224 1.8106609000000162 5.1257736726029175e-06 0.0013107031844556331 0.0012062441743910313
225 1.8130477999999925 4.980585019609407e-06 0.0012766404841095208 0.0014523623697459697
226 1.803482000000031 5.0855477840627825e-06 0.001200095409527421 0.0012438850477337836
227 1.8048738999999614 5.114874359151144e-06 0.0013868900164961816 0.0013711778819561005
228 1.8038041000000362 5.173357264709466e-06 0.0015340309049934149 0.0015425792708992957
229 1.8085715999999934 5.241599848488931e-06 0.0014925480857491493 0.0017267249152064324
230 1.809446400000013 5.1270945293424575e-06 0.0014276779796928167 0.0021603475138545036
231 1.811584900000014 5.048522819208756e-06 0.0014059811625629663 0.0012640316411852836
232 1.8175993000000403 5.055974689298637e-06 0.0012582284789532422 0.0011405980214476586
233 1.8054738999999813 4.923891342230036e-06 0.0012790829967707395 0.0015533151477575302
234 1.8084921999999892 5.2048434926632585e-06 0.0017125075105577708 0.0014925297349691392
235 1.809338700000012 5.041386291679828e-06 0.001403517534956336 0.0012193485349416733
236 1.8109975000000418 5.040244669203276e-06 0.001557083373889327 0.0019042914360761643
237 1.8124353000000042 5.1353763387851355e-06 0.0015245138406753541 0.001242169328033924
238 1.8083179999999857 5.045656611741833e-06 0.0015711850821971893 0.0011868111789226532
239 1.8099854000000164 4.874037688864519e-06 0.0011816335786134005 0.0013629252091050148
240 1.8090788000000089 4.831520270300871e-06 0.0012468688413500785 0.0013260157592594624
241 1.8116860000000088 4.927093166600116e-06 0.001226001914590597 0.001394235212355852
242 1.8109483000000068 5.196077418077039e-06 0.0016122999414801597 0.0014648451656103134
243 1.8103963000000363 4.8005761911440455e-06 0.0013220575544983148 0.0012017367966473103
244 1.8057866999999987 4.859544117579162e-06 0.0011780582685023545 0.0011950423941016197
245 1.812576799999988 4.899205325017419e-06 0.0013631247859448195 0.0018943100795149803
246 1.8072536999999897 4.825313269805065e-06 0.0015451471488922835 0.0012065885029733181
247 1.8094200000000455 5.032662527639786e-06 0.0013194128982722758 0.002046176791191101
248 1.8097413000000415 4.811665248496411e-06 0.0015027717165648938 0.0014325140416622162
249 1.8087484999999788 4.8320863970729985e-06 0.0014112405246123672 0.0015920807980000973
250 1.8075622000000067 4.638391392006724e-06 0.0010811812756583094 0.0011039773374795913
251 1.8149965000000066 4.578671737931472e-06 0.001002023928798735 0.0010559849254786968
252 1.803861999999981 4.574386942266528e-06 0.0010167806427925825 0.0010285737179219724
253 1.8086410000000228 4.575804679518569e-06 0.0010460122013464571 0.0010627985931932927
254 1.8084127000000194 4.641880197908676e-06 0.0010478275595232843 0.001126349437981844
255 1.8015914000000066 4.555492834867891e-06 0.0010131392069160938 0.0011107399966567755
256 1.8062393000000156 4.613072656667327e-06 0.001017535014078021 0.0010907513275742531
257 1.7994987999999807 4.706722365312999e-06 0.001024699367582798 0.0011292640678584576
258 1.817177900000047 4.636809646285656e-06 0.0010253962203860283 0.001205152291804552
259 1.800414700000033 4.586201503116172e-06 0.0011021000323817134 0.0010501110553741454
260 1.808610099999953 4.589776217187591e-06 0.0010882713170722127 0.0011183564458042384
261 1.8100248000000079 4.649458363701342e-06 0.001034792478196323 0.0010780222807079555
262 1.8134241999999858 4.6702244806340334e-06 0.0010013541774824262 0.0010141131654381752
263 1.8047438000000398 4.684377738328749e-06 0.0010407587680965663 0.0010630028042942286
264 1.8095733999999766 4.723622658389104e-06 0.0010523570366203785 0.0010235363431274891
265 1.824910999999986 4.5900197387993555e-06 0.0009993641041219235 0.0011966550536453725
266 1.8035270999999966 4.6699789734816475e-06 0.0010374073320999742 0.0010957666486501694
267 1.802741900000001 4.593206366365621e-06 0.001047288093715906 0.00106046998873353
268 1.814520000000016 4.685177735268553e-06 0.0010271840263158083 0.0010563706047832966
269 1.8127633000000287 4.6798420990512565e-06 0.0011521191792562605 0.0010848942212760449
270 1.8185814000000278 4.6360594858185776e-06 0.0010818613898009061 0.0010173416137695312
271 1.812618499999985 4.602952279810779e-06 0.0010653535053133964 0.0012330876290798187
272 1.8050106999999684 4.591045545794259e-06 0.0010166506795212626 0.0011474795825779439
273 1.8112584000000425 4.711799652312721e-06 0.0010276875905692578 0.0010338447242975236
274 1.810735999999963 4.654240168093793e-06 0.0010205012951046229 0.001017475938424468
275 1.8177556999999638 4.604912473382683e-06 0.00108459509909153 0.0013119080103933811
276 1.81402989999998 4.6405560792095455e-06 0.001084209625609219 0.0010232644062489272
277 1.8132695999999555 4.522751103337441e-06 0.0011025562081485986 0.0010363133810460568
278 1.8164883000000032 4.51604398051586e-06 0.0010234695607796312 0.001024842718616128
279 1.8117542999999614 4.593411737374708e-06 0.0010888660093769432 0.00117292121052742
280 1.8331866999999988 4.562208891201181e-06 0.0010921550951898098 0.0010822767950594426
281 1.8187340000000063 4.581215174965792e-06 0.001007903203368187 0.001101257037371397
282 1.8186603999999988 4.629025548865684e-06 0.0011055028773844242 0.0010689182579517364
283 1.816484800000012 4.638788226003499e-06 0.0010436569899320602 0.0011516387946903706
284 1.815737400000046 4.528785594146712e-06 0.0010371996331959962 0.0010549000091850758
285 1.816955500000006 4.554899928166378e-06 0.0009951102444902063 0.001285010538995266
286 1.8218837000000008 4.571882179931208e-06 0.0011300010485574604 0.0014364665932953358
287 1.8172281999999882 4.585447083371719e-06 0.0011077956976369024 0.001090311286970973
288 1.8176776000000245 4.3632883146926815e-06 0.0010348490504547953 0.0009762155450880527
289 1.817799100000002 4.636700424711648e-06 0.0010718724690377713 0.0010466892179101705
290 1.81190069999991 4.543017216178668e-06 0.0010237445766106247 0.0010356779862195254
291 1.8095895999999811 4.543629902258317e-06 0.0010077672339975834 0.0010585667751729488
292 1.8124791999999843 4.516880820233382e-06 0.0009628648860380054 0.001013000812381506
293 1.8180859999999939 4.567785940423619e-06 0.001066210264340043 0.0010623186081647872
294 1.814318999999955 4.519617191931502e-06 0.0009787643728777766 0.0010299156047403812
295 1.8089937999999393 4.436188259546725e-06 0.0009897383842617272 0.0010223875660449267
296 1.8126550000000634 4.48644379957841e-06 0.0009600678896531463 0.0010316590033471584
297 1.8196362999999565 4.59023363362121e-06 0.001003933067433536 0.0010222467593848706
298 1.8131799999999885 4.509982835543269e-06 0.0011396313700824975 0.0010926783829927444
299 1.8185391000000664 4.444780127528248e-06 0.0010031305411830544 0.0009703244082629681
300 1.8170687000000498 4.438376026030255e-06 0.0009070750046521425 0.0009935021493583918
301 1.811152399999969 4.386664323305922e-06 0.0009188047405332327 0.000970293190330267
302 1.8114665000000514 4.418291371308669e-06 0.0009144376628100872 0.0009877702128142118
303 1.816582599999947 4.4414187017594035e-06 0.0009082767358049751 0.0009675664268434048
304 1.8110794000000396 4.373827474069003e-06 0.0009018279863521457 0.0009458092320710421
305 1.8189985999999863 4.422185225934072e-06 0.0009114985186606646 0.0009736395627260208
306 1.8157990000000837 4.414134029246952e-06 0.0009077636189758777 0.0010583012271672488
307 1.8201995999999099 4.382332466263961e-06 0.0009117466071620583 0.001011601211503148
308 1.8140872000000172 4.395380689885542e-06 0.0009161904221400618 0.000978105114772916
309 1.820701999999983 4.38368780137921e-06 0.0009010697491466999 0.0009929716400802135
310 1.8122912000000042 4.371749275833281e-06 0.0009205843564122915 0.000967741347849369
311 1.821485100000018 4.442131733668475e-06 0.0008996654227375984 0.000994884017854929
312 1.818804 4.4519022931410744e-06 0.0009049107702448964 0.0009848488308489322
313 1.8087507000000187 4.412140545824173e-06 0.0009083087546750904 0.0009789024107158184
314 1.8143499000000247 4.411495154243994e-06 0.0009038663851097226 0.0009656890202313661
315 1.81503459999999 4.4061587169608174e-06 0.0009317018585279584 0.0009709376376122236
316 1.8038085000000592 4.4346597960753795e-06 0.0009088516486808658 0.0010790416970849037
317 1.8113941999999952 4.402432586516625e-06 0.0009356353739276528 0.0009587846510112286
318 1.8135836000000154 4.397377288967164e-06 0.0009011917095631361 0.0009423721767961979
319 1.8180247000000236 4.3643080045541185e-06 0.0009056551670655608 0.0009781697392463684
320 1.817215800000099 4.3762349579168354e-06 0.000903810297138989 0.0009568137396126986
321 1.8122583000000532 4.4074373433033996e-06 0.0009133837288245559 0.000931883305311203
322 1.8215801000000056 4.380163080099919e-06 0.0008937582029029727 0.0009543397463858128
323 1.818915899999979 4.387427390213361e-06 0.0008986117234453559 0.0009527953434735536
324 1.80939879999994 4.3675549699173646e-06 0.0009047421552240848 0.0009659755229949951
325 1.8145978000000014 4.451808311927153e-06 0.0009600680414587259 0.0009483337961137295
326 1.8184843000000228 4.368249167043814e-06 0.0009438751013949513 0.0010202241316437722
327 1.8221401000000697 4.361203017992921e-06 0.0009426354030147195 0.0009739005286246538
328 1.8073881999999912 4.397683249663942e-06 0.0009748650314286351 0.0010021462198346854
329 1.8060754000000543 4.38604689264821e-06 0.0009354153536260128 0.000952840019017458
330 1.8144836000000168 4.34172109073927e-06 0.0009392315009608865 0.0009873230196535587
331 1.8160764000000427 4.412830773503629e-06 0.0009008119879290461 0.0009475288633257151
332 1.8119417999999996 4.316844327547642e-06 0.0009327325858175755 0.0009559023287147284
333 1.8145537000000331 4.469544016956206e-06 0.0009174125920981169 0.0009457178879529238
334 1.8161175000000185 4.364074396647766e-06 0.0009211616460233926 0.0009912539832293988
335 1.8157544000000598 4.374998089815563e-06 0.0009086037836968898 0.000931270495057106
336 1.8045701999999437 4.4489851439522e-06 0.0009411153588443995 0.0009370146319270134
337 1.8130921000000626 4.387769794931273e-06 0.0009109206376597286 0.001006725560873747
338 1.8151765999999725 4.349227217517182e-06 0.000919836612418294 0.0009560698643326759
339 1.8105297000000746 4.318968123300238e-06 0.0009043821254745125 0.0009600533358752728
340 1.8106187000000773 4.378834651888042e-06 0.0008934629093855619 0.0009932482335716485
341 1.807275699999991 4.347866235150377e-06 0.0009266354469582438 0.0011575003899633885
342 1.8191143000000238 4.308759725830669e-06 0.0010094165708869696 0.0009839007630944251
343 1.8160755000000108 4.302118750985073e-06 0.0009099326254799962 0.0010032097063958645
344 1.8159852 4.363279211077042e-06 0.0009123871494084596 0.0009797419607639312
345 1.8165013000000272 4.332876354311566e-06 0.000906299781985581 0.0009682044945657254
346 1.816149800000062 4.353135955312837e-06 0.0008874171683564782 0.0009553545620292425
347 1.7928044000000227 4.349519815747271e-06 0.0009346050582826138 0.001012991089373827
348 1.7968241999999464 4.294362624222004e-06 0.0009014002168551087 0.0009527358692139387
349 1.7923940000000584 4.317177481567569e-06 0.0009084158623591065 0.000984894409775734
350 1.7940694000000121 4.2698643061811485e-06 0.000861648103222251 0.0009159103408455849
351 1.7897537000000057 4.283328683527543e-06 0.0008550543840974569 0.0009324561897665262
352 1.8225808999999344 4.28809605494962e-06 0.0008584433458745479 0.000927310548722744
353 1.7920094999999492 4.2945647735592725e-06 0.0008667227886617184 0.0009287068527191877
354 1.7898713000000726 4.302545364538446e-06 0.0008554106894880534 0.0009387079998850823
355 1.7985643000000664 4.3000918932278864e-06 0.000865842835046351 0.0009703118354082108
356 1.794374400000038 4.305742828165648e-06 0.000854349436238408 0.0009385508578270674
357 1.7944142000000056 4.2955622554785575e-06 0.0008623699909076094 0.0009228193014860154
358 1.791791900000021 4.2948310006352135e-06 0.0008577749198302627 0.0009132342599332332
359 1.7957667999999103 4.281070928868758e-06 0.0008551790667697787 0.0009133826941251754
360 1.7960266000000047 4.256801963222756e-06 0.0008538841214030981 0.0009059796761721373
361 1.796718100000021 4.256822795412063e-06 0.0008578923912718892 0.00098226148635149
362 1.7944360999999844 4.2984390482558865e-06 0.0008822674443945288 0.0009289484657347202
363 1.7917750000000296 4.305886521080993e-06 0.0008679450815543533 0.0009082913771271705
364 1.7925801000000092 4.279917670402255e-06 0.0008589182393625379 0.0009293015021830797
365 1.794652600000063 4.262981736289362e-06 0.0008580994661897421 0.0009274941869080067
366 1.7902031999999508 4.289981807730215e-06 0.0008486060388386249 0.0009248157031834126
367 1.7919402999999647 4.249783272243235e-06 0.0008595789754763246 0.0009156511910259723
368 1.794291899999962 4.292662206495379e-06 0.0008683404764160514 0.0009278987161815167
369 1.7954164999999875 4.277816483266861e-06 0.0008686536950990557 0.0009369337279349566
370 1.7942630999999665 4.283501166781889e-06 0.0008712922912091017 0.0009231470059603453
371 1.791379900000038 4.265148170361499e-06 0.0008443729914724827 0.0009153386764228344
372 1.7868089999999484 4.284498344162558e-06 0.0008512624837458134 0.0009162915125489235
373 1.790700300000026 4.226573824297475e-06 0.0008560979021713138 0.0009236372821033001
374 1.7963358999999173 4.253447760547146e-06 0.0008675478799268603 0.0009088133927434682
375 1.791535799999906 4.269343578471307e-06 0.0008477609502151608 0.0009207518864423037
376 1.7957020999999713 4.235143431898791e-06 0.0008497086893767119 0.0009415832720696926
377 1.7986574999999903 4.275647302307561e-06 0.0008449693117290735 0.0009088346362113953
378 1.7970781000000215 4.260102438280455e-06 0.0008464332409203052 0.0009063548501580953
379 1.7954380999999557 4.2676698037524825e-06 0.0008487518355250359 0.0009389706049114466
380 1.7992198000000599 4.21127074801575e-06 0.0008534665713086725 0.0009186493791639805
381 1.792420399999969 4.26779275791489e-06 0.0008516076179221272 0.0009080471750348806
382 1.7920440999999983 4.228167915556469e-06 0.0008556893309578299 0.0009212127327919006
383 1.7908333999999968 4.301245371394202e-06 0.0008520839819684625 0.0010412513185292483
384 1.7997365999999602 4.28982501020414e-06 0.0008718135841190815 0.0009217707440257073
385 1.7963042999999743 4.251255087552863e-06 0.0008609784860163927 0.0009347298182547092
386 1.7971165999999812 4.265767235125395e-06 0.0008574145715683699 0.000920034134760499
387 1.8120327999999972 4.243011529538876e-06 0.0008539258241653442 0.0009240947477519513
388 1.7935873999999785 4.252242970324005e-06 0.0008591093569993973 0.0009116414561867714
389 1.7943705999999793 4.248879397295014e-06 0.0008474265206605196 0.0009005510993301868
390 1.7976996999999528 4.276385544059736e-06 0.000848859291523695 0.0009019491076469421
391 1.7891801000000669 4.271195522420612e-06 0.0008538840329274535 0.0009311099722981453
392 1.7950411000000486 4.243208599561399e-06 0.0008564214445650577 0.0008936696033924819
393 1.7951008000000002 4.291517852976767e-06 0.0008538441127166152 0.0009350515250116587
394 1.7961261000000377 4.257984896440803e-06 0.0008663037279620767 0.000911296596750617
395 1.7979980000000069 4.210745637038826e-06 0.0008483035853132605 0.0009020147379487752
396 1.792080800000008 4.1874719840251376e-06 0.0008578115161508321 0.0009027818590402603
397 1.792258699999934 4.226560551501279e-06 0.000836823889054358 0.0009556416235864162
398 1.7891427000000704 4.266334901359414e-06 0.0008632216267287731 0.0009293426107615233
399 1.7999470000000883 4.206981373329199e-06 0.0008535861000418663 0.0008997225947678089
400 1.794070099999999 4.222566590996734e-06 0.0008274093242362141 0.0009010637365281581
401 1.7922986000000947 4.2130992729028095e-06 0.0008291817205026746 0.0009002286940813064
402 1.7944853000000194 4.2196243960290755e-06 0.0008230169853195548 0.0008942577429115772
403 1.7946388999999954 4.206730535045722e-06 0.0008262543817982077 0.0008951090183109045
404 1.7949751999999535 4.216601525612873e-06 0.000824744557030499 0.0008968853671103716
405 1.7939296999999215 4.197673406594049e-06 0.0008262112652882934 0.0009003358148038387
406 1.7952004999999644 4.194064126963326e-06 0.0008449691468849778 0.0009053148236125708
407 1.7916243999999324 4.2307875105507264e-06 0.0008397614751011134 0.0008992534875869751
408 1.7913320000000112 4.220089716682196e-06 0.0008274779785424471 0.0009065028186887503
409 1.7926351000000977 4.2081751366396245e-06 0.0008226590706035495 0.0008997564483433962
410 1.7909207000000151 4.210121627323815e-06 0.0008269811570644379 0.0008972088433802128
411 1.7942576000000372 4.202429357249571e-06 0.0008249863144010306 0.0008896324411034585
412 1.7958040999999412 4.208810474963798e-06 0.000823071401566267 0.0008981959801167249
413 1.7936748999999281 4.214190227358472e-06 0.0008243082128465176 0.0008990419562906026
414 1.7931019999999762 4.20233211379184e-06 0.0008249122155830264 0.0008939427696168423
415 1.7892440999999053 4.214998094340672e-06 0.0008279711259528994 0.0008892113622277976
416 1.7922135000000026 4.179910375938789e-06 0.0008322471156716346 0.0008997492678463459
417 1.7917331999999533 4.220784993123062e-06 0.0008237003153190017 0.0008871813956648112
418 1.7946312999999918 4.200622635863737e-06 0.0008284144951030612 0.0008883471321314573
419 1.7983999000000495 4.214235600485949e-06 0.0008208929626271128 0.0008903688471764326
420 1.7962605000000167 4.2219453584380064e-06 0.0008262732913717627 0.0008906616363674402
421 1.7959296000000222 4.20583784020323e-06 0.0008265631571412087 0.0008980293199419975
422 1.7943445999999312 4.191156568253973e-06 0.000822375507093966 0.0008920013252645731
423 1.7906377000000475 4.190887246693365e-06 0.0008304296042770148 0.0008917323127388954
424 1.8007903999999826 4.204407441292801e-06 0.0008305849749594927 0.0008893467392772436
425 1.7951836000000867 4.2018395669174425e-06 0.0008261009883135557 0.0008851728867739439
426 1.798838299999943 4.157786007823461e-06 0.0008219999698922038 0.0008929871767759324
427 1.7913132999999561 4.209258386680403e-06 0.0008298748219385744 0.000891004167497158
428 1.7927267999999685 4.1988684735372315e-06 0.0008281890563666821 0.0008876215294003487
429 1.7930643999999347 4.194899694027754e-06 0.0008197172936052084 0.0008883557748049498
430 1.7957585000000336 4.215252435670891e-06 0.0008253895901143551 0.0009005437791347504
431 1.801134100000013 4.189931276883385e-06 0.0008211327288299799 0.0008862390089780092
432 1.7946047000000362 4.1982323866562865e-06 0.0008216254552826285 0.0008896085899323225
433 1.7946287999999413 4.175993848676285e-06 0.0008236018577590585 0.0008998880162835121
434 1.7937138999999434 4.1994425251346e-06 0.0008189747976139188 0.0009130807220935821
435 1.792860399999995 4.171560601022861e-06 0.0008246213076636195 0.0009079187735915184
436 1.8020706000000928 4.199623372116434e-06 0.0008300961749628186 0.0008964261785149575
437 1.7930170000000771 4.188056229565973e-06 0.0008181757237762212 0.0008946300297975541
438 1.7973149000000603 4.173442465145172e-06 0.0008224286930635571 0.0008803014922887087
439 1.7957932000000483 4.210785550355922e-06 0.0008262200020253658 0.0008993915189057589
440 1.7927905000000237 4.1657347841805855e-06 0.0008301552813500166 0.000899099912494421
441 1.7953041000000667 4.203097730695049e-06 0.0008242580564692617 0.0008966562896966934
442 1.7967869000000292 4.173117998647058e-06 0.0008223063554614783 0.0008878914546221494
443 1.8039278999999624 4.169733829684219e-06 0.0008168786438181996 0.0008859351091086864
444 1.7984417000000121 4.200160509810758e-06 0.0008268544869497418 0.0009104104433208704
445 1.79261960000008 4.1806339733341246e-06 0.0008274046340957284 0.0008997063711285591
446 1.793788999999947 4.1631062313740585e-06 0.0008182233273983002 0.0009013610891997814
447 1.7951520999999957 4.175615287351775e-06 0.0008250197786837816 0.0008832520619034768
448 1.79830400000003 4.172062006091437e-06 0.0008210740406066179 0.0009066409897059202
449 1.7942851000000246 4.188820578576724e-06 0.0008212283132597804 0.0009274075925350189
450 1.7989412000000584 4.16262690016822e-06 0.0008135267430916429 0.0008816176187247038
451 1.8164531999999554 4.184841656211802e-06 0.0008075170600786805 0.0008851658925414086
452 1.7905273999999736 4.178185803382917e-06 0.0008119111116975545 0.0008816150762140751
453 1.7956109000000424 4.163825733272119e-06 0.0008138630613684654 0.000887050312012434
454 1.794700300000045 4.173631547459422e-06 0.0008107500420883298 0.0008811081759631633
455 1.7927987000000485 4.171565977912906e-06 0.0008129783282056451 0.0008902684319764375
456 1.7930428999999322 4.153770959334224e-06 0.0008117490401491523 0.0008826816268265248
457 1.7915841000000228 4.177493801265087e-06 0.0008114178217947483 0.0008796036057174206
458 1.7958313000000317 4.181544667147818e-06 0.0008142584254965187 0.0008897908311337233
459 1.795797900000025 4.1724055360248255e-06 0.000811789182946086 0.0008827565796673298
460 1.7879218000000492 4.168940161264345e-06 0.0008099567433819175 0.0009001896064728498
461 1.7956053999999995 4.174105103587067e-06 0.0008097288031131029 0.0008839103672653437
462 1.7894844999999577 4.165639231814566e-06 0.0008101270375773311 0.0008765491377562284
463 1.7941534000000274 4.155922355479902e-06 0.0008096715593710541 0.0008900795411318541
464 1.7956930000000284 4.172043165979744e-06 0.0008149360017850995 0.0008806431759148836
465 1.7974950000000263 4.1511964982987595e-06 0.0008081115735694766 0.0008780812099575997
466 1.7882677000000058 4.1705101776301486e-06 0.0008091729963198304 0.0008824451360851526
467 1.7887975999999526 4.171177995999642e-06 0.0008094576736912131 0.0008820220362395048
468 1.7866490000000113 4.156168080200473e-06 0.000808497317135334 0.0008995040319859981
469 1.7899033999999574 4.166805075129787e-06 0.0008118488918989897 0.000892849713563919
470 1.7908209000000852 4.161921081049513e-06 0.0008071054806932807 0.0008804811444133521
471 1.7909563000000617 4.1837980767667205e-06 0.0008140840893611312 0.0008779790997505188
472 1.7907142999999905 4.1530942378642525e-06 0.0008075086809694767 0.0008775281906127929
473 1.7898073999999724 4.163211198573436e-06 0.0008090980416163802 0.0008782605919986963
474 1.7920570999999654 4.158795156214978e-06 0.000815371673554182 0.0008872790727764368
475 1.788493199999948 4.140598746644741e-06 0.0008145544044673443 0.0008942288998514414
476 1.7925702000000001 4.168758971445641e-06 0.0008087061028927565 0.0008871193882077932
477 1.7919988999999532 4.158245109238123e-06 0.0008118679327890277 0.000883274795487523
478 1.795313100000044 4.15209364035718e-06 0.0008114804392680525 0.000882176011800766
479 1.789776599999982 4.157232399961686e-06 0.0008088029474020005 0.0008797652274370193
480 1.790846399999964 4.158718122653227e-06 0.0008125421563163399 0.0008944050688296557
481 1.7883244000000786 4.139757616172801e-06 0.0008092242926359177 0.0008779984526336193
482 1.790569000000005 4.1635343571044816e-06 0.0008071611262857914 0.0008786424715071917
483 1.7881060999999363 4.1439832403966645e-06 0.0008082517795264721 0.0008929782826453447
484 1.787528699999939 4.1580769537574725e-06 0.0008078994695097208 0.0008825049269944429
485 1.7911658000000443 4.1439553955058275e-06 0.000804229193367064 0.0008912079408764839
486 1.7974512999999206 4.171286677774333e-06 0.0008090414041653275 0.0008844560291618109
487 1.7919506000000638 4.144539273696068e-06 0.0008079987037926912 0.0008810846880078316
488 1.789935700000001 4.1417826520984134e-06 0.0008082984918728471 0.0008900570031255484
489 1.789744399999904 4.147036080439648e-06 0.0008075951058417559 0.0009142156038433314
490 1.7952293000000736 4.1370282439601165e-06 0.0008111908799037337 0.0008789761364459991
491 1.7896109999999226 4.141635800394283e-06 0.0008101229136809707 0.0008750811126083135
492 1.791520700000092 4.164467187095511e-06 0.0008129016449674964 0.0008866076730191708
493 1.7874136000000362 4.135542447798457e-06 0.0008122447095811367 0.0008794530853629113
494 1.7910249999999905 4.145271807800554e-06 0.0008067560242488981 0.0008752306364476681
495 1.7863849999999957 4.15466721413793e-06 0.0008062770394608378 0.0008778248634189367
496 1.7866636999999628 4.1485287979980965e-06 0.00080510731972754 0.0008817911706864834
497 1.8094045999999935 4.150004052689837e-06 0.0008042068695649504 0.0008793623745441437
498 1.7918680000000222 4.148343452214931e-06 0.0008078193133696914 0.0008841181732714176
499 1.8425743999999895 4.150257804127477e-06 0.0008091684812679887 0.0009023415390402078
0 0.0003300840617157519
1 0.0010878812754526734
2 0.0003417773696128279
3 0.0005384227843023837
4 0.0003636119363363832
5 0.00042831795872189105
6 0.0005803187377750874
7 0.0006340289837680757
8 0.0004143096157349646
9 0.0006282139220274985
10 0.0006373674259521067
11 0.00040764661389403045
12 0.0004958559875376523
13 0.000821430585347116
14 0.00038948425208218396
15 0.000725304416846484
16 0.0003111866535618901
17 0.0007655444205738604
18 0.0004542729875538498
19 0.0012821104610338807
20 0.000640544923953712
21 0.000572456163354218
22 0.0007357188151217997
23 0.0012753386981785297
24 0.00042062989086844027
25 0.0008015696657821536
26 0.000523515569511801
27 0.00037401512963697314
28 0.0007016815943643451
29 0.000620236445683986
30 0.0006591425626538694
31 0.0005823520477861166
32 0.0017644643085077405
33 0.0006454277317970991
34 0.0018336084904149175
35 0.0005547241307795048
36 0.0006455975235439837
37 0.0005477105150930583
38 0.0004224907315801829
39 0.00043596504838205874
40 0.0002814866602420807
41 0.0008212676038965583
42 0.0013863579370081425
43 0.0007089314749464393
44 0.0006136551382951438
45 0.00042180216405540705
46 0.0004738089337479323
47 0.0005355049506761134
48 0.0014412769814953208
49 0.0005860073724761605
50 0.0004900504136458039
51 0.0004509617865551263
52 0.000441415177192539
53 0.000311152427457273
54 0.0003849131753668189
55 0.0006736922077834606
56 0.0004335769626777619
57 0.0004559049557428807
58 0.005703238304704428
59 0.0004567629366647452
60 0.000953915121499449
61 0.0016343345632776618
62 0.0005359856877475977
63 0.0006289195735007524
64 0.0005604577600024641
65 0.0006676948396489024
66 0.0004292636876925826
67 0.001097664819099009
68 0.0013086897088214755
69 0.0008331565768457949
70 0.0004975341726094484
71 0.0003513051779009402
72 0.0005671061808243394
73 0.0005500184488482773
74 0.0003299180534668267
75 0.0009479087311774492
76 0.006478613708168268
77 0.00040848180651664734
78 0.004863175097852945
79 0.00032910192385315895
80 0.0006387924076989293
81 0.0005730972625315189
82 0.0007777736173011363
83 0.0003653658786788583
84 0.0004215800145175308
85 0.0006104125641286373
86 0.0007460954366251826
87 0.0009330890025012195
88 0.0007870690315030515
89 0.0005135866813361645
90 0.0005152185913175344
91 0.0016115475445985794
92 0.0007683753501623869
93 0.0007206968730315566
94 0.0050644176080822945
95 0.0005399499204941094
96 0.0045807380229234695
97 0.0007293273811228573
98 0.0005686104414053261
99 0.0013290942879393697