python .\hilbert_1d.py
549569
0 3.2254394 0.0004609058298525781 938702023999.488 70241375211.52
1 1.6200122000000015 1.0253647343603233e-05 188789571395.584 3930179805.12
549569
0 3.2254394 0.0004609058298525781 938702023999.488 70241375211.52
1 1.6200122000000015 1.0253647343603233e-05 188789571395.584 3930179805.12
2 1.621818000000001 3.6462835330119957e-06 120754207817.728 13600460286.72
3 1.621903399999999 9.694017148369483e-06 192080098082.816 19636458728.96
4 1.6222688000000005 4.766202590364976e-06 133860646748.16 22164316869.12
5 1.623449400000002 2.3738567477138427e-06 96596501891.072 17282043759.36
6 1.6248815000000008 1.9461150948707484e-06 82947880632.32 3097598001.28
7 1.6237974000000008 2.4040836113936593e-06 101402065174.528 3672039882.24
8 1.625637300000001 4.056823685285593e-06 127957161738.24 17003190863.36
9 1.6239117000000007 4.918484747387098e-06 128162301997.056 2052468346.24
10 1.6441080000000028 2.2847027356220904e-06 93949808967.68 9350864921.6
11 1.6871094999999983 2.4525540689257497e-06 95487588909.056 4336668404.48
12 1.6960526999999992 1.618592978516742e-06 78563093307.392 10678395988.48
13 1.7228600000000007 9.409019437460042e-07 56640827521.792 7204752527.36
14 1.708306499999999 8.981306846267411e-07 57616430596.096 2580196425.6
15 1.711034699999999 1.3758607241687316e-06 71696101892.096 10173224592.0
16 1.6918375999999995 2.6582157867074183e-06 101805194246.4 9899434304.0
17 1.6864207000000064 3.0321666847221708e-06 113061282611.2 1838811763.2
18 1.629411900000001 2.2397763938464264e-06 89575880941.568 13066763650.56
19 1.629704100000005 3.1596408758360896e-06 119315135992.832 1194292936.8
20 1.626334700000001 3.923693455138988e-06 132606103470.08 11761992181.76
21 1.6268550000000062 1.2548583605997976e-06 74726312960.0 2313089806.4
22 1.6262061000000045 3.34549873313883e-06 110294892769.28 908095062.24
23 1.6266144000000011 6.850844806471912e-07 50333994549.248 240696464.32
24 1.6273995000000028 2.1124090090107737e-06 94631089213.44 15880264253.44
25 1.6264474000000035 9.004059956962962e-07 58829285384.192 2438518149.12
26 1.6275138999999967 2.9431021876608066e-06 104524956637.184 5350685399.04
27 1.6279280999999983 5.996475464886686e-07 45630527479.808 464186939.32
28 1.6211576999999977 6.729682696486432e-07 48584066149.888 2679579876.16
29 1.6252303999999995 1.5303132253511805e-06 73055417515.008 9284796486.4
30 1.628214700000001 6.673812007029767e-07 53261253558.272 9299692659.84
31 1.6284007000000003 6.656183950917715e-07 49782328116.224 7688821333.76
32 1.6305294000000004 4.98161109701023e-07 44393725034.496 7356847743.36
33 1.6289541999999955 2.08164529349672e-06 89687735535.616 5944001482.88
34 1.6250371999999942 2.0153963580327174e-06 84767282749.44 3212661527.68
35 1.6265610000000095 4.4850534947765697e-07 39335780329.472 7535898579.2
36 1.6275760999999989 7.743096196367882e-07 52154819088.512 6178855681.28
37 1.6388462999999973 1.1086967139650739e-06 65298767945.728 5096861956.16
38 1.6576643000000075 1.694757279540049e-06 83344330924.032 2439314048.48
39 1.6926459999999963 1.0444801695719263e-06 62752531316.736 1499006490.56
40 1.6920344000000114 4.358025902728713e-07 40775996284.928 3645645403.52
41 1.647549600000005 4.0841826808024617e-07 38344042721.28 4129816764.8
42 1.650332000000006 5.19800433664841e-07 46543647997.952 8962500152.96
43 1.6848932999999988 4.131486587621858e-07 38199380316.16 8457815641.6
44 1.7063449000000048 3.787370516966648e-07 38457819271.168 2042144387.36
45 1.663852900000009 6.811567380959893e-07 50107798446.08 3082603507.84
46 1.6560429999999968 1.0041715832373454e-06 60378124939.264 11936926951.68
47 1.6359906999999936 8.532319844345437e-07 54580153958.4 6464587521.28
48 1.6331599000000097 2.61062867074946e-06 102504145760.256 14828477909.76
49 1.629288299999999 1.8627290595585323e-06 86257187422.208 15080990497.28
50 1.6319203000000044 2.6803707903311216e-07 28962559213.568 1276130128.72
51 1.6289059000000066 1.5040974350039038e-07 23415595354.112 1218442967.2
52 1.6328037999999907 3.268601912428948e-07 36756735496.192 1333624857.6
53 1.6327619000000055 1.0861561207643756e-07 19675085075.2 1701037560.96
54 1.6308966999999939 1.0379619646727623e-07 19639453040.64 2436518618.56
55 1.632214200000007 8.402132891383029e-08 16459366445.056 2542160444.8
56 1.6284657000000067 1.3306685867298107e-07 22326775379.968 2355421511.2
57 1.63028469999999 1.0571562416988866e-07 18989300798.464 1594956008.64
58 1.6306647000000112 7.011660920958062e-08 16423560004.096 4867435785.28
59 1.627956399999988 1.825752713409401e-07 23644491981.824 1087047126.88
60 1.6294468000000109 8.259044369171575e-08 16124771646.464 3122123678.08
61 1.6321199000000064 5.412789482074111e-08 13301536025.6 2310379768.96
62 1.6284742999999935 2.351935742420097e-07 29764366103.552 2564247668.48
63 1.6306113999999923 9.614747856268035e-08 19216673316.864 877659999.12
64 1.6296533999999951 6.535933740732741e-08 15247991385.088 4250613399.04
65 1.626157400000011 1.1849295757593303e-07 20598989320.192 721187372.0
66 1.6267907999999949 1.5108157178016918e-07 23427009764.352 1665068145.6
67 1.6341798999999924 5.1936533595475786e-08 13299920830.464 1421448979.36
68 1.627358000000001 1.27859487215852e-07 21304876883.968 112241988.87
69 1.6306016999999997 1.461416577786673e-07 23319664422.912 715414068.16
70 1.633028699999997 2.2190578269132289e-07 27083286978.56 3973219930.24
71 1.6257393000000064 2.8205614064552577e-07 33475869576.192 3690643544.96
72 1.626209799999998 4.369550254645915e-07 39445383417.856 7776379834.88
73 1.6322875999999837 1.6349785565805686e-07 23479704264.704 725105554.4
74 1.6302226999999903 4.538864437921876e-07 43599592170.496 6658475980.8
75 1.6266438000000107 1.2525722412927431e-07 22375220099.072 1098215690.32
76 1.6315422000000126 3.859211669711318e-07 39700598170.88 3819555185.28
77 1.630606400000005 1.8175698580757958e-07 27686323208.192 1127032179.68
78 1.6309653999999796 8.781740824427217e-08 17824004209.664 558005975.24
79 1.6314081000000158 2.464645368216445e-07 30529847640.064 390137893.64
80 1.6271773999999937 1.2533658604005e-07 18979272453.888 1025729092.16
81 1.6342599999999834 2.1266359339167617e-07 27992526458.624 2967439623.68
82 1.633849099999992 3.585368052358949e-08 11323104448.512 3608378453.44
83 1.646807200000012 9.960555520660552e-08 17998151950.336 4697190384.64
84 1.7854078999999956 7.099583358911865e-07 55737697305.6 10021909000.96
85 1.7864489999999762 4.804810869018378e-07 39973334071.296 3248616279.36
86 1.7898147999999878 9.373783841568062e-08 18241685773.312 6659894036.48
87 1.790420399999988 2.1350825734289814e-07 28633634758.656 343844061.72
88 1.788809499999985 2.2271235311364935e-07 29306502668.288 1150346638.96
89 1.7890197000000114 1.2796168801232356e-07 22130074460.16 828058821.52
90 1.7845597999999825 5.8024680272689144e-08 14864865906.688 256086367.12
91 1.7884156000000075 1.5775463068232187e-07 25176517548.032 3428513908.8
92 1.7864193000000057 9.180022267768484e-08 17914768515.584 274468421.7
93 1.7884784000000025 1.6067798566860025e-07 22446747974.656 6550781594.24
94 1.7880724999999984 1.0380824167266489e-07 17006442439.168 686025809.2
95 1.7885625000000118 1.9499357569896513e-07 25319725887.488 30955388.7
96 1.789001799999994 1.5065748805331847e-07 22775278649.344 203562776.36
97 1.7837539999999876 8.872309984772273e-08 17899591869.44 203179096.36
98 1.783221900000001 2.1354620290760935e-07 28359170788.864 1380681979.2
99 1.7879244000000085 1.236641339013439e-07 21330504494.08 1373164786.24
100 1.7871194999999886 3.44874686604435e-08 10460287551.616 2192766453.76
101 1.783473200000003 5.030406815278998e-08 12643650171.904 1056740685.44
102 1.7819569000000115 9.352990955717455e-08 18775880543.744 2225862670.24
103 1.7905007999999896 4.249077823778244e-08 10752946201.216 2853245145.6
104 1.7848434999999938 6.136865692923932e-08 14699988937.728 735416164.32
105 1.791272599999985 2.9185238376722154e-08 9171534614.528 1250020090.08
106 1.786980199999988 2.9535369342279656e-08 9088806131.968 844478287.12
107 1.7893973000000187 1.655190297426834e-08 6499824553.984 286867609.04
108 1.7872342999999944 3.5622008736488e-08 10686046920.448 3100178379.52
109 1.7899875000000236 1.275905014701262e-07 23010592417.792 2077669130.56
110 1.7862341000000015 5.019858926702536e-08 13031344683.008 3100669672.96
111 1.7893431000000248 5.4567923108341656e-08 12621839845.888 2353745329.28
112 1.7883596000000068 5.408674871084512e-08 13160521482.752 483968328.72
113 1.7840253999999902 3.686558752713509e-08 10678208205.824 2359794704.96
114 1.7881452000000024 8.435174328431244e-08 17334456684.544 655594636.48
115 1.792217800000003 2.909891466285064e-08 9543469846.528 1234639986.56
116 1.7919298999999853 1.9857579511432924e-07 29380596076.096 1737698151.04
117 1.7945822000000078 8.880071583394767e-08 17888874856.448 1340195843.68
118 1.7902575999999897 2.9497461233873867e-08 9914989742.08 352983562.88
119 1.7898178000000087 5.4292413721457325e-08 14642493870.08 418011855.92
120 1.7891224999999906 2.6602461386891067e-08 8350392663.04 1939450166.08
121 1.7857468999999924 2.7405821269900487e-08 8965338109.952 247783953.28
122 1.785796299999987 2.537784299188467e-08 8602655909.376 880511692.96
123 1.7883416999999895 5.937447469555462e-08 14784912800.256 1261569601.12
124 1.7877355999999907 2.8899129122655907e-08 9357036427.264 2093968929.44
125 1.787077399999987 3.0566075761163505e-08 9681025505.024 1538307191.68
126 1.7886589999999956 2.825035193607171e-08 9093072290.304 1267100864.4
127 1.7980507000000046 3.124165686790858e-08 10320820879.36 334066771.8
128 1.7901609000000178 3.875676215323726e-08 10368381968.896 3750189991.36
129 1.7906538000000012 4.851188297485404e-08 12355717906.432 4303206853.12
130 1.7882901000000118 5.72106625570945e-08 14473422245.888 661725629.44
131 1.7856314999999938 5.32929538665794e-08 12715377339.392 2478130193.6
132 1.7893502000000012 6.068502265037419e-08 13468999868.928 598776496.24
133 1.7801271999999813 8.922320591103761e-08 18338266804.224 37782327.2375
134 1.7879448999999852 5.187900323430639e-08 11356466814.464 1647207095.36
135 1.7913854999999899 3.16814910839968e-08 9696309321.216 1841715292.0
136 1.7871059999999943 1.8250669846474332e-08 6925817000.704 1012045250.56
137 1.7863522000000103 5.0216590202320676e-08 13100177947.392 1248567746.88
138 1.7882154000000128 3.2633061304992994e-08 10462064672.768 793120517.04
139 1.7879475999999954 3.3982665024242384e-08 10237392292.864 2214055876.16
140 1.7871413000000018 6.219728764800259e-08 15162300391.424 2047921596.64
141 1.7858818999999926 4.7718306226338105e-08 13016295430.144 567990291.32
142 1.7883731999999952 2.8432206692604116e-08 9284121897.216 1915304805.76
143 1.7880808000000172 4.945181763360562e-08 11960343095.296 3439322759.68
144 1.7903096000000005 5.765073111056729e-08 14986183528.448 2582326966.4
145 1.789717899999971 3.449798523069703e-08 11248639160.32 2123714832.96
146 1.7811173000000053 8.285051570539742e-08 17672276941.824 3206981720.32
147 1.7888701999999626 4.6029746269965475e-08 11983504471.04 203282824.78
148 1.7927432999999837 1.7906750580665155e-08 7236027574.272 1316148060.16
149 1.7918549999999982 3.6009170241973334e-08 10786748771.584 335205079.36
150 1.7905296000000135 1.553086783781174e-08 5998290923.008 353527137.44
151 1.7902078999999844 7.558413681165235e-09 2819820344.576 188541842.64
152 1.7913323999999875 1.0203149420472818e-08 3991186824.256 891310649.28
153 1.7877166999999758 1.2970517305670855e-08 5523192555.0 217214286.06
154 1.7873749999999973 1.4709860704799869e-08 5562309170.688 938727360.8
155 1.7886272000000076 1.8517547550750413e-08 6950332509.024 798416264.32
156 1.7883531999999605 2.0803997009544163e-08 8024239302.656 308484521.08
157 1.7883559999999648 1.0123207596010598e-08 4121255483.392 952939304.88
158 1.7888934000000063 8.16202821158794e-09 3121240050.944 97386055.3
159 1.7868477000000098 1.7742009104457917e-08 6626939367.936 1387817703.2
160 1.7883692999999994 1.3325447514611914e-08 5712817883.968 164604315.84
161 1.7858790000000226 1.2826266108725836e-08 5335273816.576 15220241.375
162 1.7893463999999994 1.0809774374448758e-08 4370490521.088 404104003.92
163 1.7862221000000318 9.288635985396058e-09 3718362757.568 116140766.67
164 1.7865828999999849 1.1794290550419528e-08 4975163070.464 326619312.88
165 1.7884572999999477 8.124667821100264e-09 3240061407.6 584112120.76
166 1.7889152000000195 2.0246368723688542e-08 7322592481.536 1785138750.08
167 1.7899062000000185 2.1200841226638992e-08 8204245685.12 1239542297.84
168 1.7937182000000007 2.0353556000475667e-08 6944574873.92 63584474.265
169 1.7899623000000133 1.1453375205127629e-08 4557414110.656 85627299.28
170 1.7902978999999846 1.275698694652716e-08 5413697413.12 347836949.52
171 1.8179675000000088 1.81196505940652e-08 6682466712.064 284502081.32
172 1.8760768999999868 1.1602280843570068e-08 4921702576.384 1192584770.24
173 1.791141600000003 1.6311568951851156e-08 6434716715.584 1341033928.64
174 1.7884460999999874 1.1289368286940272e-08 4485641172.224 241864759.04
175 1.7911556999999902 9.69165828274066e-09 3889380158.736 406282296.8
176 1.7898069000000305 1.2835171631885022e-08 5369796120.06 86278924.11
177 1.790330900000015 1.1763500739092906e-08 4601846762.368 846417227.12
178 1.7878301000000079 1.7586759363051162e-08 6440692463.264 855254471.12
179 1.7892793000000324 1.5380293823859942e-08 5480021742.08 34665653.0175
180 1.7891240000000153 8.196441951778804e-09 3336820889.344 93438534.36
181 1.7886003000000414 9.392180221525632e-09 3808245037.568 1000856186.08
182 1.7874833000000194 2.152757069512172e-08 7654326636.352 505666131.6
183 1.7898288000000093 1.085574430816777e-08 4343258988.544 338347925.36
184 1.7942729999999756 1.267411386700865e-08 5355111251.776 921992973.28
185 1.7885537000000227 1.268883579723021e-08 4883631492.896 1093254525.76
186 1.7877124000000322 1.940824030155497e-08 7296809952.768 346442957.2
187 1.788885700000037 8.785725679527406e-09 3602049044.992 913624968.16
188 1.7843972999999664 1.1702349562384834e-08 4738785947.52 635220007.52
189 1.7883092000000147 1.0567148586528886e-08 4291261419.008 1899454.9140625
190 1.785795500000006 8.732536971485313e-09 3672898318.176 133546985.74
191 1.7902139999999918 1.94113561336807e-08 7185324900.224 802895026.4
192 1.7879535000000146 2.1311912441548952e-08 8266693624.832 1456826551.04
193 1.7843462000000159 1.91721668941873e-08 7279271916.032 385574521.28
194 1.7869468000000097 1.7910345079969208e-08 6980448142.656 227038733.56
195 1.7874152999999637 9.32264315875106e-09 3684055499.328 367373828.28
196 1.7909012000000075 8.213579413816376e-09 3239520181.504 589913844.76
197 1.7870747999999708 9.873760953844728e-09 3932211727.616 279489337.84
198 1.7859222999999815 9.861292570509384e-09 4074816688.256 461151111.2
199 1.7854411999999797 1.4014741222872704e-08 6190516621.312 393544709.6
200 1.7856175999999664 8.963690607119088e-09 3544619907.608 384249048.0
201 1.7895870999999488 7.77877580932602e-09 2738362533.568 72094107.025
202 1.7842445999999654 8.330281793785324e-09 3353787574.784 10704884.56375
203 1.7883914999999888 6.347264021317973e-09 1989239996.0 66689337.38
204 1.7894627000000014 8.623897130040748e-09 2856616121.344 85411638.0
205 1.7869754999999827 7.936581772685094e-09 2912947506.944 107218833.41
206 1.78851549999996 1.0530776412519261e-08 4590832998.4 211643119.16
207 1.7855258000000163 9.341546016415625e-09 3596954546.432 110739906.43
208 1.7873153999999545 6.561222401705973e-09 2226232487.424 48101821.315
209 1.7850344999999948 6.806899223825436e-09 2210470633.856 67180723.95
210 1.789413599999989 8.743018195655548e-09 3464974503.88 690399714.96
211 1.7906113000000232 7.0240667089711976e-09 2431584626.944 604076778.88
212 1.7848791999999776 1.1619864345082525e-08 5300040876.544 233194097.68
213 1.7864438999999948 7.477290611699943e-09 2887935526.208 54892794.445
214 1.78621720000001 1.0810201622538096e-08 4413910197.76 291586904.72
215 1.786635799999999 6.554240341645652e-09 2121712433.024 457072249.84
216 1.790846799999997 6.93012735545652e-09 2369948434.944 198381988.68
217 1.7892270000000394 6.479776358259137e-09 2188425338.88 557734368.24
218 1.7922651000000087 7.822290025646939e-09 3110048413.536 206030455.64
219 1.7915262000000212 7.0840724804809015e-09 2554302526.336 550568979.76
220 1.788745199999994 7.85370562965404e-09 2891869761.536 294446535.72
221 1.785465600000009 8.727461802329057e-09 3613903745.536 634516720.76
222 1.7924315000000206 6.516328491367601e-09 2004053166.592 420443602.96
223 1.7895204999999805 7.416335703171531e-09 2957714672.64 138139403.54
224 1.7869852000000037 6.993152942662284e-09 2505162531.472 629233513.68
225 1.7866996999999856 9.749661413508901e-09 4078916858.88 918065302.48
226 1.785814700000003 8.979846655944242e-09 3674726948.816 245998874.28
227 1.7874196999999867 5.884270685889772e-09 1432862124.544 282014690.42
228 1.7907668999999942 8.30015834259526e-09 3377402993.408 111907375.52
229 1.788269200000002 9.0348693990161e-09 3754413766.656 281672262.28
230 1.8042582000000493 9.130987012788763e-09 3788674598.4 521400214.4
231 1.7851541999999654 8.452487715681473e-09 3269280347.904 312090277.32
232 1.7901103000000376 1.0887588754516282e-08 4679878631.296 150242377.01
233 1.791998499999977 1.3562747135488842e-08 5847581388.8 77585942.57
234 1.787408400000004 6.903818429992992e-09 2524887884.8 250809562.6
235 1.7893478999999957 6.547588925839971e-09 2083603723.988 526940669.04
236 1.786416700000018 7.70018117372817e-09 3216368748.544 308856941.48
237 1.788755300000048 1.0495200520323991e-08 4124293531.392 197431816.34
238 1.7875565999999594 6.26317528505053e-09 1802889768.576 250710375.28
239 1.7878443000000175 7.609347684042148e-09 2998448513.92 18952503.695
240 1.792637500000012 6.820530270099795e-09 2479944640.0 307939435.52
241 1.789150300000017 6.89459984427182e-09 2504319716.352 867130802.64
242 1.7818234999999731 9.29373117478094e-09 3924859858.944 499246081.16
243 1.786362199999985 7.525838494702443e-09 2762364941.22 544359008.56
244 1.7887564999999768 8.339788866445368e-09 3009364318.952 588902803.92
245 1.7854461999999671 1.0823169775738688e-08 4851824620.032 833596988.0
246 1.786320499999988 1.0427919276539684e-08 4312755254.72 184177050.8
247 1.7894841000000383 6.786250848055814e-09 2277948760.192 410238079.44
248 1.784988999999996 8.908524718551775e-09 3602182256.976 42438700.65
249 1.783165399999973 8.604301031649858e-09 3132869585.136 83253308.45
250 1.78990170000003 6.1528316862535485e-09 1694586193.024 156296767.2
251 1.7887825999999905 5.864187810256019e-09 1304771537.28 57402872.1
252 1.7905700000000024 5.822821532582793e-09 1314618257.152 46404595.66
253 1.7870880000000398 5.6138731151407494e-09 907739080.32 365059785.52
254 1.7856541999999536 6.1273058945122794e-09 1580423061.248 140049696.44
255 1.7872558000000254 6.095642057098353e-09 1548744998.592 296017446.28
256 1.7869893999999817 5.924141991212739e-09 1405972037.408 290863169.24
257 1.793785200000002 5.644750575677093e-09 991203056.96 85019006.24
258 1.78800990000002 5.7951442943211284e-09 1228244322.304 281691692.64
259 1.7867395999999758 6.874309693769276e-09 2589502428.224 56179130.68
260 1.7857680000000187 6.122763479063506e-09 1619215156.64 162043091.18
261 1.7886531999999988 5.9339311521237895e-09 1543167062.912 276372528.62
262 1.7886862999999948 5.917687472232899e-09 1412603724.8 1616435.43875
263 1.7860977999999932 6.81418578608612e-09 2334769018.368 14362181.96375
264 1.7896739999999909 6.47802867502755e-09 1874621279.744 649369553.76
265 1.7893626999999697 6.086880596231983e-09 1533541100.544 270770541.18
266 1.7869316000000026 7.483453843529472e-09 3027940788.096 14843129.0675
267 1.787860299999977 5.78220161468067e-09 1210283417.672 155264398.03
268 1.788183599999968 6.297473445927154e-09 1737915089.28 604861986.56
269 1.786662100000001 6.530747520426173e-09 2185519453.792 358846628.08
270 1.7868000999999936 5.733023013704692e-09 1111313763.776 187825603.92
271 1.7870596000000205 5.841516076488321e-09 1292099557.248 85982776.14
272 1.7942830000000072 5.877751439239824e-09 1476351292.096 28172180.5275
273 1.7876262000000338 6.0189946034430375e-09 1389484213.9 229343956.72
274 1.7894423000000188 5.719241052019522e-09 1079976040.136 159534964.45
275 1.7927172999999925 6.0867195283888925e-09 1671399215.296 142813491.7
276 1.7914979000000244 5.974364569524101e-09 1534050357.32 136234602.98
277 1.789763599999958 5.66768795888517e-09 1062444447.488 142599216.18
278 1.7902632999999923 5.7643482245811225e-09 1212098723.2 287172040.12
279 1.7907443000000285 5.7182380285391416e-09 1046245685.568 111243802.07
280 1.7938359999999989 5.909009452560819e-09 1502568566.4 201353375.28
281 1.7890215000000467 7.778618779357566e-09 3007234046.976 276704424.36
282 1.7859813999999687 6.362454017477359e-09 1902795076.672 150743336.97
283 1.7927940999999805 6.278378731144289e-09 1702804585.536 458558688.48
284 1.7865453000000002 6.043276867490153e-09 1508717230.08 107566268.42
285 1.7875002999999765 5.686133280049188e-09 1060120558.912 456472679.88
286 1.7902727000000027 6.549782616341315e-09 2241531204.096 40344483.54
287 1.7879403000000025 5.803167596127556e-09 1148982126.32 89276657.98
288 1.7857537000000434 5.62863092057121e-09 953261750.128 117566704.9
289 1.7861801999999898 6.0541495156343775e-09 1596864995.712 502231601.76
290 1.787182199999961 6.385840768431683e-09 2013223819.52 230296335.04
291 1.7875604000000749 6.416767230153081e-09 2124952640.0 118823498.98
292 1.7908439000000271 5.933324508404156e-09 1549977502.976 127639086.52
293 1.7988355999999612 5.9792229081885215e-09 1471365810.56 17535278.70875
294 1.7929841000000124 6.141625343463516e-09 1670619941.632 52091596.875
295 1.7850634999999784 6.167121079248688e-09 1804220787.712 211964096.56
296 1.7947848000000022 6.399376526119993e-09 1955748054.272 13158955.8475
297 1.7888652999999977 6.420938044496527e-09 2013233325.216 70069289.15
298 1.7876478000000589 6.102016120472162e-09 1669710994.688 261688350.54
299 1.7874279999999771 6.068178597089399e-09 1591246987.52 111579805.75
300 1.7896855000000187 5.440866871878644e-09 457498072.576 5241570.76375
301 1.7883530999999948 5.472766802905424e-09 580034190.464 92125399.54
302 1.7861660999999458 5.5775891641320765e-09 905412567.552 104809693.69
303 1.7884462000000667 5.532981238247597e-09 817507170.048 31898170.61
304 1.7868230999999923 5.461021000095767e-09 514660678.272 82449399.3
305 1.7877191999999695 5.431547755494034e-09 448729595.904 17667191.1325
306 1.790641800000003 5.4632373445001855e-09 550765412.864 7528295.69625
307 1.7945234000000028 5.580321091742371e-09 837727988.736 94739401.18
308 1.8081679000000577 5.569036208442569e-09 877645905.856 174126646.14
309 1.787111199999913 5.57173454099711e-09 832572258.792 80495313.24
310 1.7890633999999181 5.55635993934123e-09 837016703.632 61283092.55
311 1.789116599999943 5.7633363870744375e-09 1256329570.048 77121595.565
312 1.789767299999994 5.515656775268628e-09 734716871.232 108344466.07
313 1.7912251000000197 5.484212298081503e-09 620113488.896 179877315.48
314 1.7888418999999658 5.51824583819359e-09 733361641.344 72241063.59
315 1.790376599999945 5.457030551135169e-09 477485507.104 59033385.92
316 1.7850070000000642 5.439201351052463e-09 467716473.728 25321195.32
317 1.7881211000000121 5.541211894228099e-09 728222277.42 39934848.57
318 1.7938626000000113 5.5374507739857496e-09 750224900.096 58661532.42
319 1.7922505000000228 5.444008762696637e-09 445837215.212 18652701.15875
320 1.790213300000005 5.472068956083049e-09 524712047.68 220347398.82
321 1.7885879000000386 5.5025992976144394e-09 642495649.995 100211746.84
322 1.788428500000009 5.7300806636031985e-09 1225729467.136 18245993.9425
323 1.789825599999972 5.466259987547771e-09 547461885.568 2957460.8753125
324 1.7873336999999765 5.482153498399524e-09 544763419.296 24616344.735
325 1.7897786999999425 5.49431065108519e-09 667341780.992 105441144.48
326 1.7895730999999842 5.654189539771746e-09 1043315937.152 146400408.16
327 1.7860251999999264 5.6892564544055825e-09 1134993542.016 6085767.228125
328 1.7879503999999997 5.487427519899063e-09 659522180.992 25371468.96
329 1.788083400000005 5.482457836445038e-09 641186561.216 8554672.363125
330 1.785864399999923 5.437880942270692e-09 455647291.456 109523648.4
331 1.7893794000000298 5.465115972546251e-09 535482159.816 99522484.92
332 1.7877426000000014 5.4399100657775525e-09 448412542.848 77028393.87
333 1.787932699999942 5.548168964051702e-09 747045313.984 26067583.065
334 1.7885899999999992 5.5583039669428875e-09 790646465.536 55151557.1
335 1.7847944000000098 5.500191577255496e-09 691213634.56 49452722.585
336 1.7918959999999515 5.4529181917927e-09 498951952.8 22196860.3775
337 1.788629300000025 5.473500369195411e-09 558118059.388 85890621.31
338 1.7874800999999252 5.508750841266212e-09 673411463.296 13625134.8475
339 1.7860878000000184 5.693935359390122e-09 1099741250.56 20755025.74
340 1.791421000000014 5.4693639494979785e-09 557153034.096 861626.192734375
341 1.7884265999999798 5.81646884881585e-09 1345945574.88 124781193.34
342 1.7896359999999731 5.4996071856998944e-09 651398150.272 57071611.17
343 1.785389699999996 5.472844291346977e-09 555873290.88 35716436.4575
344 1.7877224999999726 5.480841866353437e-09 630972985.324 180184117.92
345 1.7878769000000148 5.667649137148546e-09 1107738853.632 29076948.3
346 1.7877412999999933 5.533515905215415e-09 702359345.536 253758962.84
347 1.79006389999995 5.699076013427826e-09 1130578180.768 32311269.45
348 1.7908899000000247 5.561456308730963e-09 763659438.496 108033186.38
349 1.7850760000000037 5.521851666021767e-09 764321189.654 53549449.34
350 1.7885135999999875 5.426711447266224e-09 376275221.032 38280317.335
351 1.790247700000009 5.452927852407836e-09 521267562.816 1840076.83390625
352 1.7878553000000466 5.418749000018455e-09 358996625.28 63594824.41
353 1.7864283000000114 5.438434047647688e-09 435782856.968 5661754.57125
354 1.787519599999996 5.397706410271237e-09 214051645.52 81453387.25
355 1.788781800000038 5.406663558995687e-09 241666225.956 18019580.87
356 1.7858303000000433 5.399575496574661e-09 239985499.992 15583013.04375
357 1.7867839000000458 5.443032648756686e-09 437083873.152 57481674.995
358 1.7861237000000756 5.429390836579184e-09 402748183.296 65352401.605
359 1.7906454999999823 5.426204283248614e-09 357878276.012 13621441.6925
360 1.7883933000000525 5.411036241660585e-09 331857545.856 14217808.755
361 1.7871893999999884 5.4057226327415265e-09 292552679.648 111682494.62
362 1.7878205000000662 5.4309700034871e-09 461348755.968 28791368.37
363 1.7885784000000058 5.449569734907331e-09 513828526.752 10728422.26875
364 1.7901258000000553 5.4081366103724686e-09 287613780.0 40549200.23
365 1.7897928000001002 5.451488159397303e-09 514308168.568 29120042.93
366 1.7877158000000009 5.432508210471575e-09 418046567.344 53822360.17
367 1.7895097999999052 5.466251539307647e-09 572002109.44 34785274.51
368 1.7905177000000094 5.4126571112833905e-09 338757929.024 50124802.855
369 1.7870386999999255 5.414762488556262e-09 322747333.248 30373652.595
370 1.7911265000000185 5.408866069106156e-09 286721838.268 9951050.614375
371 1.7902524999999514 5.416992618095348e-09 333192732.096 40974646.92
372 1.7892484999999851 5.42103464099745e-09 376781002.736 27320308.475
373 1.7901722999999947 5.441402113886694e-09 452963077.312 71434543.71
374 1.7934462000000622 5.411996210694578e-09 319016911.616 11771087.63625
375 1.7852218000000448 5.401288495126075e-09 257704413.68 23015248.32
376 1.7931792000000542 5.404856631427195e-09 238378912.56 55736006.01
377 1.7972654000000148 5.452052645946171e-09 536615820.224 48462744.21
378 1.7884649999999738 5.446361514775108e-09 452114774.596 33688108.62
379 1.7945852000000286 5.4722236999220145e-09 563066522.464 148170608.02
380 1.7971827999999732 5.438920381031179e-09 434385634.176 15405325.3975
381 1.7913211999999703 5.410556661132073e-09 321503552.6 72337885.405
382 1.7921064999999317 5.4173516116473964e-09 309912077.568 47964643.34
383 1.7958551000000398 5.407272493935372e-09 269548991.358 25352490.1125
384 1.7950948000000153 5.396865758549012e-09 208856948.416 21082842.775
385 1.7992762000000084 5.426282476591053e-09 383537609.304 50541505.0
386 1.7976151999999956 5.435841456793015e-09 389710903.632 21388806.9075
387 1.7888929999999164 5.425927447664196e-09 371921336.416 21332762.185
388 1.7852004999999735 5.416238010786396e-09 357353699.76 29884257.94
389 1.7915105000000722 5.4277285640509e-09 387669269.184 6956902.2875
390 1.79479809999998 5.416207865587572e-09 309490982.262 29704036.1825
391 1.7915910000000395 5.488419513923067e-09 688744813.44 73761363.525
392 1.7931798000000754 5.424743907164569e-09 409055369.088 22927469.175
393 1.7934361999999737 5.416947972243731e-09 385925381.596 14788088.24625
394 1.7914299000000256 5.4138432642240235e-09 342904985.584 12229087.09125
395 1.7936912999999777 5.428877017778309e-09 350640859.12 806483.6053125
396 1.7947017000000187 5.428336199885249e-09 396974851.768 113431215.82
397 1.7926247999999987 5.443549314279341e-09 436923421.248 55255751.045
398 1.7948326000000634 5.3970800220628485e-09 187093240.208 29185979.09
399 1.7942011000000093 5.422968549998873e-09 342020010.256 10673811.7075
400 1.7930333000000473 5.386523642607993e-09 93789015.376 12497068.82375
401 1.8265789000000723 5.392810052221798e-09 211968043.808 8787885.67625
402 1.7923159000000624 5.3920193691571894e-09 172770603.38 3376826.555625
403 1.7907165000000305 5.391159302175973e-09 199302601.992 33984447.655
404 1.7894208000000162 5.4053742860852675e-09 272189373.958 29825210.125
405 1.7928279999999859 5.400391219716313e-09 277521798.656 29482051.715
406 1.7920745000000124 5.402887210437232e-09 232645644.934 26065287.98
407 1.792782099999954 5.398012362114484e-09 199242222.836 21572090.62
408 1.7936292999999068 5.38880836886354e-09 142130833.7435 4358368.0303125
409 1.7935077000000774 5.397468207938115e-09 199756703.472 21979371.875
410 1.7906176999999843 5.393315887055792e-09 166358353.024 4127702.8325
411 1.794461399999932 5.403399751674046e-09 243280047.056 21508645.425
412 1.791029099999946 5.407556181343654e-09 324528356.352 44918338.95
413 1.7946536000000606 5.388095517154593e-09 111987186.112 23955091.2225
414 1.7943029999998998 5.3945351748255e-09 197503032.768 24324234.675
415 1.7951965000000882 5.390505163825379e-09 118702011.68 10052120.06
416 1.787524899999994 5.390722502668938e-09 148551214.588 25680785.52
417 1.7923716999999897 5.40371687453295e-09 233066269.696 2685899.871875
418 1.78607379999994 5.3959642734476076e-09 223083828.544 35139299.8575
419 1.7945552999999563 5.419910311482742e-09 365521891.828 60093725.215
420 1.793434500000103 5.3928620383857206e-09 156769885.392 9101018.529375
421 1.7911406000000625 5.398201319696577e-09 204690587.316 5144863.625625
422 1.7913830999999618 5.390773626102295e-09 155728569.12 25750788.88
423 1.7898750000000518 5.389459957407633e-09 115676521.462 14019306.8775
424 1.7912188000000242 5.39631828028078e-09 189392326.344 34084790.03
425 1.7914787999999362 5.406586592491037e-09 283898918.048 48483658.215
426 1.7912620999999262 5.428174689908781e-09 425960209.056 5136994.670625
427 1.79137999999989 5.390005290837393e-09 111643786.04 6123359.675
428 1.7916691000000355 5.391917539838465e-09 158284224.272 2932216.8240625
429 1.7931553000000804 5.39236562861853e-09 170442486.552 4023911.1821875
430 1.793012200000021 5.394073244277592e-09 196653116.896 36432259.51
431 1.789629399999967 5.395631190069936e-09 189988643.028 11326198.89125
432 1.7901511000000028 5.393247802186113e-09 168093037.568 4825116.6025
433 1.7948056999999835 5.416848239669352e-09 365943565.024 19565875.24125
434 1.7916976000000204 5.38836448955689e-09 129664243.816 10449046.83375
435 1.795491200000015 5.391262958390065e-09 130755150.544 21642085.3875
436 1.7905265000000554 5.397370748466896e-09 220402508.4 13650059.43625
437 1.808792399999902 5.393586641372789e-09 174327706.744 14436479.9375
438 1.795927000000006 5.397802454474165e-09 172200245.672 3814700.57375
439 1.7916381999999658 5.388601111953156e-09 100351205.019 13258129.9475
440 1.7899832999999035 5.394448867898589e-09 224024548.386 50626604.21
441 1.7934175000000323 5.396035486328459e-09 162302060.016 474273.880859375
442 1.797965799999929 5.396380683733752e-09 207073877.496 35016122.9225
443 1.8240486000000828 5.396843326082159e-09 230439326.752 20651060.745
444 1.817203500000005 5.392673555833705e-09 175485028.448 1151077.68015625
445 1.7987419999999474 5.4046157432796515e-09 217234945.12 24462207.405
446 1.785238100000015 5.393370162296303e-09 164150131.936 10034297.5375
447 1.799437199999943 5.389510247764222e-09 137032734.308 28838364.1
448 1.7960087000000158 5.395800885062586e-09 180920077.184 16901805.945
449 1.7990303999999924 5.408944033988419e-09 308728657.744 24361531.495
450 1.79534799999999 5.392671091672256e-09 172765646.646 30666544.335
451 1.8030635000000075 5.389091633989376e-09 101334305.488 12230630.02
452 1.79181159999996 5.387141977797663e-09 94557496.234 16907873.7475
453 1.7918310999999676 5.388049890222285e-09 97899053.532 25729397.4325
454 1.7905300999999554 5.386829708889051e-09 85654216.972 4165818.11
455 1.7930380999999898 5.388903793766705e-09 120233910.808 7554741.831875
456 1.7906168000000662 5.387147915180331e-09 65558917.952 24320957.2175
457 1.7902513000000226 5.38829269430397e-09 123661779.448 18322228.1025
458 1.7919784000000618 5.387839628992389e-09 96488273.392 4109250.1059375
459 1.794169800000077 5.386600602538829e-09 68279452.36 2034040.6353125
460 1.790488699999969 5.386447769055197e-09 58881092.128 12224253.89
461 1.788552700000082 5.38909516993309e-09 145737321.968 29238779.67
462 1.7923024000000396 5.387609448653717e-09 77370330.698 4204952.74875
463 1.8195422000000008 5.385719641626631e-09 89053027.352 4183474.15875
464 1.792107900000019 5.38683836867758e-09 90063004.216 7095859.394375
465 1.7914346000000023 5.387308039527514e-09 64965385.268 4832829.694375
466 1.790807500000028 5.384596607201811e-09 79323170.56 3362762.6346875
467 1.7901282999999921 5.385469557108336e-09 46512972.474 9551282.675
468 1.7943928999999343 5.387320794732873e-09 91210401.584 4770880.911875
469 1.7948495000000548 5.388600626600466e-09 101577443.691 10236161.6025
470 1.7924947999999858 5.3861163780786336e-09 77400323.176 5038362.2875
471 1.7919031000000132 5.3874991765385415e-09 70094706.936 14745610.355
472 1.797101800000064 5.387824251909414e-09 90758199.408 14058677.8375
473 1.791109899999924 5.387251541743812e-09 85410594.08 9145785.50875
474 1.7884036000000378 5.3868667796633314e-09 61794673.904 5962704.184375
475 1.7913929000000053 5.390430241576375e-09 100973158.068 26001558.665
476 1.7912145999999893 5.389603316259129e-09 139557216.056 16104894.22125
477 1.7947378000000072 5.3895002923718464e-09 126091993.032 6447760.99375
478 1.7896579000000656 5.3889177753278515e-09 116961182.484 18565670.98625
479 1.7956431999999722 5.386584900879699e-09 61103508.866 8056521.188125
480 1.7872817999999597 5.389337835163048e-09 106271040.064 26932233.35
481 1.7922322000000577 5.392743337435963e-09 179109406.304 3956247.400625
482 1.7912605999999869 5.386504694734697e-09 64033376.56 12222008.78625
483 1.7914769999999862 5.387886762529611e-09 73982471.504 2619818.780625
484 1.7898870999999872 5.3845637501474985e-09 61325183.8 13839753.1925
485 1.7951945000000933 5.387736967295724e-09 90412681.456 16234620.73125
486 1.79085740000005 5.390559029298349e-09 182522868.772 34378704.1625
487 1.793307200000072 5.387455231561866e-09 73482003.942 975187.55953125
488 1.7878574000000071 5.386461892830674e-09 64238891.4275 2511058.5375
489 1.7929318000000194 5.386164673987356e-09 90415690.096 8208225.72625
490 1.792265499999985 5.38773837198501e-09 92936735.376 3912666.94875
491 1.7917738999999528 5.388090587729534e-09 76324870.512 5771050.161875
492 1.7922108000000208 5.384756346761285e-09 72658849.566 10521940.61875
493 1.792326100000082 5.3878140076666485e-09 134905178.048 10118629.54
494 1.7926791999999523 5.386538517281887e-09 58220726.032 5499837.74
495 1.7902552999998989 5.38551045861953e-09 46831447.202 602879.016015625
496 1.7887470000000576 5.386246587548466e-09 71197150.288 7588693.8225
497 1.7926241999999775 5.387003915389134e-09 78078098.542 9799959.23375
498 1.7911642000000256 5.3856485569944456e-09 71303748.05 9981865.52875
499 1.7920262000000093 5.38886254161057e-09 108484875.7455 5141250.75875
0 11030.8623046875
1 12416.7080078125
2 14411.732421875
3 13702.48046875
4 16182.5283203125
5 17724.08203125
6 17250.32421875
7 21077.71875
8 21645.7109375
9 22060.482421875
10 27183.89453125
11 26462.724609375
12 28659.150390625
13 34417.859375
14 32656.822265625
15 37688.26953125
16 42677.93359375
17 40967.3828125
18 49738.703125
19 52164.96875
20 52468.9609375
21 64967.984375
22 63641.73046875
23 68636.9609375
24 82832.890625
25 78540.4765625
26 91224.96875
27 102705.8515625
28 99061.3828125
29 121540.90625
30 125232.7890625
31 128355.6796875
32 158985.484375
33 153042.640625
34 170522.421875
35 200881.59375
36 190758.640625
37 229556.5625
38 246325.84375
39 245253.046875
40 305769.875
41 299888.1875
42 325683.0625
43 392310.90625
44 371418.71875
45 441477.5625
46 483315.90625
47 476019.25
48 594536.5625
49 587475.6875
50 634233.0625
51 768817.125
52 727477.0625
53 866702.0625
54 947443.75
55 936670.0625
56 1172767.625
57 1149607.875
58 1259083.5
59 1509898.0
60 1430465.625
61 1735962.125
62 1852528.0
63 1868939.0
64 2343899.75
65 2255765.75
66 2552974.5
67 2963586.0
68 2841785.0
69 3534039.5
70 3597507.25
71 3794074.25
72 4692291.0
73 4438835.0
74 5282479.0
75 5798709.5
76 5758480.5
77 7222723.5
78 6990309.5
79 7873086.5
80 9137121.0
81 8773182.0
82 11014227.0
83 11140258.0
84 11850623.0
85 14515190.0
86 13772212.0
87 16354447.0
88 17051938.0
89 17596358.0
90 21593718.0
91 20538482.0
92 24110312.0
93 26724584.0
94 26135052.0
95 31135776.0
96 30488176.0
97 33541968.0
98 36288724.0
99 36002740.0