python .\simple_1d.py
549569
0 0.9333667000000005 0.11437618017196655 0.623069495677948 0.42800064086914064
1 0.6095889999999997 0.04976542789489031 0.4199470853805542 0.41912972450256347
2 0.6057876999999987 0.04899393804371357 0.4175299687385559 0.42003933906555174
3 0.6069952999999995 0.0492219402641058 0.41864853048324585 0.42949227333068846
4 0.6261039000000004 0.04903591088950634 0.41821280574798586 0.4191136455535889
5 0.6253752000000006 0.049150198325514795 0.41869750213623047 0.4230451488494873
6 0.6190433000000013 0.049412583857774736 0.4185252294540405 0.41955645084381105
7 0.6204549000000004 0.04912823993712664 0.41859814977645876 0.4210194206237793
8 0.6274505000000001 0.04928983587771654 0.41854200506210326 0.42189195156097414
9 0.6249368999999998 0.04895665194839239 0.4180455436706543 0.4230386734008789
10 0.615955099999999 0.04917709466069937 0.418248384475708 0.4211654233932495
11 0.629290000000001 0.0493238265812397 0.4190129361152649 0.4234822368621826
12 0.6285406999999985 0.04942046649754048 0.4193517498970032 0.4212285375595093
13 0.6238229000000004 0.0490927716717124 0.41806708097457884 0.420029821395874
14 0.624815899999998 0.04976367920637131 0.42104599714279173 0.4196445465087891
15 0.6259648999999996 0.049528491348028184 0.42077838134765627 0.4208625316619873
16 0.6496398000000028 0.049121471159160136 0.4184786949157715 0.4191072130203247
17 0.6121616000000003 0.04923209488391876 0.4177115516662598 0.41870239734649656
18 0.6072810000000004 0.04925439976155758 0.4194805507659912 0.41943357944488524
19 0.6193528999999991 0.04940860591828823 0.4193253264427185 0.42467053413391115
20 0.6295414999999984 0.04985235050320625 0.42337919998168944 0.41983086585998536
21 0.624122100000001 0.04901066169142723 0.41776458740234373 0.4192543363571167
22 0.6164893000000014 0.04916638869792223 0.41888765573501585 0.41973405361175536
23 0.6324159999999992 0.049402327798306944 0.41924578189849854 0.42076366424560546
24 0.6296242999999997 0.049415183737874034 0.41977562046051026 0.41917176723480226
25 0.6306466000000022 0.049007792361080646 0.41785665369033814 0.41902085781097415
26 0.6315014999999988 0.04931384351104498 0.4190925860404968 0.4267915344238281
27 0.6300200999999994 0.04914548587054014 0.41864048624038697 0.4207149410247803
28 0.6195610999999985 0.04900158479809761 0.41814685583114625 0.4187592315673828
29 0.6172176 0.04904289904981852 0.41773506832122803 0.4208940076828003
30 0.6294615999999991 0.04914592545479536 0.4182779355049133 0.42058195114135744
31 0.6313484999999979 0.048996330834925175 0.41748636770248415 0.4189118337631226
32 0.6259154999999978 0.04900108505040407 0.4183954496383667 0.42123702049255374
33 0.6258504999999985 0.04938490010797977 0.4190345778465271 0.43438197135925294
34 0.6249752999999991 0.04918985027819872 0.41872268199920654 0.4196165370941162
35 0.6267839999999971 0.0493496036529541 0.4183277521133423 0.41877792358398436
36 0.6305167000000012 0.048962509483098986 0.4177077269554138 0.4208962821960449
37 0.6273588000000032 0.04901408664882183 0.41771731281280516 0.4188152074813843
38 0.6311546000000021 0.049042888097465036 0.41748388481140136 0.42027112007141115
39 0.6186531999999971 0.048946111910045144 0.4179667344093323 0.41977614402770996
40 0.6168788000000021 0.0491635287925601 0.41818931341171267 0.4211141109466553
41 0.6268900000000031 0.04923295389860868 0.41908974504470825 0.418544807434082
42 0.621178399999998 0.04921206645667553 0.41940856552124023 0.4221085834503174
43 0.617436699999999 0.04926545616239309 0.41869225549697875 0.4191325807571411
44 0.6287762000000043 0.0489936013519764 0.4178290286064148 0.41941864013671876
45 0.6290628999999939 0.0492034937441349 0.419957070350647 0.4207267665863037
46 0.6304365000000018 0.04928112599998712 0.4193836350440979 0.41946197986602785
47 0.6334277999999998 0.04910258673131466 0.41827113199234006 0.4205275535583496
48 0.6304024000000013 0.049244094230234625 0.42006911277771 0.41885923385620116
49 0.627820100000001 0.049070856049656865 0.4183758373260498 0.42400905609130857
50 0.6284033000000022 0.04894989103078842 0.41799851846694946 0.42037100791931153
51 0.630083599999999 0.049047857485711575 0.41757257318496704 0.4189088678359985
52 0.626349900000001 0.04896920215338468 0.4173190207481384 0.41908433914184573
53 0.6270430000000005 0.04898478720337152 0.41760430335998533 0.419522066116333
54 0.6302182000000016 0.04915219888091087 0.4176857786178589 0.4189807081222534
53 0.6270430000000005 0.04898478720337152 0.41760430335998533 0.419522066116333
54 0.6302182000000016 0.04915219888091087 0.4176857786178589 0.4189807081222534
55 0.6302132 0.049026470184326175 0.418099235534668 0.41956047058105467
55 0.6302132 0.049026470184326175 0.418099235534668 0.41956047058105467
56 0.6304063000000042 0.049020829275250435 0.4173924903869629 0.420228443145752
56 0.6304063000000042 0.049020829275250435 0.4173924903869629 0.420228443145752
57 0.6230812000000014 0.048862716108560564 0.41712340116500857 0.4197084903717041
58 0.6284911999999991 0.04891467370092869 0.41733368349075317 0.42447078704833985
59 0.6478195000000042 0.04899232745170593 0.41791190242767334 0.42067623138427734
60 0.6341357999999957 0.04912501033395529 0.41779984283447263 0.420377836227417
61 0.628752899999995 0.04896035872399807 0.41734865522384645 0.4191034984588623
62 0.6267034999999979 0.0491833346709609 0.41825472068786623 0.41899116039276124
63 0.6592665000000011 0.048957885578274726 0.417809700012207 0.4186330509185791
64 0.6417116000000007 0.0489411049708724 0.4171961917877197 0.41901562213897703
65 0.6477087999999966 0.04903908923268318 0.41772596836090087 0.4206674337387085
66 0.651858500000003 0.04907289102673531 0.41746748018264773 0.4186833810806274
67 0.6582062999999962 0.048962114490568635 0.41706601667404175 0.4191256046295166
68 0.6663811999999965 0.04910875182598829 0.4181546726226807 0.42058964729309084
69 0.6449896000000024 0.049186988435685634 0.4185387930870056 0.4194077205657959
70 0.624549800000004 0.0490963826328516 0.41764766359329225 0.4199238967895508
71 0.6331609 0.04888909444212913 0.41699489021301267 0.4221301364898682
72 0.6351022999999998 0.04903835516422987 0.41768745613098146 0.4196512222290039
73 0.6253589000000019 0.04892755351960659 0.4176394295692444 0.4189007568359375
74 0.623184099999996 0.048916582353413104 0.4166394681930542 0.4198520278930664
75 0.6406433000000007 0.04894933398813009 0.4172397313117981 0.4188323450088501
76 0.6264526000000004 0.04889884695410728 0.4172870759963989 0.4187905693054199
77 0.6412313000000012 0.04900910440832376 0.41789524936676026 0.42079413414001465
78 0.6492851000000002 0.048842246271669866 0.41711877250671386 0.42019158363342285
79 0.640689799999997 0.049002564363181594 0.4171996006965637 0.4192630672454834
80 0.6466941999999989 0.04900334443897009 0.41712791919708253 0.4190048694610596
81 0.6654105000000001 0.04896314729005098 0.416944007396698 0.4191626596450806
82 0.6373747000000023 0.04890679314732552 0.4174237504005432 0.41911116123199466
83 0.6456827999999959 0.048941736668348314 0.41775873470306396 0.4186978721618652
84 0.6436835999999957 0.04906455583870411 0.41750589275360106 0.41859328269958496
85 0.6333480999999992 0.0489213228598237 0.4178661584854126 0.4202325534820557
86 0.6320777999999905 0.0488458588719368 0.4175031833648682 0.4195829772949219
87 0.6291399999999925 0.04911034725606442 0.4177079439163208 0.4241874408721924
88 0.6309964999999949 0.04927237644791603 0.41865025854110716 0.41931336879730224
89 0.6335960999999912 0.04886246170848608 0.41740732860565183 0.4191462230682373
90 0.633913299999989 0.049018054418265816 0.4170693888664246 0.41863895416259767
91 0.624330999999998 0.04899131253361702 0.41749736547470095 0.41946184158325195
92 0.6231206000000071 0.04890249226242304 0.4168918442726135 0.41878279685974124
93 0.6261561000000029 0.048979059047997 0.41743452835083006 0.4203428602218628
94 0.617623100000003 0.04894410394132137 0.41755393266677854 0.41896490097045896
95 0.6251454000000081 0.04911244012415409 0.4181302967071533 0.4205148267745972
96 0.6566411000000016 0.049107495732605456 0.4178698291778564 0.4189181995391846
97 0.6490567000000027 0.04902709107846022 0.41816412782669066 0.42045101165771487
98 0.643942899999999 0.04926064815372229 0.4182694444656372 0.42004343032836916
99 0.6350233999999944 0.049104893915355205 0.41764474534988405 0.4197951030731201
100 0.6214238999999964 0.04881323251873255 0.4177853574752808 0.41867745876312257
101 0.6217031999999989 0.04904395293444395 0.4167705612182617 0.4192389678955078
102 0.64991839999999 0.048970559686422346 0.4168538484573364 0.4188479995727539
103 0.6332084000000009 0.04881411515176296 0.41655406379699705 0.4192234945297241
104 0.6304566999999963 0.0488757062330842 0.41703316020965575 0.419335823059082
105 0.6303784000000121 0.04903381161391735 0.4172666130065918 0.4189836311340332
106 0.6374521000000044 0.049042577035725114 0.4181502723693848 0.4204088306427002
107 0.6433724000000041 0.048897687420248984 0.4172385482788086 0.41894701957702635
108 0.6337622000000067 0.04898682180792093 0.4167945523262024 0.4189932346343994
109 0.6254087000000084 0.048854420855641366 0.4168575530052185 0.4186206293106079
110 0.6321353000000016 0.04885117530822754 0.41673313999176026 0.418929328918457
111 0.6231828000000093 0.04880517140030861 0.41675175762176514 0.42007911682128907
112 0.6307239999999865 0.0488991666957736 0.4170333199501038 0.41928279399871826
113 0.633522599999992 0.04880796808749437 0.4170092329978943 0.419019021987915
114 0.6312142000000023 0.04915807854384184 0.4174514980316162 0.4186023950576782
115 0.6297177000000005 0.04891586925834417 0.41693181467056273 0.41906080722808836
116 0.6293436999999926 0.0490869677066803 0.41723186349868774 0.4185231065750122
117 0.629696899999999 0.0488000824674964 0.4171781759262085 0.418815393447876
118 0.6283446999999995 0.04904478069394827 0.41691624641418457 0.4187942123413086
119 0.6316885000000099 0.04893562469631434 0.41679958963394165 0.4195328140258789
120 0.6171058000000045 0.04883111029863357 0.416844096660614 0.4188249206542969
121 0.6240794999999935 0.04890259478241205 0.4171843237876892 0.42490334510803224
122 0.6307563000000016 0.049017111286520955 0.4176227731704712 0.41917059421539304
123 0.6356145000000026 0.049019181206822394 0.4171224303245544 0.41859591484069825
124 0.6353706000000017 0.04888461876660585 0.4169827332496643 0.41903510093688967
125 0.6337786999999935 0.04895787503570318 0.41725003290176393 0.4192137336730957
126 0.6296058999999872 0.048919932097196576 0.41699807929992677 0.4189679431915283
127 0.62896760000001 0.048954268433153626 0.4169073247909546 0.4190898847579956
128 0.619154800000004 0.04885144080966711 0.4167891092300415 0.41886621475219726
129 0.6254698999999988 0.04894926778972149 0.41685886096954344 0.41951722145080567
130 0.6332694999999973 0.04888460226356983 0.41684180879592897 0.4189999008178711
131 0.6299925999999942 0.04890264842659235 0.41667427444458005 0.418866662979126
132 0.6294438999999983 0.048902397602796556 0.4169509029388428 0.41945805549621584
133 0.6498159000000072 0.0488712889328599 0.41710840368270874 0.4192943000793457
134 0.6335576000000032 0.048919720835983754 0.4167608652114868 0.4192413377761841
135 0.8052548000000002 0.04892696395516396 0.41682335662841796 0.4189942407608032
136 0.6844765000000024 0.0489005995541811 0.4170137133598328 0.41943236827850344
137 0.6667699999999996 0.048877612091600894 0.4171994776725769 0.41872808456420896
138 0.6415956999999963 0.048978590071201325 0.41691367435455323 0.4187486267089844
139 0.6300152999999966 0.04895036149770021 0.4168050661087036 0.41983073234558105
140 0.6372932999999961 0.04911187555640936 0.41721573686599733 0.419740891456604
141 0.6441128999999961 0.048969900012016294 0.4175650248527527 0.4194448280334473
142 0.6797461999999967 0.04883293192833662 0.4173266434669495 0.41892186164855955
143 0.6904327000000023 0.048893792107701305 0.4166828446388245 0.4188087844848633
144 0.6378150000000034 0.04893248956650496 0.41718162870407105 0.41901057720184326
145 0.6561202000000037 0.048827655017375945 0.41690515756607055 0.4185364246368408
146 0.6318722000000037 0.048781705610454085 0.4171243920326233 0.41957086086273193
147 0.6377109000000019 0.049052525199949744 0.4173439064025879 0.4186135387420654
148 0.6609116000000057 0.048865783773362634 0.4167656517028809 0.41881641387939456
149 0.653931 0.04896620832383633 0.41669057512283325 0.4193228244781494
150 0.6461793 0.04875489313155413 0.4170278000831604 0.419221363067627
151 0.6330482999999987 0.048868891410529615 0.41670628118515013 0.4188418483734131
152 0.6277051 0.04888383116573095 0.41675580883026125 0.4197967481613159
153 0.6272180999999932 0.04888669844716787 0.4166796002388001 0.4185910129547119
154 0.6424652999999978 0.04878353893756866 0.4165656237602234 0.41951029777526855
155 0.6351760999999954 0.04889916636049747 0.4165792980194092 0.4193322420120239
156 0.6302007999999972 0.048744989968836305 0.4169845962524414 0.418686261177063
157 0.6431365999999912 0.04906386591494084 0.41685038185119627 0.4186241149902344
158 0.6350233999999944 0.04872722432017326 0.41671022510528566 0.41953286170959475
159 0.6191721999999942 0.04887928981333971 0.4166612324714661 0.41969563961029055
160 0.6767164000000037 0.048811003267765045 0.4164975881576538 0.41949971199035646
161 0.6257836999999995 0.04889861274510622 0.41663154363632204 0.41882140159606934
162 0.6315098000000035 0.04892598535865545 0.41675310754776 0.41857624530792237
163 0.6549689999999941 0.04874239474534989 0.4166520357131958 0.41869832038879395
164 0.6441502999999926 0.04894093878567219 0.417038387298584 0.4199960279464722
165 0.6355559 0.048847338296473024 0.4166708006858826 0.4186018419265747
166 0.6261232999999891 0.048863878175616264 0.4166965255737305 0.41948981285095216
167 0.6248027999999977 0.0488988995552063 0.4168729887008667 0.41899715423583983
168 0.6242057000000045 0.04896944012492895 0.4166037812232971 0.4187412929534912
169 0.6280572000000006 0.04881579779088497 0.4166966414451599 0.41853981018066405
170 0.6247133000000105 0.04886748444288969 0.4167124056816101 0.41895734310150146
171 0.6282640000000015 0.04882888335734606 0.41659291410446164 0.41860974311828614
172 0.6320474999999988 0.04888395868241787 0.41690692329406737 0.4187514972686768
173 0.6324767999999921 0.04885730974376202 0.41661461114883425 0.41909860134124755
174 0.6329674999999924 0.04897808078676462 0.4167878947257996 0.4187261962890625
175 0.6318527000000103 0.04876321956515312 0.41657792568206786 0.41881020545959474
176 0.6304400000000072 0.049007180482149124 0.41684882497787473 0.4189422130584717
177 0.6326236000000023 0.04871686115860939 0.4166570725440979 0.4186522912979126
178 0.6302590000000095 0.049000183008611205 0.4167441272735596 0.4195012807846069
179 0.6290367000000003 0.048870043642818925 0.4169774923324585 0.4186022710800171
180 0.6224933000000021 0.048812204729765656 0.4168051152229309 0.4187288188934326
181 0.6286141000000072 0.04889459457248449 0.4165306258201599 0.418792724609375
182 0.6290158999999989 0.0488087597489357 0.41681758213043213 0.41872754573822024
183 0.6266344999999944 0.04885191828012467 0.41667536354064943 0.41967597007751467
184 0.6321960000000075 0.0489035976678133 0.41663440227508547 0.41867011547088623
185 0.6215999000000068 0.0488432614132762 0.416723539352417 0.41966934204101564
186 0.6249653999999936 0.04886776715517044 0.41666078281402585 0.4186334037780762
187 0.6784899000000024 0.04892184365540743 0.4166819815635681 0.4193120050430298
188 0.6317718000000241 0.04874938979744911 0.41664480018615724 0.4193717956542969
189 0.6259343999999771 0.04903851289302111 0.41670644330978396 0.4195014190673828
190 0.6280051999999898 0.048773070871829985 0.416924503326416 0.4187679386138916
191 0.6151418999999976 0.04896167065948248 0.4166052918434143 0.4187235736846924
192 0.6245449000000178 0.048903470523655415 0.41661787128448485 0.4184994697570801
193 0.6250479999999925 0.04869447611272335 0.4165768008232117 0.4195853281021118
194 0.6322514000000012 0.04899145174771547 0.41683795261383055 0.4191214656829834
195 0.6273716000000036 0.04874814376235008 0.41664925003051756 0.4200519752502441
196 0.627408800000012 0.04904409345239401 0.41682254648208616 0.418937087059021
197 0.6297876000000144 0.0488155285269022 0.4168557720184326 0.41904789447784424
198 0.6250492000000065 0.04890647400170565 0.4166655249595642 0.4190676164627075
199 0.6203147999999885 0.048852002546191216 0.4165541801452637 0.41886123657226565
200 0.6195091999999818 0.048896647952497006 0.4165226106643677 0.4185701990127563
201 0.6327840999999808 0.048882031217217445 0.41650828218460084 0.4186540031433105
202 0.626876899999985 0.04882919520139694 0.4165616908073425 0.4187858867645264
203 0.6309405000000083 0.048853963054716586 0.41652281379699707 0.41865150451660155
204 0.6307750999999939 0.04886497102677822 0.41652541732788084 0.4186731767654419
205 0.6310005000000274 0.04870316073298454 0.41658208513259887 0.4187870693206787
206 0.6307705000000112 0.04890075333416462 0.4165238480567932 0.4186155080795288
207 0.6310811000000172 0.04888228833675384 0.4165375714302063 0.418577299118042
208 0.6307865999999933 0.04881007969379425 0.41671864223480226 0.41868128776550295
209 0.6289578000000233 0.04901715036481619 0.41666992807388303 0.41884652137756345
210 0.630344000000008 0.048670517951250075 0.41673631143569945 0.418646068572998
211 0.6334433000000104 0.04877868708223104 0.41645729780197144 0.4189034557342529
212 0.629253800000015 0.04898946195840836 0.41653454494476316 0.4185853385925293
213 0.6314365000000066 0.048674485199153426 0.4165247650146484 0.41907515525817873
214 0.6301435999999967 0.04893467288464308 0.4165891904830933 0.4186983966827393
215 0.6327603999999951 0.04881639067083597 0.41664059734344483 0.4187373208999634
216 0.6324161999999944 0.04879978910088539 0.41657657289505007 0.41945399284362794
217 0.628479700000014 0.048890983723104 0.41638286256790163 0.41869139671325684
218 0.6285525000000121 0.04882662992924452 0.41658216762542727 0.4186784076690674
219 0.6316457000000071 0.048848535045981405 0.4164955315589905 0.4186951732635498
220 0.6239366000000075 0.048803431391716 0.41644701719284055 0.41871726989746094
221 0.6344902000000161 0.048820841386914254 0.4164872980117798 0.41855937004089355
222 0.6276661999999931 0.048939359486103055 0.41666886854171753 0.41894294738769533
223 0.62233599999999 0.04879533234983682 0.41653200912475585 0.41864370346069335
224 0.6315159000000108 0.04877559974789619 0.41665133905410767 0.41872468948364255
225 0.6300284000000147 0.048772290013730527 0.41653167390823365 0.41885914325714113
226 0.6275185000000079 0.04889019217342138 0.4165048098564148 0.4190367221832275
227 0.6190626000000066 0.048825746066868306 0.4164543452262878 0.4187036657333374
228 0.629129000000006 0.04879146847873926 0.4164346261024475 0.4193160152435303
229 0.6311054999999897 0.04890630140900612 0.41654099702835085 0.4185867977142334
230 0.6335230999999908 0.04873980712145567 0.4165633635520935 0.4195520830154419
231 0.6251884000000132 0.048876113332808016 0.4164755902290344 0.4187117624282837
232 0.6237866000000167 0.04887922748923302 0.4165675849914551 0.4186630868911743
233 0.6123586999999873 0.048837035559117795 0.41652101373672484 0.4186580228805542
234 0.6199367000000109 0.048906694985926154 0.41649652099609374 0.4186429595947266
235 0.626177499999983 0.04879818733781576 0.41658778095245363 0.4186191940307617
236 0.6178592999999921 0.048954737707972526 0.4165387873649597 0.41905208587646486
237 0.6304576999999938 0.04871988613158464 0.41677832078933713 0.4188322639465332
238 0.625663000000003 0.048981000445783136 0.41659480905532836 0.4194785499572754
239 0.6243421000000069 0.04888026759028435 0.41638023424148557 0.4186250734329224
240 0.6187397000000203 0.04887151829898358 0.4165818133354187 0.4186372184753418
241 0.6306883000000028 0.04884869508445263 0.416528778553009 0.4186650562286377
242 0.6335021000000154 0.048850776739418504 0.41655022954940796 0.4187570571899414
243 0.6369627999999921 0.04887990478426218 0.4167015037536621 0.41929823875427247
244 0.6291300999999976 0.04881016418337822 0.41659338283538816 0.418802433013916
245 0.6443639999999959 0.048936613276600836 0.41645890998840335 0.41868306636810304
246 0.6282417999999836 0.04875140327960253 0.41652248764038086 0.41886250495910643
247 0.6338584000000083 0.048788839392364024 0.41648235702514647 0.41885994911193847
248 0.6235493000000076 0.04883640430867672 0.41663424015045164 0.41927696704864503
249 0.6239570999999842 0.04883450694382191 0.41660926723480224 0.41917297840118406
250 0.6286442999999906 0.04897902708500624 0.4164719400405884 0.41862380981445313
251 0.6250962999999956 0.04867268294095993 0.41644630241394043 0.4187381649017334
252 0.6255802000000017 0.048873632177710534 0.41652244758605955 0.41878746509552
253 0.6248550999999907 0.04904813379049301 0.41646126508712766 0.4186334466934204
254 0.6296961999999837 0.048706574141979216 0.41652962017059325 0.4186934804916382
255 0.6316770999999903 0.0488611676171422 0.41650441360473633 0.4186521482467651
256 0.6300607000000014 0.04893392730504274 0.41648603630065917 0.41865193367004394
257 0.6301095000000032 0.04867659352719784 0.41647160291671753 0.41871292114257813
258 0.6290732999999875 0.0488184654712677 0.41643567419052124 0.41888611793518066
259 0.6327607000000057 0.04873012628406286 0.416485999584198 0.41866148948669435
260 0.6325377999999944 0.04896433912217617 0.41641734552383425 0.41873130321502683
261 0.628796699999981 0.04881824862211943 0.4165686912536621 0.4187354850769043
262 0.6319671999999912 0.04888731170445681 0.41658227634429934 0.41870559692382814
263 0.6355088999999907 0.04871941223740578 0.41654406404495237 0.4187322092056274
264 0.6254387000000179 0.04892301186919212 0.4164981622695923 0.4186608457565308
265 0.6210461000000009 0.04871321007609367 0.41642016649246216 0.41898978233337403
266 0.6233057000000031 0.049031952619552614 0.4163695421218872 0.4186249876022339
267 0.619235400000008 0.04878891527652741 0.4165159978866577 0.4187727451324463
268 0.6181488000000002 0.048806788325309755 0.4164741559028626 0.41873008251190186
269 0.6290218000000039 0.04884263917803764 0.41646906280517576 0.41871735095977786
270 0.6273709999999824 0.048840949535369875 0.41642420387268064 0.418755521774292
271 0.6268970999999794 0.04878899246454239 0.41649641513824465 0.4188278865814209
272 0.631048700000008 0.04856703490018845 0.41648628139495847 0.4192368507385254
273 0.6295811999999898 0.049201497435569765 0.41667815113067624 0.4186266613006592
274 0.6303339000000108 0.048704562298953535 0.4164812364578247 0.41889257431030275
275 0.6182812000000126 0.048946884088218214 0.41650722980499266 0.4187143325805664
276 0.6300521000000003 0.048847937658429146 0.41643113803863524 0.4186572122573853
277 0.6506837999999959 0.04885104812681675 0.416451256275177 0.4186172819137573
278 0.631875100000002 0.04876364510506392 0.4164409980773926 0.41885196208953857
279 0.6323038000000167 0.048867482133209704 0.41643854665756225 0.41866612434387207
280 0.6309527999999887 0.04882978729903698 0.4164453535079956 0.41868545532226564
281 0.621266300000002 0.048751486316323284 0.41645839834213255 0.41879446029663087
282 0.6232803000000047 0.04887454852461815 0.416449481010437 0.4186594152450562
283 0.6249142000000063 0.04881950717419386 0.4165089359283447 0.418663969039917
284 0.6240133999999955 0.048739329464733604 0.4164626579284668 0.41934211254119874
285 0.621959199999992 0.04890418220311403 0.41656141710281375 0.4188844585418701
286 0.6247083999999745 0.048908917121589186 0.4164265041351318 0.4186138868331909
287 0.6222844000000123 0.04886989861726761 0.4164642081260681 0.41866101741790773
288 0.6311545999999737 0.04871615514159203 0.4165150003433227 0.41862322807312013
289 0.6309918999999979 0.04876205805689096 0.41644475889205934 0.41912289142608644
290 0.6268463000000111 0.04891964852809906 0.41663719320297243 0.41893869400024414
291 0.6295778999999868 0.04880745332688093 0.4165439968109131 0.41866904258728027
292 0.6276794000000052 0.04881353043019772 0.4165473389625549 0.4187421703338623
293 0.629466199999996 0.04897124066948891 0.4164813303947449 0.4186506652832031
294 0.6302419999999813 0.04866942696273327 0.4164639649391174 0.4187561750411987
295 0.622979799999996 0.04884712431579828 0.41642454385757444 0.4187425994873047
296 0.6305998999999929 0.048846970126032827 0.4164233684539795 0.418682336807251
297 0.6327119999999979 0.04884886369109154 0.4164379925727844 0.4188093376159668
298 0.632412099999982 0.04889490254223347 0.41644499349594116 0.41863892555236815
299 0.6304978000000006 0.048686029575765136 0.4164401483535767 0.4189728307723999
300 0.628690000000006 0.04896379433572293 0.4164411511421204 0.4187503528594971
301 0.6294317999999919 0.048819897435605525 0.4163944263458252 0.41876190662384033
302 0.631666800000005 0.04876823984086513 0.41640130853652957 0.41876366615295413
303 0.6307639000000052 0.048820546679198745 0.41640649271011354 0.41878137111663816
304 0.6300546999999881 0.04889223895967007 0.4164084701538086 0.4186828088760376
305 0.6305898999999897 0.048798335790634154 0.4164493365287781 0.4187100315093994
306 0.6302842000000055 0.04883153486996889 0.416465163230896 0.41879777431488036
307 0.615469499999989 0.048675780668854716 0.4164508547782898 0.4188076639175415
308 0.6235866000000101 0.049006119892001154 0.4164670090675354 0.4186792516708374
309 0.6200496000000157 0.04881482925266027 0.41641250944137576 0.418767671585083
310 0.6274665999999911 0.04881155341863632 0.4163962335586548 0.4186981201171875
311 0.6321137999999848 0.048750737719237804 0.4163987078666687 0.41873143196105955
312 0.6244250999999963 0.048863846883177756 0.4164172697067261 0.4186884307861328
313 0.6263072000000136 0.048871143348515035 0.41640879487991334 0.418722128868103
314 0.6118999999999915 0.04873477727174759 0.4164457755088806 0.4187860298156738
315 0.6169035000000065 0.0489357303082943 0.4163960862159729 0.418690447807312
316 0.6153284000000099 0.04869522489607334 0.41643773555755614 0.4187688446044922
317 0.6244354000000101 0.04884488843381405 0.4164159574508667 0.4187803888320923
318 0.6244204999999852 0.04895773932337761 0.41640548610687256 0.41868608951568603
319 0.6267625000000123 0.048708214685320855 0.4164450778961182 0.4187643051147461
320 0.626054900000014 0.04878030192106962 0.41643476581573485 0.41884033203125
321 0.6242381000000137 0.04882314078509808 0.4164138159751892 0.41877361297607424
322 0.6193043000000102 0.048735043555498125 0.4164411988258362 0.41876797676086425
323 0.6166504999999916 0.048792626447975634 0.41647474431991577 0.4187725353240967
324 0.6248069999999757 0.0490801789611578 0.4165104217529297 0.41864388465881347
325 0.6241619999999841 0.04863309383392334 0.41641902256011964 0.41878849029541015
326 0.6248472000000049 0.0489178553968668 0.4164207754135132 0.41877768516540526
327 0.6269331999999963 0.04887184411287308 0.41644661951065065 0.41866431713104246
328 0.6259083000000203 0.04880979936569929 0.4164082908630371 0.41873635292053224
329 0.6271744999999953 0.04877682749181986 0.41640715646743776 0.4186813640594482
330 0.6281002999999998 0.048736741468310356 0.4164396529197693 0.41869566440582273
331 0.6258341999999857 0.04885789167135954 0.41641185140609743 0.41876293659210206
332 0.6250161000000105 0.04889391355216503 0.41639367246627806 0.4187286615371704
333 0.626702899999998 0.04878238972276449 0.4164150848388672 0.4187170505523682
334 0.6238546000000156 0.048914344161748884 0.41641593408584593 0.41866503238677977
335 0.6262583999999833 0.04874952211976051 0.4164337868690491 0.4187403964996338
336 0.6241444999999999 0.04887935165315867 0.4164278154373169 0.418688645362854
337 0.6203953000000126 0.04872503142803907 0.41644327402114867 0.4188387680053711
338 0.6159515000000226 0.048897195234894754 0.4164248857498169 0.4186841011047363
339 0.6265456999999799 0.0487576649710536 0.416408908367157 0.41868489265441894
340 0.6286373000000083 0.04887639209628105 0.416407910823822 0.41874088764190676
341 0.6265295000000037 0.048856924138963226 0.41640779066085815 0.41866196155548097
342 0.6253676000000041 0.04874414786696434 0.41641696548461915 0.4187299203872681
343 0.6159940999999947 0.0488401261344552 0.4164178028106689 0.41868082046508787
344 0.6236153999999772 0.04878739532083273 0.4164144630432129 0.41875223636627196
345 0.6265928999999915 0.048907356522977355 0.41643638467788696 0.41869507312774656
346 0.6163606000000073 0.04878498069941997 0.4164170322418213 0.4186550140380859
347 0.621637800000002 0.04880195863544941 0.4164408278465271 0.4187165307998657
348 0.6248100999999906 0.04888426013290882 0.4164323830604553 0.4186976766586304
349 0.6265726000000029 0.04872113090008497 0.41639872789382937 0.41875362396240234
350 0.6237514000000033 0.04897148802876473 0.4164195890426636 0.4187248420715332
351 0.6263508999999772 0.0487459796667099 0.4164012994766235 0.41871888637542726
352 0.6250435000000039 0.04883747763931751 0.41639076089859006 0.4187014102935791
353 0.6282375999999772 0.04880876708775759 0.41639387607574463 0.418720440864563
354 0.6213049000000126 0.048826181292533875 0.41641361331939697 0.4187426996231079
355 0.6239419999999996 0.0487817919254303 0.41639421033859253 0.41868761539459226
356 0.6256590000000131 0.04888743199408054 0.41643069553375245 0.418704662322998
357 0.6259307999999919 0.04872175682336092 0.4163977994918823 0.4186867332458496
358 0.6239573000000007 0.04882081519812345 0.41638966941833494 0.4187492322921753
359 0.6276935000000208 0.04882273998111487 0.41638424825668335 0.41874692916870115
360 0.6268895999999984 0.04886325251311064 0.41638735485076905 0.4187378692626953
361 0.6263184999999964 0.04879044730216265 0.4163826532363892 0.41870223999023437
362 0.6279630000000225 0.048859202787280086 0.4163924922943115 0.4187509727478027
363 0.6273250999999789 0.04878973487764597 0.4163813962936401 0.4186709403991699
364 0.6269654000000173 0.04883914045989513 0.4163926491737366 0.41874042510986326
365 0.6429708000000005 0.0488000163435936 0.4163886680603027 0.4187034559249878
366 0.65020370000002 0.04881462898105383 0.4164050374031067 0.41875502586364743
367 0.7018497000000252 0.048813752643764016 0.41638720655441286 0.4186891555786133
368 0.7279082999999957 0.04888061296194792 0.4164040851593018 0.41871856689453124
369 0.7316442000000052 0.04876176171004772 0.41639505529403686 0.41868075370788577
370 0.7317740999999955 0.048785790354013446 0.4163914108276367 0.418702564239502
371 0.732696500000003 0.04885306842625141 0.41642089223861695 0.41869558811187746
372 0.7334821999999974 0.04877363331615925 0.41638578701019285 0.41871774673461915
373 0.733000699999991 0.048852511644363404 0.4163908710479736 0.4187121057510376
374 0.7324313000000018 0.04887563835829496 0.4164017400741577 0.4187351417541504
375 0.7576028999999949 0.04876658946275711 0.41638919496536253 0.41869282245635986
376 0.7325723000000153 0.04873006723821163 0.4164000220298767 0.4187152862548828
377 0.7343355999999801 0.04889598462730646 0.4163915033340454 0.4187815761566162
378 0.733752700000025 0.04879212323576212 0.41639233160018924 0.4187302541732788
379 0.7295885000000055 0.04882689118385315 0.4163828454017639 0.4187393856048584
380 0.7332957000000135 0.04884248990565539 0.4163839979171753 0.41872403144836423
381 0.7318260000000123 0.04881077338010073 0.4163805475234985 0.4186994218826294
382 0.7278553999999815 0.04880510993301868 0.41640046644210815 0.4187308692932129
383 0.7334729000000095 0.04878433767706156 0.41640963315963747 0.4187291049957275
384 0.735386300000016 0.04886333324015141 0.41639433240890505 0.41871964931488037
385 0.7323556000000053 0.048684863932430746 0.41641973209381106 0.41871520042419436
386 0.7332433999999921 0.048821868635714055 0.4163956627845764 0.4187857484817505
387 0.7334321999999815 0.04894973509013653 0.4164115743637085 0.4187365770339966
388 0.7340307000000053 0.048819104470312596 0.4163936896324158 0.4187290000915527
389 0.7331206000000066 0.048829549960792064 0.4164018259048462 0.41878092765808106
390 0.7335467999999992 0.048729337118566037 0.4164392457008362 0.4187578630447388
391 0.7329009000000042 0.0488637500628829 0.41638242721557617 0.41873831272125245
392 0.7323095999999509 0.048807662762701515 0.4163864822387695 0.41869274616241453
393 0.7347191999999723 0.04885664738714695 0.41638808965682983 0.41877920150756837
394 0.7336085000000026 0.04883662991225719 0.41638855791091917 0.41869091033935546
395 0.7333076999999548 0.048782293014228345 0.4163826866149902 0.4187218761444092
396 0.731646899999987 0.04887169014662504 0.4163925461769104 0.4187323141098023
397 0.7322598999999741 0.04880660850554705 0.4163964748382568 0.41871328830718996
398 0.7321640999999772 0.048849251717329026 0.4164428281784058 0.4186673927307129
399 0.7337214000000358 0.04884108535945415 0.4164187421798706 0.4186897277832031
400 0.7318169000000125 0.04871239155530929 0.4163905391693115 0.41867963790893553
401 0.7333585000000085 0.048760056123137475 0.41637327098846433 0.41870836734771727
402 0.7299423999999703 0.04882001884281635 0.4163725624084473 0.4187416982650757
403 0.7321850000000154 0.048856820724904534 0.4163770384788513 0.41872968673706057
404 0.7297446000000036 0.048824213035404684 0.4163808960914612 0.41872002601623537
405 0.7320075000000088 0.04879836488515139 0.4163791656494141 0.4187086725234985
406 0.7309895999999867 0.048809300139546395 0.416379020690918 0.41871942520141603
407 0.7319444000000317 0.04881266590207815 0.41637462854385376 0.4187328767776489
408 0.7316059999999993 0.04879976481199264 0.4163825831413269 0.4187209796905518
409 0.7328524999999786 0.04877375967800617 0.416384373664856 0.4187315464019775
410 0.7375045 0.048847188502550126 0.4163780970573425 0.4187631607055664
411 0.7320962000000009 0.048784048333764075 0.41639223957061766 0.41871602058410645
412 0.7351995000000215 0.04887945804744959 0.41638745307922365 0.41875609397888186
413 0.7320574000000306 0.04875927843153477 0.41639726066589355 0.4187052392959595
414 0.7342821999999956 0.04885679367929697 0.4163922996520996 0.41872641563415525
415 0.7318189000000075 0.04883672587573528 0.41637578916549683 0.41874171257019044
416 0.7339116999999646 0.04880213931202888 0.41639349031448364 0.41872152328491213
417 0.7344654999999989 0.04884970236569643 0.41638641262054443 0.4187475681304932
418 0.7331265999999914 0.04880762554705143 0.416385329246521 0.4187250518798828
419 0.731597899999997 0.048845254853367805 0.41638993310928346 0.4187228345870972
420 0.7341940999999679 0.048758877366781236 0.41638866662979124 0.4187150239944458
421 0.7322540000000117 0.048788194619119166 0.41637511396408083 0.4187253665924072
422 0.7298660999999811 0.04880115356296301 0.4163827757835388 0.4187535524368286
423 0.7313625000000457 0.048860951997339724 0.41638166713714597 0.4187390470504761
424 0.7334855000000289 0.0488466053083539 0.4163795461654663 0.41871813297271726
425 0.7320328000000131 0.04877445768564939 0.4163854732513428 0.41872708320617674
426 0.7323688000000175 0.04883722223341465 0.41637850856781006 0.4187265396118164
427 0.7332410999999865 0.04883890565484762 0.4163791089057922 0.4187514114379883
428 0.732227899999998 0.048842222020030024 0.4163818407058716 0.4187144660949707
429 0.7300893000000315 0.0488179986551404 0.41638421964645383 0.4187161874771118
430 0.730495899999994 0.048775716535747055 0.4163779511451721 0.41870339393615724
431 0.7303770000000327 0.048811885640025136 0.41637645864486694 0.41871925830841067
432 0.7308825999999726 0.04883227728307247 0.4163838901519775 0.41873605728149416
433 0.7337552999999843 0.04882782228291035 0.41638037872314454 0.418697714805603
434 0.7267602999999667 0.048765068873763084 0.4163821153640747 0.41872344017028806
435 0.733418400000005 0.04879920035600662 0.4163766884803772 0.41871377468109133
436 0.7309953000000178 0.04881819684058428 0.41637488317489624 0.41873902320861817
437 0.7314776999999708 0.04882965344935655 0.41637740421295166 0.4187430763244629
438 0.731020199999989 0.04876996818929911 0.4163899850845337 0.41871578216552735
439 0.732663500000001 0.048855749033391474 0.4163912124633789 0.41872524738311767
440 0.728601900000001 0.04880925703793764 0.416382884979248 0.4187053728103638
441 0.7284717 0.048764232248067856 0.4163849983215332 0.41874226570129397
442 0.7328150000000164 0.048814876973629 0.4163824634552002 0.4187296676635742
443 0.733585000000005 0.04886690177023411 0.4163819465637207 0.4187689447402954
444 0.731819900000005 0.04881183456629515 0.416377140045166 0.4187120723724365
445 0.735964899999999 0.04879402101039886 0.41638467168807985 0.4187195110321045
446 0.728945699999997 0.04886780235916376 0.4163891463279724 0.41873916625976565
447 0.7319534999999746 0.048852486982941624 0.4163810691833496 0.4187247085571289
448 0.73048110000002 0.04878761291503906 0.41638275480270387 0.41871323585510256
449 0.7279626999999778 0.04876996614038944 0.41637789821624754 0.41871262073516846
450 0.7335054000000127 0.04880475338548422 0.4163752884864807 0.4187333631515503
451 0.7323101000000065 0.04880406435579061 0.41637827587127685 0.4187314224243164
452 0.7310800999999856 0.04881587900221348 0.41637521028518676 0.4187263870239258
453 0.7326999999999657 0.048808098584413526 0.4163720622062683 0.41871962070465085
454 0.7318590000000427 0.048801084570586684 0.41637144565582274 0.41872343063354495
455 0.7318864999999732 0.048810366354882714 0.41637525367736816 0.41873533725738527
456 0.7325482000000534 0.04880578212440014 0.4163745102882385 0.4187279224395752
457 0.73480619999998 0.04881330672651529 0.416373083114624 0.4187281513214111
458 0.7331798999999819 0.04881687067449093 0.4163714118003845 0.4187280607223511
459 0.7330868999999893 0.048803567588329315 0.4163760485649109 0.418728141784668
460 0.7317853000000127 0.048809752240777014 0.41637583875656126 0.41871962070465085
461 0.7357870000000162 0.04881463818252087 0.4163754286766052 0.4187450695037842
462 0.7328228000000081 0.0488209605589509 0.41637745094299317 0.41873247146606446
463 0.7329391000000101 0.048815922364592555 0.41637524127960207 0.4187375688552856
464 0.7294554999999718 0.04884367398917675 0.4163798756599426 0.4187496852874756
465 0.731954299999984 0.04882785595953464 0.4163710236549377 0.4187245798110962
466 0.7309848999999531 0.048825761266052724 0.4163719940185547 0.4187342643737793
467 0.7334194000000025 0.048819469101727006 0.41637425184249877 0.4187282466888428
468 0.7303931999999804 0.04880774904042482 0.4163757581710815 0.4187251424789429
469 0.7339292999999998 0.048807842247188093 0.41637449979782104 0.4187164402008057
470 0.7310833999999886 0.048805767595767977 0.41637186527252196 0.41873414516448976
471 0.7335150999999769 0.04883983369916677 0.416378737449646 0.41872506141662597
472 0.7349209000000201 0.04880410097539425 0.4163709239959717 0.4187215995788574
473 0.7329968999999892 0.04883818354457617 0.41637899589538574 0.4187303161621094
474 0.7318571000000134 0.04878911688923836 0.4163765125274658 0.4187151050567627
475 0.736923499999989 0.04881833489984274 0.41637726974487305 0.4187313461303711
476 0.7320470999999884 0.04883154731243849 0.4163742723464966 0.4187334632873535
477 0.7328061000000048 0.04880460634827614 0.41637034702301023 0.4187168264389038
478 0.728959599999996 0.048793229311704635 0.4163726181983948 0.4187254190444946
479 0.7326982999999814 0.04881741493940353 0.41637158155441284 0.4187333297729492
480 0.7333315999999854 0.048835918754339215 0.4163758373260498 0.4187361431121826
481 0.7250440000000253 0.04881846375763416 0.4163690686225891 0.418714599609375
482 0.7275781000000165 0.04880502384155989 0.4163802123069763 0.4187077713012695
483 0.7285408999999845 0.04880367461591959 0.41637314319610597 0.4187245225906372
484 0.7352415999999948 0.04882431786507368 0.4163725047111511 0.4187274837493897
485 0.733790899999974 0.048826614618301394 0.4163730835914612 0.41872530937194824
486 0.7320752999999627 0.048812063485383986 0.41637299966812136 0.4187250375747681
487 0.733076600000004 0.04880738090723753 0.41637262392044067 0.4187156295776367
488 0.7331990000000133 0.04881603579968214 0.41637258243560793 0.418725848197937
489 0.7344112999999766 0.048833336792886255 0.4163837170600891 0.4187445640563965
490 0.7337545999999975 0.048799652121961114 0.41637410593032836 0.41871357917785645
491 0.7340517000000091 0.04880268007516861 0.4163709144592285 0.41872629165649417
492 0.7325582999999938 0.048811166919767855 0.4163762516975403 0.4187393569946289
493 0.7315867000000367 0.04878643896430731 0.41638525915145874 0.4187216472625732
494 0.7347514999999589 0.04880260929465294 0.41637215137481687 0.4187287425994873
495 0.7344425000000001 0.04882442828267813 0.41637167167663575 0.4187258052825928
496 0.7316299999999956 0.048802569396793845 0.41637325477600096 0.41872176170349124
497 0.7319560999999908 0.04883659314364195 0.416373806476593 0.4187332773208618
498 0.7307165999999938 0.04885035160928965 0.41637931537628176 0.4187386751174927
499 0.73184150000003 0.048826453685760496 0.4163762335777283 0.4187296772003174
0 0.3683127760887146
1 0.5527116656303406
2 0.37235772609710693
3 0.4749565124511719
4 0.3631150424480438
5 0.3691309988498688
6 0.36541587114334106
7 0.47073468565940857
8 0.3202655017375946
9 0.3958727717399597
10 0.47753334045410156
11 0.4424076974391937
12 0.38748225569725037
13 0.46735677123069763
14 0.3696746826171875
15 0.44294965267181396
16 0.3192310929298401
17 0.3623223602771759
18 0.4219343960285187
19 0.4632050096988678
20 0.3864404857158661
21 0.45862388610839844
22 0.5408627986907959
23 0.5555474162101746
24 0.3589229881763458
25 0.4842034578323364
26 0.28618940711021423
27 0.2894768714904785
28 0.488503098487854
29 0.3905547857284546
30 0.46694228053092957
31 0.4037882387638092
32 0.3837206959724426
33 0.46897852420806885
34 0.48525869846343994
35 0.33329153060913086
36 0.437409907579422
37 0.4478301405906677
38 0.3098665475845337
39 0.4262191355228424
40 0.38997986912727356
41 0.49244579672813416
42 0.4016697406768799
43 0.4864494204521179
44 0.24539679288864136
45 0.37057486176490784
46 0.3722468912601471
47 0.32300421595573425
48 0.5434657335281372
49 0.47577062249183655
50 0.2869141101837158
51 0.24057796597480774
52 0.4535940885543823
53 0.297107994556427
54 0.313880980014801
55 0.4901110827922821
56 0.36604997515678406
57 0.4516223073005676
58 0.5839636325836182
59 0.3412843942642212
60 0.33722594380378723
61 0.2896549105644226
62 0.34703749418258667
63 0.47910937666893005
64 0.46888673305511475
65 0.5080024003982544
66 0.39771416783332825
67 0.5307319760322571
68 0.44323229789733887
69 0.5152067542076111
70 0.4833385944366455
71 0.2211330682039261
72 0.4302912950515747
73 0.31689453125
74 0.30451804399490356
75 0.4223829507827759
76 0.48660627007484436
77 0.39172276854515076
78 0.5271024703979492
79 0.40329089760780334
80 0.4713558256626129
81 0.31558874249458313
82 0.4610579311847687
83 0.41619595885276794
84 0.4067104458808899
85 0.49095281958580017
86 0.40635737776756287
87 0.3754881024360657
88 0.44617486000061035
89 0.42825639247894287
90 0.5174537897109985
91 0.4991013705730438
92 0.43263527750968933
93 0.469608336687088
94 0.5175826549530029
95 0.3874848783016205
96 0.6196677684783936
97 0.4146482050418854
98 0.36251726746559143
99 0.5943357348442078
98 0.36251726746559143
99 0.5943357348442078