0 2.982160500000001 0.056573622929863635 0.3339457428455353 0.0604584264755249
1 1.2903697000000012 0.0011101408954709768 0.04658013319969177 0.041658676266670226
2 1.2898309999999995 0.00060145035473397 0.035641765832901004 0.04285019040107727
3 1.2695924999999981 0.0004997815452225041 0.03514465117454529 0.023697473406791687
4 1.2976419999999997 0.0002501270089123864 0.02208899214863777 0.028787890672683714
5 1.3099498000000018 0.0002551376110932324 0.024493574380874635 0.026822409927845
6 1.3002092999999988 0.0002759558013349306 0.028449588358402254 0.02305699735879898
7 1.2898322000000029 0.0002087178989313543 0.024199622556567192 0.040358595848083496
8 1.2796155999999996 0.000172795742037124 0.022242423430085183 0.02852602005004883
9 1.2835152 0.00022755155361664948 0.027428375869989394 0.02663125276565552
10 1.2979705999999993 0.00018206959230155918 0.023547284722328185 0.02001908242702484
11 1.326249299999997 8.946411189754144e-05 0.013744936004281044 0.012712991684675217
12 1.2967826000000002 0.000162837566822418 0.023414318025112152 0.011295162290334702
13 1.3030829999999973 0.0001574749445899215 0.02109495410323143 0.026682204604148864
14 1.3071886000000035 0.00013890812788304175 0.020474984288215637 0.033904264569282534
15 1.3056071999999972 0.00015787357828230596 0.02367163309454918 0.02299525439739227
16 1.3085711000000018 0.00013030679401708766 0.020814463153481483 0.029880493879318237
17 1.2875587999999993 0.00012504276735853637 0.019610219404101372 0.019378068447113036
18 1.2803173 0.00012794286078133155 0.02109258995950222 0.020913362801074982
19 1.2825254000000044 0.00013837461003276985 0.02212247633934021 0.020270627439022065
20 1.2774850999999998 0.00011538691469468177 0.019464381158351897 0.01563724607229233
21 1.2661744999999982 7.76439212859259e-05 0.015551076516509056 0.015338947474956512
22 1.2872250999999935 0.00012507785300840623 0.020699797198176384 0.019858997762203217
23 1.285958700000002 0.00012423743624822236 0.020577923282980918 0.014829670190811156
24 1.2834752999999992 7.432483052980388e-05 0.01499361053109169 0.014468975365161896
25 1.2817247000000052 0.0001125730793501134 0.019434414491057397 0.01665778785943985
26 1.3055137000000059 7.005430412391433e-05 0.014004193156957626 0.015894042253494264
27 1.2818444999999983 0.0001725594696472399 0.02372924369573593 0.022638705372810364
28 1.2930905999999993 9.611263372789836e-05 0.017656401023268698 0.010823369920253754
29 1.302835800000004 0.00010784131663967855 0.01957640406489372 0.015707381069660187
30 1.3007569999999973 0.00011785831928136759 0.019799809113144873 0.01263604149222374
31 1.296669300000005 0.0001032058738928754 0.019358138605952264 0.027957937717437743
32 1.288619599999997 0.00010000662741731503 0.01799943846464157 0.024425867795944214
33 1.269086999999999 0.00010929257041425444 0.01975654463469982 0.01797762393951416
34 1.2696083000000016 0.0001028094671528379 0.019082326665520667 0.02413472443819046
35 1.2692149000000015 0.00011870198610267834 0.019898478329181672 0.02837902545928955
36 1.2722097999999988 6.965853568544844e-05 0.015058852314949035 0.007495947778224945
37 1.2721684999999994 7.482853425244684e-05 0.016124923184514046 0.02210964769124985
38 1.2739351999999968 6.97824574126571e-05 0.015464843437075614 0.011469177305698394
39 1.2747626000000025 0.00010227374479654828 0.018633566170930864 0.022285825610160827
40 1.2732395000000025 6.744056894604e-05 0.01493679355084896 0.01772820770740509
41 1.2749418000000077 5.0125606285291725e-05 0.013329141601920128 0.01930501788854599
42 1.292911900000007 4.901550928479992e-05 0.012858042910695077 0.010458450615406036
43 1.3198469000000017 5.672807523296797e-05 0.013591744534671307 0.02013326048851013
44 1.2977625000000046 9.65396178435185e-05 0.018820982977747917 0.0170403990149498
45 1.2816111000000063 7.609185711771716e-05 0.01544375567138195 0.018225830495357514
46 1.2868773999999945 8.280864625703543e-05 0.0168030466735363 0.011937993764877319
47 1.2842112999999955 6.334356105071493e-05 0.014311096489429473 0.03018779754638672
48 1.2811604999999986 9.56604224484181e-05 0.018897105902433396 0.020029082596302032
49 1.2819286000000005 8.18421651274548e-05 0.01723946811258793 0.01366465538740158
50 1.2873275999999976 3.4770146789924184e-05 0.010351235620677472 0.007401541471481323
51 1.2865275999999994 1.8604002380016028e-05 0.007048647679388523 0.008916085064411163
52 1.2865290000000016 2.0897223489555472e-05 0.007393143802881241 0.008202549070119858
53 1.2774361999999968 2.688416988348763e-05 0.009583648160099984 0.010505854338407516
54 1.2823898999999983 2.5599533541935672e-05 0.009001753650605678 0.005719826519489288
55 1.2867753999999962 1.6244228809227935e-05 0.00672055634111166 0.009242890626192093
56 1.2844999000000001 1.5648038606741464e-05 0.006595585346221924 0.005763333365321159
57 1.2817928999999992 1.137549439590657e-05 0.005523463934659958 0.0038551057130098345
58 1.2781635999999992 1.0729817181527324e-05 0.0050600596368312835 0.005810674279928207
59 1.280091100000007 1.11463739131068e-05 0.005513061329722404 0.0038969513773918153
60 1.2836005000000057 1.2311874861552497e-05 0.00579603972285986 0.0041526718437671665
61 1.2877881000000002 2.6221659331895354e-05 0.009068365953862668 0.00854964330792427
62 1.2792088000000064 1.3669781069438613e-05 0.0064518991634249685 0.013556694388389587
63 1.2873663999999962 3.538588534865994e-05 0.010753016270697116 0.006401409581303597
64 1.2820684 2.424428511858423e-05 0.008969850271940232 0.005021384730935097
65 1.2837248999999957 1.028098128244892e-05 0.005617131531238556 0.004473052173852921
66 1.284154000000001 1.0598359581308615e-05 0.005463388286530971 0.006122828498482704
67 1.28025319999999 2.2109412675490603e-05 0.00867488507181406 0.004925195425748825
68 1.2842119999999966 1.4205253869477019e-05 0.006600859150290489 0.004421303272247315
69 1.2812138999999974 1.0964341722683457e-05 0.005833269283175469 0.006240421980619431
70 1.282223000000002 1.9082012927356117e-05 0.007766775980591774 0.007387306839227677
71 1.2850499999999982 2.2814277690486052e-05 0.008845070637762546 0.007783040553331375
72 1.2827291999999915 2.316073590918677e-05 0.008572706125676632 0.0068670611083507535
73 1.2827874999999977 1.1289641165603825e-05 0.0059369861707091335 0.0050878898799419404
74 1.2861883000000063 2.2693176160828442e-05 0.00890907395631075 0.007847861796617507
75 1.2841351999999944 2.5712895185279193e-05 0.009791015937924386 0.010269794911146164
76 1.2826266999999945 2.5927300775947515e-05 0.00977338381111622 0.008186232894659043
77 1.282634200000004 2.531410177653015e-05 0.009783687479794025 0.00873100534081459
78 1.2830799000000042 1.6682009472788196e-05 0.007006620347499847 0.005675695911049843
79 1.2888816999999904 1.1123040021630004e-05 0.005673685677349567 0.006261005774140358
80 1.2798117999999903 2.5299562357758985e-05 0.009481544606387615 0.006862164065241813
81 1.277810500000001 2.1254042007967654e-05 0.008277324110269546 0.007021701037883759
82 1.2806163999999995 2.204499676281557e-05 0.007889673709869385 0.0048434511572122575
83 1.282670699999997 1.300416387948644e-05 0.006522858574986458 0.010104446262121201
84 1.2882900999999976 1.9439928555584628e-05 0.008009852461516857 0.008065118491649627
85 1.2809058999999934 1.4013685463396542e-05 0.006920851096510887 0.009714011400938034
86 1.2869038999999987 5.8264501521989584e-05 0.014212998226284981 0.011793086379766464
87 1.2830621000000093 2.203876453677367e-05 0.008219671323895455 0.00552576944231987
88 1.2867710000000017 1.1829288694116257e-05 0.00592705724388361 0.005044406726956368
89 1.2853623000000027 1.0354625237596337e-05 0.0056825121343135835 0.003835981711745262
90 1.2833075000000065 1.778054083843017e-05 0.007977810099720956 0.00993289276957512
91 1.283591400000006 2.5767640395315538e-05 0.009736954949796199 0.008279247581958771
92 1.287844299999989 2.313600541128835e-05 0.009479938484728336 0.009117927849292756
93 1.2794957000000124 2.2320496645988898e-05 0.009037798672914505 0.009039800316095352
94 1.283058699999998 2.6028593429145984e-05 0.009565520666539668 0.004544071704149246
95 1.28840790000001 2.275447659485508e-05 0.008703826203942298 0.010519425123929978
96 1.283598100000006 2.3375903838314114e-05 0.009209458023309707 0.00574012964963913
97 1.282581300000004 1.4812920830991061e-05 0.0067809088379144665 0.0058723905682563785
98 1.2831647000000146 2.037546482824837e-05 0.008150413930416107 0.008345737010240556
99 1.287601799999976 2.2975100200710586e-05 0.009084477171301841 0.012900896668434143
100 1.2828316000000086 9.834759403020144e-06 0.004973485823720694 0.004505095183849335
101 1.280340200000012 4.331870729856746e-06 0.003146540950983763 0.005765298679471016
102 1.281827700000008 6.658099616743129e-06 0.004510159011930227 0.003389182984828949
103 1.2839807000000008 4.623857500973827e-06 0.00337489815428853 0.004748766720294953
104 1.2797451000000137 6.660765550350334e-06 0.004497242506593466 0.0034024129435420037
105 1.2902547999999854 6.036137606315606e-06 0.004008792702108622 0.0031676367670297623
106 1.2797079999999994 7.189982989075361e-06 0.004635579947382212 0.0066183643043041225
107 1.2865481000000045 6.267890462368087e-06 0.004271784033626318 0.005494560077786446
108 1.2825556000000233 6.2012834086999645e-06 0.004195086721330881 0.003431570678949356
109 1.281613099999987 5.2799741195030945e-06 0.0038422282785177233 0.004410906583070755
110 1.2825307999999893 5.292020698561828e-06 0.003921967826783657 0.005929630324244499
111 1.2826617999999996 5.441389474754033e-06 0.003822702918201685 0.004272030666470528
112 1.2833495000000141 6.246894373589384e-06 0.004408782865852117 0.004744964092969895
113 1.288031200000006 5.5395458525708815e-06 0.003971852418035268 0.004720557332038879
114 1.2827369000000033 5.7639934550479665e-06 0.004282650642096996 0.005883679464459419
115 1.285630700000013 6.426033933166764e-06 0.0044534305296838285 0.004483618959784508
116 1.2836430999999777 5.917719074659544e-06 0.004185018919408322 0.0037536851316690447
117 1.2843667999999866 5.801705883641262e-06 0.003829140301793814 0.005199691951274872
118 1.2818491000000165 5.581124422633366e-06 0.003969468895345926 0.0032998398318886757
119 1.278046699999976 6.331575289095781e-06 0.004278901327401399 0.004821127280592918
120 1.2800312999999903 4.737756007671124e-06 0.0033347444012761115 0.0024461309611797334
121 1.2808272000000045 3.8079737225871213e-06 0.0029083109237253665 0.002248821184039116
122 1.282180199999999 6.864247088742559e-06 0.004485581338405609 0.006092662215232849
123 1.2861417999999958 7.288533939799891e-06 0.004720933146774769 0.005882347896695137
124 1.2832270999999764 6.436313825588514e-06 0.004454014841467142 0.006805882602930069
125 1.2848623999999802 7.014374750724528e-06 0.004682908244431019 0.0025708233565092087
126 1.281132299999996 5.832862673287309e-06 0.0041490142494440075 0.0025184965506196023
127 1.2799607999999978 3.8550502790712925e-06 0.0030201199762523176 0.00390626922249794
128 1.2839956999999913 6.097351547396101e-06 0.004437535416334868 0.00263861533254385
129 1.2849072000000206 5.850207285220676e-06 0.004315457757562399 0.0026285157725214957
130 1.2858875000000012 5.99640502400689e-06 0.004384838324040174 0.003479601740837097
131 1.293407000000002 6.08927901566858e-06 0.004425670634955168 0.004725102484226227
132 1.2881048000000135 6.2011537079342815e-06 0.004571526449173689 0.004943058788776398
133 1.2857464999999877 6.687032312129304e-06 0.0046355979554355145 0.006406247392296791
134 1.281614300000001 5.724861459839303e-06 0.004407670080661774 0.004087931513786316
135 1.280812300000008 6.106073486762398e-06 0.00449351243302226 0.006140031442046165
136 1.2853048999999999 6.1217510733513334e-06 0.004610422320663929 0.004265736117959023
137 1.287268800000021 3.893924582030195e-06 0.003421395521610975 0.0027275508642196655
138 1.281230800000003 6.7362800655246245e-06 0.004565181221812964 0.0031527064740657805
139 1.285714299999995 5.0912198878449995e-06 0.003926715042442084 0.0031540469452738763
140 1.2813423000000057 6.593160289867228e-06 0.004624775908887387 0.003230932205915451
141 1.2821363999999846 6.403628451607801e-06 0.004297723211348057 0.005295161753892898
142 1.2882100000000207 5.2638749502875724e-06 0.004143531188368797 0.003263188526034355
143 1.2866125999999838 3.5300642400670767e-06 0.0030921907499432562 0.005551276654005051
144 1.2833760999999981 5.402314220646076e-06 0.004081850320100784 0.005003455355763436
145 1.284109199999989 4.468285077336986e-06 0.0036237333193421366 0.0048081005364656445
146 1.2859302999999898 6.225744227776886e-06 0.004323791120201349 0.00364361010491848
147 1.2877659000000108 6.38215012031651e-06 0.004473176255822182 0.005665257945656777
148 1.2811101000000065 6.026318615113268e-06 0.004512586481869221 0.004960292801260948
149 1.2819233000000168 4.752327232608877e-06 0.003771833509206772 0.0032934046536684035
150 1.2815642999999852 2.0161582739319785e-06 0.0021880478598177433 0.0023327029123902322
151 1.2793317999999942 2.1015989403849742e-06 0.0021738830897957088 0.001821839939802885
152 1.2879602000000148 1.4555782294678466e-06 0.0015559851489961147 0.002683492302894592
153 1.280205499999994 2.593097080421103e-06 0.002329843932762742 0.0014656195230782032
154 1.2841371000000095 1.469939222999983e-06 0.0014398269560188055 0.0014168867096304894
155 1.2829408999999998 1.4582490643988422e-06 0.001539230577647686 0.002070659399032593
156 1.2826252000000125 2.2864474260586576e-06 0.002408589404076338 0.0033315637335181235
157 1.2830438000000015 2.2146916191445597e-06 0.002279287029057741 0.0021149130538105966
158 1.283032999999989 1.5455043813972224e-06 0.001734743293374777 0.0018206406757235527
159 1.2861752999999965 1.5839859173638615e-06 0.001593455882743001 0.002523902580142021
160 1.2821432000000073 2.103029614204388e-06 0.002362089777365327 0.002813071832060814
161 1.3324843000000044 2.356415859594563e-06 0.002444504424929619 0.0028341882675886154
162 1.4306608999999924 2.186506093266871e-06 0.002423766605556011 0.0022220784425735474
163 1.4336960999999917 2.2644205824917664e-06 0.0022566699683666228 0.001530989557504654
164 1.4268189999999947 1.2085482143220361e-06 0.0014793087989091872 0.0018314273469150065
165 1.4312598000000207 1.8008371958444513e-06 0.0019414316900074483 0.001805294156074524
166 1.4311719999999752 2.2277934380099397e-06 0.0023961049634963275 0.002252693772315979
167 1.427500899999984 1.8761708139436451e-06 0.0020720654763281346 0.0016259024664759636
168 1.429255999999981 1.7425700616513495e-06 0.0017700183596462012 0.0019043930247426032
169 1.4259605000000022 2.1990152526996097e-06 0.0024403475597500803 0.0024691660702228545
170 1.4249772999999948 2.0875781353879573e-06 0.002400119388476014 0.0021359061822295187
171 1.4248305999999786 2.133693836867678e-06 0.002382896423339844 0.0019319113343954086
172 1.4261983999999757 2.0026551339924483e-06 0.002232034372165799 0.0014024421572685242
173 1.4257914000000085 1.2543657862806868e-06 0.0014364368505775929 0.0016161630675196647
174 1.4267375000000015 1.2741588915332613e-06 0.0015125391501933337 0.001501801572740078
175 1.4276454000000172 1.982378405784857e-06 0.00216816951520741 0.0039375008642673496
176 1.426802600000002 2.444004088602014e-06 0.002427258847281337 0.0022091053426265715
177 1.4286941000000013 1.8299348215577992e-06 0.0020856891870498656 0.0030048202350735666
178 1.4268940999999984 1.4566758858336471e-06 0.0017921858672052622 0.0012831800058484078
179 1.4244150000000104 1.5167562361284581e-06 0.0018211703430861235 0.0025960903242230413
180 1.431780300000014 2.066357369585603e-06 0.002451507482677698 0.0025987614691257476
181 1.4245851000000016 1.687205733560404e-06 0.0019708035625517367 0.0014017241448163987
182 1.4283498000000066 2.5704913815616237e-06 0.0026297118999063967 0.0023243149369955064
183 1.4279042000000004 1.7895560478109473e-06 0.002086217392235994 0.0013324150815606118
184 1.42505460000001 1.8512426186134689e-06 0.0021724456772208214 0.0025661586225032805
185 1.426185299999986 2.1551240934059024e-06 0.0025227006524801256 0.0026022979989647867
186 1.4285014999999817 1.6423308832713701e-06 0.0019087808318436145 0.001629220899194479
187 1.4289359999999647 1.623846364111614e-06 0.002065284291282296 0.003701142966747284
188 1.42571700000002 2.2754594334628563e-06 0.0024527803845703603 0.0028867286443710325
189 1.4218415000000277 2.0784923128758238e-06 0.002375649334862828 0.0029463208839297294
190 1.4266314000000193 1.5600947298821665e-06 0.0018581036422401667 0.001416257470846176
191 1.4229387999999972 1.841849139623264e-06 0.0021991797983646395 0.0029194577783346175
192 1.428564300000005 2.356338109166245e-06 0.002494372537359595 0.0016068622283637523
193 1.4278987000000143 1.5985712781230176e-06 0.0019739241637289524 0.0028250492736697197
194 1.4260143000000198 2.045010326128249e-06 0.0023825780749320985 0.002839687317609787
195 1.4218843000000447 1.6394924949736377e-06 0.0019897051621228456 0.002919971197843552
196 1.4238530000000083 1.7599278402258277e-06 0.002127779358997941 0.0015102083794772624
197 1.4243440999999848 1.2762983172365239e-06 0.001689019624143839 0.0018338366597890855
198 1.4307658000000174 1.4675991650392462e-06 0.0018192243352532387 0.001570686772465706
199 1.4250401000000466 1.6121551180958704e-06 0.0019708750378340484 0.0015090754069387912
200 1.4264079999999808 7.57841980032481e-07 0.001005580467171967 0.0010932139866054059
201 1.428524799999991 8.119974140186059e-07 0.000983102417550981 0.0011166594084352254
202 1.4275173999999993 8.183099203051824e-07 0.0009853724716231227 0.0011538741178810596
203 1.4244190000000003 8.686499143095716e-07 0.0011001715753227472 0.0015048739872872828
204 1.4247188999999594 8.475706852095754e-07 0.0011247691195458173 0.0017942053079605103
205 1.4251160999999684 9.774903065817852e-07 0.0013239755313843489 0.001077318713068962
206 1.4284217999999669 9.388167848101147e-07 0.0012567915562540293 0.0012435426749289036
207 1.4279200000000287 9.342730547245992e-07 0.0012750859819352627 0.001198606863617897
208 1.425595899999962 1.0307644282647743e-06 0.0013896139543503523 0.0018631341308355332
209 1.4236054000000422 8.557145494592078e-07 0.0011050539771094918 0.0010433193389326335
210 1.4245569000000273 8.831875912562737e-07 0.0011890880716964602 0.0014651858806610108
211 1.4252634000000057 7.679304574992329e-07 0.0009797432171180845 0.0012437363900244236
212 1.4203595000000178 8.569213946429954e-07 0.0011146631985902787 0.0016396402940154077
213 1.4159434000000033 9.464631079936225e-07 0.0012209426537156105 0.0013543275184929372
214 1.4257800000000316 9.885710750268117e-07 0.0012611274737864733 0.0015248383954167366
215 1.4233557999999675 9.412968194055793e-07 0.00128509574662894 0.001286294348537922
216 1.424771899999996 8.909591230121805e-07 0.001265706649981439 0.0017222723737359046
217 1.4232890999999768 9.684646593655088e-07 0.0011990269422531127 0.001333539355546236
218 1.425717899999995 8.881750576961167e-07 0.001197272891178727 0.0010990787111222744
219 1.4405826000000275 9.067812567309375e-07 0.0011289790654554963 0.0018500098213553428
220 1.4598742999999672 1.0656281230581044e-06 0.0013827499020844698 0.0014036264829337597
221 1.4199553000000265 9.468280823909936e-07 0.0013262956738471984 0.0011521488241851329
222 1.4139093000000003 8.679572303549321e-07 0.0011139227161183953 0.0017496708780527115
223 1.4154714000000013 8.305856889023744e-07 0.0010493563767522574 0.0009589197486639023
224 1.4141101000000162 8.725323841929367e-07 0.0012251172475516796 0.0011407967284321784
225 1.4184121000000118 9.507308891443244e-07 0.0013393564373254776 0.0012885616347193718
226 1.4322154000000182 8.1831843964153e-07 0.0010722186472266913 0.0013361652940511704
227 1.413339800000017 9.67463411711833e-07 0.0013789711482822895 0.0015826992504298686
228 1.4154873999999609 8.422156851395358e-07 0.0011427790811285377 0.0010532933287322522
229 1.4175008000000275 8.318890333214313e-07 0.001088281074538827 0.0009463583584874869
230 1.4163026999999602 7.819906923600683e-07 0.0010278321458026766 0.0013076541386544704
231 1.4132420000000252 8.866589990930152e-07 0.0012956954073160888 0.0014548290334641934
232 1.4147180999999591 8.615301143777287e-07 0.0012481987904757262 0.0012279923260211944
233 1.4128696000000218 9.347971966633395e-07 0.0012248616786673665 0.0015325798094272614
234 1.4109303999999838 8.445657307731836e-07 0.0011564895836636425 0.0011428358405828475
235 1.4098804999999857 7.648963241280172e-07 0.0010443338099867105 0.0009335700701922178
236 1.4126020000000494 7.355089481109189e-07 0.0010148458527401089 0.0011795545183122158
237 1.4093962000000033 8.917889738313533e-07 0.0012347235996276141 0.001046589771285653
238 1.4116353000000004 8.65241520955351e-07 0.0012637629359960557 0.0014291637390851973
239 1.4121237999999607 7.608778878420707e-07 0.0009940454345196486 0.0013588242419064044
240 1.4061588000000143 8.382988082189513e-07 0.001216751436702907 0.0017956354469060897
241 1.4105738000000088 8.180602893048672e-07 0.001233944701962173 0.001000219639390707
242 1.4074396999999976 8.880634875652049e-07 0.0011386126140132547 0.001248757280409336
243 1.4110615999999823 7.746059586111187e-07 0.0011098432270810008 0.0011253697983920575
244 1.4093330000000037 7.410664518658905e-07 0.0010141511429101228 0.0012153100036084651
245 1.4068317000000548 7.972280147328092e-07 0.0011597253577783704 0.0010037181153893472
246 1.4086297999999715 7.59676152455313e-07 0.0010539531679823995 0.0012839011289179326
247 1.4071711000000278 7.98331287938936e-07 0.0011393995182588696 0.0013561646081507205
248 1.4100321999999892 9.853252100811005e-07 0.0014632464423775674 0.0011817953363060952
249 1.4100215999999932 8.082783509166802e-07 0.0010956120025366544 0.0016963427700102329
250 1.4097408999999743 6.592627956081287e-07 0.0008372878488153219 0.0008562310133129359
251 1.4072563000000287 5.787964125403278e-07 0.0006890364727005362 0.0008320978563278914
252 1.4069961999999805 6.230974427268166e-07 0.000752316853031516 0.000945765282958746
253 1.410355299999992 6.464568610908827e-07 0.0008674827152863145 0.0010422749910503626
254 1.4076074000000176 6.206581102219389e-07 0.0008197741368785501 0.0009462012164294719
255 1.4076933000000054 6.137116905335916e-07 0.0007786134770140052 0.0009291228372603655
256 1.4112796000000003 5.82076354334049e-07 0.0007636878397315741 0.0008662994857877493
257 1.407562999999982 5.763423628479813e-07 0.0007315769558772445 0.0009130505099892616
258 1.4115173999999797 5.807103089239263e-07 0.000676548857241869 0.0008442980609834194
259 1.409774700000014 6.150405694427264e-07 0.0007509433189406991 0.0008844220917671919
260 1.4102982999999654 5.940147441663157e-07 0.0008372930344194174 0.0010757876373827457
261 1.409849500000007 6.556218620801247e-07 0.0007898221164941788 0.0008849595487117767
262 1.409119799999985 5.993997625353131e-07 0.0007118616346269846 0.0008722530957311392
263 1.4093680999999947 6.08350128601387e-07 0.0007746406309306621 0.0009103971812874079
264 1.4072209999999927 6.26290197018875e-07 0.0008035661298781634 0.0008708327636122704
265 1.408645999999976 5.953062225216854e-07 0.000808317357674241 0.0009141740947961807
266 1.4107686999999487 6.103924567923969e-07 0.000777112633921206 0.001080286055803299
267 1.4086603000000082 6.452523443556401e-07 0.0008658533813431858 0.0009676750376820565
268 1.4081424999999967 5.742259189389642e-07 0.0007001223741099239 0.0009597939811646938
269 1.4105270999999675 5.717274999739175e-07 0.0006992173008620739 0.0011023577302694322
270 1.4080217999999718 5.917682379674716e-07 0.0007647889796644449 0.0008951878268271685
271 1.4080397999999832 5.967910865933845e-07 0.0007296246392652393 0.0008330392744392156
272 1.4093265000000201 5.81674536803689e-07 0.0007939113629981875 0.0008241435140371323
273 1.4081027999999947 5.753480090220364e-07 0.0007174706468358636 0.0009266776591539383
274 1.4110584999999674 5.692024995340717e-07 0.0006746390536427497 0.0008435801044106483
275 1.4079246000000012 6.178286865576865e-07 0.0008668478420004249 0.0009798958245664834
276 1.4096117999999933 5.995050402418656e-07 0.0008132725171744824 0.0008547805715352297
277 1.410626700000023 5.386756130576486e-07 0.0007180648148059845 0.001005552290007472
278 1.407083 5.63895496767941e-07 0.0006903705196455121 0.000907657127827406
279 1.4067547999999874 6.043254231258288e-07 0.0008717551250010729 0.0009175116661936045
280 1.4111276999999518 6.431216959867925e-07 0.000837102996185422 0.0008333588484674692
281 1.409858799999995 5.703409068757992e-07 0.0007825131090357899 0.0009424152970314026
282 1.4091655000000287 6.039704229010567e-07 0.000839875609613955 0.0010289990343153477
283 1.41194059999998 6.145639375887413e-07 0.0008423783695325255 0.0008912518713623286
284 1.4086836999999832 6.26990097529756e-07 0.0008326264712959528 0.0010700389184057713
285 1.411663400000009 6.059753449960681e-07 0.0008194577665999532 0.0009758612792938947
286 1.4106477999999925 5.576552906205734e-07 0.0006978884497657418 0.0007958923932164907
287 1.409560699999986 5.518408093507788e-07 0.000690353898331523 0.0008266201335936785
288 1.4097614000000362 5.490286223874818e-07 0.0007005037795752287 0.000806310661137104
289 1.4099575999999843 6.22004690988831e-07 0.0007327738730236888 0.0009848694317042828
290 1.4115065999999956 5.902727662032703e-07 0.0008890183167532086 0.0010040001105517148
291 1.408039400000007 5.92428815338053e-07 0.0008727218313142657 0.0009072969108819962
292 1.4122014999999806 5.385581281558416e-07 0.0007927989019080997 0.0007630353700369596
293 1.4088049999999726 5.396467353335765e-07 0.0006976462723687291 0.0008143583498895168
294 1.4079103999999916 5.616698305743739e-07 0.0007456173039972783 0.0011449555680155753
295 1.4073382999999922 5.909531438419436e-07 0.000775434784591198 0.0010713627189397812
296 1.4095296000000417 5.609416928109567e-07 0.0007107110302895308 0.0008633418381214142
297 1.4065137999999706 5.464171004376795e-07 0.0006660409234464169 0.0007931626494973898
298 1.4036973999999987 5.362128246844122e-07 0.0006763332663103938 0.0007651364803314209
299 1.4077308000000244 5.374491453835617e-07 0.0006998704774305224 0.0008783084340393543
300 1.4105083000000036 5.216138848140873e-07 0.0006433885656297207 0.0007723965775221586
301 1.406841399999962 4.9666373627133e-07 0.000589228181168437 0.0007363678514957428
302 1.405798500000003 4.929411675647088e-07 0.0005926198121160268 0.0007611735630780459
303 1.4108054000000152 5.034223069344535e-07 0.0005967616969719529 0.0007618368044495583
304 1.4093593000000055 4.941396375102159e-07 0.0005915202628821134 0.0007418777327984572
305 1.4089215000000195 5.03241910010388e-07 0.0005835640225559473 0.0007388656493276357
306 1.4093593999999712 4.964112998351311e-07 0.0005855774907395243 0.0007410606928169727
307 1.4103709999999978 5.148253431386252e-07 0.0006018599448725581 0.0008919957000762224
308 1.4110968999999614 4.878020330778554e-07 0.0005829266705550253 0.000722004659473896
309 1.4064930000000118 4.940500912198331e-07 0.0005864182487130166 0.0007493289280682803
310 1.4074717999999962 4.874883111227746e-07 0.0005698757432401181 0.0007478434592485428
311 1.4085802000000172 5.0977467672908e-07 0.000612862965092063 0.0007360036578029394
312 1.40990400000004 4.900430184306969e-07 0.0005873400848358869 0.0007241674512624741
313 1.4043085000000133 4.87703924534344e-07 0.0006037599071860313 0.0007611791137605905
314 1.4075842999999963 5.030581810672175e-07 0.0006214817706495523 0.0008175087627023458
315 1.4080902999999694 4.930851214624e-07 0.0005913124345242977 0.0007290590275079012
316 1.4071867000000111 4.910664692658884e-07 0.0005915847066789865 0.0007727806828916072
317 1.4105119000000172 4.907055969738394e-07 0.0005894600171595811 0.0008378105238080024
318 1.4049621000000343 5.09205981771288e-07 0.0006365314023569226 0.0007948092091828585
319 1.4103056999999808 4.808019093260895e-07 0.0005893591241911053 0.0007291258499026299
320 1.4104641999999785 4.792781608742302e-07 0.0005752752879634499 0.0007153851259499789
321 1.4108099000000038 4.980841930546375e-07 0.0005731560438871384 0.0007219566777348518
322 1.4088161999999897 4.885340509375169e-07 0.0005690914974547923 0.0007546140067279339
323 1.4086877999999956 4.927215527317231e-07 0.0006076707225292921 0.0008508265018463135
324 1.410199299999988 5.006871263191215e-07 0.0006008640476502478 0.0009244269691407681
325 1.4091948999999886 5.112506482163326e-07 0.0006578907556831836 0.0008836589567363262
326 1.4087291000000164 5.010436723296152e-07 0.0006030025877989828 0.0007682741340249776
327 1.4063781999999492 4.9443168947505e-07 0.0005888432199135423 0.0008371130470186472
328 1.4091700000000174 4.93497954963118e-07 0.0005820578932762146 0.0007115455903112888
329 1.4086041999999566 4.859109267840723e-07 0.0006146865980699659 0.0007736372482031584
330 1.4070864999999912 4.938541462351509e-07 0.000583904707338661 0.0007047915272414684
331 1.4072097000000099 4.902399066253338e-07 0.0005815807385370135 0.0007517339941114187
332 1.4091826000000083 4.938152410360885e-07 0.0006126971319317817 0.0007185097131878138
333 1.4083868999999822 5.098807082504208e-07 0.0006153028951957822 0.0007348568085581064
334 1.4079671000000076 4.808325604699348e-07 0.0005698540648445487 0.0007528669387102127
335 1.411891800000035 5.075061176995632e-07 0.0005997795574367046 0.0007532327529042959
336 1.4086745999999835 4.965358592912139e-07 0.0005758455777540803 0.0007482611946761608
337 1.4062981999999806 4.918486702010228e-07 0.000581650897860527 0.0007268928084522485
338 1.4057962999999631 4.782508665357455e-07 0.0005980960531160235 0.0007646643370389938
339 1.4101903000000107 4.924010681151003e-07 0.0005692601222544909 0.0007908523362129927
340 1.4099237000000358 4.856932245189682e-07 0.0005970355216413736 0.0007655296940356493
341 1.4056154999999535 5.127546850758335e-07 0.0006444122456014156 0.0008763634040951729
342 1.409183100000007 4.809584728349137e-07 0.0005892495550215244 0.0007275223266333342
343 1.423659099999952 4.766857333038388e-07 0.0006092883562669157 0.0007399499509483575
344 1.4091118000000051 4.915665521920687e-07 0.0006071531623601913 0.0008188834507018328
345 1.4109156999999755 4.98683818364043e-07 0.0005873833224177361 0.0007308036647737026
346 1.4068326999999954 4.955640320147836e-07 0.000597774354275316 0.0008222364354878664
347 1.4079537000000073 4.904025355401132e-07 0.0006336966864764691 0.0007681532949209213
348 1.4100611000000072 4.875930215320068e-07 0.000608387847431004 0.0007541077677160502
349 1.4080963999999767 4.864486778899391e-07 0.0005880840923637152 0.0007858675811439753
350 1.409909300000038 4.59208130898503e-07 0.0005338644133880734 0.0007273563835769891
351 1.4099196000000234 4.616115104738583e-07 0.000522384490352124 0.0006854002363979817
352 1.408520899999985 4.6449672321813294e-07 0.0005272144232876598 0.0007229351997375488
353 1.410363899999993 4.610826073303542e-07 0.0005528232739306987 0.0007367817591875792
354 1.4081856000000244 4.64943295384046e-07 0.0005263629727996886 0.0007331504765897989
355 1.410302999999999 4.632602867360447e-07 0.0005514816264621913 0.0006943401321768761
356 1.407260899999983 4.717583666291603e-07 0.0005392781933769583 0.0007467472832649947
357 1.4084728999999925 4.67634567051789e-07 0.0005180444219149649 0.0007017942704260349
358 1.4070336000000339 4.6417597502568244e-07 0.0005252387663349509 0.000701592843979597
359 1.405498200000011 4.536623692885655e-07 0.0005249909870326519 0.0006888709589838982
360 1.407530099999974 4.5991169272951993e-07 0.000527569780126214 0.000721393572166562
361 1.4081333000000313 4.5874022653435986e-07 0.0005380893861874938 0.0007031509280204773
362 1.4064745000000016 4.5840635511495973e-07 0.0005263049304485321 0.0007481968868523836
363 1.4094605999999885 4.846004111414004e-07 0.0005432864637114108 0.0007753064949065447
364 1.4109672999999816 4.519466425989549e-07 0.0005308911981992423 0.0006969256093725563
365 1.4108661999999867 4.5046215774391385e-07 0.0005239986651577055 0.0006951341591775417
366 1.4101417999999626 4.5992923418225475e-07 0.0005284239873290062 0.0007007706537842751
367 1.4095307999999704 4.500141212560038e-07 0.0005380676612257957 0.00069060780107975
368 1.4064461000000392 4.719426509325331e-07 0.0005324729201383889 0.0006922068074345589
369 1.4091399999999794 4.4646143194881914e-07 0.0005240353867411614 0.0007149821519851684
370 1.408570999999938 4.622723342251334e-07 0.0005575880678370595 0.0007152747735381126
371 1.4080938000000742 4.6475510661281306e-07 0.0005221733413636685 0.0007134686410427093
372 1.4067502999999988 4.595857294020789e-07 0.0005180464992299676 0.0006916116364300251
373 1.4085092999999915 4.564542814478045e-07 0.0005306667783297599 0.0007366623636335134
374 1.4114663000000292 4.545633060004661e-07 0.0005296507799066603 0.0006894456595182419
375 1.4078756999999769 4.6322926902320203e-07 0.0005214333082549274 0.0006848377920687198
376 1.4077254999999695 4.531684623643173e-07 0.000541582367848605 0.0006972131691873073
377 1.4091871999999057 4.4379997302002036e-07 0.0005247164703905583 0.0007317715138196946
378 1.4102205000000367 4.6182901176194945e-07 0.0005377725362777709 0.0008194052241742611
379 1.4070133999999825 4.7203249586402763e-07 0.0005607439242303372 0.000697976155206561
380 1.4094288000000006 4.522402605289244e-07 0.0005176949058659375 0.0006935907062143087
381 1.4098979999999983 4.6667916212328466e-07 0.0005251938980072737 0.0006774643063545227
382 1.4091558000000077 4.625361258803196e-07 0.0005257274331524969 0.0006875638337805868
383 1.4102027000000135 4.4830768171522094e-07 0.000537809023167938 0.0006804258562624454
384 1.4149649999999383 4.610344640809672e-07 0.0005189431179314852 0.0006872787978500128
385 1.4083021000000144 4.519740415176443e-07 0.000514263856690377 0.0007459370046854019
386 1.4105157999999847 4.646819913034506e-07 0.0005400350168347359 0.0007183133997023106
387 1.4056171000000859 4.5887414589884657e-07 0.0005286920899525285 0.0007117652334272861
388 1.4073793000000023 4.637527082707038e-07 0.0005202812938950956 0.0006992545444518327
389 1.409029099999998 4.483466950233606e-07 0.0005186459212563932 0.0007265686336904764
390 1.4078008999999838 4.5808318819950956e-07 0.000539529386907816 0.0007098209951072931
391 1.4125023000000283 4.601074709498221e-07 0.0005314532518386841 0.0006950335949659348
392 1.4129305000000159 4.546196174715078e-07 0.0005250428146682679 0.0006925002112984657
393 1.4175386000000572 4.588940580418921e-07 0.0005327218137681485 0.0006783110741525888
394 1.4137527000000318 4.5624406570965446e-07 0.0005308573585934937 0.0006914187874644995
395 1.4154790999999705 4.5173228304662414e-07 0.0005184532864950598 0.0006781104998663068
396 1.415240199999971 4.4858910271727835e-07 0.0005163284642621874 0.0007080282643437386
397 1.4085841999999502 4.5069578998635505e-07 0.0005258621689863503 0.0006918427441269159
398 1.4144521999999142 4.5346450374239565e-07 0.0005275778835639358 0.0006754912948235869
399 1.4137567000000217 4.5705984618393814e-07 0.0005299219959415495 0.0007494885288178921
400 1.4184339000000818 4.461055384652468e-07 0.0005131606464274228 0.0006844184082001448
401 1.4105323999999655 4.416976979726428e-07 0.000493568463716656 0.0006669985176995396
402 1.4152910999999904 4.431283193184754e-07 0.0004910030299797654 0.0006854511983692646
403 1.4284713000000693 4.3823055669633957e-07 0.0004979272042401135 0.0006952805258333683
404 1.4154274999999643 4.465385313068282e-07 0.0004962356183677911 0.0006655310839414597
405 1.4138646999999764 4.438017230512514e-07 0.0004835726493038237 0.0006793029699474573
406 1.4145721999999523 4.326147571021011e-07 0.0004871869422495365 0.0006767615210264921
407 1.4130923999999823 4.4050972213938167e-07 0.000493166255299002 0.0007020829245448113
408 1.4161894000000075 4.419445735948102e-07 0.0004890590007416904 0.0006705013336613774
409 1.4128451999999925 4.3992522453351057e-07 0.00048661857238039376 0.0006825350318104029
410 1.4195336999999881 4.3980446662317263e-07 0.00048808075161650775 0.0006809918023645878
411 1.4113587999999027 4.345295354113432e-07 0.0004937249249778688 0.0006702862121164798
412 1.4092583999999988 4.428093753361395e-07 0.0004949345546774566 0.0006673128483816981
413 1.415954700000043 4.3656156730520477e-07 0.0004926033043302595 0.0006821418367326259
414 1.4138963999999987 4.3257071340008226e-07 0.0004970246520824731 0.000664873062632978
415 1.4141729000000396 4.469770663462214e-07 0.0005224154773168266 0.0006727317022159696
416 1.413523600000076 4.398200529465157e-07 0.000500105335842818 0.0006755683291703462
417 1.415718599999991 4.368355848782812e-07 0.0004909883788786828 0.0006711547961458564
418 1.4153369000000566 4.4004491815741177e-07 0.0004896934116259217 0.0006743079703301192
419 1.4111553999999842 4.418898453195652e-07 0.0004968169168569148 0.0006683816248551012
420 1.4124413999999206 4.4347222608820404e-07 0.000493299541529268 0.0006680490495637059
421 1.4138769999999568 4.3952741101804805e-07 0.00048827075865119694 0.0006825523264706135
422 1.4156633999999713 4.465773718820287e-07 0.0005021564071066677 0.0006770311668515206
423 1.413305199999968 4.4079518765727246e-07 0.0004929531598463655 0.0006727228499948979
424 1.4142174999999497 4.3957404908923083e-07 0.0004940077108331024 0.0006733031803742051
425 1.4175154999999222 4.3819263723321455e-07 0.0004894007770344615 0.0006643072608858347
426 1.4104138000000148 4.3926204995159424e-07 0.0004941660407930613 0.0006615348346531391
427 1.4125187000000778 4.39806744889637e-07 0.0004940328286029399 0.0006686610542237758
428 1.4172393999999713 4.4252728010008013e-07 0.0004874847363680601 0.0006665578437969089
429 1.41585340000006 4.4386582931821294e-07 0.0004938878738321364 0.0006634911242872477
430 1.4120943000000352 4.3991434239387673e-07 0.00048810970317572357 0.000660168882459402
431 1.414182799999935 4.4003542981840837e-07 0.0004872270561754704 0.0006627194676548242
432 1.412745100000052 4.3371154415439153e-07 0.00048408066295087336 0.0006832928117364645
433 1.4149359000000459 4.454132078635098e-07 0.0004870570520870388 0.0006747434381395578
434 1.4164150999999947 4.392333275049509e-07 0.0004980146144516766 0.0006856244895607233
435 1.4146659000000454 4.425242975969468e-07 0.0004919136851094663 0.0006734739523380995
436 1.415958299999943 4.4326552448126224e-07 0.0004953374010510743 0.0006535473000258207
437 1.4155962999999474 4.383957864462218e-07 0.0004901356035843491 0.0006860279850661754
438 1.4145030000000816 4.3542440121058234e-07 0.0004907391164451837 0.0006652676966041327
439 1.4148007000000007 4.464809036264228e-07 0.0004966027098707855 0.0006598151568323374
440 1.4103128000000424 4.318549800785831e-07 0.0004833903065882623 0.000664212154224515
441 1.410875699999906 4.3953854611089583e-07 0.00048563319118693474 0.0006857152190059423
442 1.420614300000011 4.3336506401203677e-07 0.0004874065606854856 0.0006741173891350627
443 1.4153099999999768 4.341523454343132e-07 0.0004961805413477122 0.0006564692500978708
444 1.4152979999998934 4.412188228286595e-07 0.0004890024866908789 0.0006856659334152936
445 1.4143399000000727 4.352375175287193e-07 0.00048629859508946536 0.0006748831551522017
446 1.4143788999999742 4.3264003767973236e-07 0.0004969959007576108 0.0006713626487180591
447 1.4153321000000005 4.3027813536156144e-07 0.0004843166978098452 0.0006829321570694446
448 1.4157465000000684 4.364800722811424e-07 0.0004982823161408305 0.0006577373202890157
449 1.4108653999999206 4.3566118741011905e-07 0.00048368907906115057 0.0006742376415058971
450 1.4107517999999573 4.3200807224863525e-07 0.00047638616664335133 0.0006671350169926882
451 1.4170060000000149 4.2954152469576455e-07 0.0004756734021939337 0.00067351458594203
452 1.4137999000000718 4.316282198502108e-07 0.00047204023180529475 0.0006564070750027895
453 1.4144054000000779 4.2767923339681604e-07 0.0004747160696424544 0.000654858024790883
454 1.4142047000000275 4.307717273022149e-07 0.00047335420781746505 0.0006542504532262682
455 1.408325199999922 4.280192489147794e-07 0.00047501493012532594 0.0006588593544438481
456 1.4267962999999781 4.2727999730374224e-07 0.0004711342742666602 0.0006559025635942817
457 1.415389399999981 4.34021815323149e-07 0.0004727393090724945 0.00065225038677454
458 1.40794470000003 4.3338389218661175e-07 0.0004725587428547442 0.0006622646283358335
459 1.4147177999999485 4.318742555398103e-07 0.0004730821023695171 0.0006526201311498881
460 1.412212400000044 4.3052230047635476e-07 0.000471642198972404 0.0006546230940148234
461 1.4186801000000742 4.33783762119333e-07 0.00047690571658313275 0.0006565430201590061
462 1.4158283000000438 4.275682701404548e-07 0.0004729881985113025 0.0006551424274221062
463 1.4097977000000128 4.277060378399256e-07 0.00047547340393066406 0.0006523234630003571
464 1.411388400000078 4.298250768286493e-07 0.00047213183576241135 0.0006686110887676477
465 1.41329769999993 4.3055855940110634e-07 0.0004785560700111091 0.0006661824416369199
466 1.4189956000000166 4.3547323961945496e-07 0.0004781604469753802 0.0006629360280930996
467 1.4123485000000073 4.3063518742059157e-07 0.00047529039345681667 0.0006535395141690969
468 1.413974899999971 4.2899530651396843e-07 0.00047026319382712244 0.0006580204050987959
469 1.4181601000000228 4.2650080082751175e-07 0.00047238828940317034 0.0006570909591391683
470 1.4173623000000362 4.2936905156665264e-07 0.0004759631468914449 0.0006540159881114959
471 1.411562799999956 4.301582872656695e-07 0.0004709426607005298 0.0006515345070511102
472 1.4098962000000483 4.2617940920308684e-07 0.0004725378989242017 0.0006587958568707109
473 1.417305199999987 4.3181923459201244e-07 0.000471315894741565 0.0006662374269217253
474 1.4158952999999883 4.2732243414889127e-07 0.00047258059680461886 0.0006504644546657801
475 1.4143682999999783 4.282686849776951e-07 0.0004703498752787709 0.000653974674642086
476 1.4156284999999116 4.2838359490815494e-07 0.00047175014344975354 0.0006551876990124584
477 1.4096450999999206 4.3149350357651885e-07 0.00047620629519224165 0.0006518834922462701
478 1.4148881999999503 4.268325635337078e-07 0.0004708729321137071 0.0006543067097663879
479 1.4139537999999447 4.2904396671872294e-07 0.00047062534419819714 0.0006640923954546452
480 1.4122618000000102 4.3073097284462846e-07 0.0004715436692349613 0.0006506984960287809
481 1.412477899999999 4.2661725920822844e-07 0.00047027477622032165 0.0006529585272073746
482 1.4178216000000248 4.24465336124058e-07 0.0004710698896087706 0.0006534655159339309
483 1.4123650999999882 4.3010977840651776e-07 0.00047191809164360166 0.0006534330267459154
484 1.417654799999923 4.2796294451363793e-07 0.00047572415741160514 0.0006546659022569657
485 1.4166143999999576 4.291067521222658e-07 0.00047639580350369214 0.0006498778704553843
486 1.4106639000000314 4.273256800857439e-07 0.0004697507773526013 0.0006564451009035111
487 1.4162257000000409 4.2666278737613084e-07 0.0004674457865767181 0.0006492011994123459
488 1.4176844999999503 4.2525620433053743e-07 0.0004712097332812846 0.0006594256823882461
489 1.4123004000000492 4.273397338039331e-07 0.0004706919263117015 0.0006499850284308195
490 1.4177286000000322 4.2799820466399296e-07 0.00047548763127997515 0.0006527008209377528
491 1.4151732000000266 4.297933548969013e-07 0.0004716830677352846 0.0006486794259399175
492 1.41269699999998 4.295988923530558e-07 0.00047345153242349625 0.0006516196439042688
493 1.4125376000000642 4.313552925694353e-07 0.0004743689652532339 0.0006549749709665775
494 1.4157195999999885 4.273148406852556e-07 0.00047382845217362046 0.0006537920702248812
495 1.4139769999999316 4.276947356629535e-07 0.0004722695117816329 0.000652926629409194
496 1.4138721000000487 4.2662153401096246e-07 0.00047167980344966056 0.0006502368440851569
497 1.4133161999999402 4.2895024396472084e-07 0.0004697018582373858 0.0006476159673184156
498 1.4150479999999561 4.312703535802598e-07 0.00046662624645978215 0.0006492088548839092
499 1.4117085999999972 4.298979284556026e-07 0.00047300322400406004 0.000657413536682725
0 0.0002125696773873642
1 0.000748462334740907
2 0.00022492556308861822
3 0.00030039448756724596
4 0.00018721268861554563
5 0.0003194891905877739
6 0.00037681954563595355
7 0.00030857158708386123
8 0.0002094055962515995
9 0.00030843369313515723
10 0.0005447191069833934
11 0.00029941595857962966
12 0.0003264361002948135
13 0.0005040363175794482
14 0.00020333701104391366
15 0.0004606358415912837
16 0.000181449533556588
17 0.00040533614810556173
18 0.0004206819285172969
19 0.0007708098273724318
20 0.00035489117726683617
21 0.00042282487265765667
22 0.0006533436244353652
23 0.0013010373804718256
24 0.00019749112834688276
25 0.0005492460331879556
26 0.00039056444074958563
27 0.00022300503042060882
28 0.0005056209047324955
29 0.0006556299049407244
30 0.0004087798297405243
31 0.0004323609755374491
32 0.0009684434626251459
33 0.0005968351033516228
34 0.001337844063527882
35 0.0004967433633282781
36 0.00022385598276741803
37 0.0005097229732200503
38 0.00018273710156790912
39 0.00023762573255226016
40 0.0002517444081604481
41 0.0004915574681945145
42 0.0006658521597273648
43 0.0005391949671320617
44 0.00039415378705598414
45 0.00021027564071118832
46 0.00028405923512764275
47 0.00044999600504525006
48 0.0017398922936990857
49 0.000413876143284142
50 0.0002601075393613428
51 0.0002321725623914972
52 0.00045636025606654584
53 0.0001927023404277861
54 0.0002700499608181417
55 0.00047116089262999594
56 0.0003031472151633352
57 0.0006335709476843476
58 0.0029961091931909323
59 0.0003625433018896729
60 0.0004336069105193019
61 0.0007211249903775752
62 0.0004602886619977653
63 0.0004448402614798397
64 0.0002478038368280977
65 0.0004488941631279886
66 0.0003557301824912429
67 0.0006136270822025836
68 0.0008053801138885319
69 0.0006582521018572152
70 0.00031099808984436095
71 0.00014961723354645073
72 0.00023274555860552937
73 0.00034284318098798394
74 0.00033733368036337197
75 0.0006948398076929152
76 0.005272629205137491
77 0.0005382145754992962
78 0.003777798730880022
79 0.000271824246738106
80 0.0002567046321928501
81 0.00033057949622161686
82 0.0006295317434705794
83 0.00031956532620824873
84 0.0002864564012270421
85 0.0004594511119648814
86 0.00036593989352695644
87 0.0005439423257485032
88 0.000569332973100245
89 0.00032574383658356965
90 0.0006496981950476766
91 0.001006376463919878
92 0.0007778119761496782
93 0.0004899491323158145
94 0.004385282751172781
95 0.0003374038205947727
96 0.0052130259573459625
97 0.000441726268036291
98 0.0003437501145526767
99 0.0013105121906846762