5.982254892587661743e-01
5.102299571037292036e-01
5.102063298225403276e-01
4.873933613300323597e-01
4.708332806825638039e-01
4.604336947202682384e-01
4.549554765224456676e-01
4.482289820909500233e-01
4.454287216067314148e-01
4.372280597686767356e-01
4.442149370908737294e-01
4.390445649623870850e-01
4.407796978950500599e-01
4.548972636461258157e-01
4.472320616245269997e-01
4.397046715021133423e-01
4.445620357990264782e-01
4.475284665822982788e-01
4.436501771211623923e-01
4.399489969015121238e-01
4.331045985221863015e-01
4.341030925512313621e-01
4.408952355384826438e-01
4.385083824396133201e-01
4.370150268077850342e-01
4.369984671473503002e-01
4.356678307056426891e-01
4.301868587732314841e-01
4.303116559982299583e-01
4.337934702634811401e-01
4.396493673324585183e-01
4.383660674095153920e-01
4.509103864431381337e-01
4.465832054615020974e-01
4.458418786525726318e-01
4.446274757385254017e-01
4.394564777612686157e-01
4.326430410146713257e-01
4.416876941919326560e-01
4.428449541330337635e-01
4.371808946132659801e-01
4.332213103771209717e-01
4.253408282995224110e-01
4.208026766777038796e-01
4.203488588333129661e-01
4.192201673984527477e-01
4.287132531404495017e-01
4.336198449134826549e-01
4.345666795969009288e-01
4.312843471765518411e-01
4.245110094547271951e-01
4.449283570051193459e-01
4.387915045022964255e-01
4.335159182548523060e-01
4.343158155679702759e-01
4.312745690345763938e-01
4.221873164176940807e-01
4.306991249322891235e-01
4.445838481187820435e-01
4.471838593482971302e-01
4.343970417976379395e-01
4.438806772232055664e-01
4.379256665706634521e-01
4.521570831537246593e-01
4.482364445924759133e-01
4.442812591791153176e-01
4.365666061639785767e-01
4.280407339334487693e-01
4.204882949590683094e-01
4.195465773344039806e-01
4.263433158397674783e-01
4.264694154262542725e-01
4.202516645193100087e-01
4.122251629829406516e-01
4.182673126459121593e-01
4.106301844120025524e-01
4.193411082029342429e-01
4.385588139295578114e-01
4.270656824111938588e-01
4.216750606894493214e-01
4.267091691493988259e-01
4.230621933937072643e-01
4.244395881891250832e-01
4.284966185688972584e-01
4.189845085144042747e-01
4.197735220193862804e-01
4.280779123306274192e-01
4.292297422885894553e-01
4.233444511890411266e-01
4.156464517116546520e-01
4.139890760183334573e-01
4.076849117875099293e-01
4.118645668029785045e-01
4.285137861967086570e-01
4.197083443403243908e-01
4.248851388692855835e-01
4.306394606828689575e-01
4.271808773279189841e-01
4.242000520229339822e-01
4.205232620239257590e-01
4.192344486713409646e-01
4.124532610177993885e-01
4.117736160755157693e-01
4.082477658987045399e-01
4.016183361411094777e-01
3.954867973923683055e-01
3.945874899625778087e-01
4.003300994634628185e-01
4.383146733045578114e-01
4.198003202676773293e-01
4.154218256473541371e-01
4.225114643573760764e-01
4.224801942706107871e-01
4.195115447044372448e-01
4.095591247081756814e-01
4.202983871102333180e-01
4.144405484199523704e-01
4.059975445270538330e-01
4.089476913213729858e-01
4.064117670059204102e-01
4.115497440099716298e-01
4.102246731519699208e-01
4.131931394338607677e-01
4.074419230222702248e-01
4.070848792791366688e-01
4.045071884989738242e-01
4.036489501595497131e-01
4.032174915075302235e-01
4.012242466211318748e-01
4.008568406105041393e-01
4.073638230562209861e-01
4.012101471424102672e-01
4.064115166664123424e-01
4.003140658140182384e-01
3.966231137514114602e-01
3.948761016130447610e-01
3.950161516666412242e-01
3.873979330062866100e-01
3.772517919540405162e-01
4.040991902351379617e-01
3.970965281128883140e-01
3.817167013883590587e-01
3.755951240658760293e-01
3.864441245794296154e-01
3.748425811529159657e-01
3.725136265158653370e-01
3.582042157649993896e-01
3.563008651137352101e-01
3.504927605390548706e-01
3.755599230527877919e-01
3.828128606081008800e-01
3.705478757619857788e-01
3.700512915849685780e-01
3.736652925610542408e-01
3.775061786174774281e-01
3.697070047259330972e-01
3.642214387655258179e-01
3.439210906624793895e-01
3.444005519151687733e-01
3.876152113080024719e-01
3.661853879690170066e-01
3.734009668231010326e-01
3.644184499979019054e-01
3.568184480071067699e-01
3.675401940941810386e-01
3.543114095926284679e-01
3.437274187803268655e-01
3.347595393657684104e-01
3.586522057652473672e-01
3.468554556369781716e-01
3.369434162974357383e-01
3.435148760676384194e-01
3.344044536352157593e-01
3.246849268674850686e-01
3.734136670827865601e-01
3.835154399275779724e-01
3.736172139644622914e-01
3.712465554475784524e-01
3.907920494675636292e-01
3.880879610776901134e-01
3.685267552733421104e-01
3.526275247335434182e-01
3.407462224364280479e-01
3.373882696032524109e-01
3.355624854564666637e-01
3.982471376657485962e-01
4.282105028629302756e-01
4.180011570453643910e-01
3.877847492694854736e-01
3.780952215194702259e-01
3.681775763630866782e-01
3.606196671724319347e-01
3.484103381633758545e-01
3.556456550955772178e-01
3.385604336857795937e-01
3.227051734924316628e-01
3.273883998394012673e-01
3.816878840327262989e-01
4.018509179353714211e-01
3.928253695368766896e-01
3.626161292195320129e-01
3.610937297344207764e-01
3.412618607282638661e-01
3.342631518840789573e-01
3.309096582233905792e-01
3.198003277182578930e-01
3.142184153199195640e-01
3.100269123911857383e-01
3.078847423195839039e-01
3.083938807249069214e-01
3.059329979121684917e-01
2.908265501260757224e-01
2.957372963428497314e-01
2.900505304336548074e-01
2.872376687824725883e-01
2.825485780835151894e-01
2.789216563105583191e-01
3.492035329341888206e-01
3.327129438519477733e-01
3.095820695161819458e-01
3.470190286636352650e-01
3.372639894485473522e-01
3.224759161472320335e-01
3.078592985868454091e-01
2.843645766377448925e-01
2.737714245915413014e-01
2.855929180979728810e-01
3.096586719155311473e-01
2.954016789793968423e-01
2.866568788886070251e-01
2.652407452464103921e-01
2.574898630380630382e-01
2.603010535240173340e-01
2.566175252199173196e-01
2.473148629069328308e-01
2.492858082056045588e-01
2.628480941057205200e-01
2.782466188073158264e-01
2.849270969629287831e-01
2.878300547599792480e-01
3.010048463940620533e-01
3.002185180783271679e-01
2.978530563414096832e-01
2.739552080631256215e-01
2.771573945879935996e-01
2.612234309315681346e-01
2.626402251422405021e-01
2.507908970117568859e-01
2.586699239909648895e-01
2.591874100267886893e-01
2.507579695433378442e-01
2.438227556645870264e-01
2.389141656458377838e-01
2.384152144193649181e-01
2.359495520591735895e-01
2.306401021778583527e-01
2.346432164311408886e-01
2.332531966269016377e-01
2.305963888764381298e-01
2.356393575668334905e-01
2.315200813114643152e-01
2.271381430327892303e-01
2.221292383968830053e-01
2.216750308871269226e-01
2.195902843028307017e-01
2.161010406911373083e-01
2.178430825471878163e-01
2.163646765053272303e-01
2.222404405474662781e-01
2.212827190756797846e-01
2.222983434796333424e-01
2.217591874301433619e-01
2.207956373691558893e-01
2.295057639479637090e-01
2.328206278383731787e-01
2.272150613367557581e-01
2.268593985587358530e-01
2.169464804232120458e-01
2.225711025297641699e-01
2.202380523085594177e-01
2.152600727975368389e-01
2.160263985395431408e-01
2.130063937976956479e-01
2.163618363440036885e-01
2.173264380544424057e-01
2.149754144251346533e-01
2.134375840425491444e-01
2.123109430074691661e-01
2.078044448979198822e-01
2.133592702448368073e-01
2.185430780053138622e-01
2.175157591700553894e-01
2.504984289407730103e-01
2.496106490492820684e-01
2.256804712116718403e-01
2.075745602138340529e-01
2.025749310851097107e-01
2.136115416884422358e-01
2.027162039652466718e-01
2.034430146217346136e-01
2.013651706278324072e-01
2.012152940034866444e-01
1.987477578222751617e-01
1.962992183864116780e-01
1.965187318623065893e-01
2.020790634676813968e-01
1.975934371352195684e-01
1.971350893378257807e-01
1.958776995539665278e-01
1.952590113505721092e-01
1.929256096482276917e-01
1.934846848249435480e-01
1.951211430132389069e-01
1.950274411588907297e-01
1.918273570016026386e-01
1.953157874755561407e-01
1.935221590101718903e-01
1.980903126299381201e-01
1.984033621847629547e-01
1.986567176878452357e-01
1.910142108798026928e-01
1.924376202747225817e-01
1.918088309466838837e-01
1.884755732491612545e-01
1.896036483347415813e-01
1.900482393801212200e-01
1.921516738831997029e-01
1.887538939714431818e-01
1.883659154176711981e-01
1.890359140932559856e-01
1.879532054066657965e-01
1.903353802859783228e-01
1.937630359083414022e-01
1.888320170342922266e-01
1.898419901728630177e-01
1.872184760868549347e-01
1.898124195635318701e-01
1.879055298864841517e-01
1.883896403014659882e-01
1.871156714856624659e-01
1.875752322375774384e-01
1.880260370671749115e-01
1.974785789847373907e-01
1.902089364826679285e-01
1.879822939634323009e-01
1.900356680154800526e-01
1.884181737899780218e-01
1.886551119387149811e-01
1.869312517344951519e-01
1.877737998962402399e-01
1.875547139905393013e-01
1.875343086197972242e-01
1.856682978570461384e-01
1.851803056895732769e-01
1.837706172838807217e-01
1.841639086604118236e-01
1.842388447374105342e-01
1.867434702813625391e-01
1.864390566945076100e-01
1.864977985620498713e-01
1.875814958475530148e-01
1.871225230395793804e-01
1.840998396277427618e-01
1.840118812397122383e-01
1.830436885356903076e-01
1.819711146876215879e-01
1.829103896394372042e-01
1.827673153951764051e-01
1.815502292476594559e-01
1.826791838742792551e-01
1.833084247075021378e-01
1.839076146483421270e-01
1.829018674790859333e-01
1.820580389350652806e-01
1.816651055589318386e-01
1.817300125956535228e-01
1.830472119152545818e-01
1.878776460886001642e-01
1.838314399123191778e-01
1.867621049284934887e-01
1.845619969069957622e-01
1.806305579841137043e-01
1.801509976387024037e-01
1.808345153927803095e-01
1.813701570034026989e-01
1.824673995375633295e-01
1.825869236141443308e-01
1.798906253650784381e-01
1.809918383136391584e-01
1.822455577552318517e-01
1.813649825751781353e-01
1.824686981737613789e-01
1.822728104889392853e-01
1.813299508765339740e-01
1.798131437972187996e-01
1.858194697648286875e-01
1.809957817196846119e-01
1.807496435940265656e-01
1.825318031013011821e-01
1.821337901055812836e-01
1.831234119832515772e-01
1.810598012059926876e-01
1.808122500777244457e-01
1.812459886074066218e-01
1.814330443739891052e-01
1.813822902739047893e-01
1.798875004053115956e-01
1.797648845240473747e-01
1.798654165118932780e-01
1.800951942801475580e-01
1.801086857914924733e-01
1.805161164375022054e-01
1.802079346030950602e-01
1.816440084949135780e-01
1.810152161866426523e-01
1.810237251222133747e-01
1.829555451869964711e-01
1.809766493737697546e-01
1.804209731519222371e-01
1.814454086124897003e-01
1.808116709813475664e-01
1.798392392694950215e-01
1.809812484309077374e-01
1.799450297839939594e-01
1.800261435098945983e-01
1.805381521582603566e-01
1.808563590049743763e-01
1.799862936139106639e-01
1.812687393277883641e-01
1.806853778660297283e-01
1.801052987575531006e-01
1.823620989918708912e-01
1.803446860983967670e-01
1.824033399112522658e-01
1.798206705600023381e-01
1.809074362739920561e-01
1.812810815870761760e-01
1.802086137235164587e-01
1.815159924328327290e-01
1.818374276161193737e-01
1.796024611219763645e-01
1.796224322170019150e-01
1.799351558089256342e-01
1.804478049278259166e-01
1.815874241292476654e-01
1.795627065002918243e-01
1.797070302069187220e-01
1.789114080369472448e-01
1.794707679655402899e-01
1.790066871792078129e-01
1.797522999346256312e-01
1.794767653569579180e-01
1.796998724341392628e-01
1.804505005478858892e-01
1.797083750367164667e-01
1.792362742125988007e-01
1.794377561658620779e-01
1.791581883095204886e-01
1.796321476809680517e-01
1.797536939382552990e-01
1.782546825706958771e-01
1.771075712516903822e-01
1.781892195343971197e-01
1.774067476391792408e-01
1.785330802202224620e-01
1.786207364872098025e-01
1.788454624824225847e-01
1.779413525015115793e-01
1.794761436991393622e-01
1.802109956741332897e-01
1.821554407477378734e-01
1.780519001185894012e-01
1.779560923576354869e-01
1.790190294384956249e-01
1.780148960649967083e-01
1.784984662663191557e-01
1.784321373328566496e-01
1.788928329944610707e-01
1.787901361938565858e-01
1.786027112975716591e-01
1.784283474087715038e-01
1.793898962438106592e-01
1.778936945833265726e-01
1.781405450776219479e-01
1.789570517838001140e-01
1.788737642578780707e-01
1.785084284842014257e-01
1.810844235122203716e-01
1.852419503033161108e-01
1.813514649868011586e-01
1.782276391051709763e-01
1.776890745386481285e-01
1.788352258503436987e-01
1.784702461212873403e-01
1.788596780970692635e-01
1.773258449509739765e-01
1.779213793575763758e-01
1.779532011598348729e-01
1.769124656915664617e-01
1.778547044843435398e-01
1.775599697604775540e-01
1.772989002987742369e-01
1.767372418195009287e-01
1.775753521826118342e-01
1.774764075875282232e-01
1.773406488355249166e-01
1.775791779160499628e-01
1.770548962987959496e-01
1.768905378878116719e-01
1.777349248528480585e-01
1.771195013076067026e-01
1.770880211144685856e-01
1.768953767605125904e-01
1.769765779376029913e-01
1.773103959858417511e-01
1.772941790055483635e-01
1.773850858211517278e-01
1.765445031225681416e-01
1.780011482536792700e-01
1.780079964548349492e-01
1.774044223129749298e-01
1.770457498729229029e-01
1.775840409100055695e-01
1.765431878156960011e-01
1.768850259482860621e-01
1.768955413252115139e-01
1.768799290060996954e-01
1.770513258874416296e-01
1.768870845437049977e-01
1.769161205738782883e-01
1.769560903310775646e-01
1.776287198066711370e-01
1.772199839353561512e-01
1.770543961785733811e-01
1.775663524866104015e-01
1.771623579785227831e-01
1.774526057764887754e-01
1.771607711911201422e-01
1.768863454461097606e-01
1.772498540580272619e-01
1.770323887467384338e-01
1.780774176120757946e-01
1.763626180589198955e-01
1.766761563252657596e-01
1.762818165123462566e-01
1.768130893353372923e-01
1.762610718607902638e-01
1.767454251646995433e-01
1.767549868673086166e-01
1.767905880231410154e-01
1.763642955571413096e-01
1.766082860529422649e-01
1.762946583330631256e-01
1.761263818945735804e-01
1.773695509415119942e-01
1.770166829228401184e-01
1.769895222736522500e-01
1.772097378969192394e-01
1.755116900429129490e-01
1.761619590222835430e-01
1.762252002954483032e-01
1.762096665799617878e-01
1.766654312610626276e-01
1.759050257503986248e-01
1.764617362990975324e-01
1.762151217088103183e-01
1.765226416289806255e-01
1.764959856867790167e-01
1.767473051324486844e-01
1.764772385358810425e-01
1.760911196470260620e-01
1.764987800270318985e-01
1.763352245092391912e-01
1.760349243879318348e-01
1.759529357776045688e-01
1.760945834219455608e-01
1.757980521535500995e-01
1.764898039400577545e-01
1.766752362251281794e-01
1.761933043599128723e-01
1.757384814321994726e-01
1.756049066781997792e-01
1.760991677176207415e-01
1.757712528109550421e-01
1.756983183324337117e-01
1.756940137594938389e-01
1.758042976260185131e-01
1.755998574197292217e-01
1.758525444194674603e-01
1.757231029681861345e-01
1.751816329546272699e-01
1.753252528607845417e-01
1.758679412305355072e-01
1.751077488064765875e-01
1.745938293635845295e-01
1.755662056617438849e-01
1.754220850765705053e-01
1.752894835546612851e-01
1.752184875309467371e-01
1.755029014311730862e-01
1.750628246460110005e-01
1.752538897097110637e-01
1.754913931712508146e-01
1.750955797731876262e-01
1.753483721986413002e-01
1.749823469668626841e-01
1.754453239031135980e-01
1.751554802991449888e-01
1.753835164010524861e-01
1.751607581973075867e-01
1.755731587298214325e-01
1.749144710600376018e-01
1.754526756703853607e-01
1.748785071074962505e-01
1.756368681788444408e-01
1.751888491213321741e-01
1.749934531748294775e-01
1.753276556730270497e-01
1.752475276589393616e-01
1.750409729778766577e-01
1.752696592360734884e-01
1.751372426748275812e-01
1.752100257202982847e-01
1.750120285898447148e-01
1.753268860280513819e-01
1.748387642204761450e-01
1.751204989850521088e-01
1.752725116908550318e-01
1.751015186309814453e-01
1.750904779881238826e-01
1.749075821600854508e-01
1.752587893977761158e-01
1.750437110662460272e-01
1.753951683640480042e-01
1.751899076160043367e-01
1.760710917413234600e-01
1.755131863057613484e-01
1.759847588837146759e-01
1.757029198110103552e-01
1.751142856432124917e-01
1.750890411436557825e-01
1.751571364700794109e-01
1.744413183769211173e-01
1.753437459468841497e-01
1.749978840351104625e-01
1.749892383813858032e-01
1.748164173215627781e-01
1.750002438668161742e-01
1.752444941550493351e-01
1.751008212566375621e-01
1.750436667352914810e-01
1.747034274041652790e-01
1.746844321489334217e-01
1.748870432376861683e-01
1.747982406057417282e-01
1.744764141738414653e-01
1.744942210614681133e-01
1.747178297489881404e-01
1.747008759062737282e-01
1.742168770637363140e-01
1.748117782175540869e-01
1.741965841501951218e-01
1.744002572260797135e-01
1.748836399987339918e-01
1.745001852512359508e-01
1.751894991844892557e-01
1.745953574776649420e-01
1.749511674046516363e-01
1.745306491851806585e-01
1.743550450541078989e-01
1.745572321116924397e-01
1.744958691298961750e-01
1.743149563670158275e-01
1.745053201448172331e-01
1.743523143231868744e-01
1.744215160608291737e-01
1.745926404371857532e-01
1.745869364589452688e-01
1.746650688350200598e-01
1.747709681279957239e-01
1.744492881000042073e-01
1.742856793105602153e-01
1.741238031536340714e-01
1.740099430084228460e-01
1.742757827043533436e-01
1.742184005677699932e-01
1.742357498966157492e-01
1.740945800207555350e-01
1.742154118604958002e-01
1.741339825093746185e-01
1.739609086886048372e-01
1.741807948332279865e-01
1.739085167646408081e-01
1.740825667511671782e-01
1.739726810716092642e-01
1.742830201983451843e-01
1.744626784231513850e-01
1.740627889521420002e-01
1.739668780937790871e-01
1.738189781084656660e-01
1.740009315311908666e-01
1.738671779632568470e-01
1.736900488846004065e-01
1.737685434520244709e-01
1.739469110965728704e-01
1.735704638063907679e-01
1.735197670757770427e-01
1.741918988525867351e-01
1.739136666059493963e-01
1.738149449229240417e-01
1.736750475596636478e-01
1.736962232738733236e-01
1.738156162202358357e-01
1.738099277019500843e-01
1.737688448280096110e-01
1.741699911653995514e-01
1.735682073049247265e-01
1.739116813056170996e-01
1.738507295027375277e-01
1.738442391157150324e-01
1.737335257232189289e-01
1.736657343804836329e-01
1.738411165773868505e-01
1.737930644303560257e-01
1.738719932734966167e-01
1.736453302204608862e-01
1.738815225660800823e-01
1.736403559800237528e-01
1.735903717577457483e-01
1.737050284631550257e-01
1.738261207938194275e-01
1.737232625484466664e-01
1.738625034689903204e-01
1.738071559928357490e-01
1.740550590679049436e-01
1.735409513115882818e-01
1.738469205796718542e-01
1.736670721322298161e-01
1.737877704203128759e-01
1.736356703971978221e-01
1.738060979172587339e-01
1.736704222857952118e-01
1.737258933018893114e-01
1.735644228756427765e-01
1.737979862140491549e-01
1.737516202032566015e-01
1.736612901091575678e-01
1.736098632216453441e-01
1.737329291645437479e-01
1.736167679191567004e-01
1.736629962921142634e-01
1.737674012780189570e-01
1.736301697790622600e-01
1.737469838000834099e-01
1.735744384117424433e-01
1.736271575093269459e-01
1.737645581364631597e-01
1.735885085538029782e-01
1.737404040992260035e-01
1.736444134265184291e-01
1.737020164728164673e-01
1.736179762985557429e-01
1.737083278596401326e-01
1.736641690135002081e-01
1.736988322343677171e-01
1.737035848200321198e-01
1.738654623739421257e-01
1.736508250236511175e-01
1.735607718117535003e-01
1.736899465322494507e-01
1.735406450927257649e-01
1.737977345474064350e-01
1.736984692513942607e-01
1.736754484474659077e-01
1.737937249243259319e-01
1.737237170338630787e-01
1.737126612104475387e-01
1.736230290960520395e-01
1.736511945724487360e-01
1.735544886440038570e-01
1.736759714782238062e-01
1.736019968986511341e-01
1.735698911361396313e-01
1.737182381562888678e-01
1.737860070541500934e-01
1.732525814091786798e-01
1.737241081893444172e-01
1.736504952423274517e-01
1.734033917076885645e-01
1.738765600370243136e-01
1.736715428531169780e-01
1.736362125258892886e-01
1.735370397567748968e-01
1.734636205248534790e-01
1.737911410629749409e-01
1.737933591008186396e-01
1.736640596762299427e-01
1.737556461244821604e-01
1.737206064164638630e-01
1.736717857420444489e-01
1.735916607081890162e-01
1.737583413720130976e-01
1.735327996313572041e-01
1.736389730824157707e-01
1.735448646824807040e-01
1.736155170947313309e-01
1.733837187290191706e-01
1.736410215497016796e-01
1.736025445163250081e-01
1.734296068549156244e-01
1.735312834382057301e-01
1.734766088426113184e-01
1.734146036207676045e-01
1.734635494649410248e-01
1.735783606767654363e-01
1.734677977859973852e-01
1.735046034213155453e-01
1.734174668788909801e-01
1.734523991704918500e-01
1.734793625771999248e-01
1.734615648863837012e-01
1.734402477741241455e-01
1.734402567148208563e-01
1.735271573066711481e-01
1.733530331403017044e-01
1.734370774123817627e-01
1.733632083982229177e-01
1.734793156385421864e-01
1.733928710222244207e-01
1.734390147030353546e-01
1.734639193862676509e-01
1.733895957469940297e-01
1.734156645834445953e-01
1.735019192099571117e-01
1.732795566320419201e-01
1.736556753516197149e-01
1.734796908684074768e-01
1.733962416648864857e-01
1.736025487072765938e-01
1.732294220477342550e-01
1.734711334109306224e-01
1.734640009701252095e-01
1.734027136117219925e-01
1.734330877661705017e-01
1.734396450221538655e-01
1.734300991520285606e-01
1.733453067950904425e-01
1.732947744429111370e-01
1.736272016540169605e-01
1.733323916792869623e-01
1.734889660961926039e-01
1.733173496089875643e-01
1.733970753848552704e-01
1.734142215922474806e-01
1.733780508860945646e-01
1.736082307994365748e-01
1.733654408715665229e-01
1.734607353806495722e-01
1.734414650127291679e-01
1.733742375858128015e-01
1.734528836212120839e-01
1.733548663556575831e-01
1.731436438858509064e-01
1.736382260918617193e-01
1.734041035175323542e-01
1.734971895813942067e-01
1.733324792236089762e-01
1.734610844578128308e-01
1.733539007604122106e-01
1.732969325035810526e-01
1.733965010382235161e-01
1.733860097825527247e-01
1.732824519276618958e-01
1.734132520854473059e-01
1.733927622437477223e-01
1.733522949740290697e-01
1.733225665986538044e-01
1.733253881335258539e-01
1.733617773279547691e-01
1.733387255575507824e-01
1.733363170176744350e-01
1.734258294105529841e-01
1.731568922288715950e-01
1.734355375170707758e-01
1.734192833304405157e-01
1.733036911115050371e-01
1.733758471906185206e-01
1.732984506525099277e-01
1.733049556612968334e-01
1.732725393027067240e-01
1.734177102334797382e-01
1.733519345521926935e-01
1.734057679772376959e-01
1.732735490426421110e-01
1.732949979603290447e-01
1.732839241623878590e-01
1.733016312122344915e-01
1.732380300760269221e-01
1.732763499021530151e-01
1.733144651167094763e-01
1.732269041240215302e-01
1.732832512818276993e-01
1.731941282749175914e-01
1.731822648085653837e-01
1.732663080096244757e-01
1.731581352651119232e-01
1.733186855912208502e-01
1.731907315552234650e-01
1.732310771476477385e-01
1.732184500666335281e-01
1.732628598809242138e-01
1.731915307231247370e-01
1.732619553804397583e-01
1.732246242463588715e-01
1.732550472021102961e-01
1.732178470119833946e-01
1.733098864555358831e-01
1.731610684655606747e-01
1.733056485652923473e-01
1.731666445732116810e-01
1.732688574120402336e-01
1.731929384171962683e-01
1.733061574399471227e-01
1.731519272085279282e-01
1.732148877345025539e-01
1.732399873435497284e-01
1.732498661614954583e-01
1.732056826353073065e-01
1.732003733515739552e-01
1.732429906725883595e-01
1.732051327824592479e-01
1.731737859547138325e-01
1.731637202203273884e-01
1.732498727738857325e-01
1.731714405119419153e-01
1.732661902904510387e-01
1.732710161013528705e-01
1.733300648629665375e-01
1.732061910443007946e-01
1.732477940618991907e-01
1.731956012547016255e-01
1.732136853039264734e-01
1.732040025293827001e-01
1.732331000268459431e-01
1.732017181348055601e-01
1.731345495907589682e-01
1.733209893107414135e-01
1.731137178838252910e-01
1.732427609153091852e-01
1.732034359127282985e-01
1.731794700026512146e-01
1.731785655021667591e-01
1.731865704059600830e-01
1.731964571401476971e-01
1.732311092317104229e-01
1.731447950005531311e-01
1.731855601072311290e-01
1.731801429763436262e-01
1.731995180249214228e-01
1.731242381036281475e-01
1.732028014957904816e-01
1.731818750500679072e-01
1.731235429644584767e-01
1.731749667786061653e-01
1.731045149266719763e-01
1.731939792633056530e-01
1.731012739241123144e-01
1.732040487229823955e-01
1.731844536960124858e-01
1.731458120048046112e-01
1.731540799140930120e-01
1.731182028539478834e-01
1.731688261032104381e-01
1.731282658874988556e-01
1.731862640008330345e-01
1.730999395251274220e-01
1.733214974403381459e-01
1.731234744191169628e-01
1.731729365885257832e-01
1.731967903673648779e-01
1.731080665253102724e-01
1.731464467942714636e-01
1.731890022754669078e-01
1.731816317420452889e-01
1.731018260121345576e-01
1.731986559927463643e-01
1.731147460639476665e-01
1.731823205016553291e-01
1.731529003009200096e-01
1.731782615184783991e-01
1.731021255254745483e-01
1.731547079980373383e-01
1.731335755437612423e-01
1.731570556759834401e-01
1.731438795104622841e-01
1.730813714675605297e-01
1.731339611113071331e-01
1.731619037687778528e-01
1.730760641396045796e-01
1.731120064854621832e-01
