2.180779898166656405e+00
1.549726021289825395e+00
1.506971621513366610e+00
1.293684959411621094e+00
1.171336162090301558e+00
1.155347520112991244e+00
1.167039108276367143e+00
1.107932710647582919e+00
1.069536864757537842e+00
1.033651006221771196e+00
1.086269098520278975e+00
1.067046707868576139e+00
1.010844832658767789e+00
1.105111414194106967e+00
1.058326512575149536e+00
1.029048907756805464e+00
1.006331336498260454e+00
9.813418805599212202e-01
9.914251863956451416e-01
9.662359356880187988e-01
9.874041616916656716e-01
1.025402253866195768e+00
9.894952952861786333e-01
9.838911592960357666e-01
1.006300526857376143e+00
9.840124130249023882e-01
9.804547071456909402e-01
9.625451564788818359e-01
9.724349796772002730e-01
1.045145577192306607e+00
9.830669045448303667e-01
1.002831727266311646e+00
1.041726750135421709e+00
1.009175765514373824e+00
9.842368304729461892e-01
1.025313967466354281e+00
1.013971644639968916e+00
1.009477370977401645e+00
1.010823327302932784e+00
1.001135617494583130e+00
9.702499508857727051e-01
9.819060862064361572e-01
9.779773890972137673e-01
9.776181221008301003e-01
1.046372401714324996e+00
9.918543100357055664e-01
9.567253172397613969e-01
1.009846216440200894e+00
9.909970104694366677e-01
1.036337667703628451e+00
9.898474693298340288e-01
1.040440177917480558e+00
1.059455043077468961e+00
1.011661648750305176e+00
1.006486541032791227e+00
1.026317286491394087e+00
9.984053015708923562e-01
1.002746146917343095e+00
1.045387279987335161e+00
9.869446814060210960e-01
1.009791785478591830e+00
1.057970279455184848e+00
1.008099234104156583e+00
1.065971821546554565e+00
1.029905599355697587e+00
1.023612731695175082e+00
9.943461775779723899e-01
9.738611519336700661e-01
9.728375017642975076e-01
9.627784788608551025e-01
9.889734685420989990e-01
9.666147589683532493e-01
9.592481911182403342e-01
9.399153828620910867e-01
9.907860994338989480e-01
9.602993786334991233e-01
1.061006176471710249e+00
1.007299774885177523e+00
9.858866155147552046e-01
9.645577669143676758e-01
1.013074630498886020e+00
9.709525465965270774e-01
9.960931301116943137e-01
9.927202522754668967e-01
9.487356781959533913e-01
9.865991055965424028e-01
9.817835092544555664e-01
9.880434930324554221e-01
9.599098205566406472e-01
9.322902560234069824e-01
9.645471990108489546e-01
9.499636948108672874e-01
9.600181221961975320e-01
1.000582534074783370e+00
9.721829175949097124e-01
1.026153916120529086e+00
1.018086838722229048e+00
9.756548047065735085e-01
9.641452133655548096e-01
9.775009632110596147e-01
9.502843499183655229e-01
9.604800164699553999e-01
9.640057265758514848e-01
9.247587382793426292e-01
9.001028180122375710e-01
9.060256183147430420e-01
8.850483357906341331e-01
9.551962018013000488e-01
1.058893352746963501e+00
9.381569981575011985e-01
9.264873504638672097e-01
1.015140050649642856e+00
9.980258345603942871e-01
1.003672355413436801e+00
9.275123417377472146e-01
9.769177734851837158e-01
9.729469060897827370e-01
9.106966853141784668e-01
9.342889666557312456e-01
8.953722536563872847e-01
9.667692303657531294e-01
9.325655639171600564e-01
9.602785229682921919e-01
9.679109632968903032e-01
9.418203711509705034e-01
9.454680860042572466e-01
9.487068593502044900e-01
9.240918099880218728e-01
9.267209649085998979e-01
9.467046022415160911e-01
9.654802680015563965e-01
9.042812764644623247e-01
9.528291225433349609e-01
9.261634469032287154e-01
9.141214787960052490e-01
8.972430646419524702e-01
9.347572803497314897e-01
8.940466284751892312e-01
8.171009063720703347e-01
9.904120504856109841e-01
9.358966112136840598e-01
8.720569252967834695e-01
8.855733335018157737e-01
9.191550314426422119e-01
8.767917454242706299e-01
8.867425322532653809e-01
7.863953053951263650e-01
7.783068478107452171e-01
7.787957429885864480e-01
9.660956382751464400e-01
9.350475192070006880e-01
8.848514974117278609e-01
9.027604341506958452e-01
8.992024004459381326e-01
8.741483449935912864e-01
8.844760537147522417e-01
8.644836187362671120e-01
8.002776324748992476e-01
8.113448977470397727e-01
1.004156565666198819e+00
9.353173792362212691e-01
9.307238221168517844e-01
8.699172139167785645e-01
8.772553384304047075e-01
9.254496753215789573e-01
8.755759119987487349e-01
8.233028292655945046e-01
7.886697351932525635e-01
9.717634022235870361e-01
8.664521694183349165e-01
7.815852165222167969e-01
8.020608842372893843e-01
8.508228242397308794e-01
7.818847477436066118e-01
1.048914945125579923e+00
1.036926454305648893e+00
8.908267319202423096e-01
9.510670483112335649e-01
1.031975436210632369e+00
9.576661109924315962e-01
8.708079874515533003e-01
8.496946334838867410e-01
7.931569039821624312e-01
8.046304881572723389e-01
8.488017082214355247e-01
1.094357216358184726e+00
1.076796305179595903e+00
1.056744945049285844e+00
9.295229554176330788e-01
9.009929239749908669e-01
9.479129552841186745e-01
8.641665995121001753e-01
8.176684617996216042e-01
9.109120965003967285e-01
8.460821986198425737e-01
7.301477611064910445e-01
9.126832842826843040e-01
1.035379338264465376e+00
1.008205205202102661e+00
9.936201810836792214e-01
8.327040195465087447e-01
8.045087039470673052e-01
7.787972927093506081e-01
7.121690332889556441e-01
7.542519807815551980e-01
7.695775866508484109e-01
6.962850153446197288e-01
7.010824859142303911e-01
6.815047562122344971e-01
7.110014855861663818e-01
6.799830079078674760e-01
6.408999323844909446e-01
7.122690200805663618e-01
7.304075479507445845e-01
7.595925271511078103e-01
7.266827464103698953e-01
6.087497830390929954e-01
8.961712181568145530e-01
9.054525673389435259e-01
7.430233061313629150e-01
9.009525954723358598e-01
7.900364339351654275e-01
7.931362152099609153e-01
8.304708778858185259e-01
6.734577536582946333e-01
5.877442359924316406e-01
7.201090514659881370e-01
8.024227142333983931e-01
7.622217535972595215e-01
7.151391744613647683e-01
6.087785035371779951e-01
5.685836225748062134e-01
5.955487430095672829e-01
6.317232429981232134e-01
5.612862437963486162e-01
5.829816162586212158e-01
6.963491618633270708e-01
9.005422830581665261e-01
8.165744304656982200e-01
7.889474332332611084e-01
9.386320948600769265e-01
7.791642844676971436e-01
7.570304423570632935e-01
7.357082545757294145e-01
6.666311979293823020e-01
6.460979074239731057e-01
6.765221118927001731e-01
6.597251236438751443e-01
7.235056698322296365e-01
6.211103051900863647e-01
5.579484194517135842e-01
5.825411945581435713e-01
5.705703765153884444e-01
5.203349471092224565e-01
5.067569971084594505e-01
4.991333782672882080e-01
5.914583146572113259e-01
5.308125227689742820e-01
5.651678353548049705e-01
5.845967739820480125e-01
5.647117555141448753e-01
5.339032113552093506e-01
4.567692011594772228e-01
4.652595311403274758e-01
4.819613337516784890e-01
4.352945655584335438e-01
4.833584010601043590e-01
5.033690154552459273e-01
5.816480696201324907e-01
5.334464222192764060e-01
5.077841579914093018e-01
5.394918382167815940e-01
5.647985905408858809e-01
6.402092754840851274e-01
5.452778220176697221e-01
5.654300749301910400e-01
5.744541347026824729e-01
5.061928212642670122e-01
5.817723721265792847e-01
5.956074476242065874e-01
5.155080169439315574e-01
4.861274510622024536e-01
4.693124532699585183e-01
5.415145158767700195e-01
5.277655631303787009e-01
4.872895747423172108e-01
4.878103762865066417e-01
4.791285336017608865e-01
4.605213046073913796e-01
4.995619237422943004e-01
5.797269523143768755e-01
6.232360929250717607e-01
7.544910162687301636e-01
5.972517669200897439e-01
5.603089809417725053e-01
4.560169100761413685e-01
4.316478788852691761e-01
5.309743076562881692e-01
4.795044690370559581e-01
4.613432854413986317e-01
3.997466295957565197e-01
3.934669464826583973e-01
3.927443593740463368e-01
3.636984467506408913e-01
3.513197451829910278e-01
4.715144649147987588e-01
3.779668390750884899e-01
3.831627160310745461e-01
3.936844080686568992e-01
3.519441634416580200e-01
3.167200088500976562e-01
3.376301079988479614e-01
3.831294953823089489e-01
3.871179997920989879e-01
3.812151104211807251e-01
3.891091376543044933e-01
3.724149316549301147e-01
4.324373215436935203e-01
4.373047322034835926e-01
4.029837936162948830e-01
3.405529201030731423e-01
3.637130498886108620e-01
3.690234571695327759e-01
3.368451043963432423e-01
3.614168375730514304e-01
3.373481616377830283e-01
3.412798717617988586e-01
3.201865956187248119e-01
3.112844601273536682e-01
3.243234023451805337e-01
3.417426303029060253e-01
3.904917851090431435e-01
3.759719282388687134e-01
3.359732165932655112e-01
3.114445775747299305e-01
3.114700376987457053e-01
3.628654688596725242e-01
3.259528517723083718e-01
3.307284548878669517e-01
3.258064359426498524e-01
3.471551641821861156e-01
3.813366740942001343e-01
5.229681849479674849e-01
3.986411929130554421e-01
4.296873748302459939e-01
3.841971427202224842e-01
3.388929694890975841e-01
3.762470051646232827e-01
3.178320780396461376e-01
3.625427722930908425e-01
3.529910355806350486e-01
3.153184548020362965e-01
3.263611614704132191e-01
3.210919305682182201e-01
3.240783169865608104e-01
2.984930410981178062e-01
3.219958379864692466e-01
3.429630964994430653e-01
3.770337134599685558e-01
3.157878026366233715e-01
4.201674386858940125e-01
3.724810123443603738e-01
3.003108397126197926e-01
2.947712838649749756e-01
3.079469680786132701e-01
3.084767192602157482e-01
2.991835221648216359e-01
2.823448240756988303e-01
2.829090163111686596e-01
2.855300962924957053e-01
3.111213862895965687e-01
3.219846650958061440e-01
3.181326895952224509e-01
3.092234611511230358e-01
3.202715680003166421e-01
3.070597976446151622e-01
3.165271461009979137e-01
3.939434513449668884e-01
3.226342231035232433e-01
3.896812438964843972e-01
3.371520161628723256e-01
3.033938020467757957e-01
2.897003933787345997e-01
2.806268483400344849e-01
2.869180068373680115e-01
3.397698208689689525e-01
2.964650616049766541e-01
3.172418355941772350e-01
2.950594291090965493e-01
3.335729926824569924e-01
3.100686714053154103e-01
3.226013630628585815e-01
3.357374295592308044e-01
3.015808671712875144e-01
3.176750898361205833e-01
4.347374454140663369e-01
3.229701191186905018e-01
3.653268888592720032e-01
3.635864108800888062e-01
3.405185833573341481e-01
2.903881072998046875e-01
2.893995448946952709e-01
2.804290771484375111e-01
2.789162799715995678e-01
2.867524996399879456e-01
3.051335141062736511e-01
2.921900153160095215e-01
2.772337362170219643e-01
2.706610590219497570e-01
2.853788264095783456e-01
2.659130096435546875e-01
2.604920476675033347e-01
2.751825436949729697e-01
2.957454860210418923e-01
2.675041764974593894e-01
2.770882844924926758e-01
2.958660051226615906e-01
2.882435530424117820e-01
2.827988043427467346e-01
2.847861677408218273e-01
2.690215557813644409e-01
2.809852167963981517e-01
2.861299246549606212e-01
2.548092573881149403e-01
2.573904752731323020e-01
2.514740034937858471e-01
2.548804029822349659e-01
2.632538497447967640e-01
2.784197404980659485e-01
2.677805379033088573e-01
2.740497305989265664e-01
2.819889843463897483e-01
3.073673516511917225e-01
3.280986025929450989e-01
2.680579617619514576e-01
2.746372863650322071e-01
2.720708012580871360e-01
2.698815807700157277e-01
2.963277474045753479e-01
3.037955164909362793e-01
2.792607828974723594e-01
2.573613435029983298e-01
2.599898621439933888e-01
3.204426229000091331e-01
3.206318929791450723e-01
3.022704765200615040e-01
2.851609930396080128e-01
2.578388229012489319e-01
2.689308382570743672e-01
2.527714043855667225e-01
2.684802860021591187e-01
2.676653996109962241e-01
2.612000897526741139e-01
2.621174827218055725e-01
2.608502328395843617e-01
2.656489700078964455e-01
2.861711218953132407e-01
2.814296171069144981e-01
3.203485324978828652e-01
3.118313357234001049e-01
2.877790763974189536e-01
2.623791664838791005e-01
2.591590672731399758e-01
2.582748398184776528e-01
2.734431937336921914e-01
2.560748815536498801e-01
2.711261995136737823e-01
2.569139361381530540e-01
2.994497314095497242e-01
3.601531043648719677e-01
3.096838593482971191e-01
2.659345477819442527e-01
2.637953191995620617e-01
2.642257109284401051e-01
2.626829624176025280e-01
2.512171559035777935e-01
2.495868176221847645e-01
2.612864829599857441e-01
2.433433726429939381e-01
2.554323121905326954e-01
2.548896312713623269e-01
2.515621632337570190e-01
2.481353312730789074e-01
2.392164275050163158e-01
2.401616454124450573e-01
2.627948477864265331e-01
2.728241100907325967e-01
3.178573429584503063e-01
3.802911549806594627e-01
2.786450996994972451e-01
2.521293267607688793e-01
2.601118758320808411e-01
2.833208009600639565e-01
2.500707566738128440e-01
2.846446976065635792e-01
2.549931436777114757e-01
2.601118311285972595e-01
2.543547704815864452e-01
2.480303823947906383e-01
2.566682860255241616e-01
2.619469799101352692e-01
2.435334131121635326e-01
2.461045414209365734e-01
2.471449799835681860e-01
2.409191057085990906e-01
2.388876415789127350e-01
2.580189615488052146e-01
2.470443926751613728e-01
2.406685739755630438e-01
2.509018391370773093e-01
2.314411014318466242e-01
2.319642424583435170e-01
2.336582988500595093e-01
2.377722293138503917e-01
2.445275932550430298e-01
2.327143616974353679e-01
2.398145601153373607e-01
2.412472933530807606e-01
2.627711877226829307e-01
2.710922285914421082e-01
2.669049561023711936e-01
2.469195693731308094e-01
2.432186901569366455e-01
2.423599101603031158e-01
2.371068820357322693e-01
2.381694495677947887e-01
2.353477090597152765e-01
2.376231953501701244e-01
2.356942772865295299e-01
2.348739296197891180e-01
2.429883226752281300e-01
2.581471547484397999e-01
2.367462240159511622e-01
2.369460754096507915e-01
2.468539118766784612e-01
2.412082284688949474e-01
2.479859650135040339e-01
2.490763977169990484e-01
2.386197939515113942e-01
2.437280453741550446e-01
2.539262816309929005e-01
2.745147615671157948e-01
2.559457793831825256e-01
2.471771985292434692e-01
2.395271033048629872e-01
2.330282211303710826e-01
2.424302846193313599e-01
2.406469553709030262e-01
2.393074110150337219e-01
2.363102175295352936e-01
2.353540167212486156e-01
2.348312377929687444e-01
2.354941323399543651e-01
2.395879849791526794e-01
2.514456890523433796e-01
2.485555127263069097e-01
2.408129282295703999e-01
2.543356150388717540e-01
2.522715300321579091e-01
2.357680365443229620e-01
2.388739004731178228e-01
2.330923020839691107e-01
2.433369264006614574e-01
2.382898181676864624e-01
2.336827948689460810e-01
2.346948713064193615e-01
2.406506627798080389e-01
2.362845614552497864e-01
2.440816968679428156e-01
2.480498477816581726e-01
2.447679497301578633e-01
2.523384347558021434e-01
2.375372886657714788e-01
2.360695064067840632e-01
2.409269317984580883e-01
2.322741001844406128e-01
2.322610549628734700e-01
2.582606419920921437e-01
2.475190117955207714e-01
2.449050083756446894e-01
2.400241866707801819e-01
2.370142072439193615e-01
2.365521736443042811e-01
2.423099398612976185e-01
2.355486825108528137e-01
2.361697673797607533e-01
2.344611540436744579e-01
2.332583323121070751e-01
2.308319151401519720e-01
2.279239483177661896e-01
2.349956862628460041e-01
2.305148929357528631e-01
2.388171963393688202e-01
2.404469624161720276e-01
2.433349519968032726e-01
2.330914847552776337e-01
2.348062165081500896e-01
2.346176266670227106e-01
2.437677860260009655e-01
2.394005104899406544e-01
2.296904675662517492e-01
2.263985447585582789e-01
2.236254684627056177e-01
2.240397855639457703e-01
2.225099712610244806e-01
2.219959780573844965e-01
2.250697880983352772e-01
2.237966567277908381e-01
2.218668803572654835e-01
2.284117564558982849e-01
2.278601378202438354e-01
2.269284255802631323e-01
2.272706389427185114e-01
2.329131543636321910e-01
2.412011176347732544e-01
2.343434467911720276e-01
2.290307804942131042e-01
2.296831667423248347e-01
2.250920683145523071e-01
2.246261656284332386e-01
2.253456309437751881e-01
2.263208672404289357e-01
2.287236243486404363e-01
2.244323268532752991e-01
2.281366080045700018e-01
2.243508622050285339e-01
2.267425872385501751e-01
2.229735210537910350e-01
2.231721848249435536e-01
2.233926340937614496e-01
2.213409036397933904e-01
2.256835989654064067e-01
2.265007451176643261e-01
2.278879284858703613e-01
2.420667745172977448e-01
2.498655706644058172e-01
2.411907792091369518e-01
2.416111692786216680e-01
2.270801559090614430e-01
2.276385106146335546e-01
2.300284132361412048e-01
2.366051390767097418e-01
2.359704345464706532e-01
2.277828082442283630e-01
2.220933571457862910e-01
2.209649428725242726e-01
2.246863216161728016e-01
2.438259854912757929e-01
2.372123420238494984e-01
2.326533287763595526e-01
2.261573642492294423e-01
2.250631779432296642e-01
2.261730059981346130e-01
2.236066490411758312e-01
2.287433750927448384e-01
2.324017733335494995e-01
2.385580837726593018e-01
2.286370158195495661e-01
2.243317253887653351e-01
2.236114911735057886e-01
2.271129876375198309e-01
2.267877146601676996e-01
2.324163205921649933e-01
2.311747521162033081e-01
2.319268032908439747e-01
2.320721969008445740e-01
2.298523753881454579e-01
2.259028747677803151e-01
2.352732688188552967e-01
2.326771497726440319e-01
2.286713808774948065e-01
2.270544260740280096e-01
2.225724741816520746e-01
2.246433168649673573e-01
2.273233532905578613e-01
2.262031629681587330e-01
2.336039096117019653e-01
2.342318616807460840e-01
2.330311641097068676e-01
2.369927838444709778e-01
2.283275440335273687e-01
2.277832090854644831e-01
2.262237727642059382e-01
2.227818317711353358e-01
2.227248027920722961e-01
2.215200416743755285e-01
2.212394364178180695e-01
2.279106035828590282e-01
2.249315500259399525e-01
2.218914121389388983e-01
2.235966026782989502e-01
2.210566349327564295e-01
2.207733035087585394e-01
2.250436477363109700e-01
2.377320833504200093e-01
2.385556206107139476e-01
2.304101884365081787e-01
2.283201076090335957e-01
2.246175535023212377e-01
2.324229389429092463e-01
2.312972471117973328e-01
2.234475359320640675e-01
2.191507682204246465e-01
2.210937038064003102e-01
2.225761860609054565e-01
2.205467328429221996e-01
2.220175653696060125e-01
2.260520517826080378e-01
2.213731408119201660e-01
2.184992134571075439e-01
2.188647620379924885e-01
2.172317214310169331e-01
2.180911593139171489e-01
2.197972320020198933e-01
2.247006602585315815e-01
2.242510870099067577e-01
2.212773799896240179e-01
2.192285455763340052e-01
2.184561625123024042e-01
2.200775966048240662e-01
2.197389855980872997e-01
2.185216635465621893e-01
2.188435599207878002e-01
2.186627611517906189e-01
2.189412958920002039e-01
2.181292906403541620e-01
2.184461563825607355e-01
2.193601086735725292e-01
2.194725900888442882e-01
2.183929041028022655e-01
2.187215380370616802e-01
2.185518532991409246e-01
2.181643709540367071e-01
2.248545929789543263e-01
2.275738313794136158e-01
2.208807945251464733e-01
2.197202220559120178e-01
2.189392581582069452e-01
2.187462031841277965e-01
2.186606556177139171e-01
2.190109431743621771e-01
2.183914631605148315e-01
2.175560697913169750e-01
2.197324350476264898e-01
2.194235734641551971e-01
2.170585602521896418e-01
2.168156415224075373e-01
2.159632131457328852e-01
2.170194931328296717e-01
2.169297732412815150e-01
2.184162102639675140e-01
2.174841776490211431e-01
2.175383910536766163e-01
2.178475975990295521e-01
2.179813444614410456e-01
2.174710109829902649e-01
2.166449338197708185e-01
2.198458209633827320e-01
2.169752515852451380e-01
2.159499466419219915e-01
2.163870945572853033e-01
2.167226985096931402e-01
2.167485579848289490e-01
2.177550375461578258e-01
2.219817169010639135e-01
2.181879431009292603e-01
2.186390057206153981e-01
2.186147093772888295e-01
2.177462793886661419e-01
2.168096914887428228e-01
2.172662615776062012e-01
2.191496349871158711e-01
2.183886438608169667e-01
2.189672708511352650e-01
2.181618317961692699e-01
2.177438803017139324e-01
2.163009859621524700e-01
2.192196205258369335e-01
2.177804201841354315e-01
2.172577366232872065e-01
2.169251114130020253e-01
2.186540871858596857e-01
2.190953448414802440e-01
2.211144350469112507e-01
2.300752811133861542e-01
2.287433795630931799e-01
2.185893304646015223e-01
2.198903843760490473e-01
2.202793397009372711e-01
2.184738613665103968e-01
2.185696735978126526e-01
2.180691190063953344e-01
2.173638567328453064e-01
2.202961325645446666e-01
2.243235543370246943e-01
2.179714024066924938e-01
2.245834827423095759e-01
2.251332350075244959e-01
2.191188648343086187e-01
2.214401021599769481e-01
2.164937779307365417e-01
2.194085150957107433e-01
2.162672653794288635e-01
2.162942014634609278e-01
2.154620096087455638e-01
2.159244753420352936e-01
2.159066528081893810e-01
2.175207905471324976e-01
2.169209323823451940e-01
2.157494068145751898e-01
2.151889115571975764e-01
2.154813408851623535e-01
2.157373227179050501e-01
2.152121797204017695e-01
2.161696448922157399e-01
2.155416868627071381e-01
2.151673458516597803e-01
2.149329110980033875e-01
2.154436346143484005e-01
2.150710999965667614e-01
2.147099457681179158e-01
2.148717276751995198e-01
2.154944583773613087e-01
2.163920283317565807e-01
2.154284358024597112e-01
2.163772076368331854e-01
2.183526426553726307e-01
2.205854862928390558e-01
2.166873902082443182e-01
2.156564861536026112e-01
2.170300684869289343e-01
2.150695115327835027e-01
2.161001384258270375e-01
2.157307609915733448e-01
2.159928113222122081e-01
2.158851444721222035e-01
2.159069217741489410e-01
2.163645759224891718e-01
2.169896155595779363e-01
2.170826852321624811e-01
2.157933302223682404e-01
2.154703527688980047e-01
2.149303078651428334e-01
2.145818509161472321e-01
2.148041054606437683e-01
2.146968178451061360e-01
2.161941625177860316e-01
2.167874850332736913e-01
2.168217457830906025e-01
2.155656635761261097e-01
2.149323888123035320e-01
2.150341987609863392e-01
2.151521429419517573e-01
2.153901331126689966e-01
2.152368791401386150e-01
2.194652244448661860e-01
2.209929160773754231e-01
2.157813787460327037e-01
2.150623306632041820e-01
2.154907487332820837e-01
2.145088396966457478e-01
2.175418645143508967e-01
2.170027285814285223e-01
2.193435154855251368e-01
2.188466981053352467e-01
2.171731248497962841e-01
2.150432877242565155e-01
2.148655641824007145e-01
2.165364742279052845e-01
2.157997362315654810e-01
2.154752053320407867e-01
2.179692089557647705e-01
2.169770546257495936e-01
2.163571521639823803e-01
2.158911183476447948e-01
2.156745932996272930e-01
2.143155068159103283e-01
2.144083827733993530e-01
2.149580463767051808e-01
2.151081211864948328e-01
2.144221566617488806e-01
2.153340555727481787e-01
2.160085745155811421e-01
2.172260984778404125e-01
2.153711706399917547e-01
2.149940654635429382e-01
2.171442493796348627e-01
2.150488190352916607e-01
2.142506949603557587e-01
2.171667322516441234e-01
2.155091576278209686e-01
2.156615898013115040e-01
2.158593162894248962e-01
2.159468382596969604e-01
2.168371021747589056e-01
2.160210758447647095e-01
2.163357883691787720e-01
2.165639847517013550e-01
2.170417845249175970e-01
2.165286883711814991e-01
2.155069395899772700e-01
2.137472130358219202e-01
2.140621230006218012e-01
2.139822706580161993e-01
2.144438117742538397e-01
2.144286677241325489e-01
2.143381282687187306e-01
2.143520340323448181e-01
2.138410478830337635e-01
2.147459588944911901e-01
2.144053056836128235e-01
2.145885631442069896e-01
2.137276515364646967e-01
2.141467899084091298e-01
2.138890713453292791e-01
2.143962226808071025e-01
2.140721365809440668e-01
2.143782205879688207e-01
2.140913560986518749e-01
2.144261077046394348e-01
2.138365916907787323e-01
2.140859596431255452e-01
2.148741215467452892e-01
2.139262445271015167e-01
2.140984244644641987e-01
2.134521022439002935e-01
2.136591739952564128e-01
2.136810466647148243e-01
2.141045644879341070e-01
2.134938716888427623e-01
2.136409685015678295e-01
2.138793393969535828e-01
2.139875322580337413e-01
2.136813566088676397e-01
2.141658857464790455e-01
2.150216713547706548e-01
2.162052392959594727e-01
2.145564205944538172e-01
2.135231323540210668e-01
2.134567961096763555e-01
2.133642315864562877e-01
2.134532839059829767e-01
2.137168876826763264e-01
2.139208257198333685e-01
2.139638736844062805e-01
2.144607532769441660e-01
2.152147084474563543e-01
2.147809296846389659e-01
2.143580041825771387e-01
2.139259427785873413e-01
2.134608089923858698e-01
2.139170996844768635e-01
2.137289322912692968e-01
2.139682695269584656e-01
2.138729110360145513e-01
2.141519397497177180e-01
2.138132885098457392e-01
2.140170134603977259e-01
2.143396317958831676e-01
2.137144997715950123e-01
2.133918218314647675e-01
2.132935941219329945e-01
2.138017922639846857e-01
2.145368233323097229e-01
2.137617617845535278e-01
2.134568080306053217e-01
2.134601771831512451e-01
2.134346961975097656e-01
2.135922342538833507e-01
2.135451510548591614e-01
2.133451066911220551e-01
2.138095401227474157e-01
2.134130984544753973e-01
2.137070313096046392e-01
2.135321021080017201e-01
2.141978621482849010e-01
2.152786195278167669e-01
2.133632659912109431e-01
2.133867666125297546e-01
2.132393583655357305e-01
2.134410016238689478e-01
2.135427027940750011e-01
2.138026058673858643e-01
2.134184762835502625e-01
2.133070774376392420e-01
2.145107418298721202e-01
2.142405822873115484e-01
2.136546842753887232e-01
2.133881546556949671e-01
2.142645508050918524e-01
2.143696188926696722e-01
2.132727183401584570e-01
2.133374080061912481e-01
2.136248685419559479e-01
2.139307394623756464e-01
2.136862643063068279e-01
2.138572663068771251e-01
2.133469194173812922e-01
2.135013356804847662e-01
2.133821040391921942e-01
