2368001
0 0.3667067000000017 1.539832517835829 0.835019627555472
1 0.10320899999999966 1.441995414098104 0.781365222618228
2 0.10210280000000083 1.3413377761840821 0.7183232229264056
3 0.10075020000000023 1.1743318875630697 0.6716489322849961
4 0.09982029999999753 0.9981159210205078 0.7521354175004803
5 0.09723609999999994 0.9961918142106798 0.7218554606203174
6 0.09680960000000027 0.9940240224202473 0.7217562784914111
7 0.10085880000000103 0.9775836520724827 0.7726836439038887
8 0.09780379999999766 0.9850102636549208 0.7478115988559411
9 0.09899979999999786 0.9770659287770589 0.776853373793305
10 0.09960740000000001 0.971991146935357 0.7662843641687612
11 0.0980675999999967 1.0022067175971137 0.7306880012887423
12 0.09821399999999869 0.971236006418864 0.7787526083774254
13 0.09908820000000063 0.9728276835547554 0.7682739007668417
14 0.09634110000000007 0.9747226821051703 0.7697934166329806
15 0.09863229999999845 0.975263245900472 0.7486765970949267
16 0.09731050000000252 0.9756277190314399 0.7756087819083792
17 0.09866449999999816 0.9771280129750569 0.7688569397222801
18 0.09801940000000187 0.9730400403340658 0.7536713647060707
19 0.0983698000000004 0.9826938099331326 0.7751566933803871
20 0.09736979999999917 0.9719093004862468 0.7641669726762615
21 0.09861969999999687 0.9887813197241889 0.7265234931570584
22 0.09688799999999986 0.9830032295650906 0.750282271963651
23 0.09874239999999901 0.9872026443481445 0.793928005656258
24 0.09955360000000013 0.9680833392673068 0.7579092901261126
25 0.0983641999999989 0.9951004558139377 0.7229307674970783
26 0.09826770000000096 0.9752834955851237 0.754341782116499
27 0.09756710000000268 0.991074514389038 0.7997341312345911
28 0.09774489999999858 0.9688120259179009 0.7620248950895716
29 0.09559110000000004 0.9712779362996419 0.7392802472974433
30 0.09862199999999888 0.972182650036282 0.7500342072033491
31 0.09963690000000014 0.9742495006985135 0.7643032855674868
32 0.09911229999999804 0.9706601884629992 0.758330376421819
33 0.0975026000000021 0.9730529202355279 0.7711626740752674
34 0.09655989999999903 0.9722974088456896 0.7470783952806817
35 0.09721270000000004 0.9770218054453532 0.7640072087772557
36 0.09672210000000092 0.9705444706810845 0.7612049227855244
37 0.09774679999999947 0.970645030339559 0.7589875987318696
38 0.09917870000000306 0.9753571139441596 0.7467610093413807
39 0.09905410000000003 0.9852604495154487 0.7822779671090548
40 0.09707380000000043 0.9780617025163438 0.7516411171584833
41 0.09760550000000023 0.9796777195400662 0.7392736653812596
42 0.09749980000000136 0.9702737755245633 0.7574195705476354
43 0.09734830000000017 0.9823951615227593 0.7940881135033779
44 0.09772870000000111 0.9892201370663113 0.7380255089431512
45 0.09847429999999946 0.9769204510582818 0.7340413546953045
46 0.09758860000000169 0.9672617435455322 0.77329369842029
47 0.0977376999999997 0.972217607498169 0.7846746132022044
48 0.09575810000000118 0.9739352120293512 0.7647765425385021
49 0.09994809999999887 0.9755539841122097 0.7453721624905946
50 0.09674040000000161 0.9721451335483127 0.7665615081787109
51 0.09901470000000145 0.9724166181352404 0.7754287250706406
52 0.09838410000000053 0.9775782585144043 0.7442436218261719
53 0.10035570000000149 0.9720988644493951 0.7629636076630139
54 0.09678120000000234 0.9796742810143365 0.748354145737945
55 0.09795529999999886 0.9732006072998047 0.7789598840181945
56 0.09713359999999938 0.9954812473720974 0.7422432352284916
57 0.09896439999999984 0.9743708663516575 0.7732225011606686
58 0.09900489999999706 0.9906013965606689 0.7884847922403304
59 0.09875369999999961 0.9728439648946127 0.7583287192172692
60 0.09748779999999968 1.0210669623480904 0.7134400508442863
61 0.09748069999999842 0.9918744034237332 0.7634091924448483
62 0.10052699999999959 0.9751751369900173 0.7858721779995277
63 0.09914859999999948 0.9761630747053358 0.7481585956010662
64 0.09861629999999977 0.9712639172871907 0.7666902229434154
65 0.09886840000000063 0.9711974514855279 0.7582905566106077
66 0.09804639999999765 0.9702262189653185 0.7578690950987769
67 0.09637160000000122 0.9721234851413303 0.7647036724403257
68 0.09821990000000014 0.9795587009853787 0.7446024535132236
69 0.09708630000000085 0.9753338654836019 0.7712051360333552
70 0.09854350000000167 0.9762188540564642 0.7773653561951684
71 0.09828930000000113 0.9700599458482531 0.7526180079725923
72 0.09833840000000293 0.9727592945098877 0.7471065521240234
73 0.09794090000000111 0.9764821847279866 0.7794154589293433
74 0.10018439999999984 0.9763022846645779 0.7658849935062596
75 0.09675999999999974 0.9850306087070041 0.7368305862927046
76 0.09933790000000187 0.9822783364189995 0.7313879200669585
77 0.09843880000000027 0.9901494820912679 0.8062914551281538
78 0.10450800000000271 0.9738002088334825 0.782452974163118
79 0.10283909999999707 0.9798937691582574 0.7399539634829662
80 0.10024239999999907 0.9721697171529134 0.7409408131583792
81 0.1029921999999992 0.985634634229872 0.7847217966298587
82 0.10071440000000109 0.9703640831841363 0.7760998772793128
83 0.10007799999999989 0.9700723171234131 0.7609762285576492
84 0.10249089999999939 0.9794691668616401 0.7373752124973985
85 0.10250010000000032 0.9956535180409749 0.7777214831993228
86 0.0992393000000007 0.9763683372073704 0.7427915666924149
87 0.09785420000000045 0.9715429941813151 0.7587447869973104
88 0.0955939999999984 0.9691606362660726 0.7561325792406426
89 0.09862800000000504 0.9690637005700006 0.7677414690861937
90 0.0995830999999967 0.9675656265682644 0.7634220748651223
91 0.11127179999999726 0.9677207205030653 0.7677864637531218
92 0.0985574999999983 0.9681274784935845 0.7641401603573659
93 0.09921349999999762 0.9673537360297308 0.7597842763681881
94 0.09866410000000059 0.9703399181365967 0.7420669149179928
95 0.09790680000000407 0.9742866728040908 0.7677762078457191
96 0.09822599999999682 0.9740099218156603 0.7764038023401479
97 0.09913650000000018 0.9743633535173204 0.7359478434578317
98 0.09946090000000396 0.9724609375 0.7532704775450659
99 0.0979224999999957 0.9704249011145698 0.7722439218739994
100 0.09891040000000118 0.9678339693281386 0.7663441642386014
101 0.09732840000000209 0.9725858370463053 0.7454511767528096
102 0.09672270000000083 0.970156298743354 0.7414088327376569
103 0.09826499999999783 0.9735944112141927 0.7714949435875064
104 0.09660089999999855 0.9678666379716662 0.7759567010598104
105 0.09822590000000275 0.9761380513509115 0.7467564598458712
106 0.0982430999999977 0.9658052126566569 0.7470819441998591
107 0.09985249999999724 0.9719224135080974 0.7678146205964635
108 0.0968729999999951 0.9653540505303277 0.761104802616307
109 0.09711779999999948 0.9668134689331055 0.7594951098082495
110 0.0977077999999949 0.9689389334784614 0.7500679141185322
111 0.09805579999999736 0.9638658470577663 0.7527618564543177
112 0.09886549999999517 0.9700426949395073 0.772956988850578
113 0.10019539999999694 0.9675715817345514 0.7760911378704134
114 0.09857189999999605 0.9647107124328613 0.7610971419537653
115 0.09800880000000234 0.9632385889689128 0.7568002607001633
116 0.0976600999999988 0.9660097175174289 0.7659328022941214
117 0.096865600000001 0.9668646335601807 0.7716440294609695
118 0.09910909999999973 0.9707874774932861 0.7492993620575451
119 0.0981736999999967 0.9643613868289523 0.7519555639048092
120 0.09925179999999756 0.9634962982601589 0.7512984979348104
121 0.09638809999999864 0.9678956084781223 0.7688242802854444
122 0.09698769999999968 0.9648427963256836 0.7676294514390288
123 0.09902499999999748 0.9704109456804063 0.7442625546064533
124 0.09757069999999857 0.9672958003150092 0.7449084109947329
125 0.09768940000000015 0.984785630967882 0.7755182610183465
126 0.0979859999999988 0.9667138576507568 0.7679386607936172
127 0.0983604999999983 0.9652579095628526 0.7500484341480693
128 0.09752509999999859 0.9655408912234836 0.747545383015617
129 0.09907919999999848 0.9699066162109375 0.7397281771800557
130 0.09758449999999641 0.9710717307196723 0.7719539579797964
131 0.09832229999999953 0.9661205980512831 0.7720818441422259
132 0.09861529999999874 0.9646950191921658 0.7723472470142803
133 0.09862619999999822 0.9683728853861491 0.7467836942829069
134 0.09755020000000059 0.9621804237365723 0.7479234914310643
135 0.098512300000003 0.9749016073015001 0.7712442366803278
136 0.09800189999999986 0.9664746761322022 0.7490987777709961
137 0.09775110000000353 0.9680152840084499 0.7418768992189502
138 0.09786599999999623 0.9647524462805854 0.7613796640614994
139 0.09840690000000052 0.9634276866912842 0.7640282834162477
140 0.09888920000000212 0.9623477088080512 0.7559407187289879
141 0.09686059999999941 0.9618843608432346 0.7612391925248944
142 0.09977839999999816 0.9621598190731473 0.76330189626725
143 0.09748989999999935 0.9633476946089002 0.7684140127213275
144 0.0983031999999966 0.9642406675550673 0.7550919798553967
145 0.09854949999999718 0.961514515346951 0.7620101209546699
146 0.09980960000000039 0.9619032329983181 0.7681489068953717
147 0.09759340000000094 0.9651833057403565 0.7532575638567816
148 0.09818590000000427 0.962614107131958 0.7468988543651143
149 0.0979896999999994 0.9599573029412164 0.762412118130043
150 0.09722899999999868 0.9604916943444146 0.7613774127647525
151 0.09804650000000237 0.9702590836418999 0.7801101090478115
152 0.09891729999999654 0.959702279832628 0.7720920687816182
153 0.09814060000000069 0.9598690509796143 0.7600211940827917
154 0.0977103000000028 0.9605600516001384 0.7620674508516906
155 0.09861360000000019 0.9629397551218669 0.7673116902836034
156 0.09710729999999757 0.9625268247392442 0.7576041925148885
157 0.09877380000000358 0.9613175392150879 0.7515724369736968
158 0.09797830000000118 0.962205786175198 0.7657201954575835
159 0.09750050000000243 0.9604637198978 0.7598608517255939
160 0.09797379999999833 0.9583692179785834 0.7565257275690798
161 0.09857659999999413 0.9585117128160264 0.759320399800285
162 0.09731809999999541 0.9600856516096327 0.759512698064085
163 0.09799830000000043 0.9613670137193467 0.7596314696014904
164 0.09754300000000171 0.9647184954749213 0.7516046742923924
165 0.0977416000000062 0.9614981227450901 0.7662349763463755
166 0.09889899999999585 0.9596672958797878 0.7554325197563797
167 0.09794289999999961 0.9602770858340793 0.7508788343335762
168 0.09966810000000237 0.9624730851915148 0.7709835083758245
169 0.09704330000000283 0.9601240475972493 0.7758813920568247
170 0.09822439999999943 0.9590331236521403 0.7724266990286405
171 0.09824019999999933 0.9594915866851806 0.7533381727875256
172 0.10014389999999906 0.9729058901468913 0.7704485283523309
173 0.09776839999999964 0.958087862862481 0.7614485631223584
174 0.09826489999999666 0.9645592901441786 0.7633577252997726
175 0.0979482000000047 0.9626373502943251 0.7400920430167777
176 0.09908559999999511 0.9637259483337403 0.7550103390803102
177 0.09755990000000025 0.9577152358161078 0.752921245137199
178 0.09865340000000344 0.9694746918148465 0.7358265704795962
179 0.09793810000000036 0.9689186626010471 0.7672729804867604
180 0.0979132000000007 0.9603539943695069 0.7537649654951252
181 0.09811769999999598 0.957134649488661 0.7616232105943023
182 0.0993127000000058 0.959782600402832 0.7521795835651335
183 0.09805959999999914 0.9567707538604736 0.7564265141721631
184 0.09871959999999547 0.9594900502098931 0.7572250209870885
185 0.09751599999999883 0.9583465364244249 0.7648963928222656
186 0.09739379999999898 0.9686955346001519 0.7862657953481205
187 0.09850970000000103 0.9567484113905165 0.7733542020203638
188 0.0985763999999989 0.9771587000952826 0.7378235644981509
189 0.09771479999999855 0.9639447159237332 0.7599302198066086
190 0.11516189999999682 0.9622109995947944 0.7731571041169714
191 0.09700109999999995 0.9571500778198242 0.7668804106165151
192 0.09786119999999698 0.9654902988009982 0.7424787615166336
193 0.09751419999999911 0.9653400633070204 0.7648496471467565
194 0.09973439999999556 0.9570158428615994 0.7638586857279793
195 0.09834049999999905 0.9571686426798502 0.7551728076622134
196 0.09714489999999643 0.9577519628736708 0.7593808721323483
197 0.09832800000000219 0.9568228350745307 0.7534893379836786
198 0.0971960999999979 0.9599129676818847 0.7505837581196769
199 0.09780049999999818 0.9596070554521349 0.7508297279232838
200 0.09879579999999777 0.9556922329796685 0.7562753646100153
201 0.09959609999999941 0.9566499604119195 0.7599408509301357
202 0.09768580000000071 0.9566173129611545 0.7595680893444624
203 0.09791849999999869 0.9580978022681342 0.7588529117771836
204 0.09833210000000037 0.9563356081644694 0.7643269867193504
205 0.09865789999999919 0.959260204103258 0.7651041374831903
206 0.09944140000000345 0.9621428860558404 0.7527847759059219
207 0.09950740000000025 0.9557273705800374 0.7567672416812083
208 0.09988369999999946 0.9557468944125705 0.7629529296374712
209 0.09755979999999909 0.956063609653049 0.762622911421979
210 0.0976557999999983 0.9556721475389268 0.762580855948026
211 0.09752420000000228 0.9580276595221625 0.7560765469660524
212 0.09885729999999882 0.9569771978590224 0.7552384392159884
213 0.09946949999999788 0.9605362680223253 0.767998523399478
214 0.09675950000000455 0.9580926206376817 0.7702231798015657
215 0.09924490000000219 0.9561903423733181 0.7643330527133629
216 0.09764300000000503 0.9557980325486924 0.762917377909676
217 0.09875989999999746 0.9591930813259548 0.7527477858496494
218 0.09734979999999638 0.9591340065002442 0.7642926388099546
219 0.09808319999999782 0.9587763256496853 0.77046977496538
220 0.09827759999999586 0.9595840295155843 0.7621762791617972
221 0.09977819999999582 0.9567651589711507 0.7619515403372342
222 0.09726420000000502 0.95730422867669 0.7592742794849834
223 0.09828630000000516 0.9567240238189697 0.7562852765693039
224 0.09691399999999817 0.9573580106099446 0.7642666707273389
225 0.09856349999999736 0.9608545303344727 0.7525892726710586
226 0.09856830000000372 0.9570860597822402 0.761505126953125
227 0.09826470000000143 0.9577512635125054 0.7549024019084993
228 0.09903620000000046 0.9666838539971245 0.771170412907835
229 0.09910820000000342 0.9556610955132379 0.7658442825567527
230 0.09840549999999837 0.9570429907904731 0.7566963571016906
231 0.09819509999999809 0.957608085208469 0.7551835794917873
232 0.09825049999999891 0.9593086984422472 0.7654450682343029
233 0.09978389999999848 0.9561412970225016 0.7659970580554399
234 0.09696000000000282 0.9586889372931586 0.7551961961339732
235 0.09743940000000606 0.9561372650994195 0.7598402773747679
236 0.0978880999999987 0.9556865904066297 0.7593567019603291
237 0.09883489999999995 0.9556208292643229 0.7587002457165327
238 0.0997196999999943 0.9558505058288574 0.7574848894213067
239 0.09749709999999823 0.9565892431471082 0.7542614858658587
240 0.09945350000000275 0.9559748967488607 0.7544071947942015
241 0.09661240000000504 0.9566460132598877 0.7635429882612385
242 0.09852419999999995 0.9579407003190782 0.765127776099033
243 0.09783829999999938 0.9564408779144287 0.7639343699470895
244 0.09865250000000003 0.9559082243177626 0.7612646915873543
245 0.09706849999999889 0.957480091518826 0.7656332234867284
246 0.09739479999999645 0.9577715078989665 0.76929630217005
247 0.09781080000000486 0.9554592927296957 0.7617031941648389
248 0.09727189999999553 0.9554529349009196 0.7599094422137151
249 0.09829369999999926 0.9600526120927598 0.7534227840235976
250 0.09794409999999942 0.9567901346418592 0.7558298110961914
251 0.09783159999999924 0.9555869367387559 0.7568630624989994
252 0.09775220000000218 0.9551212310791015 0.7602952112917041
253 0.09846989999999778 0.9566205342610677 0.7557051924408459
254 0.09807020000000222 0.9589855511983235 0.7653599254420547
255 0.09814360000000022 0.9609572410583496 0.7707792188300461
256 0.09804869999999966 0.9549261993832059 0.7675220301893891
257 0.09942309999999566 0.9559541013505723 0.7587065774886335
258 0.09777820000000048 0.9557579676310222 0.7578557592923524
259 0.0969745999999958 0.9566472053527832 0.7543515690037461
260 0.09808749999999833 0.9562981870439318 0.7547414185570889
261 0.09681580000000167 0.9613287660810682 0.7678167780891794
262 0.09819849999999519 0.9557429366641574 0.7611729981469326
263 0.09713190000000083 0.9593797471788195 0.7530266339661645
264 0.09771350000000467 0.9559756014082167 0.7604023823972608
265 0.09751109999999841 0.9561097198062473 0.7652264735737785
266 0.0978209000000021 0.9583508226606581 0.7580694761432585
267 0.09852180000000033 0.9606572363111708 0.7498367497178374
268 0.09691869999999625 0.955487945344713 0.7555406758042632
269 0.09768480000000324 0.9574670950571696 0.7581356392532098
270 0.09842720000000327 0.9558546596103245 0.7577184458247951
271 0.09667470000000122 0.9554428842332628 0.7661914981779505
272 0.09895129999999597 0.9566840595669217 0.7600030899047852
273 0.09854099999999733 0.9589169926113552 0.7536623126170674
274 0.0984657999999996 0.9594851122962104 0.768291145074563
275 0.09753940000000227 0.9576637374030219 0.7602691025030418
276 0.09745240000000166 0.9564298152923584 0.7686301372090324
277 0.09864420000000251 0.9554560078514946 0.769555326367988
278 0.09844179999999625 0.9557299825880262 0.7637429315535749
279 0.0988907999999995 0.9558050049675836 0.7634402572131548
280 0.0974027000000035 0.9561035950978597 0.760552062362921
281 0.09758030000000417 0.9553879472944472 0.7635010734933322
282 0.09702189999999433 0.9599632740020752 0.7523819032262583
283 0.09890760000000398 0.9573448869917128 0.7610136876340772
284 0.09882409999999453 0.9561798572540283 0.7618739487694912
285 0.09883590000000453 0.9570948971642388 0.7674359649908348
286 0.10024690000000192 0.9568288697136773 0.7692873282510726
287 0.09796169999999904 0.9545425097147624 0.7623931384477459
288 0.11762360000000172 0.9562012301550971 0.7596914572793929
289 0.09869259999999969 0.9597567293379042 0.7499876804039126
290 0.09781979999999635 0.9551105287339953 0.7552221798505939
291 0.09814749999999606 0.9561035845014784 0.7594277116118885
292 0.09635560000000254 0.9554532898796929 0.7598200313380508
293 0.09783769999999947 0.9560710959964328 0.765847565697842
294 0.09836579999999628 0.9554123878479004 0.7666187286376953
295 0.09736250000000268 0.9556784629821777 0.7675103672215196
296 0.09838470000000399 0.957675822575887 0.7640103043102827
297 0.09783149999999807 0.9561081568400065 0.7578718466836898
298 0.09871400000000108 0.9554819954766167 0.7609074702028369
299 0.0974503999999996 0.9567777156829834 0.7636497216146501
300 0.09976320000000527 0.954776234096951 0.7638383771552414
301 0.09717320000000029 0.9560614320966933 0.7597819625354204
302 0.09794730000000129 0.9553055869208442 0.7625471021308273
303 0.09785429999999451 0.957104910744561 0.7576692456104717
304 0.09850060000000127 0.9547967433929443 0.7603046542308369
305 0.09769670000000019 0.9548114352756076 0.76181908904529
306 0.09816879999999628 0.9557848453521729 0.7586406645227651
307 0.09855280000000022 0.9552466339535184 0.7584839961567863
308 0.09831720000000388 0.9548851331075032 0.7605486854178006
309 0.09811599999999743 0.9550058258904351 0.7614267067831071
310 0.0976092999999949 0.9549992455376519 0.7604565542252337
311 0.10039760000000086 0.9555037339528402 0.7585069937784163
312 0.0980904000000038 0.9553368356492784 0.7625312961515833
313 0.10018009999999578 0.9557055049472385 0.758842405725698
314 0.10651839999999879 0.9552903917100695 0.7593948489329854
315 0.10363069999999652 0.9593203968471951 0.7661479418394995
316 0.10249230000000153 0.9545889854431152 0.7649806757442287
317 0.09895970000000176 0.955269808239407 0.765738377805616
318 0.09969830000000002 0.9547790845235189 0.7622650177752386
319 0.10133939999999342 0.9553569157918295 0.7637368342915519
320 0.10080089999999586 0.9549409601423475 0.7631957882740459
321 0.09896679999999947 0.9544591479831271 0.7613096080842565
322 0.0989859000000024 0.9545039123959012 0.7608327083900327
323 0.09894319999999368 0.9549884160359701 0.7591034623443104
324 0.0993282000000022 0.954688098695543 0.7606110025624759
325 0.09827270000000254 0.9569153149922689 0.7644965062375928
326 0.09797719999999543 0.955017375946045 0.7619166139696465
327 0.09705830000000049 0.9550280200110541 0.7599740731911581
328 0.09875809999999774 0.9566999753316243 0.7634999947469743
329 0.09823440000000261 0.9549853536817763 0.760239522965228
330 0.09959479999999843 0.9548714796702067 0.7595601785378377
331 0.0988267000000036 0.9547932147979736 0.7592259391409452
332 0.1015566000000021 0.955950747595893 0.756100420091973
333 0.10323590000000138 0.9547402911716037 0.7601580385301934
334 0.10322350000000569 0.9545982360839844 0.7604321808111473
335 0.10251670000000246 0.9550595548417833 0.7586463553006532
336 0.09968959999999782 0.9545093271467421 0.758666742043417
337 0.0999795999999975 0.9555295096503363 0.7579586779484984
338 0.10199009999999475 0.9559872627258301 0.7638774934362192
339 0.10458760000000211 0.9546147717369927 0.7645284777782002
340 0.10293860000000166 0.9555771509806316 0.7607364498200964
341 0.1016994000000011 0.955248769124349 0.7608256574536933
342 0.10213020000000483 0.9550621933407254 0.7633883992179495
343 0.10049159999999802 0.9544365088144938 0.7631078938968846
344 0.10144570000000641 0.9562492476569282 0.759105275888912
345 0.10181299999999993 0.955650356080797 0.7623008352811219
346 0.10326700000000244 0.954878748787774 0.7639327283765449
347 0.09966780000000597 0.9544552591111924 0.7627865212862609
348 0.09799370000000351 0.9548125055101183 0.763879807268987
349 0.10548949999999735 0.9546288225385878 0.7609975220727139
350 0.10337520000000211 0.9574245187971328 0.7553617446148981
351 0.09780999999999551 0.9543666150834825 0.7586732614235799
352 0.09682069999999499 0.9548476219177247 0.7597199424368436
353 0.09679669999999874 0.9546801196204291 0.7600430347880379
354 0.09987609999999592 0.9577117655012343 0.7653252804865602
355 0.1011979000000025 0.9547685305277507 0.7619189434364194
356 0.10174690000000197 0.954717116885715 0.7631769492977956
357 0.10012880000000024 0.9547330432467991 0.7630109317967149
358 0.1005412000000021 0.9549260404374864 0.7614870227751185
359 0.09752519999999976 0.954560825559828 0.7625195550136878
360 0.10150730000000152 0.9551178879208035 0.7606733353411566
361 0.09824770000000171 0.9546919292873807 0.760243290760478
362 0.09973910000000075 0.9543999089135065 0.7610349811491419
363 0.10025069999999658 0.9545845455593533 0.759439124435675
364 0.10343050000000176 0.954597282409668 0.7604085265612993
365 0.10176590000000374 0.9551184919145372 0.763121135899278
366 0.09779739999999748 0.9555440690782335 0.7602491066104076
367 0.10051270000000301 0.954684681362576 0.7608119464311444
368 0.10072960000000108 0.954760111702813 0.7612843747998848
369 0.09968200000000138 0.9543303701612684 0.7615434771678486
370 0.09852289999999897 0.9551208602057563 0.7602901458740234
371 0.09822470000000294 0.955038743548923 0.7634464013771932
372 0.09995099999999724 0.9553270604875352 0.7639247863019099
373 0.09764880000000176 0.9545423454708524 0.7628332825957752
374 0.09928070000000133 0.9546256330278184 0.7608678692676982
375 0.09846019999999811 0.9547989739312066 0.7599809834214507
376 0.09824499999999858 0.9546754201253255 0.7621525311079181
377 0.0972917999999936 0.9557875156402588 0.757755983071249
378 0.09797470000000175 0.9545736471811931 0.7592114620521421
379 0.0994134000000031 0.9545053164164226 0.7608046766187324
380 0.10224720000000076 0.9575380802154541 0.7663526378694128
381 0.0989508999999984 0.954811324013604 0.7624440271346296
382 0.11317369999999727 0.9563334518008761 0.7571112523313428
383 0.10029600000000016 0.9545966837141249 0.7590984125606349
384 0.10087949999999779 0.9553546004825169 0.7599221682939373
385 0.10050290000000217 0.9543882846832276 0.7617736253582064
386 0.10046979999999905 0.9552492936452229 0.7585625101308353
387 0.09912940000000248 0.9544703960418701 0.7599726348626809
388 0.10072890000000001 0.9548787381913927 0.7584841212288278
389 0.10137780000000163 0.9542355590396457 0.7608530482307809
390 0.10009390000000451 0.9544812679290772 0.7632433312838195
391 0.09921549999999968 0.9548293749491373 0.7647089411000736
392 0.10031269999999637 0.954620181189643 0.7617518315549756
393 0.0991696000000033 0.9569233258565267 0.7574950515246782
394 0.09787730000000039 0.9548406336042616 0.7570892083840292
395 0.09733109999999812 0.9545973777770996 0.758901017611144
396 0.09957500000000152 0.9543750233120388 0.7592145732191743
397 0.10097650000000158 0.9546903981102838 0.7589351310104621
398 0.09963379999999944 0.9560140821668837 0.7650077694752178
399 0.09881720000000627 0.9550522380405002 0.7667306681148341
400 0.09733630000000204 0.9543998877207438 0.7651176296296667
401 0.09868399999999866 0.9553609424167209 0.766975293393995
402 0.09802619999999962 0.9545991526709663 0.7668559903004131
403 0.09874029999999578 0.9549424701266819 0.7633439361071978
404 0.09709159999999883 0.9542256567213271 0.7634234350235736
405 0.0969173000000012 0.9549026277330187 0.7609185234445041
406 0.09773639999999517 0.9541960451338026 0.7623709225263752
407 0.09781850000000247 0.9551725228627522 0.7600050441554336
408 0.0992870000000039 0.9545969751146105 0.7628126457089284
409 0.11680130000000588 0.954159042570326 0.7625205712240251
410 0.15274800000000255 0.954668935139974 0.7607951711435788
411 0.12267249999999308 0.9545387691921658 0.762812614440918
412 0.09752139999999088 0.954626030392117 0.7610150634265337
413 0.11432039999999688 0.9557110786437988 0.764524694348945
414 0.1006864999999948 0.9541080474853516 0.7634787481339251
415 0.11603200000000413 0.9544490814208985 0.7622921740422484
416 0.09197369999999694 0.9546251879798041 0.7631596268200483
417 0.0987508000000048 0.9544632752736409 0.7616932196695296
418 0.10367960000000664 0.9550530274709066 0.759822564046891
419 0.10341379999999845 0.9550453556908501 0.7623265219516442
420 0.10239710000000457 0.9544729709625244 0.7635547919351546
421 0.10181910000000016 0.9549541632334392 0.7605921166842101
422 0.10433309999999096 0.9544230779012044 0.7624214359971343
423 0.10459190000000262 0.9543831825256348 0.7634470580054111
424 0.10269660000000158 0.954624515109592 0.7612534820056353
425 0.1049866000000037 0.954234340455797 0.7622713026453237
426 0.10258110000000897 0.9545040236579048 0.7614707790437292
427 0.09936590000000933 0.9549822807312012 0.7592567381311636
428 0.10014539999998817 0.9547909524705674 0.75949263963543
429 0.09838100000000338 0.9544102403852674 0.7591237240150327
430 0.12138280000000634 0.9547938876681857 0.7624683067446849
431 0.09999880000000871 0.9544588036007351 0.7631533106819528
432 0.12368899999999883 0.9544343895382351 0.7615188067076636
433 0.11494410000000244 0.9542326026492649 0.7607099032792889
434 0.10796910000000537 0.9542382452223036 0.7620666066154105
435 0.099651300000005 0.9543800512949626 0.7610925299222352
436 0.09854830000000447 0.9542752742767334 0.7609296861242075
437 0.10064030000000912 0.9543564637502034 0.761672848560771
438 0.10297959999999762 0.954109541575114 0.7616513361696338
439 0.10178349999999625 0.9545957035488553 0.7605161666870117
440 0.09671080000001098 0.9544210380978054 0.7623815692839075
441 0.10542689999999766 0.9540643692016602 0.7621474344222272
442 0.1026475999999974 0.9543368710411919 0.7628766200581535
443 0.11626340000000823 0.9541438261667887 0.7627391658845495
444 0.11525290000000155 0.9546276357438829 0.7637037996385918
445 0.1007734999999883 0.9545649316575792 0.7633083687453973
446 0.10043579999999963 0.9541270097096761 0.7633660582245373
447 0.10369810000000257 0.9546904140048557 0.7626422037843799
448 0.09716530000000034 0.954677226808336 0.7599969301067415
449 0.12556829999999763 0.9546231534745958 0.7586799684118052
450 0.09661599999999737 0.9545851071675618 0.7612437732884141
451 0.09747219999999857 0.9541013876597086 0.7614710291878122
452 0.1022886000000085 0.954688999387953 0.759836775357606
453 0.1015938000000034 0.9541139761606853 0.7604241292984759
454 0.09957459999999685 0.9545123259226481 0.7612177739377881
455 0.10352120000000298 0.9545665529039171 0.7599263582073275
456 0.11228599999999744 0.9541945828331841 0.7608414634329373
457 0.10757510000000536 0.9542357709672716 0.7614328196791352
458 0.1010454999999979 0.9543214003245036 0.762694640237777
459 0.10212250000000722 0.9553468174404568 0.7596591730586818
460 0.10303109999999549 0.9546531200408935 0.7622082976044201
461 0.09806770000000142 0.9542020585801866 0.7610890904410941
462 0.10279969999999139 0.9546000162760416 0.7595034427330142
463 0.10310989999999265 0.9548371950785319 0.7614895711179639
464 0.10203669999999931 0.9543881098429362 0.7606741483094263
465 0.10236109999999599 0.9540693442026774 0.7608568629280466
466 0.10667850000000101 0.9550373554229736 0.7636540522340869
467 0.10220460000000742 0.9549902174207899 0.763693700071241
468 0.1001082000000082 0.9546743392944336 0.7644377536461001
469 0.09748650000000225 0.9555041948954265 0.7601293970326908
470 0.10175879999999893 0.9542005274030897 0.7609746651571305
471 0.10163239999999973 0.9540277481079101 0.7614658386980901
472 0.10655640000000233 0.954440238740709 0.7609153966434666
473 0.10340180000000032 0.9543061892191569 0.7600156283769451
474 0.10116759999999658 0.9544683191511366 0.7619309034503874
475 0.09670619999999985 0.9546950817108154 0.763740351942719
476 0.09872149999999635 0.9541387187110053 0.7631875178853019
477 0.09868830000000628 0.9541384114159478 0.7621317535150246
478 0.10226649999999893 0.9542094124688043 0.7615171182351034
479 0.10060479999999927 0.9544166829850939 0.762957182086882
480 0.10061039999999366 0.9542363113827176 0.7609217127815622
481 0.101651099999998 0.9547890769110785 0.7588854461419777
482 0.10223410000000399 0.9540204101138645 0.7599680071971455
483 0.1005126999999959 0.9540736834208171 0.7597326216150503
484 0.10323280000000068 0.9545373916625977 0.7602984787987881
485 0.10041929999999866 0.953961886299981 0.7603791346315478
486 0.09927910000000395 0.9545221858554416 0.7623806312435963
487 0.10214120000000548 0.9544140444861517 0.7608787349013032
488 0.09947929999999872 0.9555980894300673 0.758338990758677
489 0.09911789999999598 0.9542299376593696 0.7596506056238393
490 0.0999920000000003 0.9544107913970947 0.762127266555536
491 0.10021419999999637 0.9540668169657389 0.7619696601492459
492 0.09947650000000863 0.9542635440826416 0.7632797272478948
493 0.10060390000001007 0.9543528927697076 0.7618821253542041
494 0.09823670000000106 0.9550517665015327 0.7606154426199491
495 0.10007769999999994 0.9540763590070936 0.761496856564381
496 0.10044969999999864 0.9542719576093885 0.7623684210855453
497 0.0997955999999931 0.9543635421329074 0.7624451840510134
498 0.10186689999999032 0.9549284882015652 0.7598402461067575
499 0.10360290000001271 0.9543871614668105 0.7591603701231909
Traceback (most recent call last):
  File "C:\Users\sinap\Documents\github\XNO\hilbert_2d\simple_2d.py", line 327, in <module>
    torch.save(model, "/central/groups/tensorlab/khassibi/fourier_neural_operator/outputs/planes_3x4_patch")
  File "C:\Users\sinap\Documents\github\XNO\.venv\lib\site-packages\torch\serialization.py", line 849, 
in save
    with _open_zipfile_writer(f) as opened_zipfile:
  File "C:\Users\sinap\Documents\github\XNO\.venv\lib\site-packages\torch\serialization.py", line 716, 
in _open_zipfile_writer
    return container(name_or_buffer)
  File "C:\Users\sinap\Documents\github\XNO\.venv\lib\site-packages\torch\serialization.py", line 687, 
in __init__
    super().__init__(torch._C.PyTorchFileWriter(self.name))
RuntimeError: Parent directory /central/groups/tensorlab/khassibi/fourier_neural_operator/outputs does 
not exist.
(.venv) PS C:\Users\sinap\Documents\github\XNO\hilbert_2d> 