9.146260666847229714e+00
9.245219683647155406e+00
9.138075876235962625e+00
9.164041709899901633e+00
9.087267684936524148e+00
9.055156111717224121e+00
8.997038173675537820e+00
8.928046250343323109e+00
8.912527465820312855e+00
8.905184268951416016e+00
8.911262106895446067e+00
8.845831394195556641e+00
8.824635934829711204e+00
8.780946636199951527e+00
8.727150440216064453e+00
8.701244926452636363e+00
8.653166133165360208e+00
8.606090138852596994e+00
8.570527309179306386e+00
8.558918094635009410e+00
8.558245277404784801e+00
8.551383924484252219e+00
8.557999873161316273e+00
8.557588717341422679e+00
8.539904499053955433e+00
8.539064168930053711e+00
8.540201330184936879e+00
8.555764102935791371e+00
8.557888817787169700e+00
8.548193979263306375e+00
8.569447898864746449e+00
8.587465640902518516e+00
8.580533647537231801e+00
8.588649082183838601e+00
8.604357147216797230e+00
8.588911128044127707e+00
8.594689655303955789e+00
8.604869413375855203e+00
8.601832389831542969e+00
8.607171344757080789e+00
8.601837214827536826e+00
8.609526515007019043e+00
8.605225133895874734e+00
8.575547122955322621e+00
8.591840056702494621e+00
8.600051403045654297e+00
8.583549836836755986e+00
8.582053613662719016e+00
8.583701086044310813e+00
8.565326142311096902e+00
8.572972726821898704e+00
8.573187804222106578e+00
8.564812886714936013e+00
8.548264884948730824e+00
8.539099520444869640e+00
8.545809268951416016e+00
8.552951049804686789e+00
8.541520643234253640e+00
8.545118713378906605e+00
8.554442071914673207e+00
8.522688436508179421e+00
8.524639591574668884e+00
8.532796144485473633e+00
8.539143455028533225e+00
8.529471588134764914e+00
8.519251215457916970e+00
8.500152766704559326e+00
8.512176275253295898e+00
8.558648824691772461e+00
8.533248043060302379e+00
8.488435292243957875e+00
8.506523361802100780e+00
8.522746944427490590e+00
8.527196025848388317e+00
8.516401767730712891e+00
8.510981273651122336e+00
8.500556421279906516e+00
8.488958692550658824e+00
8.485264635086059215e+00
8.480823707580565696e+00
8.481873416900635121e+00
8.482487201690673828e+00
8.468769359588623757e+00
8.480518436431884410e+00
8.465136598050595040e+00
8.451833224296569469e+00
8.494500398635864258e+00
8.466498374938964844e+00
8.465073141455651040e+00
8.462550890445708518e+00
8.455913245677947998e+00
8.457202863693236594e+00
8.465158748626709695e+00
8.458411312103271129e+00
8.459962654113770242e+00
8.477311837673187966e+00
8.472413349151612039e+00
8.469077968597412465e+00
8.467301785945892334e+00
8.461524844169616699e+00
8.443005251884461160e+00
8.445520591735839133e+00
8.450006580352782848e+00
8.450489282608032227e+00
8.450716876983642933e+00
8.440979456715286489e+00
8.433955223485828157e+00
8.431480979919433238e+00
8.441847181320190074e+00
8.434947490692138672e+00
8.430462412536144257e+00
8.440961266169324517e+00
8.435652136802673340e+00
8.425536526739596965e+00
8.424191617965698597e+00
8.429264521598815563e+00
8.424592398991809006e+00
8.424149608612060192e+00
8.413243961334227805e+00
8.422216975688934681e+00
8.412942753732204793e+00
8.422393035888671164e+00
8.418075275421141868e+00
8.419023435562849045e+00
8.417629025876522064e+00
8.421788525581359153e+00
8.410163164138793945e+00
8.417027354240417480e+00
8.413373708724975586e+00
8.408913183212280984e+00
8.408581686019896750e+00
8.412989938259125111e+00
8.430461250245571136e+00
8.407819318771363015e+00
8.400513172149658203e+00
8.405412197113037109e+00
8.400450611114502308e+00
8.402302861213684082e+00
8.394603597931563854e+00
8.404369926452636363e+00
8.393020868301391602e+00
8.396768379211426492e+00
8.401450665108859184e+00
8.392388510704041238e+00
8.392930507659912109e+00
8.396867187321186421e+00
8.392750644683838246e+00
8.392151784896849875e+00
8.389187502861023660e+00
8.383365869522094727e+00
8.390133190155030007e+00
8.382269120216369274e+00
8.379441261291503906e+00
8.380970525741577859e+00
8.377828454971313121e+00
8.385362696647643332e+00
8.374567019194364192e+00
8.370849740505217795e+00
8.377732975222169642e+00
8.385253024101256614e+00
8.365600037574768777e+00
8.376154994964599254e+00
8.359351480007171986e+00
8.372739839553833718e+00
8.381097173690795543e+00
8.373541164398194070e+00
8.371446637809276226e+00
8.363550412654877420e+00
8.372245740890502219e+00
8.364075589179993386e+00
8.365934514999390004e+00
8.364061149954796548e+00
8.366606879234314675e+00
8.366262698173523304e+00
8.367425394058226829e+00
8.353672885894775746e+00
8.363096003234385734e+00
8.359723043441771750e+00
8.371513843536376953e+00
8.362200510501860862e+00
8.341894602775573375e+00
8.360114955902099965e+00
8.352487667358946766e+00
8.368828856945038197e+00
8.360698747634888406e+00
8.346842730045318959e+00
8.351926994323729758e+00
8.363007354736328836e+00
8.348321700096130726e+00
8.354706954956053977e+00
8.358139991760253906e+00
8.348165108636020904e+00
8.350279927253723145e+00
8.346335220336914773e+00
8.352191781997680309e+00
8.353259468078613637e+00
8.359445333480834961e+00
8.348533713817596791e+00
8.345824623107910512e+00
8.343670773506165261e+00
8.342630481719970348e+00
8.342970323562621360e+00
8.345465564727783558e+00
8.343423080444335227e+00
8.343113148212433217e+00
8.342176053673028946e+00
8.344552860409020667e+00
8.347948265075682883e+00
8.340725612640380149e+00
8.338975763320922496e+00
8.341566300392150524e+00
8.339468169212342019e+00
8.335147762298584340e+00
8.336116313934326172e+00
8.329712963104247692e+00
8.335425646044313908e+00
8.332401847839355113e+00
8.334730029106140137e+00
8.335069561004639027e+00
8.332733273506164551e+00
8.332542037963866832e+00
8.333506356272845750e+00
8.334712314605713601e+00
8.335866641998290305e+00
8.326374292373657227e+00
8.329201841354370472e+00
8.325407506056944129e+00
8.323550061881542561e+00
8.325699329376220703e+00
8.327738571166992898e+00
8.329228913784026744e+00
8.326200020313262229e+00
8.323713827133179421e+00
8.323268938064575906e+00
8.321562719345092063e+00
8.321691513061523438e+00
8.323189140297472477e+00
8.317789316177368164e+00
8.321781980991364236e+00
8.322099602222442272e+00
8.321077966690063832e+00
8.320678997039795632e+00
8.311304020881653543e+00
8.323531472682953236e+00
8.316451346874236705e+00
8.318792366981506703e+00
8.313115516304970143e+00
8.311611890792846680e+00
8.310732425749302266e+00
8.312510967254638672e+00
8.304832993447780254e+00
8.310874862968921306e+00
8.308925437927246804e+00
8.307154607772826438e+00
8.308205509185791371e+00
8.307386827468871360e+00
8.300650024414062855e+00
8.311263275146483664e+00
8.306763315200806019e+00
8.308123874664307351e+00
8.300164937973022461e+00
8.306252181529998779e+00
8.295187091827392223e+00
8.309076499938964133e+00
8.296042191982269998e+00
8.311138725280761363e+00
8.302460861206053977e+00
8.292854595184326882e+00
8.311140632629394176e+00
8.296467924118042347e+00
8.304705002531409974e+00
8.296753149852156284e+00
8.300381141901016946e+00
8.294066238403321023e+00
8.303785991668700461e+00
8.294093608856201172e+00
8.300243890285491588e+00
8.293827581405640359e+00
8.302362728118897195e+00
8.294613456726073863e+00
8.295183658599853516e+00
8.294655442237854004e+00
8.296673476696014404e+00
8.291849040985107777e+00
8.293849658966063743e+00
8.290032291412353871e+00
8.286345815658568981e+00
8.289150259271263366e+00
8.287558036297559383e+00
8.296189880371093395e+00
8.281406450271607156e+00
8.285476047545671463e+00
8.289319133758544567e+00
8.287338399887085316e+00
8.284615612030028942e+00
8.283324323594570160e+00
8.283268165588378196e+00
8.288849043846131082e+00
8.285246014595031738e+00
8.282696914672850852e+00
8.285820102691650035e+00
8.278580129146575928e+00
8.280177569389342906e+00
8.281024515628814697e+00
8.278915729373693466e+00
8.280193805694580078e+00
8.276608436182140593e+00
8.276808738708496094e+00
8.276760606467723491e+00
8.277561736106871848e+00
8.278224086761474254e+00
8.276829612255095725e+00
8.275142765045165660e+00
8.275211247801781411e+00
8.275370693206786754e+00
8.274682021141051891e+00
8.273589515686035512e+00
8.274890375137328391e+00
8.269688141345977073e+00
8.270818853378296254e+00
8.275475597381591442e+00
8.272236680984496715e+00
8.270791101455689187e+00
8.268423271179198508e+00
8.267437022633384203e+00
8.274362343177198653e+00
8.268197488784789329e+00
8.269602394104003551e+00
8.267174608260393853e+00
8.267996406555175426e+00
8.268506240844725852e+00
8.266765557229518890e+00
8.267936086654662731e+00
8.267638158798217063e+00
8.266652488708496449e+00
8.264471578598023171e+00
8.263790178298950906e+00
8.263412293791770225e+00
8.265065073966979980e+00
8.259804183244705555e+00
8.262601280212402699e+00
8.264775896072388051e+00
8.262517833709717152e+00
8.260895919799803977e+00
8.260500144958495383e+00
8.258329987525939941e+00
8.259844255447386985e+00
8.259780453145504353e+00
8.258371925354003551e+00
8.257394957542420144e+00
8.256944561004639027e+00
8.257187493145465851e+00
8.253899347782134299e+00
8.256218767166137340e+00
8.256754636764526367e+00
8.254569101333618875e+00
8.251672607660292869e+00
8.253419089317322488e+00
8.254729986190795898e+00
8.253247690200804954e+00
8.251969957351684926e+00
8.252446842193602805e+00
8.251774065569042804e+00
8.250076007843016868e+00
8.251173162460327504e+00
8.250549435615539551e+00
8.250427675247191672e+00
8.248250770568848367e+00
8.247457695007323508e+00
8.246207273006438854e+00
8.246643018722533469e+00
8.245401525497436879e+00
8.246283817291260476e+00
8.247844748548232019e+00
8.244402599334716086e+00
8.242341780662536976e+00
8.243504472076892853e+00
8.243068933486938477e+00
8.242863178253173828e+00
8.242625427246093039e+00
8.242777919769286754e+00
8.239533197693527100e+00
8.240607452392577414e+00
8.239603710174559836e+00
8.238841485977172141e+00
8.238897514343261008e+00
8.237843585014342551e+00
8.237007904052735086e+00
8.236293554306030273e+00
8.234916305541991832e+00
8.234497117996216531e+00
8.235893440246581321e+00
8.232444334030152078e+00
8.231141662597655895e+00
8.234558277716860886e+00
8.234077984839677455e+00
8.232790445251158218e+00
8.230949950218199973e+00
8.231145235616713407e+00
8.233559656143189187e+00
8.231959867477417703e+00
8.231464433670044656e+00
8.229446113109588623e+00
8.229838369041681645e+00
8.228446127474308369e+00
8.229238080978394265e+00
8.228626608848571777e+00
8.228981661796570535e+00
8.227388887107371929e+00
8.224930512905121560e+00
8.227915549278259633e+00
8.226286499015987630e+00
8.225974353216589208e+00
8.226023727282882447e+00
8.225179421901703591e+00
8.225410477258265018e+00
8.224582672119140625e+00
8.224954104423522594e+00
8.224687147140503640e+00
8.225120019912719016e+00
8.223567223548888805e+00
8.223572879098355770e+00
8.222824192047118785e+00
8.223130068928004022e+00
8.222611652314663289e+00
8.221506294002756121e+00
8.221907615661621094e+00
8.220966792106628063e+00
8.220876598358154652e+00
8.220031813613605465e+00
8.221394541859627481e+00
8.219592428207397106e+00
8.218826675415039418e+00
8.219515514373778586e+00
8.218493556976318004e+00
8.220939803123474832e+00
8.217134618759155629e+00
8.217468118667602184e+00
8.219048881530762074e+00
8.218007564544677734e+00
8.217916917800902610e+00
8.217269515991210582e+00
8.215269076824188943e+00
8.216691756248474476e+00
8.215177535638213513e+00
8.214017868041992188e+00
8.215807366371155496e+00
8.214890384674072621e+00
8.215122222900390625e+00
8.214594215829857049e+00
8.217339432239532115e+00
8.211543798446655273e+00
8.214076328277588601e+00
8.210512828826903586e+00
8.212652641721069458e+00
8.211635112762451172e+00
8.212156963348387961e+00
8.210170841217040660e+00
8.212791132926941629e+00
8.210766597092151287e+00
8.209715747833252308e+00
8.210463180532679317e+00
8.209302949905396218e+00
8.209908342361449840e+00
8.209721755981444602e+00
8.208288812637329457e+00
8.208512718672864139e+00
8.208738374710083718e+00
8.208131885528564098e+00
8.208415508270263672e+00
8.208656358718872781e+00
8.207183074951171164e+00
8.206104266643524880e+00
8.204697036743164418e+00
8.206012827157973533e+00
8.203797435760497692e+00
8.203622841835022328e+00
8.205649185180664773e+00
8.202279543876647594e+00
8.204986763000487571e+00
8.203012895584105735e+00
8.203931164741515403e+00
8.201747894287109375e+00
8.202632308006286621e+00
8.201565456390380149e+00
8.203857946395874734e+00
8.200566768646240234e+00
8.199737262725829368e+00
8.200516104698181152e+00
8.199720609188080545e+00
8.200480413436888938e+00
8.199082279205322621e+00
8.198269176483155007e+00
8.198405170440674183e+00
8.199690437316894176e+00
8.196695744991302490e+00
8.200605678558350320e+00
8.198620128631592507e+00
8.195876741409302113e+00
8.197048634290695190e+00
8.193849682807922363e+00
8.197305440902709961e+00
8.194904461503028870e+00
8.196065139770507102e+00
8.194942712783813477e+00
8.195366229116917367e+00
8.195885848207399960e+00
8.195003604888915660e+00
8.196117496490478160e+00
8.193675136566161754e+00
8.195732593536376953e+00
8.192426729202271218e+00
8.194483757019042969e+00
8.192622722312808747e+00
8.195364522933960671e+00
8.192877221107483621e+00
8.193928983807563071e+00
8.191613745689391379e+00
8.192589092254639382e+00
8.192594082653522847e+00
8.192195034027099254e+00
8.193154478073120472e+00
8.191430439986287837e+00
8.192280864715575817e+00
8.191324234008789062e+00
8.191299724578858132e+00
8.190922212600707297e+00
8.190683257579802756e+00
8.190790796279907582e+00
8.190887670218945260e+00
8.189807302132248168e+00
8.191543865203858132e+00
8.188600397109984996e+00
8.191275072097777610e+00
8.189256119728089089e+00
8.189777088165282493e+00
8.188451409339904785e+00
8.190058898925780539e+00
8.188664576411246898e+00
8.189150977134705300e+00
8.188567996025085449e+00
8.188772034645079856e+00
8.187807273864745383e+00
8.187737417221068625e+00
8.187235048227012868e+00
8.188473129272461293e+00
8.186770057678222301e+00
8.187600791454315186e+00
8.185924506187438610e+00
8.186390209197998757e+00
8.186514854431152344e+00
8.186266469955445046e+00
8.185772951692342758e+00
8.186860513687133079e+00
8.184277153015136363e+00
8.186104249954222922e+00
8.185190725326538796e+00
8.185143232345581055e+00
8.185001277923584340e+00
8.184538651630282047e+00
8.184735083580017445e+00
8.184250223636627908e+00
8.183574955165386910e+00
8.183790421485900524e+00
8.183512163162230735e+00
8.183640909194945579e+00
8.182959079742431641e+00
8.182227802276610618e+00
8.182857608795165660e+00
8.182807898521422985e+00
8.183091306686401722e+00
8.181553149223327992e+00
8.181950855255127664e+00
8.181752109527588246e+00
8.180525541305541992e+00
8.181902742385863903e+00
8.180757784843445179e+00
8.180857372283934836e+00
8.180000364780426025e+00
8.180401706695556996e+00
8.179856371879576926e+00
8.180305337905883434e+00
8.179571512341500039e+00
8.179809584806207567e+00
8.178655719757079723e+00
8.179539464414119720e+00
8.178421497344970703e+00
8.178474831581116433e+00
8.177392578124999645e+00
8.178875923156738281e+00
8.177425765991211293e+00
8.177936935424805043e+00
8.176585340499878285e+00
8.176891803741455078e+00
8.177211380004882457e+00
8.176389551162719371e+00
8.177492570877074485e+00
8.175383615493775125e+00
8.177076339721679688e+00
8.174916076660156961e+00
8.176801198604517040e+00
8.176437175273894908e+00
8.175003385543822887e+00
8.175627803802489879e+00
8.175355148315428977e+00
8.175404167175292613e+00
8.175205898284911399e+00
8.174551200866698508e+00
8.176809620857238059e+00
8.174839949607848766e+00
8.174862909317017312e+00
8.175267410278319602e+00
8.174160194396971946e+00
8.174449825286865590e+00
8.174586677551269887e+00
8.174057435989379172e+00
8.174178504943848012e+00
8.174133062362670898e+00
8.173132514953612926e+00
8.174281817674636130e+00
8.173800325393676403e+00
8.172656634263693931e+00
8.174053192138671875e+00
8.173095278441905975e+00
8.172466778755188344e+00
8.173237116029486771e+00
8.172782897949218750e+00
8.173144781589508412e+00
8.172765231132506969e+00
8.172550070285797830e+00
8.172282361984253285e+00
8.172623491287231090e+00
8.171876621246337180e+00
8.172377777099608664e+00
8.172133541107177379e+00
8.172038125991822000e+00
8.171973586082458496e+00
8.171406364440917613e+00
8.171869993209838867e+00
8.171342515945434926e+00
8.170916293829213473e+00
8.171160721778869984e+00
8.171050786972045898e+00
8.170978080853819492e+00
8.170930707454681752e+00
8.171444058418273926e+00
8.170244932174682617e+00
8.170266819000243430e+00
8.170374870300292969e+00
8.169630515575409646e+00
8.170419120788574574e+00
8.170543384552001243e+00
8.169110870361327770e+00
8.169945430755614524e+00
8.169728088378906961e+00
8.169192810356616263e+00
8.169449043273925071e+00
8.169639086723327281e+00
8.169056200981140492e+00
8.168474388122557883e+00
8.168979024887084606e+00
8.168826484680176137e+00
8.168616008758544211e+00
8.168184232711791282e+00
8.168324398994446511e+00
8.168380969390273805e+00
8.168048638850450516e+00
8.167998123168946023e+00
8.167855477333068492e+00
8.167579460144043679e+00
8.167408466339111328e+00
8.167515828460455651e+00
8.168034839630127664e+00
8.167160226742272044e+00
8.167823524633423204e+00
8.167221570014953969e+00
8.166457343101502175e+00
8.166659736633301137e+00
8.166669213771820424e+00
8.166311740875244141e+00
8.166884194314480538e+00
8.165824604034423118e+00
8.166303777694702504e+00
8.166092777252197621e+00
8.165810203552245738e+00
8.166455221176146750e+00
8.165663099288940074e+00
8.165610575675964711e+00
8.165320257842541452e+00
8.165654192864895577e+00
8.165245175361633301e+00
8.164744234085082653e+00
8.165227079391479847e+00
8.165211009979248757e+00
8.164562511444092507e+00
8.164309287071228383e+00
8.163888955116272328e+00
8.164655399322509055e+00
8.164065551757811789e+00
8.164539313316344860e+00
8.163630247116088867e+00
8.163719987869262340e+00
8.163816590607165580e+00
8.164180326461792703e+00
8.163281440734863281e+00
8.163261222839356179e+00
8.163650369644164684e+00
8.163552916049956920e+00
8.163081598281859641e+00
8.163395714759825950e+00
8.163518078625202179e+00
8.162932211160660145e+00
8.162664222717285867e+00
8.163696694374085183e+00
8.163287258148193004e+00
8.162969815731049295e+00
8.163185882568360086e+00
8.162555804848670604e+00
8.162392592430114391e+00
8.162673941720276716e+00
8.162739358842372894e+00
8.162488436698913219e+00
8.162858247931580991e+00
8.162201552935584914e+00
8.161785125732421875e+00
8.162789821624755859e+00
8.162667489051818492e+00
8.162114191055298562e+00
8.162318134307861683e+00
8.162188053131103516e+00
8.161950063705443625e+00
8.161476612091064453e+00
8.162141609191895242e+00
8.162428254447878118e+00
8.161230855807662721e+00
8.161403179168701172e+00
8.161728400550781970e+00
8.161251090466976166e+00
8.161175394058227894e+00
8.161446559429169412e+00
8.161284160614012961e+00
8.160936594009399414e+00
8.161400222778320668e+00
8.161346936225891469e+00
8.160709321498870850e+00
8.160966634750366211e+00
8.161150478199123981e+00
8.160852050781249645e+00
8.160834816843271611e+00
8.160447692871093395e+00
8.160737514495849609e+00
8.160657315421849134e+00
8.160481309890746715e+00
8.160310077667237039e+00
8.160285520553589578e+00
8.160173337161541696e+00
8.160430145263671164e+00
8.159850215911864879e+00
8.159787583351135964e+00
8.160332372080301155e+00
8.160395812988280539e+00
8.159867238998412375e+00
8.159574222564696555e+00
8.159859371185302024e+00
8.159397172927857156e+00
8.159825420379638317e+00
8.159896278381348012e+00
8.159119582176208141e+00
8.159132385253906605e+00
8.159968519210815785e+00
8.159085464477538352e+00
8.158836650848389382e+00
8.159628987312316895e+00
8.159395742416382546e+00
8.158468246459960938e+00
8.159153127670288441e+00
8.159203004837035422e+00
8.158558416366577859e+00
8.158349180221557972e+00
8.158741631312295794e+00
8.158761310577393289e+00
8.158349919319153543e+00
8.158260446786879783e+00
8.158191680908203125e+00
8.158241558074951882e+00
8.157906126976012473e+00
8.158430814743041992e+00
8.158271312713623047e+00
8.157849168777465465e+00
8.158269628323614242e+00
8.158150881994515657e+00
8.157505922019481659e+00
8.158044624328613992e+00
8.157469844818114879e+00
8.157679307460785623e+00
8.157535028457640891e+00
8.157431793212889914e+00
8.157441425323487039e+00
8.157111358642577414e+00
8.157350730895995383e+00
8.157356643676758168e+00
8.157195038534700515e+00
8.157108330726623890e+00
8.157116031646728160e+00
8.157128711044787650e+00
8.157104182243347879e+00
8.157122564315795188e+00
8.156970953941344860e+00
8.157073593139648082e+00
8.157000231742859597e+00
8.156835460662842152e+00
8.156957674026489968e+00
8.156807172298432107e+00
8.156666755676269531e+00
8.156580114364624379e+00
8.156696391105651145e+00
8.156674600299448130e+00
8.156588315963745117e+00
8.156538009643554688e+00
8.156512355804443004e+00
8.156783857941627858e+00
8.156408870220184681e+00
8.156285095214844461e+00
8.156218814849854226e+00
8.156183981895447133e+00
8.156390190124511719e+00
8.156428718566894887e+00
8.156331792031414452e+00
8.156032037734984641e+00
8.156201744079590199e+00
8.156328582763672230e+00
8.156214952468872070e+00
8.155844593048096058e+00
8.155828952789306641e+00
8.156008970737456565e+00
8.156143593788147683e+00
8.156097292900085449e+00
8.155829115211963298e+00
8.155590152740478160e+00
8.155654335021973012e+00
8.155795502662659402e+00
8.155930757522583008e+00
8.155746030807495828e+00
8.155532164871692302e+00
8.155621051788330078e+00
8.155783176422119141e+00
8.155427038669586182e+00
8.155311226844787598e+00
8.155623066425324197e+00
8.155475187301636453e+00
8.155553388595581765e+00
8.155370140075683949e+00
8.155142400041222928e+00
8.155441060662269592e+00
8.155395998060702922e+00
8.155223083496093039e+00
8.154963898658753152e+00
8.154983854293822887e+00
8.155122852325439098e+00
8.155135536193848012e+00
8.154879128932952526e+00
8.154833745956420188e+00
8.154931831359863992e+00
8.154914134368301148e+00
8.154962778091430664e+00
8.154734086990355735e+00
8.154803657531738637e+00
8.154856115952133777e+00
8.154694370459765196e+00
8.154674053192138672e+00
8.154615490138530376e+00
8.154496192932128906e+00
8.154652738571167347e+00
8.154519891738891246e+00
8.154360866546630504e+00
8.154542146297171001e+00
8.154596817493438010e+00
8.154450929164886119e+00
8.154126644134521484e+00
8.154160265112295747e+00
8.154295397177339311e+00
8.154120302200317028e+00
8.154368400573730469e+00
8.154319667816162465e+00
8.154095792770386097e+00
8.153989362716675515e+00
8.153828692436217551e+00
8.153863906860351562e+00
8.154040885274298489e+00
8.154259014129639382e+00
8.153814792633056641e+00
8.153753805160523171e+00
8.153818178176880593e+00
8.153892183303833363e+00
8.153815078735352273e+00
8.153639864921569114e+00
8.153492903709411266e+00
8.153725528717041371e+00
8.153695368766785023e+00
8.153540706634521129e+00
8.153430366516113637e+00
8.153283882141113992e+00
8.153501934185623412e+00
8.153630447387694602e+00
8.153509140014648438e+00
8.153279685974121449e+00
8.153231048583984730e+00
8.153228235244750266e+00
8.153294587135315297e+00
8.153375244140624645e+00
8.153518581390381215e+00
8.153307056427001598e+00
8.153115940093993430e+00
8.153043933492153172e+00
8.153259086608887429e+00
8.153232002258301137e+00
8.153265762329102273e+00
8.153200864791870117e+00
8.153166379034519906e+00
8.153170666843653436e+00
8.153115844726562145e+00
8.153083419799804332e+00
8.153028106689452770e+00
8.153071594238280539e+00
8.153051947383209708e+00
8.153038024902343750e+00
8.152983951568604226e+00
8.152808427810668945e+00
8.152841866016387939e+00
8.153073883056640270e+00
8.153098964691162465e+00
8.152906608581542258e+00
8.152904510498046875e+00
8.153020191192627664e+00
8.152838850021362660e+00
8.152756500244141336e+00
8.152820229530334473e+00
8.152757596969603782e+00
8.152657127380370738e+00
8.152771543711423874e+00
8.152836133539675956e+00
8.152797210216522927e+00
8.152670574188231711e+00
8.152639770507812855e+00
8.152441692352294211e+00
8.152750015258789062e+00
8.152737474441527965e+00
8.152664756774901988e+00
8.152551388740539196e+00
8.152490615844726562e+00
8.152540922164916992e+00
8.152422928810119984e+00
8.152410267014056799e+00
8.152469348907469993e+00
8.152325725555419567e+00
8.152333259582519531e+00
8.152459621429443359e+00
8.152413296699524636e+00
8.152253544330596569e+00
8.152315139770507812e+00
8.152397463005035760e+00
8.152392148971557617e+00
8.152231311798095348e+00
8.152070471644401906e+00
8.152254016697407124e+00
8.152283239364624734e+00
8.152197647094727273e+00
8.152190518379210715e+00
8.152229702472686412e+00
8.152179813385009410e+00
8.152052736282348278e+00
8.152137893438339944e+00
8.152184581942856667e+00
8.152099025249480491e+00
8.152013087272644398e+00
8.151948332786560059e+00
8.151946258544921164e+00
8.151964187622070312e+00
8.151882457733155007e+00
8.151790094375609641e+00
8.151777362823485973e+00
8.151856756210326793e+00
8.151962493360041861e+00
8.151830101013183949e+00
8.151615905761719461e+00
8.151716995239258523e+00
8.151890743896364810e+00
8.151855325698852184e+00
8.151651382446289062e+00
8.151704670488834736e+00
8.151719474792480824e+00
8.151695132255554199e+00
8.151603841781616566e+00
8.151590538024901633e+00
8.151600956916809082e+00
8.151665782928466442e+00
8.151683485507964733e+00
8.151647329330444336e+00
8.151517391204833984e+00
8.151329565048218484e+00
8.151316738128661754e+00
8.151424980163573863e+00
8.151519441604614613e+00
8.151481008529662731e+00
8.151531076431274059e+00
8.151469221711158397e+00
8.151399803161620383e+00
8.151412820816039684e+00
8.151473331451416726e+00
8.151478278636933084e+00
8.151422274112700705e+00
8.151300810527754237e+00
8.151238632202147727e+00
8.151284360885620472e+00
8.151376843452453613e+00
8.151380825042725320e+00
8.151328277587889914e+00
8.151296329498290305e+00
8.151306724548339488e+00
8.151288384199142811e+00
8.151288151741027832e+00
8.151223397254943492e+00
8.151215887069701793e+00
8.151202164590358734e+00
8.151222324371337535e+00
8.151235389709473367e+00
8.151234841346740367e+00
8.151202273368834739e+00
8.151184129714966531e+00
8.151186263561248424e+00
8.151180934906005149e+00
8.151141309738159535e+00
8.151144933700560813e+00
8.151122242212295532e+00
8.151076793670654297e+00
8.151083827018737793e+00
8.151116847991943359e+00
8.151118159294128418e+00
8.151118087768555398e+00
8.151110458374024148e+00
8.151131629943847656e+00
8.151086997985839133e+00
8.151039314270018821e+00
8.151033115386962180e+00
8.151012206077576039e+00
8.150935029983520153e+00
8.150985622406006215e+00
8.151000136137009022e+00
8.150970363616943715e+00
8.150952041149139404e+00
8.150966852018608932e+00
8.150951194763184304e+00
8.150949192047118430e+00
8.150950717926026101e+00
8.150917792320251820e+00
8.150890286266804452e+00
8.150907802581787820e+00
8.150888633728026633e+00
8.150928521156311390e+00
8.150890207290649059e+00
8.150827261805535073e+00
8.150814275443554635e+00
8.150898075103759410e+00
8.150916627014520799e+00
8.150853576697409508e+00
8.150787353515625000e+00
8.150710141658782604e+00
8.150694084167479758e+00
8.150775015354156494e+00
8.150779867172241566e+00
8.150765466690064187e+00
8.150721216201782582e+00
8.150735950469970348e+00
8.150697314739227650e+00
8.150656127929687855e+00
8.150657701492310281e+00
8.150643110275268555e+00
8.150638958811759593e+00
8.150679397583008523e+00
8.150740289688110707e+00
8.150669908523559215e+00
8.150629425048828480e+00
8.150658416748047586e+00
8.150645333155988936e+00
8.150661206245422008e+00
8.150617551803588157e+00
8.150512886047362571e+00
8.150505256652831321e+00
8.150596427917481179e+00
8.150607061386107688e+00
8.150547845754772425e+00
8.150480508804321289e+00
8.150455093383788707e+00
8.150482511520385387e+00
8.150429332256317494e+00
8.150389313697814941e+00
8.150566533207893372e+00
8.150588063895702007e+00
8.150496625900268910e+00
8.150425601005554910e+00
8.150391101837158203e+00
8.150392055511474609e+00
8.150425612181425805e+00
8.150395631790161133e+00
8.150407826900481822e+00
8.150438094139099476e+00
8.150433158874511363e+00
8.150418090820313211e+00
8.150402741786091809e+00
8.150388979911804554e+00
8.150366793572903390e+00
8.150357258319854026e+00
8.150359058380127308e+00
8.150361490249633079e+00
8.150355362892151234e+00
8.150339746475220082e+00
8.150339531898499246e+00
8.150315666198730824e+00
8.150328850746154430e+00
8.150330042839049938e+00
8.150320816040039773e+00
8.150333786010742543e+00
8.150321292877197976e+00
8.150265979766846414e+00
8.150265550613402965e+00
8.150299978256224875e+00
8.150273942947388051e+00
8.150256347656249289e+00
8.150274896621704457e+00
8.150272655487061257e+00
8.150247955322265980e+00
8.150256449682638404e+00
8.150219821929931996e+00
8.150211048126219993e+00
8.150195217132568004e+00
8.150218200683593039e+00
8.150235716998576407e+00
8.150239086151122692e+00
8.150249719619750977e+00
8.150260162353514914e+00
8.150260558864101057e+00
8.150231260329018568e+00
8.150194406509399414e+00
8.150173278152943013e+00
8.150156402587890980e+00
8.150147020816802979e+00
8.150136518478394265e+00
8.150154285132884979e+00
8.150179801005288382e+00
8.150181198120117543e+00
8.150175129156560061e+00
8.150164985656738637e+00
8.150151295959949138e+00
8.150125956535339000e+00
8.150123286247254129e+00
8.150121307373046520e+00
8.150104045867919922e+00
8.150092303752899170e+00
8.150094540789723396e+00
8.150089359283446910e+00
8.150102266296745057e+00
8.150106430053710938e+00
8.150080966949463601e+00
8.150074863433838246e+00
8.150084304809571023e+00
8.150079546112101170e+00
8.150035536289214733e+00
8.150030207633971457e+00
8.150048160552978871e+00
8.150026982277632115e+00
8.150015449523925426e+00
8.150001382827758434e+00
8.150013875961303000e+00
8.150007915496825461e+00
8.150018215179443359e+00
8.150008130073548074e+00
8.149993586540222879e+00
8.149995231628418324e+00
8.149983406066894531e+00
8.149993133544921164e+00
8.149998235702515359e+00
8.149992435926105117e+00
8.149960374832152965e+00
8.150010478496550803e+00
8.150018990039825439e+00
8.149998152256012318e+00
8.149978709220885520e+00
8.149970781803130393e+00
8.149972872436046956e+00
8.149948645289986970e+00
8.149893093109131570e+00
8.149843168258666282e+00
8.149869799613952637e+00
8.149894034862517955e+00
8.149915838241577504e+00
8.149952220916748757e+00
8.149951267242432351e+00
8.149917749676387047e+00
8.149899959564208984e+00
8.149869680404663086e+00
