1.131305515766143799e+00
1.050505578517913818e+00
9.461040735244751199e-01
8.960425853729248047e-01
8.327468156814574751e-01
7.375059843063354048e-01
5.738430738449096236e-01
5.240337193012237771e-01
4.634914219379425160e-01
4.303637206554412620e-01
4.067572355270385742e-01
4.120928645133972168e-01
3.728883445262908825e-01
3.514230310916900413e-01
3.537735044956207275e-01
3.712541520595550315e-01
3.310593813657760620e-01
2.797987252473831399e-01
2.691997289657592773e-01
2.536233633756637684e-01
2.559991419315338357e-01
2.588227152824401633e-01
2.686800658702850342e-01
2.543495208024978416e-01
2.447209537029266246e-01
2.331624984741210993e-01
2.205836504697799572e-01
2.209477066993713323e-01
2.217419356107711848e-01
2.160327076911926214e-01
2.078170269727706854e-01
1.938458710908889659e-01
1.841149508953094371e-01
2.012746930122375488e-01
2.175701737403869518e-01
1.966336876153945978e-01
1.974327206611633245e-01
1.939342677593231257e-01
1.876362711191177368e-01
1.858063429594039861e-01
1.822260260581970159e-01
2.272033840417861938e-01
2.455850005149841364e-01
2.053588122129440252e-01
1.777038589119911138e-01
1.864498406648635864e-01
1.803434506058692877e-01
1.713827371597290150e-01
1.640835762023925837e-01
1.689256072044372503e-01
1.830479666590690557e-01
1.725838541984558161e-01
1.884139776229858398e-01
1.728376030921935924e-01
1.712254971265792791e-01
1.833762615919113104e-01
1.787336960434913746e-01
1.984759867191314697e-01
1.771233215928077753e-01
1.734769582748413030e-01
1.737112611532211359e-01
1.799544274806976207e-01
1.689142525196075384e-01
1.581937402486801036e-01
1.566469267010688893e-01
1.790661931037902943e-01
1.792126625776290783e-01
1.610682100057601873e-01
1.702814817428588978e-01
1.713460609316825867e-01
1.729636669158935436e-01
1.748328775167465321e-01
1.566098973155021779e-01
1.471041455864906256e-01
1.496760368347168080e-01
1.478441670536994879e-01
1.428386792540550232e-01
1.465569645166397150e-01
1.506728067994117792e-01
1.430079191923141479e-01
1.457541212439537048e-01
1.570616737008094788e-01
1.453088074922561646e-01
1.531654432415962275e-01
1.611062705516815297e-01
1.771835163235664368e-01
1.679721429944038280e-01
1.643580108880996760e-01
1.550778433680534418e-01
1.540085107088088878e-01
1.502260372042655834e-01
1.530279844999313243e-01
1.694758936762809642e-01
1.783611655235290416e-01
1.988361150026321522e-01
1.731679424643516596e-01
1.645446643233299255e-01
1.531055569648742676e-01
1.425197660923004095e-01
1.435691520571708568e-01
1.382910758256912231e-01
1.281840771436691395e-01
1.245324462652206421e-01
1.279085189104080256e-01
1.285804629325866810e-01
1.362110234797000996e-01
1.365644477307796367e-01
1.333523064851760975e-01
1.362014710903167725e-01
1.342802077531814464e-01
1.323012575507163946e-01
1.314590536057949066e-01
1.354227617383003124e-01
1.258179552853107563e-01
1.276414498686790355e-01
1.314631402492523193e-01
1.321784779429435730e-01
1.412543788552284296e-01
1.552615061402320973e-01
1.535296633839607350e-01
1.525975823402404841e-01
1.436019673943519648e-01
1.489487245678901561e-01
1.285572841763496510e-01
1.317077606916427501e-01
1.244948878884315491e-01
1.202874064445495633e-01
1.207697987556457520e-01
1.189586773514747647e-01
1.199914611876010950e-01
1.265142157673835865e-01
1.253197342157363892e-01
1.253034301102161352e-01
1.433186858892440685e-01
1.337021961808204651e-01
1.326880395412445013e-01
1.281889751553535461e-01
1.274738043546676525e-01
1.290626034140586742e-01
1.331241175532341114e-01
1.286411941051483210e-01
1.207780718803405789e-01
1.187782891094684573e-01
1.191909566521644620e-01
1.208077251911163358e-01
1.234135650098323878e-01
1.246181637048721369e-01
1.192769072949886322e-01
1.183487325906753540e-01
1.171901196241378756e-01
1.181757822632789612e-01
1.154782190918922369e-01
1.187823526561260223e-01
1.189376622438430842e-01
1.178175017237663297e-01
1.228342428803443909e-01
1.233664423227310153e-01
1.249542638659477262e-01
1.264328397810459137e-01
1.240561030805110987e-01
1.342528462409973145e-01
1.326732873916625921e-01
1.411040574312210083e-01
1.327195689082145691e-01
1.272501185536384638e-01
1.235870689153671237e-01
1.253245614469051250e-01
1.231624409556388855e-01
1.231391772627830478e-01
1.229819819331169073e-01
1.142293423414230402e-01
1.187880471348762568e-01
1.200822830200195257e-01
1.176003143191337585e-01
1.263314992189407404e-01
1.266494154930114802e-01
1.224832952022552462e-01
1.300648108124732860e-01
1.431572437286376953e-01
1.293667256832122803e-01
1.336529478430747986e-01
1.286766350269317738e-01
1.304220490157604329e-01
1.249401360750198309e-01
1.221669837832450867e-01
1.251986190676689092e-01
1.237634435296058599e-01
1.363201022148132213e-01
1.309016257524490412e-01
1.289451926946640070e-01
1.303069382905960027e-01
1.433607280254363958e-01
1.438119351863861028e-01
1.379906684160232544e-01
1.223395317792892456e-01
1.232647582888603266e-01
1.170122697949409485e-01
1.173135817050933866e-01
1.221844196319580023e-01
1.191413126885891016e-01
1.140708968043327304e-01
1.120783038437366541e-01
1.112579911947250422e-01
1.111935742199420957e-01
1.087990179657936096e-01
1.093934990465641049e-01
1.071850724518299131e-01
1.098578378558158902e-01
1.107286505401134519e-01
1.094368159770965632e-01
1.078935161232948275e-01
1.079046145081520025e-01
1.082247853279113825e-01
1.090891443192958804e-01
1.128347821533679934e-01
1.179837118834257126e-01
1.120175093412399264e-01
1.117134675383567866e-01
1.111411288380622919e-01
1.087014265358448029e-01
1.101291760802269037e-01
1.083443012088537161e-01
1.084498763084411621e-01
1.105329200625419644e-01
1.094900056719780024e-01
1.082140207290649414e-01
1.070084955543279676e-01
1.058279342949390439e-01
1.048334032297134344e-01
1.048661388456821469e-01
1.060103602707385961e-01
1.067982554435729925e-01
1.053041838109493311e-01
1.039027012884616852e-01
1.051798820495605524e-01
1.057948574423790006e-01
1.068704865872859983e-01
1.054630488157272394e-01
1.060303770005703028e-01
1.067997373640537234e-01
1.050481371581554468e-01
1.057763278484344510e-01
1.053364925086498205e-01
1.117960631847381564e-01
1.098886169493198395e-01
1.087463513016700689e-01
1.072420157492160742e-01
1.074444368481635992e-01
1.070275239646434756e-01
1.106098651885986384e-01
1.094917103648185702e-01
1.073846474289894132e-01
1.117611378431320190e-01
1.080844573676586207e-01
1.059373676776886042e-01
1.055915147066116277e-01
1.108451887965202359e-01
1.163097873330116300e-01
1.104141175746917725e-01
1.178976282477378901e-01
1.148282527923583929e-01
1.187572225928306552e-01
1.127547346055507715e-01
1.193045914173126165e-01
1.259623005986213740e-01
1.246074095368385343e-01
1.225873619318008367e-01
1.278900280594825745e-01
1.273059859871864263e-01
1.237562075257301331e-01
1.148970961570739691e-01
1.129341937601566342e-01
1.199623823165893582e-01
1.175490573048591642e-01
1.128629848361015348e-01
1.111894071102142306e-01
1.095863409340381567e-01
1.072772338986396762e-01
1.088923305273055975e-01
1.070249274373054477e-01
1.088985234498977689e-01
1.088819839060306549e-01
1.070507965981960241e-01
1.084028825163841220e-01
1.129284158349037198e-01
1.101206138730049106e-01
1.099410369992256109e-01
1.077382728457450811e-01
1.128712810575962094e-01
1.125785075128078461e-01
1.199195377528667478e-01
1.166089549660682678e-01
1.143488645553588923e-01
1.072264082729816465e-01
1.070609055459499359e-01
1.089797712862491663e-01
1.084681600332260132e-01
1.081799916923046057e-01
1.073397710919380132e-01
1.073525980114936884e-01
1.036150388419628116e-01
1.030070077627897318e-01
1.017799071967601804e-01
1.021567188203334753e-01
1.012964531779289301e-01
1.017085798084735870e-01
1.004913583397865351e-01
1.002897493541240748e-01
1.011649280786514338e-01
1.005181632936000824e-01
9.983575046062469205e-02
1.003363385796546964e-01
9.951917454600334167e-02
1.000756021589040701e-01
1.001445502042770386e-01
9.905012547969818670e-02
9.893726259469985684e-02
9.977867379784584323e-02
9.907642155885695856e-02
1.009510882198810522e-01
1.003442436456680326e-01
1.015065073966980036e-01
1.026528008282184545e-01
1.029011420905590057e-01
1.073619902133941678e-01
1.115368835628032657e-01
1.092276833951473236e-01
1.026027277112007141e-01
1.013512045145034818e-01
9.970838129520416537e-02
1.002272419631481115e-01
1.000553600490093203e-01
9.968257099390029352e-02
9.905691891908645352e-02
1.007731571793556158e-01
9.963628798723220270e-02
1.008981056511402130e-01
1.002479478716850336e-01
1.029954195022582952e-01
1.076105572283267975e-01
1.035148628056049291e-01
1.020032986998558044e-01
1.007697336375713293e-01
1.004122421145439148e-01
1.019174531102180481e-01
1.008309178054332678e-01
1.022494658827781677e-01
1.007576346397399958e-01
1.007415704429149572e-01
1.039280489087104770e-01
1.014886856079101618e-01
1.018681190907955170e-01
1.032485224306583377e-01
1.004110135138034793e-01
9.884958863258361261e-02
9.952473416924476068e-02
9.962315112352371216e-02
1.037311464548111017e-01
1.058191426098346738e-01
1.014514863491058350e-01
1.004560694098472623e-01
1.026350855827331543e-01
1.001802936196327237e-01
9.945152103900908869e-02
9.891405850648879450e-02
9.918430671095848639e-02
1.002043128013610784e-01
1.011616230010986273e-01
9.973215535283089239e-02
9.921465888619422635e-02
9.937821775674819669e-02
9.906031042337418158e-02
9.869020283222199041e-02
9.988721683621407110e-02
1.010348960757255499e-01
1.004748284816741888e-01
9.860149770975112915e-02
9.932726398110389154e-02
1.002936795353889521e-01
1.004938080906867953e-01
1.007560521364212064e-01
1.019472382962703649e-01
9.972338601946831305e-02
9.899722933769225519e-02
9.879930838942527216e-02
9.859356805682181757e-02
9.867425262928009033e-02
9.867497831583023349e-02
9.985072165727615356e-02
9.974022433161736090e-02
9.945456683635711670e-02
9.912396520376205722e-02
1.001260042190551813e-01
1.004806235432624817e-01
1.018499162048101397e-01
1.023266445845365524e-01
1.001217937096953448e-01
9.962307810783385675e-02
1.002266269177198438e-01
9.869355708360671997e-02
9.716234803199767789e-02
9.696331471204758246e-02
9.683129116892814914e-02
9.668468981981277743e-02
9.649989232420921881e-02
9.626537188887596130e-02
9.645030573010444919e-02
9.623764231801032465e-02
9.699103385210036676e-02
9.680585339665412348e-02
9.663158133625984747e-02
9.739397577941417972e-02
9.691702611744404394e-02
9.681140258908271790e-02
9.694733098149299622e-02
9.674454890191555578e-02
9.673780202865600586e-02
9.623309671878814420e-02
9.646650850772857388e-02
9.623350352048873346e-02
9.617944434285163879e-02
9.602324068546294611e-02
9.637252688407897672e-02
9.695525765419006625e-02
9.680074304342270453e-02
9.676251038908958990e-02
9.752377420663833896e-02
9.736150503158569336e-02
9.793910533189773004e-02
9.631897974759340286e-02
9.632275998592376709e-02
9.663606137037276944e-02
9.710443466901778897e-02
9.669988453388214666e-02
9.703104943037033081e-02
9.936147257685661038e-02
9.814541414380073547e-02
9.855798706412315091e-02
9.749674126505851468e-02
9.702092260122299749e-02
9.590800106525421143e-02
9.674802869558334073e-02
9.663571193814277094e-02
9.794884249567985257e-02
9.798692688345908564e-02
9.806344434618949335e-02
9.860209375619888306e-02
9.841082021594046991e-02
9.662552922964096069e-02
9.638313595205545703e-02
9.688424244523048678e-02
9.677768349647522528e-02
9.688095226883888800e-02
9.726664870977401456e-02
9.773699827492236814e-02
9.795922189950942438e-02
9.716225862503051480e-02
9.894697442650794705e-02
9.785436913371085843e-02
9.764511324465274811e-02
9.694868773221969327e-02
9.672480225563048761e-02
9.618209823966025751e-02
9.605464488267898004e-02
9.590506479144096652e-02
9.586873352527618131e-02
9.629792142659425458e-02
9.680401012301445562e-02
9.624157771468162814e-02
9.632781744003296454e-02
9.554735496640205661e-02
9.551152959465980530e-02
9.576670676469803412e-02
9.599636495113372803e-02
9.649040549993515015e-02
9.606241062283515930e-02
9.653329923748969754e-02
9.644049704074859897e-02
9.712985605001449307e-02
9.687196761369705478e-02
9.671914726495742243e-02
9.830426722764969150e-02
9.644350558519362848e-02
9.643607735633849543e-02
9.688726663589478094e-02
9.706697687506675443e-02
9.766336828470230380e-02
9.689905270934104364e-02
9.723755046725272855e-02
9.739299565553664884e-02
9.711786210536957342e-02
9.744242727756499689e-02
9.618173465132713595e-02
9.633200541138649264e-02
9.624044150114059726e-02
9.621412828564643305e-02
9.735752418637275141e-02
9.697674140334129611e-02
9.774261191487312872e-02
9.725034013390540522e-02
9.631372690200805387e-02
9.565280526876449030e-02
9.534517899155617315e-02
9.517597854137420377e-02
9.531638473272323331e-02
9.496987350285053531e-02
9.519520513713360110e-02
9.468712881207466681e-02
9.489243030548095981e-02
9.541414007544517240e-02
9.500177353620528620e-02
9.504007846117019931e-02
9.534287899732589444e-02
9.524099193513393957e-02
9.511736333370209018e-02
9.506949782371520996e-02
9.493185877799988071e-02
9.479521512985229770e-02
9.495608359575272162e-02
9.475049413740635473e-02
9.494580924510956366e-02
9.460787922143935880e-02
9.474300444126129706e-02
9.443780481815337857e-02
9.469225108623505194e-02
9.493929147720336914e-02
9.473585262894630710e-02
9.489299133419989984e-02
9.458208754658699313e-02
9.529526084661484042e-02
9.548326395452022552e-02
9.478979110717773715e-02
9.484757035970688144e-02
9.482059329748153409e-02
9.487761557102203369e-02
9.486549943685532171e-02
9.492633119225502014e-02
9.465040713548660001e-02
9.438462406396866400e-02
9.449399560689926425e-02
9.440791383385657709e-02
9.502253159880638678e-02
9.487663358449935358e-02
9.516935497522353848e-02
9.443202838301659185e-02
9.480531364679337103e-02
9.437958374619484503e-02
9.505460411310195923e-02
9.498540535569191534e-02
9.445355981588363092e-02
9.439678490161895752e-02
9.425360113382338922e-02
9.448140561580657681e-02
9.479096680879592340e-02
9.507781118154526312e-02
9.455760717391967218e-02
9.451707825064659119e-02
9.465298354625702182e-02
9.465443268418312350e-02
9.445867203176021298e-02
9.442751258611678522e-02
9.467631876468658725e-02
9.514925368130207339e-02
9.471260979771614630e-02
9.465364515781402033e-02
9.456517696380614679e-02
9.443279728293418884e-02
9.454660937190055570e-02
9.465620666742324829e-02
9.508351385593413752e-02
9.472520723938941678e-02
9.465329051017760953e-02
9.462284520268440802e-02
9.532962292432785312e-02
9.574791714549064914e-02
9.455214738845825473e-02
9.527653753757477084e-02
9.463040083646774570e-02
9.479773975908756256e-02
9.440094903111458102e-02
9.450169801712035578e-02
9.474252983927726468e-02
9.480155333876609525e-02
9.491760265082120618e-02
9.509157687425613681e-02
9.468128494918345850e-02
9.484645053744315824e-02
9.456825479865074713e-02
9.455852359533309381e-02
9.471690729260444364e-02
9.468255639076232633e-02
9.498117864131927490e-02
9.453879445791243952e-02
9.470507204532623013e-02
9.454460963606833857e-02
9.417941495776176175e-02
9.456512555480003912e-02
9.458470195531845648e-02
9.476978033781051358e-02
9.561932832002639771e-02
9.474091790616512299e-02
9.423187002539634705e-02
9.417408108711242121e-02
9.391765519976616461e-02
9.385742247104644775e-02
9.379865676164626798e-02
9.392342269420624057e-02
9.404364824295044500e-02
9.438690096139908114e-02
9.417104050517081937e-02
9.397752061486244757e-02
9.381563514471054355e-02
9.391401261091232577e-02
9.393960162997246066e-02
9.418606907129287165e-02
9.384787380695343295e-02
9.397763311862945834e-02
9.384584352374077121e-02
9.396502375602722168e-02
9.388895109295844477e-02
9.418861418962479193e-02
9.396193549036979675e-02
9.419596344232558649e-02
9.387412890791893560e-02
9.393401294946671087e-02
9.383713603019713800e-02
9.382045865058899481e-02
9.375269263982773105e-02
9.386733993887901029e-02
9.366444759070872983e-02
9.387949481606483459e-02
9.384239763021469394e-02
9.368468672037125189e-02
9.371035471558571139e-02
9.379703179001808167e-02
9.378031939268112460e-02
9.401978477835655490e-02
9.396544769406318942e-02
9.382312372326850891e-02
9.384024217724799832e-02
9.375497996807098666e-02
9.374385103583335321e-02
9.376978203654288968e-02
9.418358318507671911e-02
9.366739764809609015e-02
9.408917501568794806e-02
9.383567571640014093e-02
9.397687688469887057e-02
9.377282634377478998e-02
9.398190304636955261e-02
9.373378083109855374e-02
9.370756745338440497e-02
9.400189965963363925e-02
9.369263947010039728e-02
9.363514855504036227e-02
9.380105696618556976e-02
9.371797516942023676e-02
9.386507645249367315e-02
9.360655844211578092e-02
9.370111152529717047e-02
9.370909929275512973e-02
9.372149780392646790e-02
9.375621154904364984e-02
9.359168857336044867e-02
9.379683732986450473e-02
9.358505532145500183e-02
9.401840381324291784e-02
9.387498199939728338e-02
9.399114474654197970e-02
9.371151402592658997e-02
9.355025514960288446e-02
9.363697767257690707e-02
9.359636679291724604e-02
9.368615727871656973e-02
9.373288694769144058e-02
9.376218244433402738e-02
9.367786720395088196e-02
9.361399188637734015e-02
9.370623491704463404e-02
9.378951005637645166e-02
9.359344691038132269e-02
9.361995086073875150e-02
9.384306818246841708e-02
9.363723173737525940e-02
9.364947080612182062e-02
9.381356984376906794e-02
9.347293674945830744e-02
9.378662258386612216e-02
9.359347000718117038e-02
9.362493418157100122e-02
9.355553984642028809e-02
9.350756853818893710e-02
9.356163442134857178e-02
9.378224536776542941e-02
9.349588826298713129e-02
9.388195723295211792e-02
9.367055520415305814e-02
9.364802986383438665e-02
9.370619803667068481e-02
9.374842047691345215e-02
9.346696585416794378e-02
9.340862482786178866e-02
9.337537661194801608e-02
9.343756288290024081e-02
9.348211586475371759e-02
9.348853155970573980e-02
9.354801252484321039e-02
9.331430867314338684e-02
9.354316964745520990e-02
9.353768154978751859e-02
9.338969215750694830e-02
9.342118389904499609e-02
9.345134645700454989e-02
9.345093891024588983e-02
9.335504248738288324e-02
9.339887946844101230e-02
9.339243546128273010e-02
9.343681484460830688e-02
9.340835511684417169e-02
9.340432230383158285e-02
9.335088133811950128e-02
9.346079230308532160e-02
9.332893602550029755e-02
9.340840633958577555e-02
9.334335997700690668e-02
9.337435066699981134e-02
9.333275109529495794e-02
9.330768957734107694e-02
9.342852234840393066e-02
9.345686361193657199e-02
9.349255412817000788e-02
9.351079091429710666e-02
9.350839108228684027e-02
9.344018809497356415e-02
9.356704317033290308e-02
9.351455643773079474e-02
9.334276132285594663e-02
9.334330633282661438e-02
9.335192516446114142e-02
9.332104846835136136e-02
9.350101649761199951e-02
9.334519952535628995e-02
9.332679659128188809e-02
9.351346269249916077e-02
9.339940920472145081e-02
9.347987473011017123e-02
9.341983534395695288e-02
9.342405945062637329e-02
9.352715946733951291e-02
9.337029978632926941e-02
9.338200539350509366e-02
9.329266976565123159e-02
9.330599308013916293e-02
9.338337481021881381e-02
9.326776042580604831e-02
9.332825392484664362e-02
9.342174232006072998e-02
9.341929778456688205e-02
9.338286370038986761e-02
9.327650880441069881e-02
9.328274354338646213e-02
9.356257319450378418e-02
9.330108910799025934e-02
9.344539344310760776e-02
9.335101544857024591e-02
9.337120652198790949e-02
9.329647719860076349e-02
9.334716051816940863e-02
9.324271827936173040e-02
9.350522533059120456e-02
9.337785318493843634e-02
9.329603090882301886e-02
9.338884577155112665e-02
9.341583251953125555e-02
9.351715072989463806e-02
9.334017857909202021e-02
9.331078901886939725e-02
9.329206272959708612e-02
9.327459335327148438e-02
9.334923811256885806e-02
9.340937882661819180e-02
9.332667440176009577e-02
9.329962059855460843e-02
9.335774779319763739e-02
9.323425740003585260e-02
9.329345151782035550e-02
9.326183870434760770e-02
9.334490820765495300e-02
9.349228218197822016e-02
9.339264314621686935e-02
9.334906078875064572e-02
9.326081238687038144e-02
9.321718066930770319e-02
9.333282113075255793e-02
9.334933087229728421e-02
9.329448640346527100e-02
9.317463263869285583e-02
9.326909407973289767e-02
9.329961538314819613e-02
9.321098029613494873e-02
9.327014684677123468e-02
9.314556606113910675e-02
9.316627532243729193e-02
9.321455508470535833e-02
9.315894320607184809e-02
9.312044531106948575e-02
9.313329309225082397e-02
9.312239885330200750e-02
9.316617399454116266e-02
9.316088110208511908e-02
9.316064640879631598e-02
9.314607828855514526e-02
9.314941465854645331e-02
9.312147572636604587e-02
9.324995279312134344e-02
9.319867193698883057e-02
9.316766820847988129e-02
9.318317174911498746e-02
9.317846074700356085e-02
9.315285608172416132e-02
9.319799169898032587e-02
9.315747320652008334e-02
9.319841340184212286e-02
9.313507378101348877e-02
9.310030043125153143e-02
9.313271194696426392e-02
9.313772171735763827e-02
9.317186698317528326e-02
9.312541633844376165e-02
9.309098422527313510e-02
9.311639443039894382e-02
9.312485828995704928e-02
9.317805171012878696e-02
9.313412904739379328e-02
9.309673160314560492e-02
9.313373193144798556e-02
9.310617595911026279e-02
9.314141198992728632e-02
9.312758520245552341e-02
9.309304207563399991e-02
9.312668070197105408e-02
9.310087561607360840e-02
9.308920949697493952e-02
9.308824092149733942e-02
9.314787089824676236e-02
9.315305501222610751e-02
9.314859360456466397e-02
9.311447143554688055e-02
9.315143749117851812e-02
9.309839382767677585e-02
9.317565634846687594e-02
9.311268553137778958e-02
9.311059825122355860e-02
9.310934543609619696e-02
9.306941553950309753e-02
9.308355450630187433e-02
9.312064349651336115e-02
9.310150742530823309e-02
9.307645708322524747e-02
9.310008287429809293e-02
9.310009106993674677e-02
9.308333247900009433e-02
9.308594167232513150e-02
9.310455024242400568e-02
9.308549910783767145e-02
9.305698946118354242e-02
9.305920228362082880e-02
9.306522123515606482e-02
9.306232705712318143e-02
9.307198971509933472e-02
9.314242824912070950e-02
9.305748641490936557e-02
9.310276806354522705e-02
9.307235330343247015e-02
9.306213259696960449e-02
9.307700488716363907e-02
9.308017864823341092e-02
9.311807677149772089e-02
9.301321730017661493e-02
9.313689973205327433e-02
9.307418614625931341e-02
9.307205155491829474e-02
9.309959039092063904e-02
9.306405335664749701e-02
9.314631372690200528e-02
9.312805756926537115e-02
9.316136389970779141e-02
9.306160062551498136e-02
9.306044690310955048e-02
9.310978651046752930e-02
9.310588017106055658e-02
9.309698343276977262e-02
9.306781366467475891e-02
9.305628985166550238e-02
9.304594993591308594e-02
9.306099340319633206e-02
9.305267184972762506e-02
9.308465719223021906e-02
9.305451810359954834e-02
9.305287674069404047e-02
9.303671196103095731e-02
9.303357079625129700e-02
9.304048828780650537e-02
9.302960708737373352e-02
9.302886575460433960e-02
9.302264675498009283e-02
9.300978630781173151e-02
9.301362633705138883e-02
9.304736256599425992e-02
9.303551912307739258e-02
9.306400120258331854e-02
9.301503375172615051e-02
9.301624000072479526e-02
9.302481301128864843e-02
9.301463663578032892e-02
9.300360456109046936e-02
9.300498440861701410e-02
9.302859976887703497e-02
9.299012571573257724e-02
9.299669340252876559e-02
9.300589710474013727e-02
9.300990253686905462e-02
9.300968945026397150e-02
9.300955608487129767e-02
9.299780391156672876e-02
9.299235716462135592e-02
9.300803095102309903e-02
9.304152652621269781e-02
9.299692735075951178e-02
9.302415698766708374e-02
9.299075379967688959e-02
9.300042092800139826e-02
9.300986155867577154e-02
9.300415664911269864e-02
9.300653412938117426e-02
9.299946576356887817e-02
9.299923628568648737e-02
9.300424605607986173e-02
9.300066679716109674e-02
9.301839098334312161e-02
9.299730882048606873e-02
9.302752763032913486e-02
9.299802407622337341e-02
9.301194250583648404e-02
9.299912303686141968e-02
9.300134554505348761e-02
9.299232065677642822e-02
9.300048276782035828e-02
9.299317970871925909e-02
9.298019260168075006e-02
9.300087764859199524e-02
9.306020587682724277e-02
9.300715532153844278e-02
9.303115382790565213e-02
9.302002340555190485e-02
9.303182736039161682e-02
9.298949688673019409e-02
9.303103014826774597e-02
9.299566224217414856e-02
9.300044253468513211e-02
9.299830179661512652e-02
9.300025328993796747e-02
9.303018003702163974e-02
9.299953281879425049e-02
9.299173131585121432e-02
9.299570322036743164e-02
9.300235435366629999e-02
9.299789592623711187e-02
9.302122890949249268e-02
9.296692535281181335e-02
9.298321381211280268e-02
9.299767091870307645e-02
9.297612793743610660e-02
9.297526404261588495e-02
9.299532622098923007e-02
9.298256412148475647e-02
9.296370744705199918e-02
9.297761470079421442e-02
9.298547282814979831e-02
9.299194216728209894e-02
9.296929687261581976e-02
9.296932220458983820e-02
9.301367998123169500e-02
9.299810081720352728e-02
9.299770966172218878e-02
9.297154322266579229e-02
9.297520034015178958e-02
9.297507107257843573e-02
9.299556538462638855e-02
9.298473373055457514e-02
9.297113418579101840e-02
9.296934381127357205e-02
9.296278133988380987e-02
9.296123459935187738e-02
9.296725019812583646e-02
9.299754500389098566e-02
9.296218380331992825e-02
9.299655556678772250e-02
9.297732263803482056e-02
9.298057556152343472e-02
9.295171126723289490e-02
9.296043664216994962e-02
9.297052100300788602e-02
9.295787513256073553e-02
9.296850189566611966e-02
9.295272678136826117e-02
9.293874427676200589e-02
9.295684099197387695e-02
9.296060204505920965e-02
9.293491616845131476e-02
9.294272437691689093e-02
9.295799080282449167e-02
9.294436648488044184e-02
9.295703247189521234e-02
9.297052621841431219e-02
9.295019432902336398e-02
9.295253902673721036e-02
9.294381812214851102e-02
9.293689355254172724e-02
9.294516071677208502e-02
9.294224977493285855e-02
9.294641092419624051e-02
9.294014349579811374e-02
9.297054260969161987e-02
9.293675124645232877e-02
9.293187037110328674e-02
9.293812066316604892e-02
9.293709322810173035e-02
9.293204322457312982e-02
9.294161126017570773e-02
9.293421953916550238e-02
9.294643104076386053e-02
9.296261891722679138e-02
9.293598011136054715e-02
9.293625280261039179e-02
9.293816387653350275e-02
9.294498711824417114e-02
9.292879626154899875e-02
9.293083697557449896e-02
9.292847365140914639e-02
9.294417575001716336e-02
9.293891489505767822e-02
9.292707070708275396e-02
9.293079525232314508e-02
9.293803870677948276e-02
9.292465075850486755e-02
9.293367713689804077e-02
9.294044524431228915e-02
9.292409420013428289e-02
9.292208626866341192e-02
9.293255005031823834e-02
9.292514175176620761e-02
9.293980821967125217e-02
9.292286336421966275e-02
9.293562620878219327e-02
9.293580278754234869e-02
9.293799698352814276e-02
9.292593449354172308e-02
9.293634891510009488e-02
9.293553382158278864e-02
9.292546287178993225e-02
9.293075650930404663e-02
9.294413849711417874e-02
9.292043671011925021e-02
9.292456284165381830e-02
9.292348623275756281e-02
9.292951598763465881e-02
9.293002560734749118e-02
9.292768649756907862e-02
9.293463230133056086e-02
9.291903898119927008e-02
9.292044416069984714e-02
9.295697510242462158e-02
9.293438941240310391e-02
9.293909370899200439e-02
9.292342886328697205e-02
9.293150082230568210e-02
9.291634187102318365e-02
9.293941482901572904e-02
9.293215051293372830e-02
9.292248263955116272e-02
9.292382597923279364e-02
9.292275384068489352e-02
9.292688276618718546e-02
9.292865172028541565e-02
9.291881769895553311e-02
9.291617125272751132e-02
9.291415587067604342e-02
9.293508753180504400e-02
9.292096868157387335e-02
9.291646517813205441e-02
9.291921481490135470e-02
9.292394369840621671e-02
9.292039722204208096e-02
9.292550683021545688e-02
9.292191267013549805e-02
9.296953156590462286e-02
9.291450008749961575e-02
9.291855990886688232e-02
9.291849881410599310e-02
9.290819838643074591e-02
9.291549623012543280e-02
9.291427545249461573e-02
9.290783777832985202e-02
9.291151389479637701e-02
9.290561079978942871e-02
9.291103407740593234e-02
9.291093647480011541e-02
9.290921278297900598e-02
9.291029423475265225e-02
9.292022436857223788e-02
9.290838167071342746e-02
9.291513636708259583e-02
9.290726706385613043e-02
9.292966201901435574e-02
9.290857017040252130e-02
9.290501549839973172e-02
9.290461167693138400e-02
9.290733337402343195e-02
9.290402829647063931e-02
9.290877208113670904e-02
9.290721267461776733e-02
9.291473254561424810e-02
9.290987551212311069e-02
9.290470331907271784e-02
9.291111119091510773e-02
9.290875121951103210e-02
9.290197417140007297e-02
9.290322214365005771e-02
9.290408045053481778e-02
9.290305003523827154e-02
9.290212895721197683e-02
9.291170388460159857e-02
9.290029183030128201e-02
9.290760904550551813e-02
9.290497153997420710e-02
9.290562272071838101e-02
9.290187135338782987e-02
9.290447831153869629e-02
9.291502833366394043e-02
9.290002882480621893e-02
9.290730413049459735e-02
9.289947301149367731e-02
9.290087893605232516e-02
9.290143474936485291e-02
9.289889782667160034e-02
9.290026128292083740e-02
9.290549233555793485e-02
9.289917787536978999e-02
9.289793297648429871e-02
9.289565961807966232e-02
9.290017038583756048e-02
9.289746284484863559e-02
9.290171489119529447e-02
9.289934635162352961e-02
9.289698377251624783e-02
9.289919734001159113e-02
9.290101751685142517e-02
9.289722889661788940e-02
9.289457723498344144e-02
9.290008842945099432e-02
9.289722293615340631e-02
9.290409535169601163e-02
9.290017932653427124e-02
9.290137588977813443e-02
9.290146809071302136e-02
9.289933964610100348e-02
9.289993345737457275e-02
9.289966747164726812e-02
9.289380386471748907e-02
9.289715066552162170e-02
9.289537370204925537e-02
9.289705008268356323e-02
9.289963394403458197e-02
9.289436340332031528e-02
9.289532527327537537e-02
9.289591982960701544e-02
9.289514869451523382e-02
9.289574846625328619e-02
9.289674907922744473e-02
9.289885908365250189e-02
9.289597393944859505e-02
9.289749339222908020e-02
9.291298091411590021e-02
9.289664588868618011e-02
9.289954751729964655e-02
9.289438501000404913e-02
9.290436878800392706e-02
9.289744868874549866e-02
9.288998655974864405e-02
9.290652871131896418e-02
9.289337992668152133e-02
9.289334788918494901e-02
9.289131090044974726e-02
9.290139153599738520e-02
9.289920032024383267e-02
9.289931580424308499e-02
9.289210774004459659e-02
9.290160611271858215e-02
9.289396926760673523e-02
