9.124558866024017334e-01
1.126080691814422607e+00
1.148039400577545166e+00
1.153434127569198608e+00
8.137003481388092041e-01
9.034596383571624756e-01
9.905656278133392334e-01
9.689324498176574707e-01
1.004377216100692749e+00
8.188293278217315674e-01
1.155006080865859985e+00
1.161212146282196045e+00
9.459748864173889160e-01
1.073332399129867554e+00
1.109597861766815186e+00
1.152174085378646851e+00
1.119510620832443237e+00
9.640568792819976807e-01
1.189491182565689087e+00
9.886192083358764648e-01
9.894424974918365479e-01
1.023207217454910278e+00
9.634090662002563477e-01
1.023000836372375488e+00
8.929236829280853271e-01
9.715012609958648682e-01
1.351294696331024170e+00
1.032276779413223267e+00
8.538039624691009521e-01
8.264500200748443604e-01
1.347515255212783813e+00
9.678071141242980957e-01
1.080595582723617554e+00
1.092786103487014771e+00
1.018393546342849731e+00
7.101822122931480408e-01
9.187371432781219482e-01
8.114016056060791016e-01
8.859271705150604248e-01
9.131511151790618896e-01
9.955423772335052490e-01
1.249259591102600098e+00
1.286693245172500610e+00
9.841278195381164551e-01
8.685874640941619873e-01
1.092909514904022217e+00
8.600031435489654541e-01
9.384718239307403564e-01
8.287120759487152100e-01
7.761792391538619995e-01
9.871352910995483398e-01
9.662312269210815430e-01
1.067420542240142822e+00
1.004578828811645508e+00
8.368130326271057129e-01
8.850338757038116455e-01
9.250276386737823486e-01
8.702888786792755127e-01
9.237481355667114258e-01
7.871342301368713379e-01
9.747273027896881104e-01
9.934671223163604736e-01
7.805023044347763062e-01
8.874913156032562256e-01
1.114478766918182373e+00
9.208362102508544922e-01
8.267238736152648926e-01
1.045506536960601807e+00
9.364672899246215820e-01
1.038543432950973511e+00
1.239213973283767700e+00
1.103290379047393799e+00
9.714231193065643311e-01
1.076989322900772095e+00
9.390656650066375732e-01
1.054500699043273926e+00
9.831109941005706787e-01
1.036547333002090454e+00
8.206425011157989502e-01
9.242451786994934082e-01
9.213955700397491455e-01
9.798580408096313477e-01
9.308403134346008301e-01
7.879819571971893311e-01
8.359520733356475830e-01
1.352202743291854858e+00
1.010048776865005493e+00
1.238350421190261841e+00
9.748723208904266357e-01
1.080364882946014404e+00
1.308284670114517212e+00
9.588125050067901611e-01
1.054142326116561890e+00
8.587310910224914551e-01
1.030744850635528564e+00
1.018101364374160767e+00
1.047767013311386108e+00
8.776695132255554199e-01
9.601789414882659912e-01
8.959502279758453369e-01
7.670643925666809082e-01
1.001654684543609619e+00
1.012830734252929688e+00
7.329743355512619019e-01
1.084449559450149536e+00
1.111327737569808960e+00
1.171875149011611938e+00
9.914058744907379150e-01
7.847150564193725586e-01
1.141909748315811157e+00
1.009383022785186768e+00
9.649966657161712646e-01
9.434700012207031250e-01
1.139820873737335205e+00
1.020384758710861206e+00
6.907485052943229675e-01
1.142897039651870728e+00
9.736382663249969482e-01
9.878856837749481201e-01
8.335574567317962646e-01
1.193092286586761475e+00
8.545065522193908691e-01
9.900490343570709229e-01
9.286218881607055664e-01
8.989149928092956543e-01
1.120491206645965576e+00
7.574578076601028442e-01
1.148925095796585083e+00
9.647507369518280029e-01
1.181087940931320190e+00
9.330790936946868896e-01
9.856149256229400635e-01
1.181219547986984253e+00
9.253149628639221191e-01
9.822692573070526123e-01
1.031937152147293091e+00
1.176903933286666870e+00
9.539584219455718994e-01
9.073272347450256348e-01
1.188701719045639038e+00
9.226763546466827393e-01
1.223190307617187500e+00
9.513842165470123291e-01
8.275772631168365479e-01
7.787898033857345581e-01
1.071624934673309326e+00
9.026963412761688232e-01
9.383853971958160400e-01
8.704500496387481689e-01
9.852813482284545898e-01
7.818009108304977417e-01
9.923286736011505127e-01
1.042447954416275024e+00
1.035418748855590820e+00
1.110990673303604126e+00
1.296740084886550903e+00
1.201776981353759766e+00
9.023824036121368408e-01
8.831129372119903564e-01
1.050961792469024658e+00
8.336443901062011719e-01
1.097225755453109741e+00
9.752762913703918457e-01
9.675237536430358887e-01
9.009914696216583252e-01
9.271762669086456299e-01
1.264292329549789429e+00
8.154953420162200928e-01
1.261539965867996216e+00
8.556461632251739502e-01
8.852296769618988037e-01
9.708549678325653076e-01
7.861123830080032349e-01
8.573721647262573242e-01
1.117538124322891235e+00
1.026108294725418091e+00
8.724209666252136230e-01
1.111176013946533203e+00
1.067806631326675415e+00
1.138448238372802734e+00
7.559363245964050293e-01
8.781045973300933838e-01
9.005753993988037109e-01
9.449697136878967285e-01
9.026840627193450928e-01
9.785371422767639160e-01
1.173852145671844482e+00
1.033830076456069946e+00
1.185566931962966919e+00
8.428071439266204834e-01
9.684021770954132080e-01
8.950178027153015137e-01
9.244183897972106934e-01
1.175701767206192017e+00
1.110283315181732178e+00
1.156042367219924927e+00
1.009360879659652710e+00
1.025570392608642578e+00
9.703287184238433838e-01
1.160834252834320068e+00
1.152892470359802246e+00
9.483392238616943359e-01
9.236036539077758789e-01
7.956057339906692505e-01
8.380410671234130859e-01
8.673803806304931641e-01
9.096657037734985352e-01
1.055289447307586670e+00
1.095277220010757446e+00
9.210349619388580322e-01
9.102662205696105957e-01
8.785089850425720215e-01
9.652757942676544189e-01
1.214453309774398804e+00
1.055915594100952148e+00
9.019734263420104980e-01
8.967450559139251709e-01
1.037232041358947754e+00
9.724412262439727783e-01
1.118886202573776245e+00
9.795602560043334961e-01
1.024485528469085693e+00
1.235501676797866821e+00
1.056329876184463501e+00
8.951152563095092773e-01
9.471644461154937744e-01
1.139577746391296387e+00
8.579588830471038818e-01
8.346172571182250977e-01
1.029560685157775879e+00
6.807083413004875183e-01
1.039255231618881226e+00
9.846346080303192139e-01
8.854419291019439697e-01
1.018913269042968750e+00
8.161792159080505371e-01
1.033432334661483765e+00
8.463405966758728027e-01
1.032588183879852295e+00
9.008821249008178711e-01
1.230119556188583374e+00
1.040739804506301880e+00
9.413090944290161133e-01
8.668232858180999756e-01
1.037984639406204224e+00
8.501348793506622314e-01
1.557597219944000244e+00
1.008038401603698730e+00
1.131361246109008789e+00
1.228384882211685181e+00
8.894154727458953857e-01
1.029080659151077271e+00
8.793562054634094238e-01
9.362421035766601562e-01
9.043382108211517334e-01
8.316290676593780518e-01
1.342693716287612915e+00
9.357512593269348145e-01
8.720366656780242920e-01
8.099933862686157227e-01
8.973746597766876221e-01
1.031341373920440674e+00
8.484955728054046631e-01
8.714236319065093994e-01
1.308291226625442505e+00
1.006419986486434937e+00
8.667049705982208252e-01
7.308919727802276611e-01
9.094847738742828369e-01
1.211730092763900757e+00
9.803528785705566406e-01
8.162364661693572998e-01
9.699098169803619385e-01
8.395811021327972412e-01
1.096042662858963013e+00
1.019741714000701904e+00
8.789715766906738281e-01
8.582763671875000000e-01
8.857441246509552002e-01
9.721503853797912598e-01
7.786109000444412231e-01
9.684393107891082764e-01
8.920716345310211182e-01
9.835322499275207520e-01
1.205665171146392822e+00
1.189485341310501099e+00
7.630428075790405273e-01
1.061817198991775513e+00
9.268180429935455322e-01
8.472202420234680176e-01
9.010960161685943604e-01
1.063086539506912231e+00
9.286808669567108154e-01
1.032330572605133057e+00
1.131635874509811401e+00
1.073572307825088501e+00
1.065186530351638794e+00
1.310986429452896118e+00
8.533378541469573975e-01
1.002092003822326660e+00
1.070928096771240234e+00
1.044653236865997314e+00
1.213774144649505615e+00
9.038207828998565674e-01
1.164641320705413818e+00
9.933724999427795410e-01
1.019123166799545288e+00
1.099223852157592773e+00
1.159493744373321533e+00
1.078446716070175171e+00
1.179268300533294678e+00
8.843179047107696533e-01
9.951119422912597656e-01
1.048068553209304810e+00
1.173680454492568970e+00
7.304112762212753296e-01
1.139887899160385132e+00
9.786588847637176514e-01
1.114876180887222290e+00
9.236211776733398438e-01
8.654223978519439697e-01
1.014383822679519653e+00
9.415955543518066406e-01
1.050193786621093750e+00
9.323421418666839600e-01
8.927528262138366699e-01
8.501466512680053711e-01
9.788578152656555176e-01
8.991084396839141846e-01
1.236407697200775146e+00
9.408822357654571533e-01
1.024027466773986816e+00
7.681423574686050415e-01
1.131085902452468872e+00
9.511638581752777100e-01
9.723643064498901367e-01
9.544256627559661865e-01
8.422092199325561523e-01
8.597187697887420654e-01
8.769475221633911133e-01
9.208013117313385010e-01
1.119607210159301758e+00
8.340100049972534180e-01
1.014308780431747437e+00
1.113309293985366821e+00
1.220443636178970337e+00
1.038747966289520264e+00
1.124548554420471191e+00
8.793309032917022705e-01
8.721336126327514648e-01
1.219914108514785767e+00
1.083393543958663940e+00
8.090490698814392090e-01
9.271596372127532959e-01
1.498430907726287842e+00
1.005186975002288818e+00
9.497930705547332764e-01
1.085661768913269043e+00
7.535489052534103394e-01
1.226024180650711060e+00
8.561728000640869141e-01
1.031348794698715210e+00
1.066261261701583862e+00
1.039373219013214111e+00
7.464546859264373779e-01
9.818989038467407227e-01
9.152489006519317627e-01
1.183723390102386475e+00
1.109535604715347290e+00
9.760850071907043457e-01
9.903523027896881104e-01
9.901059269905090332e-01
1.201724350452423096e+00
9.906800091266632080e-01
7.867479771375656128e-01
8.550198972225189209e-01
8.532868921756744385e-01
8.414335250854492188e-01
9.814797937870025635e-01
1.099078714847564697e+00
1.074354022741317749e+00
1.121758788824081421e+00
9.460626840591430664e-01
1.250607341527938843e+00
1.023017883300781250e+00
1.072526276111602783e+00
1.055066138505935669e+00
9.592629373073577881e-01
1.138846129179000854e+00
7.908346801996231079e-01
9.695232212543487549e-01
1.131955742835998535e+00
1.243372231721878052e+00
1.176870763301849365e+00
1.109124541282653809e+00
1.134526669979095459e+00
1.137843042612075806e+00
7.084409371018409729e-01
8.231277167797088623e-01
1.169384002685546875e+00
1.148694425821304321e+00
1.157259702682495117e+00
7.608001381158828735e-01
9.376226067543029785e-01
9.801654815673828125e-01
6.724551841616630554e-01
1.132914364337921143e+00
1.120705425739288330e+00
1.064658433198928833e+00
9.685134589672088623e-01
1.220391213893890381e+00
8.838101327419281006e-01
1.026528567075729370e+00
8.931440412998199463e-01
8.465639352798461914e-01
9.231221675872802734e-01
1.015704721212387085e+00
1.172969132661819458e+00
1.199058800935745239e+00
1.013709396123886108e+00
9.927413165569305420e-01
1.001034498214721680e+00
1.072391033172607422e+00
9.902133941650390625e-01
9.327738881111145020e-01
8.994092047214508057e-01
9.389442205429077148e-01
1.052173137664794922e+00
9.274360537528991699e-01
1.026563525199890137e+00
9.999436140060424805e-01
1.039002269506454468e+00
9.001738131046295166e-01
9.590901732444763184e-01
9.370247721672058105e-01
7.455801367759704590e-01
1.382914096117019653e+00
8.858729600906372070e-01
9.220758378505706787e-01
1.010433852672576904e+00
1.033763915300369263e+00
1.053194075822830200e+00
7.754464596509933472e-01
1.167699843645095825e+00
1.038162261247634888e+00
1.032651036977767944e+00
8.826560974121093750e-01
8.525528013706207275e-01
8.075307905673980713e-01
9.850914180278778076e-01
1.024451166391372681e+00
6.754802688956260681e-01
1.040533930063247681e+00
1.139864265918731689e+00
1.047726541757583618e+00
1.412042528390884399e+00
1.102666735649108887e+00
1.124468624591827393e+00
1.086128830909729004e+00
1.041853845119476318e+00
8.202829658985137939e-01
1.026164442300796509e+00
1.003307372331619263e+00
9.288192689418792725e-01
9.032030999660491943e-01
9.624943733215332031e-01
1.132411032915115356e+00
1.314563214778900146e+00
1.053063303232192993e+00
9.725969731807708740e-01
9.718068838119506836e-01
9.758594930171966553e-01
8.683564364910125732e-01
9.432733952999114990e-01
1.137150019407272339e+00
9.334949553012847900e-01
1.084169924259185791e+00
8.598082959651947021e-01
8.801571726799011230e-01
7.472836226224899292e-01
9.455232620239257812e-01
8.030810356140136719e-01
1.078579843044281006e+00
1.053510546684265137e+00
8.533578813076019287e-01
1.013837426900863647e+00
1.083267599344253540e+00
1.032283097505569458e+00
7.353175729513168335e-01
1.145658612251281738e+00
9.407186806201934814e-01
1.124449104070663452e+00
1.001487344503402710e+00
1.210059732198715210e+00
9.650891721248626709e-01
1.151693254709243774e+00
9.851574003696441650e-01
1.146230876445770264e+00
8.860934078693389893e-01
1.234939843416213989e+00
1.025454878807067871e+00
7.834657877683639526e-01
8.679339587688446045e-01
8.081924617290496826e-01
1.077067583799362183e+00
9.829291105270385742e-01
8.924292922019958496e-01
1.071889698505401611e+00
9.924339354038238525e-01
8.739888966083526611e-01
1.086308747529983521e+00
9.363327324390411377e-01
9.623649120330810547e-01
9.961309134960174561e-01
1.040409952402114868e+00
1.171247184276580811e+00
1.036079585552215576e+00
8.524873852729797363e-01
1.056665629148483276e+00
1.064943462610244751e+00
7.142507731914520264e-01
1.005569696426391602e+00
1.133760809898376465e+00
1.152950346469879150e+00
1.147810131311416626e+00
1.084844201803207397e+00
1.037753969430923462e+00
9.119175672531127930e-01
9.408092796802520752e-01
1.430248111486434937e+00
1.039538890123367310e+00
8.076539933681488037e-01
7.592006623744964600e-01
8.089393377304077148e-01
8.962499201297760010e-01
1.054825663566589355e+00
1.391503810882568359e+00
1.059190869331359863e+00
1.079399436712265015e+00
1.050943017005920410e+00
1.126774281263351440e+00
8.945255577564239502e-01
1.084998846054077148e+00
1.034633278846740723e+00
8.718979060649871826e-01
9.502329826354980469e-01
1.063967376947402954e+00
8.265150189399719238e-01
7.816513478755950928e-01
7.478678077459335327e-01
9.130402803421020508e-01
1.063765823841094971e+00
8.546488285064697266e-01
8.818970322608947754e-01
8.007261306047439575e-01
9.493043124675750732e-01
9.371645152568817139e-01
8.019473552703857422e-01
9.742400348186492920e-01
1.188378185033798218e+00
1.135605901479721069e+00
1.030061572790145874e+00
9.449844360351562500e-01
1.246942967176437378e+00
1.036632388830184937e+00
9.268739223480224609e-01
7.138178944587707520e-01
7.437503188848495483e-01
1.014325082302093506e+00
8.860687017440795898e-01
1.030188798904418945e+00
8.475649952888488770e-01
1.091370612382888794e+00
9.647070169448852539e-01
1.111014664173126221e+00
8.663463592529296875e-01
1.012468516826629639e+00
1.001152127981185913e+00
9.499109685420989990e-01
1.006293565034866333e+00
1.007328659296035767e+00
7.800742387771606445e-01
9.776925742626190186e-01
9.888775050640106201e-01
1.322593510150909424e+00
1.135491460561752319e+00
8.109495043754577637e-01
9.493893682956695557e-01
1.128768593072891235e+00
1.268907964229583740e+00
9.230808317661285400e-01
8.551535904407501221e-01
1.072990685701370239e+00
8.939095735549926758e-01
9.845901727676391602e-01
9.735462665557861328e-01
1.162723541259765625e+00
9.664759933948516846e-01
1.020160466432571411e+00
9.407286942005157471e-01
1.004453957080841064e+00
9.887041151523590088e-01
9.862813949584960938e-01
9.998470246791839600e-01
1.084933429956436157e+00
7.677333205938339233e-01
8.696914315223693848e-01
9.759379029273986816e-01
9.227693676948547363e-01
9.732878804206848145e-01
1.052472859621047974e+00
8.850615322589874268e-01
9.218401014804840088e-01
1.076246827840805054e+00
9.193908870220184326e-01
8.792452514171600342e-01
1.165915340185165405e+00
9.879299700260162354e-01
9.411076605319976807e-01
9.455286562442779541e-01
1.100231409072875977e+00
8.996485471725463867e-01
1.110351026058197021e+00
8.658680319786071777e-01
9.565949738025665283e-01
9.909419417381286621e-01
8.212862908840179443e-01
7.860872894525527954e-01
9.749765396118164062e-01
9.085433781147003174e-01
7.154228538274765015e-01
1.212159544229507446e+00
1.215709835290908813e+00
9.649951756000518799e-01
1.093094438314437866e+00
9.751919507980346680e-01
7.461236864328384399e-01
1.125184148550033569e+00
9.268850982189178467e-01
8.627130389213562012e-01
7.809158414602279663e-01
1.030157059431076050e+00
8.618523478507995605e-01
1.015646368265151978e+00
9.879657030105590820e-01
1.033701628446578979e+00
9.022104740142822266e-01
1.003906697034835815e+00
9.657614529132843018e-01
9.781990051269531250e-01
8.557215332984924316e-01
1.115187853574752808e+00
1.042950183153152466e+00
9.873412549495697021e-01
9.568993747234344482e-01
1.074176162481307983e+00
1.037003248929977417e+00
9.380522966384887695e-01
9.524089992046356201e-01
1.065891683101654053e+00
1.274154603481292725e+00
9.637929499149322510e-01
9.353334605693817139e-01
9.604655504226684570e-01
8.967273533344268799e-01
7.445587962865829468e-01
1.027867466211318970e+00
1.000427484512329102e+00
9.650986790657043457e-01
9.297044873237609863e-01
8.724565804004669189e-01
1.142574399709701538e+00
1.100463837385177612e+00
9.517332613468170166e-01
8.206080496311187744e-01
8.276450335979461670e-01
1.153379023075103760e+00
9.040953814983367920e-01
9.618742465972900391e-01
9.989158511161804199e-01
1.100196063518524170e+00
9.349066913127899170e-01
9.401492178440093994e-01
9.768401980400085449e-01
1.056630641222000122e+00
7.688311785459518433e-01
9.160158932209014893e-01
8.896869122982025146e-01
1.023890048265457153e+00
1.118168443441390991e+00
1.117809712886810303e+00
9.273748099803924561e-01
1.059032022953033447e+00
1.034266412258148193e+00
8.419695496559143066e-01
1.053061693906784058e+00
1.117847412824630737e+00
1.208946496248245239e+00
1.036571711301803589e+00
8.451707065105438232e-01
7.349877208471298218e-01
1.078230947256088257e+00
8.360663354396820068e-01
9.440386891365051270e-01
1.040881842374801636e+00
1.066180467605590820e+00
1.010524183511734009e+00
9.249926507472991943e-01
8.728695809841156006e-01
9.065163433551788330e-01
9.094502627849578857e-01
1.097490340471267700e+00
1.172162175178527832e+00
8.922468125820159912e-01
8.387923538684844971e-01
8.235455453395843506e-01
7.677848488092422485e-01
1.072903573513031006e+00
1.019400060176849365e+00
1.083218306303024292e+00
1.130989789962768555e+00
9.507483541965484619e-01
1.002647727727890015e+00
9.891280531883239746e-01
8.419866263866424561e-01
9.416874051094055176e-01
1.082882255315780640e+00
1.149018317461013794e+00
1.008155286312103271e+00
9.798281788825988770e-01
8.996858894824981689e-01
7.671428173780441284e-01
8.433449566364288330e-01
9.317889511585235596e-01
9.034278392791748047e-01
9.357245266437530518e-01
9.507641792297363281e-01
1.162423491477966309e+00
8.335764706134796143e-01
9.324805736541748047e-01
1.037991672754287720e+00
1.020142644643783569e+00
7.874432951211929321e-01
8.767234683036804199e-01
1.104579687118530273e+00
1.039696544408798218e+00
9.512012600898742676e-01
9.850036799907684326e-01
9.031946659088134766e-01
8.338690102100372314e-01
9.107029139995574951e-01
1.130373448133468628e+00
9.579474627971649170e-01
1.131643801927566528e+00
9.772227704524993896e-01
1.012681722640991211e+00
9.272033870220184326e-01
9.409073889255523682e-01
1.114950507879257202e+00
9.465538561344146729e-01
9.875211119651794434e-01
1.008707553148269653e+00
1.055711835622787476e+00
1.170847058296203613e+00
1.097072511911392212e+00
1.094335973262786865e+00
1.002948194742202759e+00
1.127113282680511475e+00
9.661512374877929688e-01
1.050527572631835938e+00
7.940662652254104614e-01
8.131703138351440430e-01
9.310860931873321533e-01
9.850093722343444824e-01
1.174474209547042847e+00
9.931483566761016846e-01
9.947485625743865967e-01
1.083099097013473511e+00
8.489814996719360352e-01
1.242021828889846802e+00
9.482863843441009521e-01
8.861139714717864990e-01
9.688725471496582031e-01
1.198995620012283325e+00
9.668587446212768555e-01
8.369537293910980225e-01
1.084873378276824951e+00
7.402167320251464844e-01
9.858589172363281250e-01
9.956761896610260010e-01
1.106039315462112427e+00
1.028292030096054077e+00
8.494739830493927002e-01
1.028579503297805786e+00
7.810140401124954224e-01
8.685934841632843018e-01
9.956451058387756348e-01
1.189084768295288086e+00
9.232450723648071289e-01
9.396718442440032959e-01
9.195315241813659668e-01
1.295610547065734863e+00
8.674252927303314209e-01
1.163569241762161255e+00
1.173504859209060669e+00
7.749602496623992920e-01
9.664627015590667725e-01
8.390341103076934814e-01
8.337098360061645508e-01
1.068537801504135132e+00
9.493774473667144775e-01
1.116104930639266968e+00
1.002888053655624390e+00
8.108839094638824463e-01
9.616574943065643311e-01
1.006175369024276733e+00
9.025706052780151367e-01
9.780200719833374023e-01
9.747078120708465576e-01
8.917535245418548584e-01
8.976230323314666748e-01
1.008441686630249023e+00
9.467543065547943115e-01
8.689706623554229736e-01
1.189090907573699951e+00
1.004498690366744995e+00
1.098209321498870850e+00
1.269645422697067261e+00
1.029132306575775146e+00
1.056387692689895630e+00
1.140597909688949585e+00
9.640569686889648438e-01
9.863412976264953613e-01
9.330718517303466797e-01
1.066657274961471558e+00
9.669460654258728027e-01
9.594401121139526367e-01
1.092208176851272583e+00
9.841350615024566650e-01
1.207750558853149414e+00
1.068332076072692871e+00
1.198194056749343872e+00
1.159421354532241821e+00
1.064205527305603027e+00
9.447426795959472656e-01
9.398379623889923096e-01
1.010358244180679321e+00
1.041458994150161743e+00
9.361488819122314453e-01
1.137450307607650757e+00
8.115098476409912109e-01
7.735790610313415527e-01
9.435640871524810791e-01
7.724169939756393433e-01
1.142795801162719727e+00
1.084755688905715942e+00
1.373418092727661133e+00
8.570450246334075928e-01
7.671484351158142090e-01
1.037378728389739990e+00
8.719219863414764404e-01
1.145117282867431641e+00
9.403194785118103027e-01
9.871888160705566406e-01
9.133776426315307617e-01
9.307821691036224365e-01
9.695901572704315186e-01
7.968931645154953003e-01
8.418377935886383057e-01
1.014277189970016479e+00
9.361781179904937744e-01
8.219527602195739746e-01
1.337597519159317017e+00
8.634054064750671387e-01
1.038079828023910522e+00
1.086366117000579834e+00
1.003048807382583618e+00
1.051937848329544067e+00
1.062127113342285156e+00
1.014294087886810303e+00
1.010276615619659424e+00
9.567773938179016113e-01
9.796065390110015869e-01
9.058034420013427734e-01
8.411319255828857422e-01
1.247667998075485229e+00
8.410316407680511475e-01
9.592386484146118164e-01
1.096136689186096191e+00
1.177909314632415771e+00
1.071328729391098022e+00
8.067860901355743408e-01
1.094426542520523071e+00
1.032826036214828491e+00
1.053960829973220825e+00
7.658753842115402222e-01
1.313549071550369263e+00
8.160886764526367188e-01
9.055602252483367920e-01
8.767648339271545410e-01
1.085304647684097290e+00
7.366012930870056152e-01
1.404203206300735474e+00
8.195382952690124512e-01
8.662791848182678223e-01
1.041097491979598999e+00
8.787147700786590576e-01
1.043296337127685547e+00
1.062275886535644531e+00
1.054863572120666504e+00
1.102957308292388916e+00
1.132199734449386597e+00
8.028933107852935791e-01
1.004356294870376587e+00
1.065454423427581787e+00
9.715044200420379639e-01
1.072932392358779907e+00
1.042586684226989746e+00
8.443470299243927002e-01
9.551687240600585938e-01
6.938177272677421570e-01
1.006411999464035034e+00
7.707932442426681519e-01
9.630668759346008301e-01
1.006699502468109131e+00
9.390799105167388916e-01
1.279506385326385498e+00
1.034334033727645874e+00
8.702291548252105713e-01
8.798863589763641357e-01
1.053914964199066162e+00
7.658974230289459229e-01
8.621603846549987793e-01
8.598031401634216309e-01
8.005007207393646240e-01
1.025156468152999878e+00
1.329830884933471680e+00
7.369774430990219116e-01
1.006935447454452515e+00
1.004149168729782104e+00
8.960049748420715332e-01
9.825409948825836182e-01
1.010823279619216919e+00
8.945216238498687744e-01
1.086019366979598999e+00
1.142897576093673706e+00
7.843066453933715820e-01
1.189705073833465576e+00
9.083541929721832275e-01
9.199290871620178223e-01
8.817174136638641357e-01
1.024415284395217896e+00
1.151779413223266602e+00
9.237940311431884766e-01
7.844841480255126953e-01
1.227282673120498657e+00
9.560471177101135254e-01
8.328163027763366699e-01
9.617073833942413330e-01
8.817142546176910400e-01
1.134669214487075806e+00
9.888849854469299316e-01
8.978417515754699707e-01
7.987162172794342041e-01
8.511160016059875488e-01
8.430682122707366943e-01
9.620623886585235596e-01
8.932500183582305908e-01
7.871224880218505859e-01
8.566655814647674561e-01
7.650810629129409790e-01
1.085536181926727295e+00
1.071371197700500488e+00
1.024702578783035278e+00
8.432764708995819092e-01
8.744980692863464355e-01
9.893657863140106201e-01
9.470762312412261963e-01
1.003156810998916626e+00
9.064554274082183838e-01
9.038359522819519043e-01
1.223687887191772461e+00
8.077537119388580322e-01
1.144269853830337524e+00
1.104148209095001221e+00
1.163002580404281616e+00
1.021133601665496826e+00
9.778081178665161133e-01
9.447886645793914795e-01
1.085153341293334961e+00
9.174659550189971924e-01
9.509712457656860352e-01
1.064202636480331421e+00
9.965799748897552490e-01
6.274177767336368561e-01
9.949954748153686523e-01
7.916028201580047607e-01
9.451119601726531982e-01
9.650166630744934082e-01
1.181609660387039185e+00
8.533734381198883057e-01
9.715298414230346680e-01
1.212936192750930786e+00
8.671237528324127197e-01
1.202707499265670776e+00
6.916459575295448303e-01
1.280341178178787231e+00
1.180780708789825439e+00
1.014492690563201904e+00
1.209239393472671509e+00
9.767048656940460205e-01
9.629227817058563232e-01
9.104715585708618164e-01
1.078759282827377319e+00
8.971254229545593262e-01
9.348270893096923828e-01
1.036078959703445435e+00
1.063962310552597046e+00
8.939980268478393555e-01
1.112618297338485718e+00
7.222313880920410156e-01
7.946107983589172363e-01
9.438105821609497070e-01
1.092122554779052734e+00
1.130090236663818359e+00
9.836326837539672852e-01
1.095396071672439575e+00
8.484527170658111572e-01
7.897941470146179199e-01
8.349901735782623291e-01
8.126008510589599609e-01
1.112900644540786743e+00
1.232013851404190063e+00
1.060099691152572632e+00
9.657047390937805176e-01
1.067013829946517944e+00
9.449955523014068604e-01
1.170324444770812988e+00
8.389559686183929443e-01
1.147169262170791626e+00
8.454129695892333984e-01
9.771282970905303955e-01
8.153239786624908447e-01
1.149274706840515137e+00
1.103765040636062622e+00
8.123866617679595947e-01
1.034371167421340942e+00
8.161891400814056396e-01
1.297452658414840698e+00
8.076842427253723145e-01
1.142057389020919800e+00
1.117299050092697144e+00
1.013976722955703735e+00
8.673979640007019043e-01
8.178255856037139893e-01
8.225131630897521973e-01
9.635698795318603516e-01
8.101085126399993896e-01
8.250593841075897217e-01
8.298191726207733154e-01
1.132773369550704956e+00
9.437855780124664307e-01
9.172395467758178711e-01
1.143542289733886719e+00
1.008401155471801758e+00
1.016050964593887329e+00
1.150750547647476196e+00
9.686405360698699951e-01
9.959293901920318604e-01
8.417444527149200439e-01
9.445503056049346924e-01
9.031287133693695068e-01
1.157967656850814819e+00
9.790308177471160889e-01
8.331896364688873291e-01
1.030714660882949829e+00
1.165368765592575073e+00
7.893182933330535889e-01
8.845601379871368408e-01
7.804682105779647827e-01
9.910019636154174805e-01
1.342454552650451660e+00
9.427324831485748291e-01
8.967875540256500244e-01
9.110821187496185303e-01
8.258171379566192627e-01
8.136077523231506348e-01
9.177076518535614014e-01
1.070569813251495361e+00
8.358995914459228516e-01
9.336415827274322510e-01
1.037412017583847046e+00
1.170693784952163696e+00
9.848812222480773926e-01
1.083966135978698730e+00
8.082067668437957764e-01
9.830992221832275391e-01
7.826361507177352905e-01
9.682348072528839111e-01
1.238032281398773193e+00
9.937372505664825439e-01
1.099225372076034546e+00
1.064808875322341919e+00
9.868563413619995117e-01
1.163993656635284424e+00
9.625706672668457031e-01
9.784952700138092041e-01
9.686883985996246338e-01
8.917466104030609131e-01
8.488844633102416992e-01
1.021356076002120972e+00
8.812343776226043701e-01
1.115505456924438477e+00
1.047647416591644287e+00
8.406568169593811035e-01
1.128264635801315308e+00
9.757478535175323486e-01
8.850044310092926025e-01
7.816265970468521118e-01
8.918994367122650146e-01
9.453335702419281006e-01
8.602260053157806396e-01
1.464806497097015381e+00
1.122289478778839111e+00
8.929356038570404053e-01
8.973169922828674316e-01
1.009188562631607056e+00
9.928634762763977051e-01
9.414710104465484619e-01
1.129847735166549683e+00
1.133168548345565796e+00
1.189835220575332642e+00
7.764919996261596680e-01
7.821969240903854370e-01
1.132513463497161865e+00
8.266274333000183105e-01
1.090709954500198364e+00
1.003190696239471436e+00
9.280335903167724609e-01
7.472104728221893311e-01
8.814590573310852051e-01
1.026075601577758789e+00
1.372494280338287354e+00
9.863297045230865479e-01
9.527217447757720947e-01
8.376842141151428223e-01
1.139632731676101685e+00
9.103323519229888916e-01
9.801175296306610107e-01
9.827585220336914062e-01
8.948961496353149414e-01
1.154303908348083496e+00
9.965177774429321289e-01
9.647359251976013184e-01
9.529221355915069580e-01
1.210947394371032715e+00
9.715753793716430664e-01
1.011529296636581421e+00
1.042849868535995483e+00
1.081656008958816528e+00
9.678423106670379639e-01
1.147554486989974976e+00
9.438065290451049805e-01
1.046171218156814575e+00
6.993158087134361267e-01
1.026537030935287476e+00
1.111086964607238770e+00
1.178705185651779175e+00
1.069245308637619019e+00
9.222190678119659424e-01
8.694738745689392090e-01
8.834142982959747314e-01
1.210013717412948608e+00
8.770577013492584229e-01
1.143816322088241577e+00
8.671155273914337158e-01
1.116623342037200928e+00
1.011567503213882446e+00
8.916299045085906982e-01
8.922749459743499756e-01
9.020744264125823975e-01
1.115726172924041748e+00
8.858364522457122803e-01
9.886870682239532471e-01
1.022033810615539551e+00
9.186832308769226074e-01
6.927740946412086487e-01
7.834029644727706909e-01
8.520902097225189209e-01
9.925639033317565918e-01
1.101485460996627808e+00
8.589794933795928955e-01
9.100909829139709473e-01
8.459555506706237793e-01
8.214774131774902344e-01
9.514819979667663574e-01
9.187744557857513428e-01
9.258181452751159668e-01
1.104321599006652832e+00
1.161606162786483765e+00
