1.019947260618209839e+00
9.411255121231079102e-01
8.760074675083160400e-01
8.638410568237304688e-01
7.618568539619445801e-01
7.158723473548889160e-01
7.010124921798706055e-01
7.092415392398834229e-01
7.220910191535949707e-01
5.977517366409301758e-01
7.058815062046051025e-01
7.258171439170837402e-01
6.690016984939575195e-01
7.308495342731475830e-01
7.253994941711425781e-01
7.188625037670135498e-01
6.885499358177185059e-01
6.484963595867156982e-01
6.989768743515014648e-01
6.626336872577667236e-01
6.787570416927337646e-01
6.990038454532623291e-01
6.499812304973602295e-01
6.899052262306213379e-01
6.474938094615936279e-01
6.848306655883789062e-01
7.449366748332977295e-01
6.908868253231048584e-01
6.378689706325531006e-01
6.493859887123107910e-01
7.175930142402648926e-01
6.911432445049285889e-01
6.831163763999938965e-01
6.992120742797851562e-01
6.887783408164978027e-01
6.046477109193801880e-01
6.714551448822021484e-01
6.373417675495147705e-01
6.424472332000732422e-01
6.686490476131439209e-01
6.764940023422241211e-01
7.554325461387634277e-01
7.316682636737823486e-01
6.694791913032531738e-01
6.337936818599700928e-01
7.031685709953308105e-01
6.324891746044158936e-01
6.563050448894500732e-01
6.232714354991912842e-01
6.609696745872497559e-01
6.662403643131256104e-01
6.876125335693359375e-01
6.836480498313903809e-01
6.810057759284973145e-01
6.610978543758392334e-01
6.473628282546997070e-01
6.223494112491607666e-01
6.103636920452117920e-01
6.494596898555755615e-01
6.330664455890655518e-01
6.640740931034088135e-01
6.902928054332733154e-01
6.236258745193481445e-01
6.668841242790222168e-01
6.763733625411987305e-01
6.199212670326232910e-01
6.284509301185607910e-01
6.739175021648406982e-01
6.799888610839843750e-01
6.466135978698730469e-01
7.222660183906555176e-01
6.702766120433807373e-01
6.525474190711975098e-01
6.999757587909698486e-01
6.489005684852600098e-01
6.745348274707794189e-01
6.189484000205993652e-01
6.708386540412902832e-01
6.141103804111480713e-01
6.611595749855041504e-01
6.529538035392761230e-01
6.515300273895263672e-01
6.399374306201934814e-01
6.116688549518585205e-01
6.373719573020935059e-01
7.386015653610229492e-01
6.789979636669158936e-01
7.119239866733551025e-01
6.400725245475769043e-01
6.951298713684082031e-01
6.982238590717315674e-01
6.525921523571014404e-01
6.757873296737670898e-01
6.537887454032897949e-01
6.878833174705505371e-01
6.776421070098876953e-01
6.644769608974456787e-01
6.453716158866882324e-01
6.832076907157897949e-01
6.630765795707702637e-01
6.380360722541809082e-01
6.713386178016662598e-01
6.699408292770385742e-01
6.220737993717193604e-01
7.037395834922790527e-01
6.853639185428619385e-01
7.089205086231231689e-01
6.893128752708435059e-01
6.267170906066894531e-01
6.775408089160919189e-01
6.832929253578186035e-01
6.650637686252593994e-01
6.572699248790740967e-01
6.859319806098937988e-01
6.652315557003021240e-01
5.876998007297515869e-01
7.000487446784973145e-01
6.489163041114807129e-01
6.831015348434448242e-01
6.207459568977355957e-01
7.081464231014251709e-01
6.456830799579620361e-01
6.575044989585876465e-01
6.454512774944305420e-01
6.538035273551940918e-01
6.764207482337951660e-01
6.150788664817810059e-01
6.726987957954406738e-01
6.570673584938049316e-01
6.837178468704223633e-01
6.690247356891632080e-01
6.612755358219146729e-01
6.994089186191558838e-01
6.294340789318084717e-01
6.436874866485595703e-01
6.605765521526336670e-01
6.927865147590637207e-01
6.490446329116821289e-01
6.194973289966583252e-01
6.988187730312347412e-01
6.342878043651580811e-01
6.930155456066131592e-01
6.673130989074707031e-01
6.130051016807556152e-01
6.174172163009643555e-01
6.626994609832763672e-01
6.431930959224700928e-01
6.257158219814300537e-01
6.523693203926086426e-01
6.432923674583435059e-01
6.013101190328598022e-01
6.591574847698211670e-01
6.468114852905273438e-01
6.530685424804687500e-01
6.524405777454376221e-01
7.183660566806793213e-01
6.820539534091949463e-01
6.338130533695220947e-01
6.343204379081726074e-01
6.707763969898223877e-01
6.391902565956115723e-01
6.330665051937103271e-01
6.508695483207702637e-01
6.634553074836730957e-01
6.579583585262298584e-01
6.497878730297088623e-01
7.130418121814727783e-01
6.212214827537536621e-01
7.182943224906921387e-01
6.554832458496093750e-01
6.404656469821929932e-01
6.364048421382904053e-01
6.388378441333770752e-01
6.121053695678710938e-01
6.809093654155731201e-01
6.698992848396301270e-01
6.385387480258941650e-01
6.752417385578155518e-01
6.582122147083282471e-01
6.759878098964691162e-01
6.212246716022491455e-01
6.337984502315521240e-01
6.421320438385009766e-01
6.527636051177978516e-01
6.531355977058410645e-01
6.590352058410644531e-01
7.084087431430816650e-01
6.441814303398132324e-01
7.022180557250976562e-01
5.939917266368865967e-01
6.660474538803100586e-01
6.335702240467071533e-01
6.215021610260009766e-01
6.883398890495300293e-01
6.776387691497802734e-01
6.846444308757781982e-01
6.607052385807037354e-01
6.621654033660888672e-01
6.591381728649139404e-01
6.647939682006835938e-01
6.893175840377807617e-01
6.412783861160278320e-01
6.335224211215972900e-01
5.915310382843017578e-01
6.107451617717742920e-01
6.034047305583953857e-01
6.364842355251312256e-01
6.515862047672271729e-01
6.901701092720031738e-01
6.504756808280944824e-01
6.460497379302978516e-01
6.187572777271270752e-01
6.829575002193450928e-01
6.721884012222290039e-01
6.597035527229309082e-01
6.090119481086730957e-01
6.376530230045318604e-01
6.591429412364959717e-01
6.559530198574066162e-01
6.706927716732025146e-01
6.361919641494750977e-01
6.656984388828277588e-01
7.291189730167388916e-01
6.619678437709808350e-01
6.491469442844390869e-01
6.534328460693359375e-01
6.881045997142791748e-01
6.226014196872711182e-01
6.380765736103057861e-01
6.810091137886047363e-01
5.717504173517227173e-01
6.730010807514190674e-01
6.425808072090148926e-01
6.421803236007690430e-01
6.600077152252197266e-01
6.129253506660461426e-01
6.799715459346771240e-01
6.247752904891967773e-01
6.806857287883758545e-01
6.396629512310028076e-01
6.935164630413055420e-01
6.555840075016021729e-01
6.472487151622772217e-01
6.281937658786773682e-01
6.622127592563629150e-01
5.933955907821655273e-01
7.673105299472808838e-01
6.596179008483886719e-01
6.723958849906921387e-01
6.781047582626342773e-01
6.274561285972595215e-01
6.792765557765960693e-01
6.247137486934661865e-01
6.297127604484558105e-01
6.242835223674774170e-01
6.301422119140625000e-01
7.229399383068084717e-01
6.278250515460968018e-01
6.206108331680297852e-01
6.231640279293060303e-01
6.171264350414276123e-01
6.540921330451965332e-01
6.450839340686798096e-01
6.174365282058715820e-01
7.022116482257843018e-01
6.623956561088562012e-01
6.466279029846191406e-01
5.911768674850463867e-01
6.276955902576446533e-01
7.035359144210815430e-01
6.465249061584472656e-01
6.301264762878417969e-01
6.465780138969421387e-01
6.219898760318756104e-01
6.861416399478912354e-01
6.494063436985015869e-01
6.369625926017761230e-01
6.158243715763092041e-01
6.343576908111572266e-01
6.330541074275970459e-01
6.072804033756256104e-01
6.803473234176635742e-01
6.558396220207214355e-01
6.366469860076904297e-01
7.046512961387634277e-01
7.026426196098327637e-01
5.940977483987808228e-01
6.804838180541992188e-01
6.582596302032470703e-01
6.118936538696289062e-01
6.303752660751342773e-01
6.362749636173248291e-01
6.458156406879425049e-01
6.774570345878601074e-01
6.850975453853607178e-01
6.754153072834014893e-01
6.704816520214080811e-01
6.943640410900115967e-01
6.122123003005981445e-01
6.385269165039062500e-01
6.782597601413726807e-01
6.628709733486175537e-01
6.727990508079528809e-01
6.332615911960601807e-01
6.950896382331848145e-01
6.608957350254058838e-01
6.576701402664184570e-01
6.932407617568969727e-01
6.778540909290313721e-01
6.882333755493164062e-01
6.861721873283386230e-01
6.258407235145568848e-01
6.637681722640991211e-01
6.514895856380462646e-01
6.953230798244476318e-01
5.979896485805511475e-01
6.885775923728942871e-01
6.280087232589721680e-01
6.765794456005096436e-01
6.476379930973052979e-01
6.249079108238220215e-01
6.201418936252593994e-01
6.222600042819976807e-01
6.637805402278900146e-01
6.517661511898040771e-01
6.382923722267150879e-01
6.112093627452850342e-01
6.361305117607116699e-01
6.154713928699493408e-01
7.092946171760559082e-01
6.337620913982391357e-01
6.563846468925476074e-01
6.037825047969818115e-01
6.522640287876129150e-01
6.218526363372802734e-01
6.380175650119781494e-01
6.294835507869720459e-01
6.181294023990631104e-01
6.137158870697021484e-01
6.374495625495910645e-01
6.345306336879730225e-01
6.711752116680145264e-01
5.975097268819808960e-01
6.369135081768035889e-01
6.603063344955444336e-01
6.905255317687988281e-01
6.709001958370208740e-01
6.651535034179687500e-01
6.295237243175506592e-01
6.319764256477355957e-01
7.018757164478302002e-01
6.734961867332458496e-01
6.300747394561767578e-01
6.426743865013122559e-01
7.566893398761749268e-01
6.658223271369934082e-01
6.523879170417785645e-01
6.785559952259063721e-01
5.939307361841201782e-01
6.904259324073791504e-01
6.110639870166778564e-01
6.944940388202667236e-01
6.609315276145935059e-01
6.505840420722961426e-01
6.117027401924133301e-01
6.652586162090301514e-01
5.952250808477401733e-01
7.043833732604980469e-01
6.597024202346801758e-01
6.477009356021881104e-01
6.521759331226348877e-01
6.442117393016815186e-01
6.899943053722381592e-01
6.488874554634094238e-01
6.136428117752075195e-01
6.115235388278961182e-01
6.048892140388488770e-01
6.146915555000305176e-01
6.457365751266479492e-01
6.616731286048889160e-01
6.611732840538024902e-01
6.654858589172363281e-01
6.399133205413818359e-01
6.702434122562408447e-01
6.493994891643524170e-01
6.501719057559967041e-01
6.840460896492004395e-01
6.356595456600189209e-01
6.604219973087310791e-01
5.840718150138854980e-01
6.349212825298309326e-01
6.495934724807739258e-01
6.971080899238586426e-01
7.207155525684356689e-01
6.694255471229553223e-01
6.724307835102081299e-01
6.504867374897003174e-01
5.659954994916915894e-01
6.209235787391662598e-01
6.907114982604980469e-01
6.668494939804077148e-01
6.682695746421813965e-01
6.068451702594757080e-01
6.215099990367889404e-01
6.460540592670440674e-01
5.665605366230010986e-01
6.863774955272674561e-01
6.712291836738586426e-01
6.749220192432403564e-01
6.146807074546813965e-01
7.044800221920013428e-01
6.253963410854339600e-01
6.661430299282073975e-01
6.166833341121673584e-01
6.056831777095794678e-01
6.344713866710662842e-01
6.598199307918548584e-01
6.980241537094116211e-01
7.005441784858703613e-01
6.530292630195617676e-01
6.427519917488098145e-01
6.748052537441253662e-01
6.651576459407806396e-01
6.409367918968200684e-01
6.235268115997314453e-01
6.273397207260131836e-01
6.380939781665802002e-01
6.537931263446807861e-01
6.660103499889373779e-01
6.241431236267089844e-01
6.488311588764190674e-01
6.489325165748596191e-01
6.270224153995513916e-01
6.396416127681732178e-01
6.419411599636077881e-01
6.041049361228942871e-01
7.226480841636657715e-01
6.395408511161804199e-01
6.364684700965881348e-01
6.561049818992614746e-01
6.578098237514495850e-01
6.681775152683258057e-01
5.994901061058044434e-01
6.676774621009826660e-01
6.207635998725891113e-01
6.632211804389953613e-01
6.121639311313629150e-01
6.416642963886260986e-01
6.120095252990722656e-01
6.554215252399444580e-01
6.696378886699676514e-01
5.617959797382354736e-01
6.450665593147277832e-01
6.767871677875518799e-01
6.758857965469360352e-01
7.293068468570709229e-01
6.689312756061553955e-01
7.052299082279205322e-01
6.609367728233337402e-01
6.469237804412841797e-01
6.061070561408996582e-01
6.586538553237915039e-01
6.514757573604583740e-01
6.113099157810211182e-01
6.187036633491516113e-01
6.413263082504272461e-01
7.018552124500274658e-01
7.176406383514404297e-01
6.575110852718353271e-01
6.641957759857177734e-01
6.618819236755371094e-01
6.372169256210327148e-01
5.993831455707550049e-01
6.212963461875915527e-01
7.037540674209594727e-01
6.490727961063385010e-01
6.593350470066070557e-01
6.118137240409851074e-01
6.181457340717315674e-01
5.932931452989578247e-01
6.390645205974578857e-01
5.915637165307998657e-01
6.428456008434295654e-01
6.413248777389526367e-01
5.960071980953216553e-01
6.541483700275421143e-01
6.550454199314117432e-01
6.452043056488037109e-01
5.929338186979293823e-01
6.667650341987609863e-01
6.348813474178314209e-01
6.705682873725891113e-01
6.530039310455322266e-01
7.041311860084533691e-01
6.300387084484100342e-01
7.087917625904083252e-01
6.521863043308258057e-01
6.839902698993682861e-01
6.169753372669219971e-01
6.914853155612945557e-01
6.699028611183166504e-01
5.801766514778137207e-01
6.248961687088012695e-01
6.334654390811920166e-01
6.604316830635070801e-01
6.523443460464477539e-01
6.305399537086486816e-01
6.713025569915771484e-01
6.300707161426544189e-01
6.161674261093139648e-01
6.653637886047363281e-01
6.550620198249816895e-01
6.335246562957763672e-01
6.583364903926849365e-01
6.560352146625518799e-01
6.698246300220489502e-01
6.698127985000610352e-01
6.149680614471435547e-01
6.609999537467956543e-01
6.756657361984252930e-01
5.837627202272415161e-01
6.595782637596130371e-01
6.767263412475585938e-01
6.900095641613006592e-01
6.831850409507751465e-01
6.704138517379760742e-01
6.707147061824798584e-01
6.398994326591491699e-01
6.568307876586914062e-01
7.121454775333404541e-01
6.519894599914550781e-01
6.065354347229003906e-01
6.172828078269958496e-01
5.776469856500625610e-01
5.897897928953170776e-01
6.413929760456085205e-01
7.167168855667114258e-01
6.403210759162902832e-01
6.563633382320404053e-01
6.714212894439697266e-01
6.567901670932769775e-01
6.292434334754943848e-01
6.819957196712493896e-01
6.422931849956512451e-01
6.105438470840454102e-01
6.522396802902221680e-01
6.659316122531890869e-01
6.374010443687438965e-01
5.805595815181732178e-01
5.914345830678939819e-01
6.431305408477783203e-01
6.882212460041046143e-01
6.209936141967773438e-01
6.379922628402709961e-01
5.927191525697708130e-01
6.487441658973693848e-01
6.132320463657379150e-01
6.115005612373352051e-01
6.339031755924224854e-01
6.689871847629547119e-01
6.690066754817962646e-01
6.614202857017517090e-01
6.264945566654205322e-01
6.962960660457611084e-01
6.616958081722259521e-01
6.113710105419158936e-01
5.936202257871627808e-01
6.079100966453552246e-01
6.765757501125335693e-01
6.218264698982238770e-01
6.769769191741943359e-01
6.341622471809387207e-01
6.588103473186492920e-01
6.326287984848022461e-01
6.758455634117126465e-01
6.296623349189758301e-01
6.505997478961944580e-01
6.439019739627838135e-01
6.194606721401214600e-01
6.481223702430725098e-01
6.345298588275909424e-01
5.884050428867340088e-01
6.543493568897247314e-01
6.427859067916870117e-01
7.126199007034301758e-01
6.950126886367797852e-01
5.916434675455093384e-01
6.277352273464202881e-01
6.982397735118865967e-01
7.136396765708923340e-01
6.354512572288513184e-01
5.967693626880645752e-01
6.436937451362609863e-01
6.377530097961425781e-01
6.427256166934967041e-01
6.242251992225646973e-01
6.939278841018676758e-01
6.373340487480163574e-01
6.528565585613250732e-01
6.233101785182952881e-01
6.646260619163513184e-01
6.455848813056945801e-01
6.602421998977661133e-01
6.660749614238739014e-01
6.405043601989746094e-01
6.198701560497283936e-01
6.029501259326934814e-01
6.357604265213012695e-01
6.002771258354187012e-01
6.273228824138641357e-01
6.496497392654418945e-01
6.561464369297027588e-01
6.154489517211914062e-01
6.651620864868164062e-01
6.350173950195312500e-01
6.264097094535827637e-01
6.673412024974822998e-01
6.630483269691467285e-01
6.290242075920104980e-01
6.422398686408996582e-01
6.764864325523376465e-01
6.310796141624450684e-01
6.731265783309936523e-01
6.360643506050109863e-01
6.416406333446502686e-01
6.546877622604370117e-01
6.104106605052947998e-01
6.137024760246276855e-01
6.621837019920349121e-01
6.508089303970336914e-01
5.653138160705566406e-01
6.703315079212188721e-01
6.864528656005859375e-01
6.112980246543884277e-01
6.921304464340209961e-01
6.430506706237792969e-01
5.859717279672622681e-01
6.720651090145111084e-01
6.455360949039459229e-01
6.248646080493927002e-01
6.071245074272155762e-01
6.718972027301788330e-01
6.136652529239654541e-01
6.395547091960906982e-01
6.627192497253417969e-01
6.715375483036041260e-01
6.489331126213073730e-01
6.312557160854339600e-01
6.335874795913696289e-01
6.461539864540100098e-01
6.054720878601074219e-01
6.683025658130645752e-01
6.754672527313232422e-01
6.349234580993652344e-01
6.032612025737762451e-01
6.412758827209472656e-01
6.219902038574218750e-01
6.280037164688110352e-01
6.399098634719848633e-01
6.724819540977478027e-01
7.015833556652069092e-01
6.124515831470489502e-01
6.229596436023712158e-01
6.464642286300659180e-01
6.424018740653991699e-01
5.681835561990737915e-01
6.258335113525390625e-01
6.495537757873535156e-01
6.237115561962127686e-01
6.017509996891021729e-01
6.216882467269897461e-01
6.753884851932525635e-01
6.838245093822479248e-01
6.252385377883911133e-01
5.989106297492980957e-01
6.214861869812011719e-01
6.686095893383026123e-01
6.374047398567199707e-01
6.141749024391174316e-01
6.423895061016082764e-01
6.495743393898010254e-01
6.361938118934631348e-01
6.184661686420440674e-01
6.300779581069946289e-01
6.503754258155822754e-01
5.938169062137603760e-01
6.136018335819244385e-01
6.285824477672576904e-01
6.385597586631774902e-01
6.675117611885070801e-01
6.710093021392822266e-01
6.311143338680267334e-01
6.742086410522460938e-01
6.678870916366577148e-01
6.052467823028564453e-01
6.437502503395080566e-01
7.007675766944885254e-01
7.083397209644317627e-01
6.717077493667602539e-01
6.108903586864471436e-01
5.929514318704605103e-01
6.653707623481750488e-01
5.948686003684997559e-01
6.435957252979278564e-01
6.342925727367401123e-01
6.700344383716583252e-01
6.693034172058105469e-01
6.183027625083923340e-01
5.995581448078155518e-01
6.192025840282440186e-01
6.256518363952636719e-01
6.857443749904632568e-01
6.863259971141815186e-01
6.149359345436096191e-01
6.155487895011901855e-01
6.061992347240447998e-01
5.621063262224197388e-01
6.554095447063446045e-01
6.313972175121307373e-01
6.602681279182434082e-01
6.564990878105163574e-01
6.473789215087890625e-01
6.563818454742431641e-01
6.624009609222412109e-01
6.073330938816070557e-01
6.369663774967193604e-01
6.617116928100585938e-01
6.636190414428710938e-01
6.655261218547821045e-01
6.449296474456787109e-01
5.847977697849273682e-01
5.983995497226715088e-01
6.058462262153625488e-01
6.317879259586334229e-01
6.396406888961791992e-01
6.524465084075927734e-01
6.198795735836029053e-01
6.612311005592346191e-01
6.116012632846832275e-01
6.139234304428100586e-01
6.401922702789306641e-01
6.295180916786193848e-01
6.072273850440979004e-01
5.996777415275573730e-01
6.708545386791229248e-01
6.550304889678955078e-01
6.315927505493164062e-01
6.345600187778472900e-01
6.300203502178192139e-01
6.103623211383819580e-01
6.410669684410095215e-01
6.727050840854644775e-01
6.612442731857299805e-01
6.690928637981414795e-01
6.505865454673767090e-01
6.601734459400177002e-01
6.189293563365936279e-01
6.492429375648498535e-01
6.631830334663391113e-01
6.141808629035949707e-01
6.735956370830535889e-01
6.402006447315216064e-01
6.545987427234649658e-01
6.886429488658905029e-01
6.739638447761535645e-01
6.611328721046447754e-01
6.317248344421386719e-01
6.704649627208709717e-01
6.377666890621185303e-01
6.576139330863952637e-01
6.145019233226776123e-01
5.939196646213531494e-01
6.319144368171691895e-01
6.738934218883514404e-01
7.003152668476104736e-01
6.619555652141571045e-01
6.579352319240570068e-01
6.560512185096740723e-01
6.134517192840576172e-01
6.880779266357421875e-01
6.190243065357208252e-01
6.220378279685974121e-01
6.303437352180480957e-01
6.742781102657318115e-01
6.202166974544525146e-01
5.831559747457504272e-01
6.694050133228302002e-01
5.753036439418792725e-01
6.477952897548675537e-01
6.665939390659332275e-01
6.656483411788940430e-01
6.563628911972045898e-01
6.007081270217895508e-01
6.219574809074401855e-01
6.064096689224243164e-01
6.284348368644714355e-01
6.633054912090301514e-01
7.073421180248260498e-01
6.154906749725341797e-01
6.416257917881011963e-01
6.382919847965240479e-01
6.991142630577087402e-01
6.230359673500061035e-01
6.599605083465576172e-01
6.722005009651184082e-01
6.010878682136535645e-01
6.229911446571350098e-01
6.060608923435211182e-01
5.916435718536376953e-01
6.788963675498962402e-01
6.537981629371643066e-01
6.645940542221069336e-01
6.362632215023040771e-01
6.151662170886993408e-01
6.373559832572937012e-01
6.528445482254028320e-01
6.272015869617462158e-01
6.557925045490264893e-01
6.461571753025054932e-01
6.324702203273773193e-01
6.356917917728424072e-01
6.408824324607849121e-01
6.220318377017974854e-01
6.457078456878662109e-01
6.676493585109710693e-01
6.444301009178161621e-01
6.478733420372009277e-01
7.049205899238586426e-01
6.610180437564849854e-01
6.724078953266143799e-01
6.900158822536468506e-01
6.453776359558105469e-01
6.365382373332977295e-01
6.090230345726013184e-01
6.741239428520202637e-01
6.288669705390930176e-01
6.225494742393493652e-01
6.897526383399963379e-01
6.483711004257202148e-01
6.745047569274902344e-01
6.500895023345947266e-01
6.757669746875762939e-01
6.848423779010772705e-01
6.708611249923706055e-01
6.437037587165832520e-01
6.125583052635192871e-01
6.315884888172149658e-01
6.433264911174774170e-01
6.199787855148315430e-01
6.889941394329071045e-01
6.043101847171783447e-01
6.208098828792572021e-01
6.544050574302673340e-01
5.820047408342361450e-01
6.777642071247100830e-01
6.594511568546295166e-01
7.089191079139709473e-01
6.271049380302429199e-01
5.917427688837051392e-01
6.605374515056610107e-01
5.936623811721801758e-01
6.881183683872222900e-01
6.355366110801696777e-01
6.550940871238708496e-01
6.436257362365722656e-01
6.649840772151947021e-01
6.374140977859497070e-01
5.931415855884552002e-01
6.023623049259185791e-01
6.483661234378814697e-01
6.335016787052154541e-01
5.907442271709442139e-01
6.945001184940338135e-01
6.064016222953796387e-01
6.365941166877746582e-01
6.575629115104675293e-01
6.707386672496795654e-01
6.410012245178222656e-01
6.621290445327758789e-01
6.410241425037384033e-01
6.439498364925384521e-01
6.232837736606597900e-01
6.384431421756744385e-01
6.273011565208435059e-01
5.960789322853088379e-01
6.879138350486755371e-01
6.103277504444122314e-01
6.463270783424377441e-01
6.490384638309478760e-01
6.852786540985107422e-01
6.609806418418884277e-01
5.836628079414367676e-01
6.753680408000946045e-01
6.717385947704315186e-01
6.473389267921447754e-01
5.914603471755981445e-01
7.018542885780334473e-01
6.128556132316589355e-01
6.169335246086120605e-01
6.486917734146118164e-01
6.956333518028259277e-01
5.783541202545166016e-01
7.271744608879089355e-01
5.889214426279067993e-01
6.211275756359100342e-01
6.448624730110168457e-01
6.296292543411254883e-01
6.349563300609588623e-01
6.506061851978302002e-01
6.603289544582366943e-01
6.893612742424011230e-01
6.633570194244384766e-01
6.067391633987426758e-01
6.458355188369750977e-01
6.587820649147033691e-01
6.211572289466857910e-01
6.780003905296325684e-01
6.565992534160614014e-01
5.915300250053405762e-01
6.422103941440582275e-01
5.808574557304382324e-01
6.353342831134796143e-01
6.076562702655792236e-01
6.151283085346221924e-01
6.555386781692504883e-01
6.265269219875335693e-01
7.162134945392608643e-01
6.672008335590362549e-01
6.113418340682983398e-01
6.219605505466461182e-01
6.478835344314575195e-01
5.975788235664367676e-01
6.381943225860595703e-01
6.042745411396026611e-01
5.983674824237823486e-01
6.603193283081054688e-01
7.193352282047271729e-01
5.790897011756896973e-01
6.546676456928253174e-01
6.494777500629425049e-01
6.323788762092590332e-01
6.313683092594146729e-01
6.340708732604980469e-01
6.188931465148925781e-01
6.839126944541931152e-01
7.071335613727569580e-01
6.155387163162231445e-01
7.010109424591064453e-01
6.297630071640014648e-01
6.315716505050659180e-01
6.083112657070159912e-01
6.548478603363037109e-01
6.613931953907012939e-01
6.183760166168212891e-01
6.058884561061859131e-01
7.088752985000610352e-01
6.160423755645751953e-01
6.153259277343750000e-01
6.309992671012878418e-01
6.057804226875305176e-01
6.824586689472198486e-01
6.293309032917022705e-01
6.173014342784881592e-01
6.269805431365966797e-01
6.044417619705200195e-01
6.041165888309478760e-01
6.171366572380065918e-01
6.023444831371307373e-01
6.181712150573730469e-01
6.136485636234283447e-01
5.935134291648864746e-01
6.540519297122955322e-01
6.888621449470520020e-01
6.491068005561828613e-01
6.064233183860778809e-01
6.108859181404113770e-01
6.411372125148773193e-01
6.205891668796539307e-01
6.317424774169921875e-01
6.180854439735412598e-01
6.215852797031402588e-01
6.724142730236053467e-01
6.111871302127838135e-01
7.057722508907318115e-01
6.599643528461456299e-01
6.663191616535186768e-01
6.600713133811950684e-01
6.283609271049499512e-01
6.202165484428405762e-01
6.523105502128601074e-01
6.320585012435913086e-01
6.193831861019134521e-01
6.684871315956115723e-01
6.568083763122558594e-01
5.251355022192001343e-01
6.508945822715759277e-01
6.130192279815673828e-01
6.179084181785583496e-01
6.311335861682891846e-01
6.948159635066986084e-01
6.154992282390594482e-01
6.344022452831268311e-01
6.748628020286560059e-01
6.083220839500427246e-01
6.812258064746856689e-01
5.662552863359451294e-01
6.970275640487670898e-01
6.784857511520385742e-01
6.421052217483520508e-01
6.930399537086486816e-01
6.323707997798919678e-01
6.809547245502471924e-01
6.224422752857208252e-01
6.690342426300048828e-01
6.207519471645355225e-01
6.325228214263916016e-01
6.624004244804382324e-01
6.547232568264007568e-01
6.103728711605072021e-01
6.841051876544952393e-01
5.847480744123458862e-01
6.205279827117919922e-01
6.409619748592376709e-01
6.689700186252593994e-01
6.668559014797210693e-01
6.731015443801879883e-01
6.818467974662780762e-01
6.094619333744049072e-01
5.877844095230102539e-01
5.874022692441940308e-01
6.223563551902770996e-01
6.680962741374969482e-01
6.867766082286834717e-01
6.753751635551452637e-01
6.387458145618438721e-01
6.623072326183319092e-01
6.563178896903991699e-01
6.930682063102722168e-01
6.148266494274139404e-01
6.655260622501373291e-01
6.264969408512115479e-01
6.787325143814086914e-01
6.297930777072906494e-01
6.471111476421356201e-01
6.771782934665679932e-01
6.192966401576995850e-01
6.447575092315673828e-01
6.349733471870422363e-01
7.093144655227661133e-01
6.068303287029266357e-01
6.776226460933685303e-01
6.617729663848876953e-01
6.532430946826934814e-01
6.040677130222320557e-01
6.078773736953735352e-01
6.283568143844604492e-01
6.631640195846557617e-01
6.280966401100158691e-01
5.858095437288284302e-01
6.336279213428497314e-01
6.696662604808807373e-01
6.389270722866058350e-01
6.444687247276306152e-01
7.065168321132659912e-01
6.487377285957336426e-01
6.376371085643768311e-01
6.648370325565338135e-01
6.687214672565460205e-01
6.574505865573883057e-01
6.005317866802215576e-01
6.272751092910766602e-01
6.286403834819793701e-01
6.720245480537414551e-01
6.408520042896270752e-01
6.170297265052795410e-01
6.370182037353515625e-01
6.740370690822601318e-01
6.070819497108459473e-01
6.247844696044921875e-01
6.017192900180816650e-01
6.315186321735382080e-01
7.131318449974060059e-01
6.094886362552642822e-01
6.189793348312377930e-01
6.463631987571716309e-01
5.960379838943481445e-01
6.283883452415466309e-01
6.438509821891784668e-01
6.714393198490142822e-01
5.896317958831787109e-01
6.401918530464172363e-01
6.461409032344818115e-01
6.701478660106658936e-01
6.549349427223205566e-01
6.560374796390533447e-01
5.990664064884185791e-01
6.571252942085266113e-01
5.929978936910629272e-01
6.398900449275970459e-01
6.798448860645294189e-01
6.388416886329650879e-01
6.662813723087310791e-01
6.675730347633361816e-01
6.281014382839202881e-01
6.624230146408081055e-01
6.326510310173034668e-01
6.311117410659790039e-01
6.251938939094543457e-01
6.238235235214233398e-01
6.262539625167846680e-01
6.622513234615325928e-01
6.361237466335296631e-01
6.516835391521453857e-01
6.394838988780975342e-01
6.219368875026702881e-01
6.714431941509246826e-01
6.289341151714324951e-01
6.318556070327758789e-01
5.850151777267456055e-01
6.490369439125061035e-01
6.543873846530914307e-01
6.425645947456359863e-01
7.051581740379333496e-01
6.453023850917816162e-01
6.135089993476867676e-01
6.235233545303344727e-01
6.506593823432922363e-01
6.815659403800964355e-01
6.324315071105957031e-01
6.663645803928375244e-01
6.764112710952758789e-01
6.792159676551818848e-01
6.027742028236389160e-01
5.746710300445556641e-01
6.545945703983306885e-01
6.270858347415924072e-01
6.870072782039642334e-01
6.454480886459350586e-01
6.405767202377319336e-01
5.935011506080627441e-01
6.256718933582305908e-01
6.499145627021789551e-01
7.201431393623352051e-01
6.474693119525909424e-01
6.423231065273284912e-01
5.982457995414733887e-01
6.801982223987579346e-01
6.174444854259490967e-01
6.490844786167144775e-01
6.383215785026550293e-01
6.259367763996124268e-01
6.838421821594238281e-01
6.378766000270843506e-01
6.263400912284851074e-01
6.160783767700195312e-01
6.641522049903869629e-01
6.630435585975646973e-01
6.303890049457550049e-01
6.562965214252471924e-01
6.850304305553436279e-01
6.324594616889953613e-01
6.890944540500640869e-01
6.163551509380340576e-01
6.410132050514221191e-01
5.648104548454284668e-01
6.462494134902954102e-01
6.714510619640350342e-01
6.594139039516448975e-01
6.468676328659057617e-01
6.186766326427459717e-01
6.029315888881683350e-01
6.333340108394622803e-01
6.742543578147888184e-01
6.307632625102996826e-01
6.515168547630310059e-01
6.371648609638214111e-01
6.875094175338745117e-01
6.677986681461334229e-01
6.481834948062896729e-01
6.351988911628723145e-01
6.055680811405181885e-01
6.731927096843719482e-01
6.326376497745513916e-01
6.438026726245880127e-01
6.523899734020233154e-01
6.300230622291564941e-01
5.887347310781478882e-01
5.610992759466171265e-01
6.072661578655242920e-01
6.570564806461334229e-01
6.685418188571929932e-01
6.128076612949371338e-01
6.256221234798431396e-01
6.180832087993621826e-01
5.982403755187988281e-01
6.398513615131378174e-01
6.152259111404418945e-01
6.309553086757659912e-01
6.730911135673522949e-01
6.715856492519378662e-01
