7.967341378331184165e-01
7.338306963443755881e-01
7.391471236944198164e-01
7.368478417396545632e-01
7.355731338262557761e-01
7.318623274564742820e-01
7.310432970523834673e-01
7.374686881899833457e-01
7.339677974581718667e-01
7.349417194724082725e-01
7.350270897150039673e-01
7.354609563946723494e-01
7.309544727206229719e-01
7.295859962701797263e-01
7.246865183115005493e-01
7.047185644507407698e-01
5.866203472018242104e-01
4.788340553641319275e-01
5.296051606535912004e-01
4.833976298570633046e-01
6.276295632123947144e-01
4.445496261119842307e-01
4.966314122080802695e-01
4.530331358313560708e-01
3.670929469168185966e-01
3.668406344950199127e-01
3.356937542557716370e-01
3.475807920098304971e-01
3.327396474778652191e-01
3.373017184436321037e-01
3.650565542280673759e-01
3.105566047132015117e-01
3.074663437902927510e-01
2.934224292635917442e-01
2.924645088613033184e-01
2.741888351738452911e-01
2.674053490161895641e-01
2.912227444350719563e-01
2.725908599793910869e-01
2.711529091000556835e-01
2.875363014638424031e-01
2.515620626509189606e-01
2.609107054769992939e-01
2.612898871302604675e-01
2.553681969642639382e-01
2.494981378316879217e-01
2.363708034157752935e-01
2.777302265167236328e-01
3.728444457054138073e-01
2.825034759938717110e-01
2.595737174153328053e-01
2.454959824681282043e-01
2.346432536840438732e-01
2.476193994283676092e-01
2.235646210610866547e-01
2.776680901646614297e-01
3.008541852235794289e-01
2.307883627712726538e-01
2.260008260607719310e-01
2.106905058026313782e-01
2.293120466172695049e-01
2.817757532000541576e-01
2.392472401261329651e-01
2.130335889756679590e-01
2.009334273636341206e-01
2.248634800314903148e-01
2.078014425933361053e-01
2.034927174448966924e-01
1.870766248553991373e-01
1.854875661432743017e-01
2.238504022359847911e-01
2.451114900410175379e-01
1.939981922507286183e-01
2.082469854503870010e-01
1.856641899794340134e-01
1.898287307471036855e-01
2.007427535951137598e-01
1.809991601854562815e-01
1.699900139123201315e-01
2.725580945611000283e-01
2.144371300935745128e-01
1.780685503035783768e-01
1.807423107326030787e-01
2.523776441812515259e-01
1.905200652778148707e-01
2.227090124040841945e-01
2.097639270126819555e-01
1.908327825367450714e-01
2.080287639051675852e-01
2.001082222908735220e-01
1.768508926033973694e-01
1.701891668140888270e-01
1.595734439790248982e-01
1.675244353711605183e-01
1.952712595462799128e-01
1.618427671492099762e-01
2.378988534212112538e-01
1.969925239682197571e-01
1.956648327410221155e-01
1.730363156646489986e-01
1.579660382121801376e-01
1.568188983947038651e-01
1.461818624287843649e-01
1.515380714088678249e-01
1.644932962954044342e-01
1.508747801184654180e-01
1.553261131048202515e-01
1.758950784802436884e-01
1.650285761803388651e-01
1.659759800881147329e-01
1.466237213462591171e-01
1.593880608677863964e-01
1.601044323295354732e-01
1.467065665870904978e-01
1.447987884283065685e-01
1.521568764001131058e-01
1.501148797571659199e-01
1.662048248574137799e-01
1.592907436192035620e-01
1.596772484481334686e-01
1.669358298182487543e-01
1.415858652442693599e-01
1.460237845778465382e-01
1.422317799180746190e-01
1.589040346443653107e-01
1.949794434010982402e-01
1.599920723587274496e-01
1.448367267847061046e-01
1.526129800826311056e-01
1.428836528211832047e-01
1.570182368159294128e-01
1.378715109080076162e-01
1.491654802113771550e-01
1.342842958867550007e-01
1.363994993269443401e-01
1.418632626533508356e-01
1.384561173617839813e-01
1.387907590717077366e-01
1.369667846709489711e-01
1.298625789582729395e-01
1.370506159961223658e-01
1.340367374941706657e-01
1.741032373160123770e-01
1.832086171954870335e-01
1.481297828257083782e-01
1.443892683833837565e-01
1.479249760508537237e-01
1.343397308140993063e-01
1.529543260112404823e-01
1.366308022290468327e-01
1.350146073848009221e-01
1.337615698575973511e-01
1.359986644238233566e-01
1.567918326705694254e-01
1.413105636835098322e-01
1.377770360559225082e-01
1.444181323051452748e-01
1.322598135098815020e-01
1.365258503705263082e-01
1.450337193906307276e-01
1.398817755281925312e-01
1.285396046936511938e-01
1.268484421074390356e-01
1.335497479885816574e-01
1.400511596351861898e-01
1.699221976101398524e-01
1.385846380144357681e-01
2.256421089172363226e-01
1.540622740983962902e-01
1.296192545443773381e-01
1.281021542847156636e-01
1.322615005075931660e-01
1.308369562029838562e-01
1.185541158542036955e-01
1.566742237657308690e-01
1.918349534273147694e-01
1.428720520809292904e-01
1.312891069799661525e-01
1.355747152119874954e-01
1.408117191866040119e-01
1.420619677752256449e-01
1.426046505570411627e-01
1.372500002384185736e-01
1.252145946025848278e-01
1.196437489241361646e-01
1.307980101555585861e-01
1.281321972608566173e-01
1.343199387192726135e-01
1.308734886348247584e-01
1.244441881775855963e-01
1.314543694257736262e-01
1.423325434327125660e-01
1.259020749479532186e-01
1.434335902333259694e-01
1.819344509392976650e-01
1.544787056744098552e-01
1.224721532315015821e-01
1.400977335870265961e-01
1.267961576581001226e-01
1.268720520660281126e-01
1.287737745791673605e-01
1.484512019902467783e-01
1.302945012226700838e-01
1.206289483234286308e-01
1.165434209629893358e-01
1.318971557542681639e-01
1.365108981728553883e-01
1.342017356306314524e-01
1.175062322989106206e-01
1.228452654555440005e-01
1.185563750565052088e-01
1.174545554444193785e-01
1.106547696515917806e-01
1.134026577696204130e-01
1.096610981971025411e-01
1.183551741763949339e-01
1.254318300634622574e-01
1.093025948852300588e-01
1.166095584630966187e-01
1.163511777296662303e-01
1.082116730511188535e-01
1.204459222033619908e-01
1.200121605768799810e-01
1.336237121373415049e-01
1.095942156389355659e-01
1.193334847688674871e-01
1.130425341427326175e-01
1.251287935301661491e-01
1.183877700939774541e-01
1.096799906343221692e-01
1.149364065378904315e-01
1.266273370012641064e-01
1.118058096617460251e-01
1.087123757228255216e-01
1.003411082550883238e-01
1.103015711531043080e-01
1.079252453520894023e-01
1.468994410708546750e-01
1.082140082493424360e-01
1.215224735438823755e-01
1.027436878532171222e-01
1.110545137897133855e-01
1.430278623476624600e-01
1.228413417935371454e-01
1.090548181906342562e-01
1.169215394183993340e-01
1.061824699863791466e-01
1.026092248037457494e-01
1.000976214185357038e-01
1.085366273298859624e-01
1.075876176357269259e-01
1.021651290357112885e-01
1.228573188185691778e-01
1.045126054435968344e-01
1.237661622464656802e-01
1.035222012549638776e-01
1.005740785971283857e-01
1.069847300648689298e-01
1.321974303573369980e-01
1.308809595182537922e-01
1.010041570290923091e-01
1.101453127339482307e-01
1.044598970562219675e-01
1.082628296688199071e-01
1.039932707324624089e-01
1.169360393658280400e-01
1.262269482016563360e-01
9.953018575906753818e-02
1.006180170923471479e-01
9.314397610723972043e-02
1.061337811872363063e-01
1.069165857508778544e-01
1.096351323649287224e-01
1.334339624270796665e-01
1.004021618515253123e-01
1.000843318179249763e-01
8.809972964227200110e-02
9.709196742624044696e-02
1.338117491453885977e-01
9.742932729423045557e-02
9.687564503401517590e-02
9.708972629159688672e-02
9.139711651951074045e-02
9.939656537026167471e-02
9.563878569751978198e-02
9.603856448084116537e-02
1.008490823209285681e-01
9.803122207522392551e-02
1.001062056049704524e-01
1.186728162690997151e-01
1.029414594173431452e-01
9.034804645925760547e-02
9.559731390327215472e-02
9.265795052051543912e-02
1.125531533733010320e-01
1.023768372833728790e-01
9.387850910425185602e-02
9.439769238233566839e-02
8.732707444578409473e-02
1.216745665296912193e-01
9.869318362325429916e-02
8.823194652795791904e-02
8.946294803172349930e-02
8.524522837251424789e-02
8.883555233478546143e-02
8.430171404033899585e-02
9.515441022813320160e-02
9.209940154105425436e-02
9.126244634389876764e-02
8.683913033455610553e-02
8.677549175918101987e-02
8.926356434822083075e-02
8.711656443774699887e-02
8.723844010382890424e-02
8.456585519015788477e-02
8.651776388287543695e-02
9.085166789591311853e-02
9.374141115695237836e-02
8.116425462067126950e-02
8.878245092928409299e-02
8.870866280049086172e-02
8.849895559251308441e-02
9.236290100961923322e-02
8.266960196197033206e-02
8.765359781682491302e-02
9.782437607645988464e-02
8.885144833475351611e-02
8.878813758492469510e-02
8.459197655320167819e-02
8.792546875774860660e-02
8.646524939686059397e-02
8.756316918879747391e-02
8.434026837348937433e-02
8.077902104705572683e-02
8.890722151845693866e-02
9.081309810280799311e-02
8.386478144675493795e-02
8.481664396822452545e-02
8.821167647838593084e-02
8.412759862840175906e-02
8.783281818032265265e-02
8.766417913138865869e-02
9.516836833208799917e-02
8.578272350132465363e-02
8.123317640274763107e-02
8.160578738898038864e-02
8.692903835326433459e-02
8.764076419174671173e-02
8.813378419727087298e-02
8.653160966932774145e-02
8.695744089782238284e-02
9.337971210479736883e-02
8.686097636818886081e-02
9.504763334989548007e-02
8.096387907862663547e-02
9.073800500482320786e-02
8.196305036544800082e-02
8.479107953608036596e-02
8.316357675939797800e-02
8.378639705479144772e-02
8.588308393955230990e-02
8.796899989247322638e-02
8.074370678514242172e-02
8.077006544917822439e-02
8.709388785064220428e-02
8.434862773865461905e-02
8.208199683576822281e-02
8.242393545806407651e-02
7.752756103873252591e-02
8.280564509332180578e-02
9.091132991015911380e-02
8.020445983856916428e-02
8.071400728076696951e-02
8.437581900507211408e-02
8.376316372305155078e-02
8.211354780942201059e-02
8.012891784310341436e-02
8.637487310916185101e-02
8.639599476009607315e-02
8.127767629921436865e-02
8.397375643253326971e-02
8.580659180879593451e-02
8.100303970277308863e-02
8.814295288175344467e-02
8.160548973828554709e-02
7.804596200585364740e-02
8.239026088267564774e-02
8.557305559515952786e-02
7.852982692420482080e-02
8.041717745363712033e-02
8.737412467598915100e-02
8.243715260177850168e-02
8.435634784400462827e-02
8.224362749606370371e-02
9.064192231744527817e-02
8.955781888216733655e-02
9.124498385936022360e-02
8.446069136261939725e-02
7.862666286528111059e-02
7.801674380898475369e-02
8.246245998889208118e-02
7.684055101126432974e-02
7.825266402214765826e-02
7.752931434661150534e-02
7.799884099513292035e-02
7.673488333821296137e-02
7.859411612153052729e-02
7.599285971373319348e-02
7.715694978833198547e-02
8.014363348484039584e-02
7.736043240875005444e-02
7.762976493686438162e-02
7.590048033744097034e-02
7.817242220044136325e-02
7.558002993464470187e-02
7.541574481874704916e-02
7.566329389810562411e-02
7.898615654557943067e-02
8.155416119843721112e-02
7.521611955016851980e-02
7.810558341443538111e-02
8.033414036035538275e-02
7.611854635179042539e-02
7.529615517705678940e-02
7.598207928240299780e-02
7.521981094032526016e-02
7.784227598458529074e-02
7.535432036966085989e-02
7.751328907907009680e-02
7.637638468295335215e-02
7.826299630105496008e-02
7.772474680095911581e-02
7.577500715851784308e-02
7.834100518375634870e-02
7.646935563534498770e-02
7.588560935109853189e-02
7.719926349818706512e-02
7.912113945931195658e-02
8.073798678815365115e-02
8.063051421195269186e-02
7.718895431607961100e-02
7.769468910992145816e-02
7.548558022826909464e-02
7.520417831838130396e-02
8.021729327738284787e-02
7.764030508697032651e-02
7.562751993536949435e-02
7.595048546791076383e-02
7.412852328270673474e-02
7.512546461075544912e-02
7.556457296013832647e-02
7.411933075636625845e-02
7.479148022830486853e-02
8.099083006381987970e-02
7.446379065513611395e-02
7.602606844156981070e-02
7.492274940013884943e-02
7.552459500730038244e-02
7.500115968286991119e-02
7.639562804251909256e-02
7.764897253364325125e-02
7.462056186050176898e-02
7.556249164044856470e-02
7.553925421088933390e-02
7.606039531528949182e-02
7.364861071109771173e-02
7.347822468727827072e-02
7.714691087603568753e-02
7.845161743462085446e-02
7.841336000710726062e-02
7.530659604817628583e-02
7.390720788389444629e-02
7.641595434397459308e-02
8.124477397650479993e-02
7.322603613138198297e-02
7.358931843191385269e-02
7.445996478199959356e-02
7.287456914782523831e-02
7.283920757472514551e-02
7.387250885367394049e-02
7.306697573512792310e-02
7.234188541769981384e-02
7.395677752792835513e-02
7.485557366162538806e-02
7.752003408968448361e-02
7.992894984781742651e-02
7.686458379030228216e-02
7.898987345397472104e-02
7.436159979552030286e-02
7.303049359470606405e-02
7.517610173672437113e-02
7.352395951747894842e-02
7.398516684770584106e-02
7.357689980417489450e-02
7.270490638911723813e-02
7.412037458270788470e-02
7.550263404846191406e-02
7.463787589222192764e-02
7.365507259964942932e-02
7.467003129422664087e-02
7.292630374431610663e-02
7.295888848602771759e-02
7.338020130991936008e-02
7.193543668836355209e-02
7.596292812377214432e-02
7.146357595920563299e-02
7.310512289404869080e-02
7.206658646464347839e-02
7.136646378785371780e-02
7.193185333162546713e-02
7.177495434880257208e-02
7.257033437490463534e-02
7.301405733451246660e-02
7.168776728212833405e-02
7.272267155349254608e-02
7.243194449692964831e-02
7.366257794201373776e-02
7.151154205203055780e-02
7.201409041881561002e-02
7.295364178717136938e-02
7.140237037092447836e-02
7.267980258911847791e-02
7.153483629226684015e-02
7.153382617980241776e-02
7.164213266223669330e-02
7.273111082613467615e-02
7.267499566078186590e-02
7.174965906888246259e-02
7.216124478727578562e-02
7.368757911026477259e-02
7.155175060033798495e-02
7.463928218930959702e-02
7.370152976363897324e-02
7.254891879856587011e-02
7.302030408754944801e-02
7.260342165827751715e-02
7.251963671296834946e-02
7.389356512576342184e-02
7.115221191197633466e-02
7.419276852160691660e-02
7.117615789175033014e-02
7.166358064860105237e-02
7.154379934072493952e-02
7.185800932347774506e-02
7.146354410797357837e-02
7.263337839394808093e-02
7.189600709825753888e-02
7.090531717985867899e-02
7.164540421217679977e-02
7.133831437677144727e-02
7.124396692961454391e-02
7.382570561021566113e-02
7.232569810003042221e-02
7.216208092868328650e-02
7.071331273764372427e-02
7.088753283023833951e-02
7.299991473555564325e-02
7.105549033731221875e-02
7.154414411634206494e-02
7.089616600424050730e-02
7.257382161915301721e-02
7.054216694086790085e-02
7.145899701863527020e-02
7.090905960649251938e-02
7.068419363349676132e-02
7.260139361023902616e-02
7.403947319835424423e-02
7.058136351406574249e-02
7.014981471002101898e-02
7.240733765065669736e-02
7.552895694971084595e-02
7.369853798300027292e-02
7.107138261198997498e-02
7.156661394983529489e-02
7.202279251068829935e-02
7.098689898848534185e-02
7.315353974699974338e-02
7.143416553735733310e-02
7.028863057494164068e-02
7.106486428529024124e-02
7.051718812435865680e-02
7.078291960060596744e-02
7.024888973683118820e-02
7.257193196564912241e-02
7.496053706854581555e-02
6.993121132254601080e-02
7.103293351829051416e-02
7.048771046102046689e-02
7.210304196923970899e-02
7.096729185432196219e-02
7.004337534308432978e-02
7.061529364436865130e-02
7.077335100620985031e-02
7.012736089527607519e-02
7.063160203397274295e-02
7.062365300953388214e-02
7.163595985621214191e-02
7.008741442114115039e-02
7.161921523511409482e-02
7.195045221596955975e-02
6.987837348133325854e-02
6.971187144517898560e-02
6.952871698886156637e-02
6.935736425220966062e-02
6.992040593177080432e-02
6.966390144079923075e-02
6.963940300047397058e-02
6.971295438706874570e-02
6.938496697694063187e-02
6.937821172177791040e-02
7.021981235593557913e-02
6.969946734607219974e-02
6.966556683182716092e-02
6.957776360213756284e-02
7.004207111895084659e-02
7.016616817563772757e-02
6.989843342453241903e-02
6.976332776248454770e-02
7.015647720545530042e-02
7.086771316826342981e-02
6.996174138039350232e-02
6.991121657192707339e-02
6.960954125970601758e-02
6.963288951665162763e-02
6.936266124248505194e-02
6.979965344071388522e-02
6.985547412186861316e-02
7.048852648586034775e-02
6.930240560323000509e-02
6.943606417626142779e-02
6.980573385953903198e-02
7.018326334655285159e-02
6.915641035884619037e-02
6.976937185972928446e-02
6.948280502110719403e-02
6.945131924003362933e-02
6.925798878073692599e-02
7.041626255959272662e-02
6.924951812252402861e-02
7.046486698091029843e-02
6.961684506386518756e-02
7.118806745857000906e-02
7.114463113248348236e-02
6.988629642874003012e-02
6.906387833878398219e-02
6.939747240394353311e-02
6.949300989508629123e-02
6.941190492361784536e-02
6.978892274200916568e-02
6.960559468716383258e-02
6.994488500058651526e-02
6.906562559306621274e-02
6.925147715955973227e-02
6.954160109162330072e-02
6.921663973480463028e-02
7.046780772507191259e-02
6.894226688891649801e-02
6.962590105831623077e-02
6.913258917629719336e-02
6.993593871593475897e-02
6.947289314121007919e-02
6.912135798484086990e-02
6.990630403161049444e-02
7.074278583750129301e-02
6.952501665800810138e-02
6.906840000301599225e-02
6.987912505865097323e-02
6.901676822453736704e-02
7.016494944691657742e-02
7.079739030450582504e-02
6.915327087044716159e-02
6.905098892748355588e-02
6.964815035462379456e-02
6.902946969494223872e-02
6.888296939432621280e-02
6.904602721333504001e-02
6.916714124381542761e-02
6.938726995140313825e-02
6.983364056795834940e-02
6.877600867301225662e-02
6.918455958366394321e-02
6.952249258756637573e-02
6.970483101904392798e-02
6.913336683064699728e-02
6.894629709422588071e-02
6.957328319549560547e-02
6.878819651901721399e-02
6.920334873721004088e-02
6.968968324363231104e-02
6.942439153790473660e-02
6.901113297790288648e-02
6.939306966960430423e-02
6.885379021987318715e-02
6.876763030886649808e-02
6.874426063150167188e-02
6.926327999681233805e-02
6.939383707940578738e-02
6.890489831566810885e-02
7.009687069803476056e-02
6.950766500085592270e-02
6.837523989379405698e-02
6.845264025032520017e-02
6.875032624229789058e-02
6.875256272032856386e-02
6.862932667136192877e-02
6.839306335896253031e-02
6.866061985492706576e-02
6.863468233495950699e-02
6.836814675480126779e-02
6.879007685929536264e-02
6.852241698652505875e-02
6.872431356459855756e-02
6.868095602840185165e-02
6.841497644782065790e-02
6.883696485310793201e-02
6.862471923232078830e-02
6.868720166385174075e-02
6.843307949602603357e-02
6.865393184125423431e-02
6.862981971353292188e-02
6.845043934881686609e-02
6.844100225716828745e-02
6.878009010106325705e-02
6.844180719926953871e-02
6.854463648051023483e-02
6.879738233983516416e-02
6.829512771219015121e-02
6.881025731563568393e-02
6.837039310485124033e-02
6.829415205866098959e-02
6.853347364813089371e-02
6.864510849118232727e-02
6.840943638235330582e-02
6.845169030129909238e-02
6.834277883172035217e-02
6.860199533402919214e-02
6.834087707102298737e-02
6.856748182326555252e-02
6.849036365747451782e-02
6.884390357881783884e-02
6.947339121252298078e-02
6.831449475139379779e-02
6.839256826788187027e-02
6.863507535308599472e-02
6.882094517350197116e-02
6.819634120911359509e-02
6.869407631456851682e-02
6.895904913544655124e-02
6.840180680155753812e-02
6.821084003895520886e-02
6.851613521575927734e-02
6.868087593466043472e-02
6.830644439905882159e-02
6.845479253679513654e-02
6.883267629891634543e-02
6.850634533911943713e-02
6.831678003072738647e-02
6.915360614657402316e-02
6.810687016695737839e-02
6.833874881267547330e-02
6.847925800830126364e-02
6.838478147983551025e-02
6.836574357002973834e-02
6.853472311049699228e-02
6.832340788096188944e-02
6.839830707758665085e-02
6.865967214107512873e-02
6.873577665537596026e-02
6.825385298579930704e-02
6.839527301490307132e-02
6.839524917304515284e-02
6.820030491799115857e-02
6.825520154088735025e-02
6.823176108300685327e-02
6.830660402774810236e-02
6.847253683954476755e-02
6.849015355110169012e-02
6.824323590844869059e-02
6.843403279781341830e-02
6.848334409296512326e-02
6.811679787933826169e-02
6.829587481915951053e-02
6.816132012754679004e-02
6.822563819587230960e-02
6.813678331673145294e-02
6.825211234390735071e-02
6.838776953518391211e-02
6.822028048336506445e-02
6.840328779071569443e-02
6.806003656238317212e-02
6.835378929972649176e-02
6.817838475108146945e-02
6.811841856688261032e-02
6.827690172940492630e-02
6.836751252412795465e-02
6.803373703733087141e-02
6.838520970195531568e-02
6.808162853121757507e-02
6.824597213417291086e-02
6.807824783027172089e-02
6.814183592796325961e-02
6.794926114380359095e-02
6.803927794098854620e-02
6.803903616964816770e-02
6.790745705366134366e-02
6.815347671508789618e-02
6.804113797843455713e-02
6.797009408473968228e-02
6.794001981616019925e-02
6.800345163792372027e-02
6.815299894660711844e-02
6.787183061242103854e-02
6.792788635939359110e-02
6.788620650768280307e-02
6.800252646207809171e-02
6.792218834161758978e-02
6.801868844777345102e-02
6.786939650774001520e-02
6.786612439900636951e-02
6.787294838577509482e-02
6.823299508541821878e-02
6.785720437765122015e-02
6.795234717428684512e-02
6.793702449649571817e-02
6.795777678489685336e-02
6.811389345675707141e-02
6.805722657591103952e-02
6.789008956402539652e-02
6.790482532232999802e-02
6.800294592976570407e-02
6.782198464497923851e-02
6.790473479777574262e-02
6.800496317446232120e-02
6.782441763207316954e-02
6.788876019418239871e-02
6.801388505846261978e-02
6.796251256018877307e-02
6.783361360430717468e-02
6.804172210395335874e-02
6.791871096938847940e-02
6.800618488341569901e-02
6.773890368640422821e-02
6.794776655733585080e-02
6.794433537870644968e-02
6.795258009806275090e-02
6.787696275860070905e-02
6.780571397393941879e-02
6.783693563193082809e-02
6.811625994741916934e-02
6.791443284600973129e-02
6.798501573503017148e-02
6.791125033050775250e-02
6.782829705625773031e-02
6.788107752799987793e-02
6.782079767435789108e-02
6.777437608689070025e-02
6.772930854931473454e-02
6.780675817281008044e-02
6.786876618862151822e-02
6.779834497720002573e-02
6.796593992039560994e-02
6.784342955797910413e-02
6.787369623780251104e-02
6.787901390343904773e-02
6.783820725977421362e-02
6.782002318650484640e-02
6.787048438563943187e-02
6.795977260917425433e-02
6.791928242892027179e-02
6.775795714929699898e-02
6.782233826816082278e-02
6.778359264135361273e-02
6.774303121492267210e-02
6.784818377345799845e-02
6.781692523509263992e-02
6.785319764167070666e-02
6.770750693976879120e-02
6.781386472284793576e-02
6.796780414879322052e-02
6.769674699753522318e-02
6.780942063778638840e-02
6.779121421277523041e-02
6.780071146786212366e-02
6.778908781707286557e-02
6.775133460760116022e-02
6.791375763714313507e-02
6.784317176789045334e-02
6.799861602485179901e-02
6.772617781534791270e-02
6.765789669007063467e-02
6.773661971092223566e-02
6.783528551459312717e-02
6.771493442356586734e-02
6.777852624654770453e-02
6.775521561503410062e-02
6.767327003180981237e-02
6.775560341775417605e-02
6.775265261530875882e-02
6.767607517540455420e-02
6.798402871936559677e-02
6.766788456588983258e-02
6.764509528875350952e-02
6.769440956413745603e-02
6.766713447868824560e-02
6.761910710483789999e-02
6.758885476738214770e-02
6.771517731249332428e-02
6.763223037123680670e-02
6.765901967883110324e-02
6.771289724856614789e-02
6.766502484679222384e-02
6.759007954970001897e-02
6.759493891149759293e-02
6.773739140480757037e-02
6.760462746024131775e-02
6.765736807137727460e-02
6.759622786194086075e-02
6.764034470543264788e-02
6.758548226207494736e-02
6.759879719465970715e-02
6.758498158305883963e-02
6.762519441545009058e-02
6.765817198902368546e-02
6.760432664304971695e-02
6.767164766788483221e-02
6.765514072030782977e-02
6.759164929389953336e-02
6.767097599804401675e-02
6.758307218551636020e-02
6.761993486434221545e-02
6.759191863238811493e-02
6.755669619888067523e-02
6.768145374953746241e-02
6.757050324231386740e-02
6.755817215889692307e-02
6.766258664429188052e-02
6.758293509483337402e-02
6.762014105916022699e-02
6.763616912066935938e-02
6.757203321903944293e-02
6.762199699878693182e-02
6.760235838592051905e-02
6.755079152062534731e-02
6.761329658329487402e-02
6.758623626083135050e-02
6.761788874864578525e-02
6.755874119699001312e-02
6.763796396553516110e-02
6.753089269623160917e-02
6.755533143877982816e-02
6.766447080299257955e-02
6.763756442815065106e-02
6.765184644609689713e-02
6.757215373218058985e-02
6.767248101532459537e-02
6.754183210432529449e-02
6.754715200513601581e-02
6.764828786253929138e-02
6.756331082433461588e-02
6.755895465612411777e-02
6.761408988386392871e-02
6.765793580561876852e-02
6.759853251278399866e-02
6.760204462334513942e-02
6.759931966662406644e-02
6.761526912450790960e-02
6.763252280652523596e-02
6.766575016081333160e-02
6.756927445530891418e-02
6.760144475847482126e-02
6.756339091807603281e-02
6.755950395017862320e-02
6.757727991789579114e-02
6.759088933467864713e-02
6.761073414236307144e-02
6.763206142932176590e-02
6.756799537688493174e-02
6.752679049968719760e-02
6.759850420057773868e-02
6.763354483991861066e-02
6.767891962081193369e-02
6.757126674056053439e-02
6.752762589603662768e-02
6.754331346601247232e-02
6.754389833658933084e-02
6.752207707613706866e-02
6.752338428050279340e-02
6.750717479735612869e-02
6.758900992572307309e-02
6.752931419759988785e-02
6.762535292655229291e-02
6.756332200020551126e-02
6.752632595598698217e-02
6.761363148689270020e-02
6.751310639083385468e-02
6.758235916495322626e-02
6.752351541072129648e-02
6.754612643271684647e-02
6.754533164203166407e-02
6.755500882863998968e-02
