1.889389116764068532e+01
2.015742487907409597e+01
1.864966973066329814e+01
1.943444031476974487e+01
2.003028676509857320e+01
1.950696188211441040e+01
1.979049518108367778e+01
1.929466576576232839e+01
1.960653978586196899e+01
1.909091435670852732e+01
1.985170235633849956e+01
1.984454253911972188e+01
1.933153586387634348e+01
1.966928803920745850e+01
1.915355604887008667e+01
1.781847248077392720e+01
1.113347985744476354e+01
7.887127947807312189e+00
9.471738505363465066e+00
7.660077935457229259e+00
1.354155738353729177e+01
6.244678461551666615e+00
8.717280185222625377e+00
6.745640003681183217e+00
3.991608768701553345e+00
4.276177537441253840e+00
3.455519968271255404e+00
4.112116020917892634e+00
3.713864916563033969e+00
3.820675975084304898e+00
4.607096326351165949e+00
2.967662250995636075e+00
3.274766209721565069e+00
2.775609523057937622e+00
3.033420446515083135e+00
2.472207906842231573e+00
2.518703213334083646e+00
3.301529514789581121e+00
2.681090405583381742e+00
2.667493790388107300e+00
3.056720000505447565e+00
2.260973662137985229e+00
2.726404994726181030e+00
2.668670609593391418e+00
2.793143483996391119e+00
2.366083216667175471e+00
2.020722344517707825e+00
3.680710068345069974e+00
6.695504721999168574e+00
2.706054130196571261e+00
2.725976052880286993e+00
2.358398500084876837e+00
2.210164676606654943e+00
2.988979104161262335e+00
2.184304195642471136e+00
3.843040233850479215e+00
4.525905594229698181e+00
2.117747081816196530e+00
2.299852171540260226e+00
1.886400568485260054e+00
2.746606110036373227e+00
4.566101083159447072e+00
2.482250107824802487e+00
1.847060018777847201e+00
1.783476883172988803e+00
2.731844238936901093e+00
2.041120891273021876e+00
2.255856554210185827e+00
1.478873506933450654e+00
1.591283892095088914e+00
3.177014937996864408e+00
3.230083562433719635e+00
1.417615853250026703e+00
2.260223045200109304e+00
1.737942682206630618e+00
1.926872563362121538e+00
2.204295773804187952e+00
1.626154416054487184e+00
1.214646410942077592e+00
4.434416872262954890e+00
2.455361379683017820e+00
1.431194064021110490e+00
1.800918537378311202e+00
3.968524816632270635e+00
1.671962633728981018e+00
3.058770652860403061e+00
2.374371963739394964e+00
2.274652230739593328e+00
2.724694530665874304e+00
2.295211898535490125e+00
1.548226042836904570e+00
1.590125752985477536e+00
1.311460275948047594e+00
1.509270921349525452e+00
2.802788428962230682e+00
1.293086762726306960e+00
4.054721643775701878e+00
1.968947991728782654e+00
2.029889389872550964e+00
1.603098141402006238e+00
1.311936901509761721e+00
1.338695621490478604e+00
9.224035531282425149e-01
1.307303319871425673e+00
1.679656182229518846e+00
1.136890482902526811e+00
1.312827309966087430e+00
2.314111354947089971e+00
1.661405289173126132e+00
2.021880962699651896e+00
9.975647650659084098e-01
1.545423330366611392e+00
1.585602159798145339e+00
1.074474729597568512e+00
1.005016680434346110e+00
1.423474311828613281e+00
1.534571006149053618e+00
1.727872401475906372e+00
1.614544405788183257e+00
1.526256475597620010e+00
1.771851652860641391e+00
8.849404126405715498e-01
1.294909713417291552e+00
1.160829734057188034e+00
1.753322183340787932e+00
3.006686329841613770e+00
1.681539598107337996e+00
1.154808533191680864e+00
1.375609954446554095e+00
1.095161305367946536e+00
1.851401976495981261e+00
1.020751020684838251e+00
1.485990265011787326e+00
8.803857401013374107e-01
9.692326277494430764e-01
1.309227520972490399e+00
1.026110476255416959e+00
1.068087234348058745e+00
1.021425518393516585e+00
8.035818304866552131e-01
1.189368585497140973e+00
9.325287770479917526e-01
2.674661315977573395e+00
2.203773181140422643e+00
1.338187487050890967e+00
1.136135036498308271e+00
1.435682541504502252e+00
9.839745327830314858e-01
1.544528587162494748e+00
9.981555044651031494e-01
1.031931033730506986e+00
9.877422004938125610e-01
1.014857860282063484e+00
1.828604476526379585e+00
1.384963527694344609e+00
1.317299727350473404e+00
1.331902968883514449e+00
9.178991459310055223e-01
1.146615371853113130e+00
1.295902534201741174e+00
1.263156767189502760e+00
8.231762722134590149e-01
7.554950803518295510e-01
1.050884350389242217e+00
1.419923352450132459e+00
2.462190411984920502e+00
1.402117389813065440e+00
3.948870893567800522e+00
1.343402966111898467e+00
8.515672057867049727e-01
9.745047286152839217e-01
1.130512428656220481e+00
1.146837513148784682e+00
6.445718426257371902e-01
2.011659921705722720e+00
3.179597853869199575e+00
1.251243574172258288e+00
1.140142154693603471e+00
1.262278963252902120e+00
1.571765695139765828e+00
1.732294241711497262e+00
1.566983626410365149e+00
1.360734136402606875e+00
9.227634605020285097e-01
7.966191362589597480e-01
1.346656230092048601e+00
9.831209175288677660e-01
1.339905077219009311e+00
1.330121936276555061e+00
8.200280565768480745e-01
1.284966387599706605e+00
1.789986909925937564e+00
9.070397444069385751e-01
1.860810076817870140e+00
2.985011345148086637e+00
1.496165431290864989e+00
6.434825912117958513e-01
1.527032261341810138e+00
8.434116397053003089e-01
1.255837539583444684e+00
1.211223061755299479e+00
1.963469642400741622e+00
1.450176404789090157e+00
1.005400211736559912e+00
9.432109110057353973e-01
1.353859500214457556e+00
1.644881191849708602e+00
1.567182022705674083e+00
1.007666747644543559e+00
1.221602264419197947e+00
9.857188407331705093e-01
9.309960361570119858e-01
7.141782537102698836e-01
8.400576064363122208e-01
7.325136475265026093e-01
1.000005058199167296e+00
1.265116278827190355e+00
6.615291506052016768e-01
1.019230047985911325e+00
9.944861166179179701e-01
6.319943871349096298e-01
1.124959500133991153e+00
1.182986884936690242e+00
1.577970732375979512e+00
7.598484992980957253e-01
1.195513279922306493e+00
8.619840208441018614e-01
1.300566633790731341e+00
1.013251895457506269e+00
7.535441596060991065e-01
1.005340452119708017e+00
1.414877381175756454e+00
8.490003287792206033e-01
8.622239494696259943e-01
4.321239151060581318e-01
8.179923593997955322e-01
7.002445679157972558e-01
2.426560128852725207e+00
5.563637506216764228e-01
1.329847496375441640e+00
5.348660927265882492e-01
8.166750371456146240e-01
2.377377376332879155e+00
1.064710296690464020e+00
6.931899294257164446e-01
1.096075255051255137e+00
8.239981563761830108e-01
6.676297619938850181e-01
5.014334976673125999e-01
7.828920748084783332e-01
5.452576793730259386e-01
6.375035040080547777e-01
1.452475070208311125e+00
6.419525597244500892e-01
1.580704413913190276e+00
6.888943981379270776e-01
5.852944338694214821e-01
8.868586286902427895e-01
1.720735552534460977e+00
1.409818855673074633e+00
4.431047130376100651e-01
9.859572313725948334e-01
8.916605129837990029e-01
9.373929446563125101e-01
8.235610172152518782e-01
1.328025311790406615e+00
1.441027421131729991e+00
6.032403532415628877e-01
6.962358457967638969e-01
4.225117370486259349e-01
9.328036289662122726e-01
8.664257097989320755e-01
1.070550846308469861e+00
1.717114275321364403e+00
5.013372614979744180e-01
7.284318640828132407e-01
3.277250893414020427e-01
7.344801325351000276e-01
2.089191194251179606e+00
6.525097951292991860e-01
5.863396432250738144e-01
6.299395412206649780e-01
4.654467679560184701e-01
7.721480512991547585e-01
6.800453865900635275e-01
6.215637493878602982e-01
8.661985255777835402e-01
8.173536706715822664e-01
6.567647684365510719e-01
1.376884530857205302e+00
7.864370107650756614e-01
3.960125597193837055e-01
6.206057254225015862e-01
4.747866608202457317e-01
1.301082086004316851e+00
8.698621533811092821e-01
5.341167792677878889e-01
6.683228431269526704e-01
4.397057987749576347e-01
1.502574506029486612e+00
8.447864823043346183e-01
4.452849507331848034e-01
5.395086903125048128e-01
3.744337365031242260e-01
6.304004726931452529e-01
3.712399479001760594e-01
7.658289151266217676e-01
7.292054714635014534e-01
5.298932731151581033e-01
4.344086000695824845e-01
4.722325310111045726e-01
5.357590386644005553e-01
4.860200459137559159e-01
4.778402194380760304e-01
4.208827630616724380e-01
3.766380898654461129e-01
6.535443350672721641e-01
6.351623782888055070e-01
2.929679758846759907e-01
5.557226311415434106e-01
5.462239388376474158e-01
5.515778632834553719e-01
6.663586374372243437e-01
3.547593817114830239e-01
4.722151346504688263e-01
8.290546827018261400e-01
5.549466658383608308e-01
6.094081988558173180e-01
3.681497797369956970e-01
5.636734111234545930e-01
4.469876727089285851e-01
4.951543089002370945e-01
4.400489768013358116e-01
3.216409862041473278e-01
6.317735446617007700e-01
7.209389489144086838e-01
4.102564930915832409e-01
3.507869947701692803e-01
5.544188052415848222e-01
4.160877635702490696e-01
5.528167102485894713e-01
5.909806378185749054e-01
6.600241340696811898e-01
4.740520641207695007e-01
3.294671921990811603e-01
3.516975216567516105e-01
5.364138755947351900e-01
5.735574807971716149e-01
6.011888731271028963e-01
5.524903994053602663e-01
5.403456566855311394e-01
7.100942697376012580e-01
4.313471179455518612e-01
8.877556486055254714e-01
3.714149370789527893e-01
6.582634625956416130e-01
3.693288551643491013e-01
5.695689374580978903e-01
4.139499308541417233e-01
4.166722834110260232e-01
5.695783323608338833e-01
5.552192825824022737e-01
3.475299905985593796e-01
3.141392886638641468e-01
5.058909811079501662e-01
4.901777518913149612e-01
4.464440368115901725e-01
4.784723661839961895e-01
2.753103299066424481e-01
4.678245034068823083e-01
7.472769193351268546e-01
3.890685245394706615e-01
3.724202290177345276e-01
4.474091088399291261e-01
4.766978982836008183e-01
4.225587703287601582e-01
3.496190074831247441e-01
5.230272104963660240e-01
6.111611984670162201e-01
4.274713154882192612e-01
4.929582757875323185e-01
6.129753369837999122e-01
3.897174701094627269e-01
6.453186132013797316e-01
4.106880864128470421e-01
3.054808525368571392e-01
3.998203452676534764e-01
5.739562051370740159e-01
3.193446822464466317e-01
4.572836942039429919e-01
6.079212723299860510e-01
4.454392360523343197e-01
5.355439566075801405e-01
4.460700102150439994e-01
6.680240143090486749e-01
6.584871544502675089e-01
7.251380911096930726e-01
5.638919351622462273e-01
3.611266521736979374e-01
3.058271899819374195e-01
4.568405819125473388e-01
3.161406351253390201e-01
3.775918228551745637e-01
3.360745310783386230e-01
3.915135156363248603e-01
3.147265713661909214e-01
3.955232245847583039e-01
3.072002850472926871e-01
3.425202053040266037e-01
4.431567305698990711e-01
3.399696525186300389e-01
3.864508589729666599e-01
3.121176125481724961e-01
3.634717231616377831e-01
2.887133955955505371e-01
2.996779823675751464e-01
3.096803870052099450e-01
3.994768587872385979e-01
5.010104782879352125e-01
2.815085578709840552e-01
4.012745115906000137e-01
4.795065039768814930e-01
3.186878459528088570e-01
2.966288404539227375e-01
3.090335572138428466e-01
3.032104302197694556e-01
3.655627531930804031e-01
2.948951646685600281e-01
3.728631410747766384e-01
3.261317832395434491e-01
3.968403624370694383e-01
3.698231531307101250e-01
3.334434112533927186e-01
3.919876812025904766e-01
3.237347254529595597e-01
3.117669852450489776e-01
3.701091539114713669e-01
3.846285924315452354e-01
4.382064910605549812e-01
4.422456301748752816e-01
3.423328822478651778e-01
3.746643716469407193e-01
3.182501446455717198e-01
2.959133422002196423e-01
4.658847676590084919e-01
4.018616942688822968e-01
2.805344704538583755e-01
3.300267267972231133e-01
2.832200251519679801e-01
2.950757952407002671e-01
3.167356697842478863e-01
2.710702069103717582e-01
2.982186105102300755e-01
5.188835067674517632e-01
2.941900495439767615e-01
3.499058781191706768e-01
3.127312593162059895e-01
3.288342300802469254e-01
3.457541797310114129e-01
3.612113330513239129e-01
3.891267869621515274e-01
2.943713916465640068e-01
3.402263384312391170e-01
3.315609280019998772e-01
3.382908768951892742e-01
2.750670779496431351e-01
2.734138876199722068e-01
4.095688972622156254e-01
4.412815807387232558e-01
4.266668966040015332e-01
3.296172471716999897e-01
2.963741684332489856e-01
3.489012636244296917e-01
5.484408061951399072e-01
2.457854565232992228e-01
2.831252135336398967e-01
2.940859869122505188e-01
2.608167780563235283e-01
2.571981316432356834e-01
2.896279791370034440e-01
2.729101940989494546e-01
2.528102301061153634e-01
3.057553661987185700e-01
3.451011518016457447e-01
4.059398470446467511e-01
5.017285961657762527e-01
4.149758560582995637e-01
5.021642388775944266e-01
3.062177995219826920e-01
2.691640477627516015e-01
3.656807629391550796e-01
3.054720414802432060e-01
3.200113786384463088e-01
2.869837928563356289e-01
2.451329652220010646e-01
2.683300815522670635e-01
3.364639110863208993e-01
3.021827526390552521e-01
3.108641411177813785e-01
2.976264759898185619e-01
2.844844290986657254e-01
3.002483846619725116e-01
3.056146841496228950e-01
2.570111799985170253e-01
3.651673302054405101e-01
2.408969543874263652e-01
2.959961930289864429e-01
2.656336607411503570e-01
2.469563495367765316e-01
2.572233149781822936e-01
2.567194728180766106e-01
2.874268470332026482e-01
3.069189610891044362e-01
2.569153031334280857e-01
2.888808773830532917e-01
2.818720905110240205e-01
3.101514593698084243e-01
2.556671090424060822e-01
2.651048047468066438e-01
2.962205309420823940e-01
2.471216240897774752e-01
3.061988210305571778e-01
2.492962220683693775e-01
2.527067501097917668e-01
2.536935295909643062e-01
2.890121765434742196e-01
2.832424091175198555e-01
2.637349961325526349e-01
2.720703335478901752e-01
3.464831999503076299e-01
2.571472071111202129e-01
3.395585557445883751e-01
3.494888329878449440e-01
2.862849410623312107e-01
2.955853716470301373e-01
2.928095232695341332e-01
2.840501727536320908e-01
3.578899005427956803e-01
2.438827149569988140e-01
3.601547613739967124e-01
2.531155711039900780e-01
2.698321597650646941e-01
2.728471107780933158e-01
2.764273392036556976e-01
2.694316811859607808e-01
2.989181553944945113e-01
2.856156390160322078e-01
2.492352493107318767e-01
2.697615342214703671e-01
2.687152365222573169e-01
2.560877630487084500e-01
3.427017711102962605e-01
2.975748369470238575e-01
2.978975124657153861e-01
2.537130594253539928e-01
2.530727881938218959e-01
3.306500809267163277e-01
2.594327140599489434e-01
2.723191183060407750e-01
2.376917805522680283e-01
3.092856773175299279e-01
2.488868119195103701e-01
2.700540211051702388e-01
2.643521247431636079e-01
2.558278096839785576e-01
3.102186150848865731e-01
3.758142169564962498e-01
2.525629416108131631e-01
2.387981282547116391e-01
2.959520915523171647e-01
3.767752862535417302e-01
3.246018018573522679e-01
2.631952982395887597e-01
2.937095813453197701e-01
3.022218874655663856e-01
2.571130173280835041e-01
3.242355028167366870e-01
2.865380896255373955e-01
2.341827839612960760e-01
2.592731291428208573e-01
2.512355694547295792e-01
2.493565300479531344e-01
2.407862247899174579e-01
3.050469078123569378e-01
4.153200676664710045e-01
2.237881723791360911e-01
2.597013438120484574e-01
2.556963559240102990e-01
2.985095553100108878e-01
2.733584973961115105e-01
2.385488383471965901e-01
2.520382704213261493e-01
2.602077373303472996e-01
2.414343178272247425e-01
2.615734379738569038e-01
2.646228352561593167e-01
2.933387776836752781e-01
2.403200211003422848e-01
2.942694546654820442e-01
2.994214712642133125e-01
2.434477049857378117e-01
2.396189114078879356e-01
2.332081494852900616e-01
2.307294538244605009e-01
2.456406973302364405e-01
2.344826983287930378e-01
2.380744453519582637e-01
2.395261204801499844e-01
2.322823185473680552e-01
2.309456628747284523e-01
2.525374241173267142e-01
2.400283135473728069e-01
2.402208205312490463e-01
2.359630407765507809e-01
2.502786558121442573e-01
2.525583368726074807e-01
2.439239089377224501e-01
2.416863838210701887e-01
2.563788741827011108e-01
2.745337922126054875e-01
2.443484148010611479e-01
2.484533988870680221e-01
2.387096030637621824e-01
2.405416235327720587e-01
2.313281752169132344e-01
2.401424076408147923e-01
2.463303546421229950e-01
2.662817949429154285e-01
2.307701703161001150e-01
2.367178672924637739e-01
2.432065343484282605e-01
2.537773758172988670e-01
2.264178093522787039e-01
2.431957956403493770e-01
2.334256920963525828e-01
2.339028064161539078e-01
2.298512188717722893e-01
2.618122451007366402e-01
2.285278687253594343e-01
2.591805107891559379e-01
2.413930775597691591e-01
2.839710146188735851e-01
2.823998489417135493e-01
2.446177653037011623e-01
2.263945668935775646e-01
2.341418264433741681e-01
2.359615541994571630e-01
2.344106167554855236e-01
2.493466437794268076e-01
2.411995990201830919e-01
2.490472082979977020e-01
2.287191744893789236e-01
2.291402623057365306e-01
2.386963205412030165e-01
2.335036735981702860e-01
2.699369715526699909e-01
2.265549382194876615e-01
2.440824426710605510e-01
2.325196964666247368e-01
2.527939468622207864e-01
2.407868005335331019e-01
2.303232494741678238e-01
2.503159117884933837e-01
2.750745914876461251e-01
2.375784680247306768e-01
2.290199652314185985e-01
2.495888876728713512e-01
2.264784265309572331e-01
2.538700034841895325e-01
2.845990611240267754e-01
2.330461428500711918e-01
2.296810053288936559e-01
2.423957692459225710e-01
2.300560946576297172e-01
2.266580123454332296e-01
2.325157720595598110e-01
2.310225203633308466e-01
2.360363356769084875e-01
2.512844989076256641e-01
2.237975563853979166e-01
2.335755487903952710e-01
2.441087039187550545e-01
2.476860720664262883e-01
2.329196603968739510e-01
2.314829969778657015e-01
2.475586691871285439e-01
2.248602636158466284e-01
2.343807302415371052e-01
2.510616781190037616e-01
2.443838328123092707e-01
2.292453030124306790e-01
2.418625339865684565e-01
2.275441407226025947e-01
2.254153903573751505e-01
2.237266564741730579e-01
2.354116596281528584e-01
2.435054244473576490e-01
2.314622659236192648e-01
2.581637324765324593e-01
2.465611631050705910e-01
2.199175192043185123e-01
2.210018034093081951e-01
2.279574867337942068e-01
2.285065121948718914e-01
2.261882471852004473e-01
2.206242863088846151e-01
2.270755780860781725e-01
2.273315234109759275e-01
2.198506472632288933e-01
2.326452318578958456e-01
2.228584647178649958e-01
2.284488722681999318e-01
2.275194350630044826e-01
2.220663229003548567e-01
2.305498095229268074e-01
2.268660550937056652e-01
2.285980174317955860e-01
2.222009794786572456e-01
2.290184533223509900e-01
2.269637270830571762e-01
2.223195169121026937e-01
2.217206306755542811e-01
2.301345000974834021e-01
2.219513708725571743e-01
2.261584252119064331e-01
2.329338880255818478e-01
2.195438764989376124e-01
2.305377127602696308e-01
2.216542953625321444e-01
2.200300065800547544e-01
2.254607664421200697e-01
2.284347690641879980e-01
2.222326945513486973e-01
2.231547471135854610e-01
2.215202856808900778e-01
2.269353512674570084e-01
2.209339296445250456e-01
2.258148491382598877e-01
2.246116839349269756e-01
2.340568805113434903e-01
2.491833457723259815e-01
2.211438780650496483e-01
2.238798979669809341e-01
2.297794546931982151e-01
2.336034568026661984e-01
2.187042685225605854e-01
2.314515994861721937e-01
2.365788668394088745e-01
2.228501969948410988e-01
2.192954013124108203e-01
2.271484108641743660e-01
2.306433083489537184e-01
2.208947425708174817e-01
2.253393582068383694e-01
2.371374342590570339e-01
2.266719972714781872e-01
2.213488701730966512e-01
2.421957761049270685e-01
2.173757186159491483e-01
2.228547900915145985e-01
2.261292098090052494e-01
2.243551144376397244e-01
2.205181317403912544e-01
2.266108766198158264e-01
2.225148681551218088e-01
2.246967475861310903e-01
2.300226962193846758e-01
2.348202716559171788e-01
2.213923668488860241e-01
2.256280099973082542e-01
2.243140079081058502e-01
2.199834210798144452e-01
2.226397726684808676e-01
2.226850668899715002e-01
2.230972170829773060e-01
2.267363738268613760e-01
2.273481467738747708e-01
2.205746925435960182e-01
2.250596297904849108e-01
2.288881214335560799e-01
2.182995662093162592e-01
2.240434218198061045e-01
2.201541082933545224e-01
2.221805797889828682e-01
2.194022247567772865e-01
2.227690772153437249e-01
2.262273563072085270e-01
2.216362604871392195e-01
2.276624402031302563e-01
2.177111120894551222e-01
2.255589494481682888e-01
2.213720511645078659e-01
2.194921966642141287e-01
2.240834861993789562e-01
2.252192377112805788e-01
2.178563762456178776e-01
2.270374588668346294e-01
2.195842996239662226e-01
2.229484761133790072e-01
2.194066977128386609e-01
2.213664447888731845e-01
2.171872628852725140e-01
2.196182481944561060e-01
2.195766516029834803e-01
2.163530310615897068e-01
2.220014115795493070e-01
2.196734499186277501e-01
2.184668594039976541e-01
2.174033230170607511e-01
2.189778113737702314e-01
2.221884507685899790e-01
2.163827957585454098e-01
2.169997007586061954e-01
2.158880296163260826e-01
2.193228489719331320e-01
2.174049375578760990e-01
2.190773589536547661e-01
2.153502814471721649e-01
2.159473361447453443e-01
2.161669724620878807e-01
2.235883890651166328e-01
2.154845012351870592e-01
2.182237751781940516e-01
2.177722146734595299e-01
2.182456017471849918e-01
2.215028938837349526e-01
2.210335779003798906e-01
2.173119632527232281e-01
2.177564710378646906e-01
2.196022987365722767e-01
2.152950993739068397e-01
2.172993870452046283e-01
2.202402868308127037e-01
2.160558898933231942e-01
2.167329289019107874e-01
2.196593046188354548e-01
2.192085403949022293e-01
2.157392012886703014e-01
2.214247035793960039e-01
2.177991315722465626e-01
2.199823215603828319e-01
2.136848403140902408e-01
2.182140860706567875e-01
2.178935006260871998e-01
2.192942412104457728e-01
2.173339085653424319e-01
2.152802748605608940e-01
2.162610622122883852e-01
2.222030878067016713e-01
2.186194067820906584e-01
2.194163642823696025e-01
2.183788955211639349e-01
2.164204806089401190e-01
2.180314131081104168e-01
2.163457322865724453e-01
2.151018487289547976e-01
2.142903483472764492e-01
2.163456982001662199e-01
2.178882312029600254e-01
2.159757437184453011e-01
2.195649092551320847e-01
2.175058867782354299e-01
2.179550921544432529e-01
2.179791260510683115e-01
2.168286985717713944e-01
2.162854854017496053e-01
2.174249781295657102e-01
2.199909893795847782e-01
2.196149019524455126e-01
2.158707736060023197e-01
2.164774177595973070e-01
2.165602967143058777e-01
2.151540000922977924e-01
2.179611700586974732e-01
2.161459630355238859e-01
2.172810168936848696e-01
2.148126114159822353e-01
2.171057395637035481e-01
2.209441380575299374e-01
2.144749624654650744e-01
2.172667708247900120e-01
2.166313420981168802e-01
2.170351710170507487e-01
2.164706269279122464e-01
2.160640714690089115e-01
2.195384021848440226e-01
2.185267750173807144e-01
2.222021989524364527e-01
2.160940984264016207e-01
2.135856246575713047e-01
2.151036662980914116e-01
2.180943506769836004e-01
2.152342032641172409e-01
2.160162767395377159e-01
2.163113122805953026e-01
2.146856062114238795e-01
2.165216691792011261e-01
2.161852190271019991e-01
2.143975330516695865e-01
2.218451656401157490e-01
2.148849502205848749e-01
2.145319351926446017e-01
2.151738045737147387e-01
2.149096388369798605e-01
2.139390590600669384e-01
2.131951774470507988e-01
2.161266857758164517e-01
2.136092968285083771e-01
2.149594560265541132e-01
2.159933825954794828e-01
2.150504149496555439e-01
2.133781588636338711e-01
2.134988745674490929e-01
2.164986891672015246e-01
2.134056717157363781e-01
2.149230108596384414e-01
2.134012300521135330e-01
2.146538942120969351e-01
2.130551526322960743e-01
2.133288189768791088e-01
2.130241924896836281e-01
2.142905298620462473e-01
2.151475467719137780e-01
2.138220520690083393e-01
2.154839966446161215e-01
2.148547299206256811e-01
2.133678068406879846e-01
2.154008286073803846e-01
2.133713450282812008e-01
2.144954515621066149e-01
2.134497607126832064e-01
2.129679463803768047e-01
2.157853022217750549e-01
2.132213580422103461e-01
2.131681395694613457e-01
2.156001372262835447e-01
2.136764408089220635e-01
2.146395726129412540e-01
2.149084288626909311e-01
2.133461039513349644e-01
2.147449001669883839e-01
2.141635330393910353e-01
2.130973795428872108e-01
2.144272398203611318e-01
2.138801496475934982e-01
2.140496993437409345e-01
2.136007823050022070e-01
2.153481232002377455e-01
2.127004031091928593e-01
2.128232149407267570e-01
2.153803476132452599e-01
2.145694665610790308e-01
2.156067508272826727e-01
2.136728191748261396e-01
2.156208308413624652e-01
2.129440531134605408e-01
2.130460681393742672e-01
2.157226084731519167e-01
2.136938901618123110e-01
2.132420709356665500e-01
2.147275632247328814e-01
2.157485829666256905e-01
2.145333247259259279e-01
2.145303918980062119e-01
2.146320587024092563e-01
2.146994834765791893e-01
2.153748556971550043e-01
2.157125851139426176e-01
2.137725740671157781e-01
2.145908700302243122e-01
2.139105102047324236e-01
2.137801062315702327e-01
2.141407549381256215e-01
2.144579570740461349e-01
2.148646628484129906e-01
2.153622304089367334e-01
2.141779301688075121e-01
2.128349917009472736e-01
2.145357734523713478e-01
2.156488070264458712e-01
2.166110390797257312e-01
2.142520277760922853e-01
2.133679341524839512e-01
2.135536693036556299e-01
2.137259588576853331e-01
2.129579409956932068e-01
2.133415682241320555e-01
2.129733294248580822e-01
2.146710170432925280e-01
2.131426310166716631e-01
2.155105908401310499e-01
2.140407525002956390e-01
2.133621447719633579e-01
2.155469220131635555e-01
2.129634509794414154e-01
2.146996640600264128e-01
2.134393963962793461e-01
2.136415245011448749e-01
2.140087738633155712e-01
2.143782382830977384e-01
