1.377967638969421316e+01
1.253264756202697683e+01
1.322946047782897949e+01
1.365129897594451869e+01
1.292356853485107493e+01
1.281539459228515554e+01
1.293555049896240305e+01
1.308378086090087855e+01
1.326336343288421560e+01
1.320189273357391357e+01
1.274691512584686315e+01
1.258941516876220668e+01
1.317640137672424316e+01
1.297635967731475759e+01
1.240344884395599401e+01
1.173387765884399414e+01
5.212303888797760187e+00
4.787271666526794256e+00
4.501243722438812433e+00
4.351516485214233398e+00
3.928298592567443848e+00
9.330143809318542480e+00
6.072087574005126775e+00
3.423224878311157404e+00
2.789317059516906561e+00
4.420883882045745672e+00
2.791013622283935458e+00
2.421767687797546476e+00
2.987088954448700040e+00
2.629654884338378906e+00
3.141890001296997248e+00
2.673085737228393377e+00
2.542026269435882391e+00
5.897586655616760432e+00
3.883081340789794833e+00
5.268708795309066772e+00
2.669945335388183683e+00
6.697695887088775279e+00
6.177614068984984996e+00
2.396204757690429510e+00
2.768463969230651855e+00
2.948974466323852628e+00
6.295456373691559193e+00
5.557337158918381093e+00
3.297874879837036310e+00
5.681125521659851074e+00
2.673347795009612948e+00
3.611724925041198908e+00
7.454234647750854315e+00
5.288327038288116455e+00
2.771895539760589777e+00
3.834508228302001775e+00
5.631998819112777888e+00
6.508890599012374878e+00
7.042024677991866710e+00
7.612598311901092707e+00
3.802193778753280462e+00
5.941620361804962336e+00
2.103600651025772095e+00
2.101748877763748080e+00
3.877569603919982733e+00
2.917538481950759710e+00
2.677693963050842285e+00
6.811739337444305598e+00
2.149561369419097812e+00
2.154125034809112549e+00
2.863399112224578769e+00
4.770823979377746937e+00
2.550109934806823908e+00
5.854489409923553822e+00
3.417399668693542392e+00
6.207116794586181818e+00
6.434013754129409790e+00
5.317411124706268311e+00
4.028882408142090199e+00
5.936613440513610840e+00
2.671975916624069303e+00
2.734902900457382380e+00
4.605310010910034002e+00
3.654522377252578558e+00
3.311228501796722234e+00
4.183605647087096813e+00
3.253916549682617010e+00
6.760906428098678589e+00
2.819770893454551786e+00
3.259768915176391779e+00
2.794983702898025335e+00
6.125034904479980113e+00
5.606690081954002203e+00
5.720774871110916315e+00
2.348662954568863093e+00
2.362978941202163785e+00
2.901531314849853604e+00
6.642226541042328236e+00
6.073187139630317866e+00
2.905120325088501154e+00
1.005748443603515696e+01
2.730914759635925115e+00
2.073591762781143100e+00
2.168819801509380252e+00
4.092966037988662542e+00
2.532668012380599798e+00
4.695221135020256398e+00
2.416852343082427801e+00
4.342732572555542347e+00
3.680034375190734952e+00
8.530540144443511608e+00
2.387506806850433261e+00
2.648842120170593173e+00
2.884072947502136053e+00
4.713157960772514699e+00
4.750149440765381037e+00
4.524121618270873668e+00
2.359773337841033936e+00
5.953059491515159785e+00
3.780679440498352140e+00
2.371911573410034002e+00
2.414210194349288852e+00
3.525092312693595797e+00
1.678137171268463179e+00
3.294232162833213629e+00
2.480146700143813998e+00
6.382778155803680242e+00
3.659686377644538968e+00
5.964328438043594360e+00
8.637502896785736795e+00
3.356135636568069458e+00
2.479104542732238681e+00
2.448852729797363459e+00
3.475419032573699774e+00
3.197114256024360834e+00
3.042371582984924494e+00
2.505620467662811102e+00
3.761019158363342108e+00
3.598186922073364435e+00
2.602418178319930941e+00
2.533949959278106512e+00
2.374211803078651428e+00
2.757584977149963201e+00
3.171952459216117681e+00
2.364693349599838346e+00
2.402461075782775790e+00
6.331812584400177357e+00
6.936158323287964222e+00
4.215605252981186268e+00
2.787274217605590909e+00
2.882258486747741877e+00
2.459686827659607111e+00
2.490922254323959528e+00
2.497922149300575434e+00
2.335215592384338290e+00
7.251574158668518066e+00
2.017285335063934149e+00
5.539842271804809926e+00
2.405853629112243652e+00
2.267478573322295965e+00
3.483071732521056951e+00
2.840435588359832675e+00
2.389990857243537992e+00
2.887548667192459284e+00
2.802724716067314326e+00
3.880613350868225009e+00
2.696753251552581609e+00
2.520745104551315396e+00
2.427030807733535855e+00
8.177202236652373557e+00
2.065202438831329257e+00
2.083835685253143222e+00
3.651538085937500178e+00
2.323111224174499334e+00
3.105171120166778653e+00
5.021950080990791321e+00
7.169413030147552490e+00
4.208195897936820806e+00
8.829932713508606312e+00
2.363036751747131348e+00
3.797664305567741483e+00
2.358387571573257624e+00
5.275921756029129384e+00
4.373832124471664251e+00
7.226743507385253729e+00
2.181733155250549228e+00
4.745506656169891535e+00
3.297034090757370084e+00
7.034086012840271351e+00
2.608989793062209905e+00
4.810351705551147106e+00
4.911026692390441539e+00
2.262123709917068570e+00
5.992174375057220281e+00
2.323346310853958041e+00
4.521012067794799805e+00
2.237934935092925848e+00
5.347790926694869995e+00
2.053089553117751986e+00
3.220395962893962682e+00
7.328267726302146734e+00
2.249113857746124268e+00
4.132262766361236572e+00
2.561265891790390103e+00
6.058081376552581609e+00
2.287443828582763850e+00
2.494609579443931580e+00
4.538789781928062261e+00
3.451674956083297552e+00
7.213604176044464467e+00
2.285097163915634333e+00
6.543820822238922474e+00
3.082931184768676669e+00
5.611507397890091120e+00
4.127775189280510126e+00
3.099560114741325201e+00
3.650708836317062556e+00
5.866512960195541027e+00
2.506527513265609741e+00
2.991361349821090698e+00
3.463286864757537664e+00
3.308257338404655634e+00
3.340825769305229009e+00
2.650456780195236117e+00
5.173897585272788646e+00
2.698162880539894282e+00
2.146501952409744174e+00
2.531632509827614008e+00
6.108023196458816528e+00
5.624414002895354869e+00
2.229999667406082242e+00
4.787807285785675049e+00
5.845408838987350642e+00
2.365839967131614596e+00
2.080232790112495511e+00
5.836897605657577870e+00
3.978549546003341764e+00
2.484696757793426691e+00
5.778601956367492853e+00
3.809915411472320379e+00
5.650805962085724055e+00
4.959977674484252752e+00
2.215415158867835910e+00
3.333211690187454224e+00
3.023396003246307195e+00
6.643699133396149037e+00
7.192373961210250854e+00
2.235317784547805608e+00
5.142057543992995861e+00
4.660412153601646068e+00
3.853501579165458768e+00
5.322755125164985834e+00
3.461442619562149048e+00
2.532808333635330200e+00
3.092490702867507935e+00
2.845945781469345182e+00
2.580351018905639560e+00
3.161015999317169367e+00
2.338724929094314398e+00
4.323617908358573736e+00
2.497154214978217990e+00
4.088850252330303192e+00
2.026523232460021973e+00
3.555149573087692083e+00
3.999700963497161865e+00
3.542250037193298340e+00
2.137421059608459295e+00
2.632701486349105835e+00
7.785436242818832397e+00
2.270102483034134089e+00
5.721448051929473699e+00
3.075857514142990023e+00
2.391293245553970159e+00
4.727335840463638306e+00
2.473599117994308649e+00
2.289559766650199890e+00
5.233448192477226257e+00
2.411049482226371943e+00
3.010022276639938266e+00
2.420907422900199890e+00
4.011432909965515492e+00
2.101901325583457769e+00
2.660966208577156156e+00
2.699070620536804022e+00
4.241909919679164531e+00
2.474440649151802063e+00
3.204892532527446658e+00
4.369361513853073475e+00
2.390957653522491455e+00
3.071723109483718961e+00
4.368713045120239613e+00
2.199676841497421265e+00
2.221318060159683139e+00
5.964266297221183954e+00
2.434986340999603094e+00
2.805214744806289850e+00
3.020465087890625178e+00
4.671045380830764593e+00
2.326888698339462103e+00
3.753474318981170565e+00
3.433495464920997442e+00
2.385156810283660889e+00
5.406042838096619008e+00
2.207606256008148193e+00
3.054298245906829745e+00
2.424401968717575073e+00
2.446596664190292536e+00
4.557729572057723999e+00
2.899203938245773493e+00
4.291256427764892578e+00
2.830295133590698065e+00
3.948132765293121516e+00
3.588779054582118988e+00
2.856026460230350672e+00
3.881092709302902399e+00
3.279617315530777066e+00
2.434194636344909846e+00
4.555537140369414928e+00
2.566463798284530640e+00
4.449217873811721624e+00
3.665964472293853582e+00
2.276128107309341342e+00
3.928248667716979892e+00
3.732879677414894015e+00
3.236559730768203913e+00
3.503086793422698797e+00
2.654237508773803711e+00
4.101532691717148182e+00
2.106718587875366033e+00
3.214144223928451449e+00
3.062719893455505549e+00
3.153335252404212863e+00
3.060745689272880377e+00
2.773084622621536433e+00
4.136234873533249257e+00
3.119973617792129339e+00
2.993181830644607633e+00
2.979559481143951416e+00
3.113719773292541682e+00
3.941916114091873258e+00
2.309111160039901911e+00
4.537028548121452509e+00
2.402586382627487360e+00
5.236310631036758423e+00
2.415514904260635198e+00
5.522134654223918915e+00
2.638350966572761358e+00
3.339167174696922480e+00
3.548532208800315946e+00
3.091425497829914271e+00
2.360446128249168218e+00
3.091281104087829412e+00
3.737126240134239108e+00
3.110152614116668879e+00
2.380070346593856634e+00
3.101347330212592901e+00
4.864073178172111156e+00
3.208683811128139496e+00
3.864404189586639227e+00
2.456292194128036677e+00
3.529088014364242465e+00
2.949913653731345953e+00
3.497536924481392084e+00
4.646638846397399547e+00
3.154608932137489496e+00
2.618035751581191839e+00
3.847876465320587247e+00
2.621474382281303583e+00
2.645250356197357267e+00
3.329155838489532560e+00
3.913639229536056696e+00
2.858102428913116277e+00
3.766959673166275113e+00
2.281648144125938416e+00
3.326324683427810847e+00
3.100225728750229059e+00
4.485900217294693348e+00
2.656062829494476141e+00
3.700346428155898870e+00
2.875946417450904846e+00
2.780344697833061041e+00
3.476507991552352905e+00
2.797721570730209439e+00
2.813579973578453242e+00
2.767200022935867310e+00
4.162774947285652338e+00
2.997745680809020818e+00
3.586232969164848239e+00
2.393508088588714777e+00
3.966428548097610474e+00
3.086400473117828280e+00
2.444961753487587153e+00
3.862084090709686279e+00
2.658378052711486639e+00
3.947069156169891180e+00
4.272703692317008972e+00
3.275627034902572454e+00
2.527575829625129611e+00
4.033691269159317194e+00
3.684518659114837558e+00
3.531469655036926447e+00
3.066623675823211492e+00
2.966429802775382818e+00
3.711672031879424960e+00
3.076139664649963468e+00
3.141088350117206662e+00
2.774732220172881902e+00
2.988196818530559629e+00
3.487270282208919436e+00
2.882656620442867190e+00
3.320626544952392400e+00
3.190670132637023926e+00
3.500222831964492798e+00
3.156571376323699774e+00
3.323404622077942072e+00
3.298501461744308472e+00
3.076665699481964111e+00
3.450753092765808105e+00
2.956413906812668024e+00
3.122270190715789706e+00
3.245315480232238592e+00
2.813952505588531494e+00
4.123570153117180226e+00
3.204692679643630804e+00
2.948604756593704135e+00
3.847793911397457300e+00
2.955615448951721014e+00
3.200821533799171448e+00
3.463648009300231756e+00
2.898924446105957120e+00
3.074057364463806064e+00
2.968153202533721835e+00
3.253015252947807134e+00
3.624540334939956754e+00
3.492465993762016385e+00
3.784665834903717219e+00
2.785107988119125189e+00
3.624863892793655396e+00
2.721796172857284368e+00
3.517176604270935147e+00
3.135641264915466131e+00
3.244401705265045344e+00
3.503326052427291781e+00
2.865559810400009066e+00
3.105728447437286377e+00
2.841800242662429810e+00
3.660261508822441279e+00
2.718441736698150812e+00
3.299690797924995422e+00
2.657887917757034479e+00
3.171335308253765195e+00
3.375012955069542020e+00
3.056914889812469394e+00
2.950128293037414640e+00
3.132156628370284857e+00
3.153688842058181674e+00
3.406536787748336792e+00
3.218938148021698087e+00
3.154310345649719238e+00
3.224911469221114935e+00
3.323270791769027621e+00
3.474962228536605746e+00
3.312482410669326693e+00
3.384063303470611572e+00
3.286290049552917480e+00
3.422873339056968778e+00
3.377832162380218328e+00
3.240802943706512451e+00
3.203269350528716863e+00
3.236449754238128751e+00
3.074069711565971197e+00
2.879855489730835050e+00
2.975228923559188665e+00
3.039791294932365329e+00
3.704215928912162781e+00
3.174104052782058538e+00
3.349183332920074641e+00
3.366783493757247836e+00
2.961380362510681152e+00
3.484756430983543485e+00
2.976073053479194819e+00
3.277119806408882230e+00
3.197132945060729980e+00
3.174878758192062556e+00
3.320513713359832586e+00
3.099978742003441035e+00
3.533513009548187256e+00
3.076930044591426938e+00
3.736136528849601568e+00
3.453974753618240356e+00
3.242780151963233770e+00
3.684846931695938022e+00
2.982821401953697382e+00
3.416637113690376371e+00
3.242193806171417059e+00
3.582935842871665777e+00
3.306282812356948764e+00
3.676507207751273931e+00
3.003576195240020841e+00
3.434555220603942693e+00
3.280773663520812899e+00
3.135984659194946289e+00
3.824159008264541804e+00
2.890942659974098383e+00
3.480611598491668790e+00
3.313168588280677618e+00
3.600883622467518030e+00
3.137646287679672241e+00
3.515410885214805603e+00
2.936511164903640836e+00
3.249110852181911646e+00
3.135153800249099731e+00
3.302471715211868108e+00
3.106146910786628634e+00
3.224264979362487793e+00
3.366695421934127630e+00
3.361751788854598910e+00
3.211254391074180425e+00
3.516205587983131320e+00
3.320744824409485041e+00
3.512801241874695002e+00
3.156282946467399597e+00
3.292045927047729581e+00
3.089324413239955991e+00
3.767572164535522461e+00
3.186985531449317843e+00
3.194426929950714200e+00
3.280221197009086431e+00
3.268715362250804723e+00
3.566540166735649109e+00
3.231236487627029419e+00
3.198065388202667059e+00
3.498090291023254306e+00
3.588325059413910001e+00
3.139448593556880773e+00
3.525155028700828641e+00
3.024018733203411191e+00
3.290994977951049894e+00
3.262664489448070526e+00
3.362454164028167547e+00
3.441399191319942652e+00
3.920765614509582608e+00
3.009548085927963079e+00
3.639942175894975485e+00
3.203691421449184507e+00
3.526031029224395930e+00
3.343577188253402888e+00
3.249776744842529208e+00
3.389092206954956055e+00
3.282420912384986789e+00
3.387671485543251038e+00
3.131439831852913080e+00
3.508187386393546880e+00
3.302793249487876892e+00
3.096349611878395081e+00
3.354588443040847690e+00
3.218609297275543124e+00
3.494047051668167203e+00
3.335624855756759821e+00
3.416027879714965909e+00
3.488655817508697687e+00
3.334075909852981745e+00
3.473824429512023748e+00
2.969141983985900790e+00
3.227275979518890558e+00
3.449345329403877169e+00
3.469245409965515226e+00
3.241837880015373319e+00
3.413064602017402471e+00
3.091798907518386930e+00
3.665586513280868708e+00
3.468481701612472712e+00
3.372068256139755249e+00
3.066016697883605868e+00
3.745174071192741483e+00
3.377218681573867620e+00
3.599688822031021029e+00
3.349128687381744296e+00
3.403558418154716492e+00
3.663910156488418668e+00
3.316329684853553950e+00
3.546454721689224154e+00
2.999927109479904264e+00
3.332371979951858521e+00
3.306133708357811063e+00
3.182232385873794644e+00
3.564586579799652100e+00
3.211780804395675482e+00
3.861132274568080724e+00
2.985877557098865598e+00
3.342845404148101718e+00
3.399252125620841891e+00
3.369406908750534058e+00
3.427690631151199430e+00
3.125875616073608310e+00
3.397780740261077792e+00
3.331960335373878479e+00
3.471097326278686612e+00
3.276440301537513644e+00
3.500959992408752441e+00
3.449372678995132446e+00
3.136876624822616755e+00
3.321260303258895874e+00
3.557856529951095581e+00
3.499023720622062683e+00
3.345556530356406988e+00
3.286077913641929804e+00
3.394713801145553767e+00
3.474958479404449463e+00
3.303092668950557531e+00
3.309929472208023249e+00
3.422731417417526067e+00
3.413258266448974787e+00
3.348757249116897761e+00
3.338878883421421140e+00
3.453303802013397039e+00
3.331475228071212769e+00
3.385586586594581782e+00
3.381376332044601529e+00
3.345434200763702570e+00
3.362584906816482366e+00
3.434138128161430270e+00
3.642580592632293612e+00
3.282282811403274714e+00
3.402819758653640836e+00
3.315375137329101385e+00
3.486352843046188532e+00
3.368034648895263494e+00
3.274559532105922877e+00
3.404609239101410001e+00
3.523365887999534429e+00
3.283173798024654477e+00
3.523771691322326483e+00
3.367532557249069303e+00
3.450968429446220398e+00
3.365115272998809637e+00
3.434522354602813632e+00
3.416921338438987821e+00
3.374916526675224127e+00
3.363917717337608249e+00
3.416385942697524936e+00
3.604094266891479492e+00
3.197780838608741849e+00
3.481202083826064886e+00
3.280803182721137912e+00
3.549353937804698766e+00
3.131900230050086886e+00
3.595711535215377896e+00
3.367660646140575587e+00
3.513164171576499850e+00
3.346222692728042514e+00
3.401313585042953669e+00
3.418547114729881375e+00
3.415899115800857366e+00
3.330958142876625061e+00
3.470906810462474734e+00
3.437321949005126775e+00
3.362042593955993475e+00
3.325630205869674505e+00
3.694220986962318598e+00
3.355858349800109774e+00
3.479967832565307617e+00
3.308664101362228216e+00
3.391183316707611084e+00
3.343445724248886197e+00
3.511887508630752386e+00
3.373824486136436374e+00
3.722944365441799075e+00
3.400051769614219843e+00
3.407480233907699496e+00
3.272035133838653742e+00
3.601390182971954346e+00
3.374604201316833585e+00
3.701622587442398249e+00
3.348046088218688876e+00
3.439009839296340854e+00
3.399074156582355677e+00
3.360135912895202637e+00
3.443634349107742132e+00
3.449259340763092041e+00
3.312072810530662714e+00
3.451780082285404117e+00
3.411568304896354764e+00
3.483913975954055608e+00
3.416987121105194092e+00
3.601112046837806613e+00
3.357809448242187411e+00
3.486572480201721280e+00
3.560605612397194086e+00
3.463603731989860712e+00
3.481069755554199396e+00
3.324641841650008978e+00
3.379465150833129705e+00
3.517308300733566373e+00
3.340994136035442263e+00
3.418706798553466708e+00
3.402456903457641513e+00
3.411962586641311468e+00
3.469024401903152643e+00
3.522033005952835083e+00
3.352723798155784696e+00
3.529272556304931641e+00
3.303747573494911105e+00
3.503955531120300115e+00
3.486007133126258761e+00
3.463580459356307983e+00
3.431032130122184665e+00
3.523114788532256902e+00
3.482344776391983032e+00
3.439606207609176458e+00
3.458822494745254605e+00
3.424207960069179713e+00
3.577920328080653967e+00
3.583877372741699041e+00
3.421477478742599665e+00
3.404526475071906866e+00
3.421659964323043646e+00
3.525228938460350125e+00
3.490860801935196100e+00
3.514379657804965973e+00
3.555707958340645014e+00
3.491646251082420438e+00
3.373402357101440430e+00
3.482961454987525851e+00
3.502922624349594116e+00
3.469097241759300232e+00
3.410834214091301053e+00
3.508114576339721680e+00
3.485955664515495211e+00
3.577200955152511685e+00
3.420448690652847290e+00
3.486233258247375399e+00
3.430333578586578280e+00
3.448289543390274048e+00
3.526551520824432462e+00
3.427554008364677607e+00
3.473574894666671575e+00
3.479045540094375610e+00
3.512977281212806613e+00
3.453912779688835144e+00
3.515171328186988742e+00
3.446086275577544988e+00
3.535899749398231595e+00
3.362096652388572693e+00
3.624852871894836515e+00
3.392281304299831213e+00
3.425305849313736051e+00
3.497951792180538089e+00
3.341117158532142639e+00
3.582291597127914340e+00
3.581145185232162298e+00
3.442753311991691767e+00
3.440347027778625666e+00
3.550610837340355097e+00
3.581495785713195712e+00
3.392937991023063482e+00
3.479447954893112094e+00
3.496813419461250128e+00
3.639292450249195010e+00
3.427332246303558261e+00
3.462408278882503687e+00
3.695418643951415838e+00
3.488768082857132136e+00
3.434027144312858493e+00
3.475033056735992609e+00
3.552607756853103815e+00
3.436661875247955411e+00
3.452884680032730191e+00
3.498158866167068393e+00
3.476260712742805570e+00
3.621175025403499781e+00
3.394269722700118841e+00
3.514984369277954102e+00
3.448470415174961001e+00
3.580855825543403537e+00
3.423748324811458410e+00
3.415831422805786222e+00
3.510811953246593564e+00
3.528322958946227939e+00
3.534379255771637141e+00
3.427774646878242404e+00
3.540374994277954102e+00
3.507578420639037908e+00
3.631832569837570190e+00
3.490276193618774503e+00
3.547465708851814448e+00
3.461912581324577243e+00
3.430046716332435519e+00
3.520170027017593295e+00
3.542459347844123752e+00
3.511417040228843600e+00
3.540756300091743469e+00
3.613971967995166956e+00
3.473099763691425146e+00
3.530315226316452115e+00
3.497486454248428522e+00
3.492342621088027954e+00
3.526320976018905817e+00
3.512062940001487554e+00
3.540181146562099368e+00
3.505814974009990870e+00
3.567124998569488614e+00
3.530937790870666504e+00
3.502746456861495883e+00
3.526605999469757169e+00
3.511706456542015076e+00
3.531943178176879972e+00
3.485170608758926480e+00
3.513049563765525907e+00
3.585385289788246332e+00
3.493594393134117126e+00
3.478573879599571317e+00
3.515673410892486750e+00
3.519860571622848600e+00
3.585132750868797125e+00
3.512678256630897611e+00
3.507289126515388489e+00
3.498889744281768799e+00
3.470177662372589289e+00
3.513091766834258944e+00
3.543141710758209051e+00
3.516882252693176447e+00
3.524138820171356379e+00
3.529492497444152832e+00
3.594552640616893946e+00
3.493334811925888239e+00
3.511834532022476196e+00
3.507178294658660711e+00
3.489528816938400446e+00
3.537911587953567416e+00
3.494433259963989347e+00
3.521949982643127530e+00
3.557872410118579687e+00
3.566716498136520475e+00
3.503699991106986822e+00
3.506180912256240845e+00
3.555282884836196811e+00
3.524940729141235352e+00
3.506973735988140106e+00
3.516990274190902710e+00
3.565680161118507385e+00
3.500849431753158658e+00
3.473110173642635523e+00
3.557454621791839688e+00
3.598291581869125455e+00
3.504377293586730779e+00
3.495596385002136319e+00
3.518695990741252722e+00
3.465217411518096924e+00
3.493017539381980896e+00
3.559526099264621823e+00
3.570648393034935086e+00
3.507784259319305598e+00
3.494383241236209692e+00
3.559755572676658542e+00
3.523744335770607083e+00
3.544030815362930298e+00
3.562526988983154119e+00
3.514214304089546381e+00
3.526244693994522006e+00
3.532474893331527532e+00
3.526211515069007874e+00
3.505805715918540955e+00
3.564271244406699957e+00
3.576480859518051059e+00
3.522819477319717230e+00
3.534823054075241000e+00
3.522871130704879672e+00
3.534463790059089838e+00
3.546411514282226562e+00
3.527073574066162287e+00
3.577226933836937128e+00
3.513566488027572543e+00
3.542649090290069580e+00
3.550171971321105957e+00
3.531643554568290710e+00
3.553683692216873080e+00
3.577280777692794622e+00
3.551949164271354764e+00
3.546309727430343450e+00
3.509161370992660345e+00
3.482786601781845182e+00
3.602922171354293823e+00
3.539268365502357572e+00
3.505123287439346313e+00
3.528624425828456701e+00
3.532832702994346707e+00
3.541245687007903875e+00
3.545049044489860357e+00
3.625676518678665250e+00
3.508699756860733210e+00
3.595670789480209351e+00
3.516173276305198492e+00
3.532662695646286100e+00
3.536055573821067721e+00
3.485526305437088190e+00
3.539971351623535156e+00
3.557642912864685147e+00
3.547022950649261652e+00
3.544849914312362849e+00
3.577117657661438077e+00
3.530895256996154696e+00
3.539779353141784490e+00
3.610122501850128174e+00
3.554100424051284790e+00
3.553683799505233942e+00
3.552907150983810602e+00
3.547276329994201838e+00
3.563381910324096680e+00
3.550622224807739258e+00
3.588683182001113803e+00
3.543281653523445041e+00
3.549476641416549505e+00
3.558619761466979892e+00
3.563842575252055944e+00
3.542190310359001337e+00
3.536183983087539673e+00
3.559303487837314428e+00
3.539457440376281738e+00
3.518663415312766940e+00
3.545277866721153082e+00
3.533638930320739835e+00
3.554548862576484503e+00
3.554352074861526489e+00
3.551895523071288974e+00
3.560971191525459378e+00
3.538903725147247492e+00
3.563069075345993042e+00
3.564435210824012934e+00
3.547015048563480377e+00
3.545174732804298401e+00
3.522209602594375433e+00
3.552566859126090826e+00
3.540870381891727536e+00
3.564747852087021052e+00
3.560181158781051458e+00
3.526186782121658148e+00
3.559132036566734492e+00
3.563320657610893338e+00
3.528169140219688416e+00
3.554059836268424810e+00
3.540559013187885462e+00
3.588964670896530151e+00
3.569201427698135198e+00
3.570619243383407415e+00
3.566522479057312012e+00
3.558832216262817205e+00
3.572711110115051270e+00
3.567401120066642672e+00
3.553314474225044428e+00
3.533970573544502169e+00
3.560185086727142512e+00
3.550921326875686734e+00
3.534441158175468445e+00
3.533927676081657587e+00
3.583286422491073431e+00
3.527522920072078794e+00
3.563192594051360906e+00
3.538153147697448819e+00
3.565827411413192927e+00
3.560354374349117279e+00
3.577438619732856928e+00
3.569081676006317316e+00
3.552625444531440912e+00
3.537767545878887088e+00
3.573346358537674128e+00
3.562808433175086886e+00
3.540211877226829618e+00
3.527786487340927035e+00
3.565477231144905002e+00
3.584588485956191839e+00
3.544547639787197113e+00
3.546561029553413569e+00
3.544123941659927279e+00
3.555285796523094177e+00
3.547566854953765780e+00
3.558188664913177313e+00
3.554743397235870184e+00
3.577092806994914831e+00
3.555761978030204773e+00
3.536040985584258944e+00
3.569704240560531705e+00
3.542680273205041974e+00
3.587666624784469516e+00
3.538011431694030762e+00
3.571192461252212347e+00
3.550755977630615234e+00
3.551037576794624506e+00
3.551775127649307251e+00
3.568604826927185059e+00
3.565399777889251887e+00
3.573220799863338293e+00
3.590565824508666903e+00
3.556225210428237915e+00
3.574474744498729706e+00
3.541399073600769221e+00
3.549913114309311002e+00
3.578846976161003113e+00
3.553404891490936190e+00
3.542493042349815546e+00
3.546620136499404996e+00
3.575123476982116522e+00
3.547351969778537839e+00
3.577326047420501531e+00
