5.124965339899063554e-01
5.496506214141845259e-01
5.169782221317291704e-01
5.143959760665893777e-01
5.230233132839202659e-01
5.257583498954773171e-01
5.191913604736327903e-01
5.140272855758667436e-01
5.163410604000091553e-01
5.142202973365783691e-01
5.291933596134186235e-01
5.395236492156982866e-01
5.124887287616729514e-01
5.146412014961242454e-01
5.161211907863616499e-01
5.001799881458282027e-01
3.603483289480209351e-01
3.506115943193435780e-01
3.372968614101409801e-01
3.687655687332153098e-01
3.436029374599456898e-01
4.259971529245376587e-01
4.293618321418762318e-01
3.219072520732879639e-01
2.852104306221008301e-01
3.101858973503112682e-01
2.648359477519989236e-01
2.546931028366088978e-01
2.697860509157180564e-01
2.721395134925842507e-01
2.836207896471023560e-01
2.571084290742874368e-01
2.587796181440353283e-01
3.234795838594436423e-01
2.813404977321624645e-01
2.996791422367096058e-01
2.496866971254348699e-01
3.357400536537170632e-01
3.114768803119659646e-01
2.397911459207534846e-01
2.575513839721679799e-01
2.444988846778869684e-01
3.173587530851363914e-01
2.958574548363685497e-01
2.672224819660186657e-01
2.901035785675049050e-01
2.386336147785186879e-01
2.748757719993591420e-01
3.538361519575118908e-01
3.062221467494964378e-01
2.433973997831344604e-01
2.648400694131851085e-01
2.953485429286956676e-01
2.957202687859535328e-01
3.065155997872352489e-01
3.563660562038421520e-01
2.660166203975677379e-01
3.063829064369201771e-01
2.139572411775589045e-01
2.089343801140785273e-01
2.857600927352905162e-01
2.437157765030860956e-01
2.272461116313934382e-01
3.019965291023254395e-01
2.100880771875381359e-01
2.122200638055801447e-01
2.198493510484695324e-01
2.584882453083992004e-01
2.056854188442230336e-01
2.731296956539154275e-01
2.411086708307266235e-01
2.952553838491439597e-01
2.868646442890167014e-01
2.712611854076385498e-01
2.475247085094451904e-01
2.814885497093200795e-01
2.147033900022506658e-01
2.185427784919738714e-01
2.535174399614333884e-01
2.577692463994026295e-01
2.246801853179931641e-01
2.437397986650466919e-01
2.316223770380020086e-01
2.907494083046913147e-01
2.145162567496299855e-01
2.437838643789291271e-01
2.017469182610511780e-01
2.693044334650039895e-01
2.722252964973449485e-01
2.699953392148017883e-01
1.963783413171768244e-01
1.905063644051551708e-01
2.051148772239685114e-01
2.929376751184463723e-01
2.711200863122940063e-01
2.122046232223510631e-01
3.536496222019195335e-01
2.227148592472076305e-01
2.066688612103462219e-01
1.847647503018379211e-01
2.273674175143241827e-01
1.933242902159690857e-01
2.409876108169555775e-01
1.843173041939735468e-01
2.293926641345024053e-01
2.168703317642211859e-01
3.034960091114043967e-01
1.866280138492584229e-01
1.900733500719070379e-01
1.920470893383026123e-01
2.401148229837417603e-01
2.483251154422760065e-01
2.362380504608154186e-01
1.852854102849960383e-01
2.608051300048828125e-01
2.201787874102592579e-01
1.809003040194511469e-01
1.805562019348144476e-01
2.150109335780143738e-01
1.808195933699607849e-01
1.997346505522727966e-01
1.813912317156791687e-01
2.613934993743896595e-01
2.111110851168632452e-01
2.520710140466689841e-01
3.004199862480163574e-01
2.070578992366790827e-01
1.863908395171165466e-01
1.818400248885154724e-01
2.097354903817176819e-01
2.055885896086692699e-01
1.962613925337791387e-01
1.825895458459854126e-01
2.172457188367843683e-01
2.060907691717147883e-01
1.895037055015564020e-01
1.782827854156494030e-01
1.711716607213020214e-01
1.854021996259689331e-01
1.953589633107185308e-01
1.772500544786453358e-01
1.716175004839897156e-01
2.647684082388878091e-01
2.718777731060981750e-01
2.258648291230201666e-01
1.937316223978996221e-01
1.871046394109726063e-01
1.747638165950775035e-01
1.760100796818733215e-01
1.747705355286598150e-01
1.680452495813369862e-01
2.660900592803955300e-01
1.745660752058029175e-01
2.450810968875885010e-01
1.696697607636451777e-01
1.669983103871345576e-01
1.982318446040153559e-01
1.867600202560424916e-01
1.759873479604721069e-01
1.923611745238304194e-01
1.841875702142715399e-01
2.053393423557281494e-01
1.790854275226592962e-01
1.758742630481719971e-01
1.755133897066116222e-01
2.756018742918968090e-01
1.760317847132682745e-01
1.981458380818366949e-01
2.067936450242996160e-01
1.652483984827995411e-01
1.902977734804153498e-01
2.334345564246177729e-01
2.679637402296066173e-01
2.133170232176780645e-01
2.929853707551955955e-01
1.846203207969665527e-01
2.042447894811630360e-01
1.683212861418724171e-01
2.427599862217903193e-01
2.159712895750999506e-01
2.634472534060477988e-01
1.628677546977996826e-01
2.244855076074600275e-01
1.922894164919853321e-01
2.614027753472328297e-01
1.802634939551353566e-01
2.356786772608757130e-01
2.352257937192916981e-01
1.666859522461891230e-01
2.427816122770309337e-01
1.665898486971855164e-01
2.137233942747115978e-01
1.621052756905555781e-01
2.330872252583503779e-01
1.782767206430435070e-01
1.864881396293640026e-01
2.637327820062637107e-01
1.668405458331108093e-01
2.069885879755020142e-01
1.659349337220192011e-01
2.533045992255210654e-01
1.582707375288009699e-01
1.630368895828723796e-01
2.196042031049728338e-01
1.946958616375923101e-01
2.669142007827758900e-01
1.603084847331047169e-01
2.498811483383178711e-01
1.884794488549232372e-01
2.378884553909301758e-01
2.116747170686721913e-01
1.880308583378791920e-01
2.017047911882400568e-01
2.461238756775855907e-01
1.657926693558692821e-01
1.748044267296791077e-01
1.941269963979720958e-01
1.912315919995307978e-01
1.914454817771911732e-01
1.710339099168777521e-01
2.300468653440475575e-01
1.769116520881652832e-01
1.624314442276954540e-01
1.635747060179710277e-01
2.478467121720314137e-01
2.417028218507766835e-01
1.571716263890266529e-01
2.230524748563766368e-01
2.457120403647422846e-01
1.591301977634430043e-01
1.533978119492530878e-01
2.354647681117057745e-01
2.061052888631820790e-01
1.629084229469299205e-01
2.464838892221450917e-01
2.000851362943649181e-01
2.432811558246612549e-01
2.238008111715316661e-01
1.520398274064063970e-01
1.909855306148529053e-01
1.812289685010909923e-01
2.574511080980300681e-01
2.595619291067123302e-01
1.624207690358162037e-01
2.264792367815971486e-01
2.209094420075416454e-01
2.002501487731933594e-01
2.299754746258258764e-01
1.967322543263435308e-01
1.802780851721763611e-01
1.814102157950401306e-01
1.730712026357650868e-01
1.766569778323173467e-01
1.793011769652366749e-01
1.584789454936981201e-01
2.091493919491767828e-01
1.618961349129676708e-01
2.017253734171390589e-01
1.691589266061782892e-01
1.900647923350334279e-01
2.018928073346614727e-01
1.949429154396057073e-01
1.501026496291160695e-01
1.629028126597404369e-01
2.643611386418342479e-01
1.651068806648254284e-01
2.339188471436500494e-01
1.779161900281906183e-01
1.545553341507911738e-01
2.177474349737167358e-01
1.579805538058280945e-01
1.570738673210144154e-01
2.263978302478790172e-01
1.610646501183509716e-01
1.711337134242057745e-01
1.599397182464599720e-01
2.039053797721862848e-01
1.463409796357154902e-01
1.666769415140151867e-01
1.654202580451965277e-01
2.065129533410072216e-01
1.595685109496116638e-01
1.807054132223129272e-01
2.129448130726814270e-01
1.596726760268211420e-01
1.830583214759826660e-01
2.177468746900558527e-01
1.494406476616859381e-01
1.551834359765052740e-01
2.407276839017868098e-01
1.598788753151893505e-01
1.664668247103691101e-01
1.798650592565536610e-01
2.191478654742241017e-01
1.664095997810363659e-01
1.942267149686813243e-01
1.850660800933837946e-01
1.570075184106826671e-01
2.281638234853744507e-01
1.482330724596977178e-01
1.786625161767005920e-01
1.543764337897300665e-01
1.555283665657043457e-01
2.133371815085411127e-01
1.700655922293662914e-01
2.090741842985153198e-01
1.725523889064788929e-01
1.973344340920448192e-01
1.900925241410732214e-01
1.685694128274917714e-01
1.975757643580436651e-01
1.842289030551910456e-01
1.569008141756057795e-01
2.123302072286605835e-01
1.605276465415954590e-01
2.094558835029602106e-01
1.923529237508773693e-01
1.469639629125595037e-01
1.995417863130569402e-01
1.968392744660377447e-01
1.814605921506881603e-01
1.892102807760238647e-01
1.661726504564285389e-01
2.014072135090828053e-01
1.449641138315200806e-01
1.810214862227439991e-01
1.763272926211357228e-01
1.755492746829986628e-01
1.763319462537765447e-01
1.672561466693878174e-01
2.028064355254173279e-01
1.760945260524749700e-01
1.709603160619735662e-01
1.706167563796043285e-01
1.753458991646766607e-01
1.971767053008079418e-01
1.509018406271934454e-01
2.104460179805755504e-01
1.541037902235984913e-01
2.264488384127616993e-01
1.569099530577659496e-01
2.268094934523105510e-01
1.693560421466827337e-01
1.817579835653305165e-01
1.893490001559257618e-01
1.726183414459228627e-01
1.578758761286735424e-01
1.741079241037368774e-01
1.920540809631347545e-01
1.794957280158996638e-01
1.528525739908218328e-01
1.744494169950485118e-01
2.212983295321464539e-01
1.771612368524074499e-01
1.972478896379470936e-01
1.593311861157417353e-01
1.866418927907943781e-01
1.711485788226127513e-01
1.851919800043106135e-01
2.172303125262260437e-01
1.753365114331245367e-01
1.650741934776306097e-01
1.907746851444244440e-01
1.626857832074165289e-01
1.631901547312736567e-01
1.816643476486206055e-01
1.958503723144531250e-01
1.675652861595153809e-01
1.966118589043617249e-01
1.473726674914360157e-01
1.836655929684639088e-01
1.773973003029823414e-01
2.091296181082725469e-01
1.607399001717567388e-01
1.948806613683700673e-01
1.720806106925010792e-01
1.627481773495674244e-01
1.865003719925880377e-01
1.661853566765785217e-01
1.662492319941520635e-01
1.657465726137161144e-01
2.032885268330573980e-01
1.718869775533676258e-01
1.885806426405906566e-01
1.534381061792373657e-01
1.984904333949089050e-01
1.752591744065284673e-01
1.559856146574020441e-01
1.947052687406539973e-01
1.590861752629280090e-01
1.950235486030578724e-01
2.091761305928230286e-01
1.788651645183563232e-01
1.622030690312385448e-01
1.969677790999412592e-01
1.929201781749725342e-01
1.876051127910614014e-01
1.735315859317779486e-01
1.729919254779815618e-01
1.927235692739486805e-01
1.747190654277801514e-01
1.743390746414661407e-01
1.627338975667953491e-01
1.698131114244461060e-01
1.829745218157768361e-01
1.672049470245838276e-01
1.810520961880683899e-01
1.761821657419204712e-01
1.845963403582572826e-01
1.755042076110839844e-01
1.797334775328636169e-01
1.802433669567108099e-01
1.719115197658538929e-01
1.831684991717338618e-01
1.706513777375221197e-01
1.726660728454589844e-01
1.771340548992156871e-01
1.650158211588859669e-01
2.002650827169418224e-01
1.755706220865249634e-01
1.703668043017387279e-01
1.918349601328372955e-01
1.682953730225563160e-01
1.760711520910263062e-01
1.830401748418807872e-01
1.672929614782333319e-01
1.706441357731819097e-01
1.689360499382019098e-01
1.812105208635330089e-01
1.878634542226791382e-01
1.845140486955642589e-01
1.925782456994056813e-01
1.626013264060020558e-01
1.889200016856193431e-01
1.612887084484100342e-01
1.848164886236190740e-01
1.736207038164138683e-01
1.765872702002525274e-01
1.830491021275520436e-01
1.669050008058547974e-01
1.738110303878784291e-01
1.648443430662155096e-01
1.871904298663139288e-01
1.612730652093887218e-01
1.780108794569969233e-01
1.588015988469123896e-01
1.742620065808296315e-01
1.802500531077385060e-01
1.734613284468650707e-01
1.697309508919715992e-01
1.763772144913673401e-01
1.750448673963546642e-01
1.814107388257980291e-01
1.767212361097335871e-01
1.757198579609394185e-01
1.770602300763130243e-01
1.804421991109848022e-01
1.840062126517295893e-01
1.782342702150344904e-01
1.810764908790588323e-01
1.800342783331871088e-01
1.838672593235969599e-01
1.806336760520935170e-01
1.777626007795333751e-01
1.758201688528061024e-01
1.768060863018035833e-01
1.726413860917091481e-01
1.661127939820289667e-01
1.707118168473243658e-01
1.694762341678142659e-01
1.874799862504005488e-01
1.750714138150215038e-01
1.828584745526313782e-01
1.807268962264060863e-01
1.699560388922691234e-01
1.818825930356979259e-01
1.683239892125129589e-01
1.779127314686775319e-01
1.757444284856319316e-01
1.752779304981231800e-01
1.794846892356872503e-01
1.730816483497619740e-01
1.834473311901092529e-01
1.726097881793975941e-01
1.912852957844734247e-01
1.835986047983169667e-01
1.777395799756050221e-01
1.873433902859687750e-01
1.706267595291137695e-01
1.852514535188674871e-01
1.754727542400359996e-01
1.851071760058403126e-01
1.789420351386070140e-01
1.860574677586555592e-01
1.695175215601921193e-01
1.824450388550758473e-01
1.804064661264419556e-01
1.756590008735656738e-01
1.937765836715698298e-01
1.699506223201751598e-01
1.830617785453796387e-01
1.783890530467033275e-01
1.852240659296512659e-01
1.740889474749565125e-01
1.830180510878562927e-01
1.679963454604148920e-01
1.785666130483150593e-01
1.743655458092689403e-01
1.786941707134246937e-01
1.728021740913391058e-01
1.756355047225952037e-01
1.812665164470672607e-01
1.789996802806854137e-01
1.763682663440704346e-01
1.830392323434352764e-01
1.785036087036132868e-01
1.843302607536315973e-01
1.747929498553276173e-01
1.783197283744812067e-01
1.715665660798549597e-01
1.900782197713851984e-01
1.743348702788352911e-01
1.746336400508880504e-01
1.792041763663291820e-01
1.759548105299472698e-01
1.852201148867607117e-01
1.756692066788673456e-01
1.766216531395912170e-01
1.830566123127937428e-01
1.846799582242965587e-01
1.738923355937004034e-01
1.835743501782417242e-01
1.698435992002487183e-01
1.769842505455017090e-01
1.769765853881835882e-01
1.800038337707519642e-01
1.811961084604263306e-01
1.942978307604789623e-01
1.691949784755706898e-01
1.872619040310382899e-01
1.747974053025245778e-01
1.846343100070953480e-01
1.802498623728752136e-01
1.772008091211318970e-01
1.801569491624832042e-01
1.765758857131004278e-01
1.793009266257286072e-01
1.731461763381957897e-01
1.827788516879081671e-01
1.783708661794662365e-01
1.711026340723037775e-01
1.778558522462844738e-01
1.752967432141304127e-01
1.840912252664566040e-01
1.791532218456268200e-01
1.809424385428428650e-01
1.826983690261840820e-01
1.793021351099014227e-01
1.807080581784248352e-01
1.689275212585926167e-01
1.744482576847076472e-01
1.823252350091934260e-01
1.812643140554427990e-01
1.759901970624923595e-01
1.805549800395965521e-01
1.726931706070899963e-01
1.874700412154197693e-01
1.828231453895568792e-01
1.802814066410064753e-01
1.705715239048004039e-01
1.882857650518417469e-01
1.822309985756874195e-01
1.863053143024444580e-01
1.788492575287818909e-01
1.797794207930564769e-01
1.902954950928688049e-01
1.794062331318855286e-01
1.837089926004409901e-01
1.695182532072067316e-01
1.798316642642021068e-01
1.763295933604240306e-01
1.734620407223701477e-01
1.849560514092445374e-01
1.756149262189865001e-01
1.910765059292316437e-01
1.693730272352695354e-01
1.791219010949134938e-01
1.809394851326942555e-01
1.811835378408432062e-01
1.806559085845947377e-01
1.725073412060737499e-01
1.811850517988204956e-01
1.773028358817100580e-01
1.827412411570548956e-01
1.766932532191276550e-01
1.825099214911460876e-01
1.814304932951927296e-01
1.732715472579002269e-01
1.771968528628349304e-01
1.844283431768417303e-01
1.822224974632263295e-01
1.779020071029663030e-01
1.768043145537376293e-01
1.801832012832164653e-01
1.808975487947463989e-01
1.768268302083015331e-01
1.777206957340240479e-01
1.803515478968620300e-01
1.805367648601531871e-01
1.787559434771537892e-01
1.786894008517265209e-01
1.812155172228813171e-01
1.784505218267440907e-01
1.801159471273422186e-01
1.788561806082725469e-01
1.784109905362129267e-01
1.776903256773948725e-01
1.817290246486663874e-01
1.859333634376525990e-01
1.763760358095169123e-01
1.800399929285049494e-01
1.786119565367698669e-01
1.825560703873634338e-01
1.792224764823913685e-01
1.770410008728504070e-01
1.805212736129760687e-01
1.838678523898124584e-01
1.768438205122947748e-01
1.834969848394393810e-01
1.781528934836387745e-01
1.823721438646316584e-01
1.799166604876518138e-01
1.810510754585266113e-01
1.807207211852073780e-01
1.785700485110282842e-01
1.786264196038246099e-01
1.800947353243827764e-01
1.853491827845573370e-01
1.746665805578231923e-01
1.821716308593749889e-01
1.758183494210243114e-01
1.832302406430244557e-01
1.727434605360031183e-01
1.857173740863800049e-01
1.800460539758205469e-01
1.830171160399913788e-01
1.779635876417159923e-01
1.803838461637496948e-01
1.808690622448921315e-01
1.796686515212058965e-01
1.766899719834327809e-01
1.819214493036270253e-01
1.806429073214531056e-01
1.779212400317192189e-01
1.781910330057144276e-01
1.877744965255260523e-01
1.787076532840728704e-01
1.814042180776596069e-01
1.765906035900116078e-01
1.785340502858162037e-01
1.798750534653663635e-01
1.831059247255325262e-01
1.793492838740348705e-01
1.879642650485038868e-01
1.793744429945945684e-01
1.797564238309860285e-01
1.752593785524368397e-01
1.847491741180419811e-01
1.798332244157791193e-01
1.886093378067016657e-01
1.780001491308212391e-01
1.797252848744392284e-01
1.797024421393871307e-01
1.784280970692634638e-01
1.812579795718192999e-01
1.815825656056404003e-01
1.774058714509010315e-01
1.814357869327068440e-01
1.803589075803756769e-01
1.822611063718795887e-01
1.800452932715415899e-01
1.849382862448692433e-01
1.788720130920410101e-01
1.814144074916839711e-01
1.843775376677513067e-01
1.812712952494621166e-01
1.827189430594444164e-01
1.776035517454147283e-01
1.795464158058166504e-01
1.830637842416763250e-01
1.783291250467300415e-01
1.795796424150467030e-01
1.799655243754386957e-01
1.807008817791938837e-01
1.810817062854766790e-01
1.834495455026626531e-01
1.790560230612754933e-01
1.830645352602005005e-01
1.771364197134971674e-01
1.815375894308090265e-01
1.819140270352363475e-01
1.818191409111022949e-01
1.802850335836410633e-01
1.828566387295723072e-01
1.817885965108871349e-01
1.805472098290920313e-01
1.810342177748680004e-01
1.801763534545898493e-01
1.847053691744804382e-01
1.839535817503929194e-01
1.799275100231170765e-01
1.803477555513381958e-01
1.802776068449020441e-01
1.834928125143051036e-01
1.817292943596839905e-01
1.830312207341194264e-01
1.836404189467430170e-01
1.816421583294868525e-01
1.793757215142250117e-01
1.817301422357559260e-01
1.824726670980453547e-01
1.820952042937278859e-01
1.805279836058616694e-01
1.822279393672943115e-01
1.820095673203468434e-01
1.840551748871803173e-01
1.801732242107391413e-01
1.820389285683631786e-01
1.808403193950653132e-01
1.810758695006370600e-01
1.834303095936775096e-01
1.799453988671302906e-01
1.822587117552757208e-01
1.815461024641990551e-01
1.821865528821945135e-01
1.808267444372177180e-01
1.823012426495552174e-01
1.811342507600784413e-01
1.839636057615280096e-01
1.780709132552146801e-01
1.847748950123787037e-01
1.792674235999584254e-01
1.800944909453391918e-01
1.823700763285160120e-01
1.781207755208015497e-01
1.843590244650840648e-01
1.840590417385101207e-01
1.805029883980751038e-01
1.811795815825462397e-01
1.834837034344673212e-01
1.847529858350753784e-01
1.790312334895133861e-01
1.825210779905319103e-01
1.831580117344856207e-01
1.858285613358020838e-01
1.806105166673660223e-01
1.813689015805721172e-01
1.874099247157573755e-01
1.819421276450157166e-01
1.796681612730026134e-01
1.817914605140686091e-01
1.836270153522491511e-01
1.807284250855445973e-01
1.813075810670852772e-01
1.821844488382339533e-01
1.816819459199905396e-01
1.855930007994174846e-01
1.796580702066421509e-01
1.827444329857826344e-01
1.803391240537166595e-01
1.840690821409225464e-01
1.802800200879573767e-01
1.800903722643852345e-01
1.818530857563018799e-01
1.827597841620445251e-01
1.835351511836051941e-01
1.795021429657936152e-01
1.837064862251281683e-01
1.812621131539344788e-01
1.858234331011772156e-01
1.820537358522415217e-01
1.833898812532424871e-01
1.815853521227836498e-01
1.800384655594825800e-01
1.824975684285163879e-01
1.834134384989738464e-01
1.823956862092018238e-01
1.830551773309707642e-01
1.847030818462371826e-01
1.814431644976139124e-01
1.827478438615798839e-01
1.817836850881576483e-01
1.825823560357093811e-01
1.842203482985496632e-01
1.829334139823913519e-01
1.827344983816146795e-01
1.822777017951011658e-01
1.835896000266075134e-01
1.824784621596336476e-01
1.826828211545944158e-01
1.830841019749641363e-01
1.824425399303436224e-01
1.826393231749534607e-01
1.817773118615150507e-01
1.822221130132675171e-01
1.843207567930221502e-01
1.822545915842056219e-01
1.816114738583564647e-01
1.823376834392547718e-01
1.827049747109413258e-01
1.845658287405967657e-01
1.824498713016509954e-01
1.821439787745475769e-01
1.819291844964027460e-01
1.814660936594009455e-01
1.823530316352844349e-01
1.833794221282005199e-01
1.828334465622901972e-01
1.825198024511337225e-01
1.823670655488967840e-01
1.850825384259223993e-01
1.815075784921646174e-01
1.824471771717071644e-01
1.824116051197051946e-01
1.817353293299674988e-01
1.832287728786468617e-01
1.822384074330329895e-01
1.826231822371482960e-01
1.837332129478454479e-01
1.835285544395446888e-01
1.824286401271820179e-01
1.824239015579223744e-01
1.836981639266014044e-01
1.826262861490249578e-01
1.822980336844921001e-01
1.822933986783027704e-01
1.841371610760688671e-01
1.825283840298652649e-01
1.815976284444332234e-01
1.838774278759956471e-01
1.845616728067397960e-01
1.824314787983894459e-01
1.817903459072112982e-01
1.822599627077579609e-01
1.815103724598884638e-01
1.821952685713768005e-01
1.838318273425102178e-01
1.835165217518806569e-01
1.823741316795349232e-01
1.818143777549266760e-01
1.837156519293784984e-01
1.827950939536094610e-01
1.831288501620292608e-01
1.838903330266475622e-01
1.821776062250137218e-01
1.831373184919357355e-01
1.830991432070732117e-01
1.829388603568077032e-01
1.822082549333572388e-01
1.839984819293022100e-01
1.843934163451194652e-01
1.824878200888633839e-01
1.829447895288467407e-01
1.832705423235893305e-01
1.826389983296394237e-01
1.837872594594955333e-01
1.827414840459823664e-01
1.843701764941215460e-01
1.825623258948326222e-01
1.832863211631775013e-01
1.834400296211242676e-01
1.831204608082771246e-01
1.836615175008773915e-01
1.837584555149078258e-01
1.832868658006191198e-01
1.832710236310958751e-01
1.827891930937766973e-01
1.813962951302528492e-01
1.851015672087669428e-01
1.830253466963767950e-01
1.822484582662582397e-01
1.830677255988120977e-01
1.829754710197448730e-01
1.833635404706001337e-01
1.828901126980781444e-01
1.853986650705337635e-01
1.820562586188316234e-01
1.847125425934791620e-01
1.829101949930191096e-01
1.826223537325858959e-01
1.833320140838622936e-01
1.816212460398674011e-01
1.838121622800827082e-01
1.836804911494255010e-01
1.836968883872032166e-01
1.834268137812614385e-01
1.840754002332687378e-01
1.827693104743957631e-01
1.836257383227348217e-01
1.852504119277000316e-01
1.834405526518821661e-01
1.837918549776077215e-01
1.834015861153602545e-01
1.833775550127029474e-01
1.839438229799270630e-01
1.834651798009872548e-01
1.841615170240402111e-01
1.831385299563407787e-01
1.835151717066764721e-01
1.833849057555198558e-01
1.837351970374584142e-01
1.835294775664806366e-01
1.828321591019630432e-01
1.837507091462612097e-01
1.832639425992965698e-01
1.826339490711688940e-01
1.833334743976592907e-01
1.828225314617157038e-01
1.835609450936317444e-01
1.834586054086685125e-01
1.832913994789123480e-01
1.838292762637138422e-01
1.833012506365775951e-01
1.836321637034416254e-01
1.833985418081283680e-01
1.835144422948360443e-01
1.830839261412620655e-01
1.823452100157737787e-01
1.834543094038963429e-01
1.829558864235877880e-01
1.836943373084068409e-01
1.835744813084602411e-01
1.828575342893600519e-01
1.835537180304527283e-01
1.836829356849193629e-01
1.827583566308021434e-01
1.836798608303070179e-01
1.832857154309749659e-01
1.847269371151924189e-01
1.838129416108131298e-01
1.839608579874038585e-01
1.836830139160156306e-01
1.833261802792549022e-01
1.841981634497642517e-01
1.835725948214531056e-01
1.835915252566337474e-01
1.828104600310325734e-01
1.840136900544166454e-01
1.830142855644226185e-01
1.825859919190406799e-01
1.829893141984939575e-01
1.844677612185478266e-01
1.828554838895797841e-01
1.836704045534133800e-01
1.831206411123275646e-01
1.835071578621864374e-01
1.836028739809990040e-01
1.840830549597740062e-01
1.838955625891685597e-01
1.833110108971595653e-01
1.831379093229770771e-01
1.839609757065772955e-01
1.840023770928382874e-01
1.831866353750228882e-01
1.827998533844947815e-01
1.841296017169952448e-01
1.840029358863830566e-01
1.830400556325912365e-01
1.830826923251152039e-01
1.830636546015739496e-01
1.839920401573181263e-01
1.831653609871864430e-01
1.835659861564636341e-01
1.837717145681381226e-01
1.840899400413036346e-01
1.836850985884666554e-01
1.827043950557708796e-01
1.838250607252120972e-01
1.832721158862113953e-01
1.842154316604137365e-01
1.832058131694793701e-01
1.841696023941040150e-01
1.834731310606002863e-01
1.833828732371330372e-01
1.833713129162788391e-01
1.836634531617164501e-01
1.839453458786010631e-01
1.840585805475711823e-01
1.843044921755790655e-01
1.832959279417991638e-01
1.840152211487293132e-01
1.830320402979850880e-01
1.837003618478774969e-01
1.840145021677017101e-01
1.834164544939994868e-01
1.831946909427642767e-01
1.835608363151550182e-01
1.839835673570632824e-01
1.832360066473484039e-01
1.840964451432228199e-01
