2368001
0 0.9873455790802836 1.5338088830312093 0.8245286316168113
1 0.21036225697025657 1.388213488790724 0.7165463087988682
2 0.21739237289875746 1.2179269896613227 0.6659450687345911
3 0.22204910218715668 1.0118296093410917 0.7319999288340084
4 0.21869391109794378 0.9505638599395752 0.6871209066422259
5 0.22757112374529243 0.8992139286465115 0.7119580253225858
6 0.21564503200352192 0.9086186250050863 0.6488511601432425
7 0.23605563631281257 0.825323141945733 0.6497623568675557
8 0.2161238151602447 0.8027781486511231 0.5774400742327581
9 0.23057589726522565 0.749751885732015 0.5476167553760967
10 0.22182420920580626 0.7216293970743816 0.5127286285650535
11 0.2354012201540172 0.633917596605089 0.4670405622388496
12 0.21560612320899963 0.6412287818060981 0.4604303719567471
13 0.21505710994824767 0.5800708346896701 0.4141092300415039
14 0.20845489716157317 0.5750151634216308 0.38792463990508536
15 0.22073851572349668 0.4919964207543267 0.3538559225739026
16 0.2247162600979209 0.5073745144738091 0.3373356725348801
17 0.21356417890638113 0.4436259110768636 0.2944212038008893
18 0.21084125619381666 0.39329277409447566 0.3125891529145788
19 0.22365853004157543 0.44033635987175834 0.2654837623971408
20 0.20226588798686862 0.4054403728908963 0.38321861673573976
21 0.22800006996840239 0.5726563453674316 0.29200713360895875
22 0.22737054387107491 0.35738995869954426 0.2543671404729124
23 0.20610208483412862 0.4529805209901598 0.2378633530413518
24 0.22258128598332405 0.3289869202507867 0.22558100497136352
25 0.23548397468402982 0.3359556820657518 0.22302948842283155
26 0.2251357389613986 0.33007488118277656 0.20980500393226498
27 0.21771171921864152 0.4135731485154894 0.24551221972606221
28 0.2146856840699911 0.3254172364870707 0.212941439425359
29 0.22209127200767398 0.27708935737609863 0.1936407558253554
30 0.2244392461143434 0.24274631606207953 0.18732396110159452
31 0.22424373123794794 0.31305984920925567 0.19475963076607125
32 0.21449060598388314 0.32424760394626195 0.19608153280664664
33 0.21738240914419293 0.2508135981029934 0.21929993004095358
34 0.2153189186938107 0.2828644898202684 0.1737605782805896
35 0.21849940391257405 0.26139665709601506 0.20053253799188334
36 0.2219584952108562 0.29101824363072715 0.16595369870545434
37 0.21957467403262854 0.24067489703496298 0.15860268717906514
38 0.20863795187324286 0.2841914653778076 0.1608575680216805
39 0.21251451317220926 0.1990321331553989 0.18073212905008285
40 0.22594910906627774 0.3071784946653578 0.18236134873061885
41 0.20895360363647342 0.2965634372499254 0.14712087443617525
42 0.22643874492496252 0.3001390602853563 0.15673127330717493
43 0.2333197989501059 0.2238505827056037 0.1494216176330066
44 0.23610676592215896 0.2283442179361979 0.1443214651013984
45 0.2213543290272355 0.1946929905149672 0.14604093989387887
46 0.230355033185333 0.2274936530325148 0.1359438036308914
47 0.2435268801636994 0.22167500125037298 0.1400892343677458
48 0.2081527290865779 0.2847832904921638 0.18213150149486104
49 0.2431464558467269 0.2382702906926473 0.15608747669907866
50 0.226668206974864 0.19594080713060166 0.13689845116412053
51 0.2019189507700503 0.21177281008826362 0.13519777235437613
52 0.22793235490098596 0.17120906776852077 0.1353535144055476
53 0.22410918585956097 0.222643686665429 0.13415997145605868
54 0.2269418048672378 0.23798235654830932 0.15046737233146293
55 0.21007187804207206 0.2325525548723009 0.1415507402576384
56 0.2070791251026094 0.3197772171762254 0.12694959562332903
57 0.23121555987745523 0.2565454151895311 0.14154404108641577
58 0.21133888233453035 0.181874238120185 0.12642826799486503
59 0.22445004619657993 0.22531253629260592 0.12470943419659725
60 0.21589689515531063 0.26639192832840813 0.13424822150683793
61 0.22759690508246422 0.22874140739440918 0.1691620584394111
62 0.22872783010825515 0.20569951401816475 0.13887894349020036
63 0.22283138940110803 0.25993850893444487 0.13603192079262655
64 0.22997481422498822 0.18876901202731663 0.11835273367459656
65 0.2303876751102507 0.18059871196746827 0.12347952264254211
66 0.22940247878432274 0.17447330554326376 0.12099793699921155
67 0.20890872413292527 0.16234925985336304 0.1166021921595589
68 0.21813279204070568 0.1628631419605679 0.1111570342642362
69 0.2315492769703269 0.18238539033465914 0.1232875214248407
70 0.22478984389454126 0.17500450677341886 0.11120743829695905
71 0.21532712411135435 0.18666117389996847 0.11467765589229396
72 0.2248240620829165 0.17495350903934903 0.12230505317938133
73 0.22867924580350518 0.17774981591436598 0.15888406800442054
74 0.21472551673650742 0.2784684605068631 0.13940484406518155
75 0.21944749308750033 0.24365921682781644 0.1398938913814357
76 0.23228141386061907 0.2666562186347114 0.1460698549864722
77 0.23670546989887953 0.2173788885275523 0.2011178047930608
78 0.23500638781115413 0.25722271468904284 0.1830276114041688
79 0.22406361997127533 0.23248954084184434 0.12831947451732198
80 0.23145884089171886 0.1798813886112637 0.12850791509034204
81 0.2202860340476036 0.17683304680718315 0.11280427995275279
82 0.22717572376132011 0.16411801642841764 0.1250925552649576
83 0.22374649718403816 0.15490761001904804 0.1128085226309104
84 0.21864261664450169 0.1433936059474945 0.11151501780650655
85 0.22644559713080525 0.1924762037065294 0.11844982084680776
86 0.23432171484455466 0.15570900042851765 0.12024570293113833
87 0.22207874013110995 0.15265802145004273 0.10407752091767358
88 0.2303039669059217 0.15501141945521038 0.10459676140644511
89 0.19992192182689905 0.1842642002635532 0.13694198014306241
90 0.23314780974760652 0.15526476899782818 0.11587815597409108
91 0.21515286900103092 0.13378520607948302 0.09874980176081423
92 0.22494514426216483 0.1781061953968472 0.12120085075253346
93 0.21397255780175328 0.16017405456966824 0.1089652874430672
94 0.2186794257722795 0.13823722336027358 0.09727437378930263
95 0.2228815909475088 0.13667006691296896 0.09202622390184247
96 0.22252662479877472 0.1225053138203091 0.09221880748623708
97 0.2130545931868255 0.12808260056707593 0.10255573616653192
98 0.2198134446516633 0.14969238373968335 0.12071917486972496
99 0.22152017522603273 0.15308568278948467 0.12982778080174182
100 0.2279555439017713 0.1463473121325175 0.1123265633817579
101 0.2274073208682239 0.15607226689656575 0.09320794949766065
102 0.23228756710886955 0.11736735370424059 0.0925199887791618
103 0.2108216630294919 0.12823304335276287 0.0900993640305566
104 0.230859552975744 0.11643665764066909 0.08504019604354608
105 0.20869063306599855 0.13831436302926806 0.08272236878754663
106 0.2225742181763053 0.16033521162139044 0.12813901705820052
107 0.21990010607987642 0.12785255048010086 0.09649128210349162
108 0.21504361601546407 0.1688442720307244 0.08330981457819704
109 0.2149797473102808 0.13003950847519768 0.12021312166432865
110 0.2228763303719461 0.15954926013946533 0.09604436452271509
111 0.2258410071954131 0.1331927001476288 0.08320496316815985
112 0.2139360960572958 0.1386523299747043 0.12037601041012123
113 0.23691335413604975 0.15473702086342705 0.0949386749111238
114 0.2041162890382111 0.15341589384608798 0.09306243404013212
115 0.22716151783242822 0.10209046867158678 0.10198863217088043
116 0.23289226600900292 0.11963126990530226 0.09312043229087455
117 0.22421841090545058 0.12637389302253724 0.08820603323764488
118 0.21272754296660423 0.12923654119173686 0.0920011782255329
119 0.21281438786536455 0.12044855223761665 0.07785434996495481
120 0.21914203511551023 0.11960422529114617 0.08547457124366135
121 0.2237340803258121 0.09498957991600036 0.08022687669660224
122 0.22230199165642262 0.1253633651468489 0.08799792508609959
123 0.2221143557690084 0.09235585067007276 0.07941518846105357
124 0.21098367683589458 0.0979135897424486 0.08483741322501762
125 0.21607192791998386 0.13669933478037516 0.10490600007479309
126 0.23809398571029305 0.12577266494433084 0.10305987616054348
127 0.2210487760603428 0.1409421119425032 0.083664849156239
128 0.21242169989272952 0.10184055434332953 0.08324463250207119
129 0.22387952730059624 0.09919180274009705 0.0788784457034752
130 0.22848491603508592 0.09962578879462348 0.083661714538199
131 0.2170221428386867 0.1086991376347012 0.08826555580389304
132 0.22134776785969734 0.09330249163839552 0.07665879022879679
133 0.22039652382954955 0.13209342492951287 0.08310989082836714
134 0.224168558139354 0.1059085382355584 0.08629174896928131
135 0.22463007224723697 0.11457495556937324 0.0736455291998191
136 0.21368232974782586 0.09519621796078152 0.07375367547644944
137 0.21744351461529732 0.09894636869430543 0.07845512765352844
138 0.22328263008967042 0.17915616697735257 0.09731003104663286
139 0.2137435870245099 0.1075451287958357 0.08381405033049036
140 0.22554640704765916 0.10571130116780598 0.08495936041972676
141 0.2247537816874683 0.11184565292464363 0.08750605387765853
142 0.23933850787580013 0.11053290234671699 0.07781110435235696
143 0.20901478501036763 0.113535828060574 0.0810302339616369
144 0.21069038100540638 0.11239611638916863 0.08109401093154657
145 0.20926146302372217 0.11671001580026415 0.07812771054564929
146 0.21182444505393505 0.09778049058384365 0.07554508818954718
147 0.22439844999462366 0.10851627654499478 0.08259099037920842
148 0.22796120820567012 0.09335119393136766 0.07226164809993056
149 0.23200387507677078 0.09370672901471457 0.08194220456920687
150 0.22749737603589892 0.11283351514074537 0.07573944232502922
151 0.21692496398463845 0.1401582956314087 0.08111471817141673
152 0.19644511165097356 0.09583955804506937 0.08834114426472148
153 0.22376236785203218 0.09869815972116258 0.08541588705094134
154 0.20243924809619784 0.10636518763171302 0.07345707690129515
155 0.22776240995153785 0.10301210482915242 0.07808671232129706
156 0.21768197789788246 0.09219035307566324 0.07370744376886086
157 0.22280797082930803 0.08107062942451901 0.06680487023025262
158 0.2189845871180296 0.08314848873350356 0.06543839173238786
159 0.2241000602953136 0.08575874037212795 0.06931145464787718
160 0.2124509266577661 0.07831411527262794 0.06907176189735288
161 0.22627967270091176 0.0931371013323466 0.06803613998850838
162 0.2012739321216941 0.08577455613348219 0.07876493110031378
163 0.22474767407402396 0.09399396479129792 0.07224668049421466
164 0.21155754337087274 0.08555171092351278 0.06586007016604065
165 0.21348429936915636 0.11020251413186391 0.07740631846130872
166 0.21482413774356246 0.08722967505455018 0.0683414818810635
167 0.2197041711769998 0.08196727931499481 0.06202540436729056
168 0.2284166533499956 0.11328454083866543 0.0851907847357578
169 0.2376610809005797 0.09775854614045885 0.08057831740770184
170 0.20977419102564454 0.10746078292528788 0.06968384492592733
171 0.21516365511342883 0.09335260722372267 0.07265964101572506
172 0.2293674722313881 0.08581173121929168 0.08184173068062203
173 0.2101814029738307 0.10272512634595235 0.07336938185770003
174 0.23260023863986135 0.0910977284113566 0.07170293956506447
175 0.21254813019186258 0.09384389321009318 0.07020289976088727
176 0.1988933365792036 0.07496386435296801 0.06853934585071
177 0.23741156002506614 0.09458925591574775 0.06760254648865247
178 0.23471487080678344 0.0793212506506178 0.06460754011498122
179 0.21379058668389916 0.0904536094930437 0.06789952614268319
180 0.2142102071084082 0.080418970518642 0.06217656956344354
181 0.22189036197960377 0.08269088831212786 0.06459641847454134
182 0.20343425776809454 0.11647670202785068 0.06792821551932664
183 0.2072537150233984 0.11346669064627754 0.07325397553991099
184 0.22936763195320964 0.10668898754649692 0.07106956106717469
185 0.21498234383761883 0.08644593788517846 0.07204670495674258
186 0.2240915708243847 0.08050201767020755 0.05995121549387447
187 0.2181800906546414 0.09258965584966872 0.07716857996143278
188 0.20477867824956775 0.0849338107638889 0.06611143956418897
189 0.20926630217581987 0.10927717652585771 0.09262652670750852
190 0.21010527200996876 0.0965779615773095 0.07568657593648942
191 0.2235147673636675 0.07765220370557573 0.06128057300067339
192 0.21298847999423742 0.0810090250439114 0.06791439994436796
193 0.23355828411877155 0.08416526383823819 0.06719852861810903
194 0.22358041303232312 0.0733792997068829 0.06587372646957147
195 0.22168006421998143 0.08037245339817471 0.061079294955144164
196 0.20939616486430168 0.08110520508554246 0.08161237200752633
197 0.2278216746635735 0.08284997112221187 0.0631117371262097
198 0.22207996575161815 0.10972156524658203 0.0665527738508631
199 0.21338660828769207 0.09329535497559441 0.065576862116329
200 0.2288178619928658 0.07600564161936442 0.058922628887364124
201 0.23698700405657291 0.0827857600318061 0.06423639078609279
202 0.20773597108200192 0.07301126486725278 0.07086642452927887
203 0.1934638717211783 0.08001049690776402 0.05731869818734341
204 0.1893050391227007 0.07565274735291799 0.061522624531730276
205 0.1924547920934856 0.08358321554130978 0.06082762362527066
206 0.19140815595164895 0.08312792877356211 0.05849178697242111
207 0.19309421395882964 0.0693562196360694 0.059584116349454784
208 0.1951728481799364 0.06794788870546553 0.06065158765824115
209 0.19254160998389125 0.0758230917983585 0.05807391737328201
210 0.19386909110471606 0.07237654758824243 0.06009699282098989
211 0.19219271698966622 0.06727566255463494 0.055402046344319326
212 0.19065606128424406 0.07826664480898116 0.05584556352896768
213 0.190604901406914 0.0690673847993215 0.06256817989662046
214 0.1922404021024704 0.08724422951539358 0.058745368582303406
215 0.19572438392788172 0.07285260392559899 0.057778395590234975
216 0.19241071119904518 0.08459522128105164 0.06644736645651646
217 0.19221241911873221 0.07103167043791878 0.05629572223444454
218 0.19116806844249368 0.05881867077615526 0.05509035411428233
219 0.19112945580855012 0.06943284438716041 0.06340774356341752
220 0.1888444386422634 0.07868645522329543 0.055363330684724404
221 0.19195767864584923 0.06609342131349775 0.057615141399571156
222 0.19314934499561787 0.09307896428638035 0.06124671560819032
223 0.19463219493627548 0.07753496203157637 0.05839289602686147
224 0.19228186318650842 0.061140623026423986 0.05556853091130491
225 0.19171977089717984 0.07095720370610555 0.05522742036913262
226 0.18943492090329528 0.07007988956239489 0.05997202044627706
227 0.1952723078429699 0.08672685556941562 0.05750492752575483
228 0.18889511423185468 0.10789353085888756 0.08002795938585626
229 0.19867890374734998 0.07614243659708235 0.05756605453178531
230 0.19202250987291336 0.080877685546875 0.05404135829112569
231 0.1947452314198017 0.07618660198317634 0.05706360301033395
232 0.1906423601321876 0.05982145302825504 0.054429894588032705
233 0.18920441484078765 0.07330274648136563 0.05413996293896534
234 0.18587584141641855 0.07094434863991207 0.05959126597545186
235 0.19360734475776553 0.06697840458816952 0.05653109902241191
236 0.1931970790028572 0.09479543798499637 0.05421942667882951
237 0.1925681158900261 0.06979053484068977 0.060576990002491435
238 0.19396517192944884 0.06348812149630653 0.051317822737771954
239 0.19191618682816625 0.063942042655415 0.051369048532892446
240 0.18952241213992238 0.06893094115787082 0.05432001489107726
241 0.19519372377544641 0.07099465562237633 0.055113225686745565
242 0.19244064390659332 0.0849203070004781 0.05466636282498719
243 0.18928881594911218 0.09331763088703156 0.051297586472308046
244 0.19185577472671866 0.06923340790801578 0.05890243561541448
245 0.19204256311058998 0.10123290287123786 0.06426017987923544
246 0.1949741579592228 0.07727953758504656 0.06194908306246898
247 0.19555393513292074 0.07432687547471788 0.055499620124941966
248 0.187877110671252 0.07061544292502933 0.060176154629128877
249 0.19041961198672652 0.06923652125729454 0.054638088726606526
250 0.18802629224956036 0.07636089788542853 0.05771080392305968
251 0.18849096400663257 0.08414403564400143 0.0738349938001789
252 0.19227822171524167 0.08474181890487671 0.06732593208062844
253 0.19203321915119886 0.06828320489989387 0.05296988565413678
254 0.19328685430809855 0.08730413317680359 0.055849367477854746
255 0.19244089117273688 0.06213558084434933 0.05380694006310135
256 0.19946123892441392 0.07182653579447004 0.05586443377322838
257 0.1942810621112585 0.06979829867680867 0.04902830964229146
258 0.1893569719977677 0.07721285157733493 0.05582659948067587
259 0.1917261490598321 0.06211103200912475 0.04728082066676656
260 0.19190173177048564 0.08291295137670306 0.051467273078980996
261 0.19549230113625526 0.09148042996724447 0.07750147874238061
262 0.1924765300936997 0.08791196280055576 0.05388711319595087
263 0.19260870199650526 0.06541634334458245 0.053758232319941285
264 0.1936991778202355 0.060646434956126746 0.048499478668463034
265 0.20005214819684625 0.06926261881987254 0.049005371625306174
266 0.18807130306959152 0.05816626614994473 0.049909390386987905
267 0.18491019401699305 0.06177581482463413 0.05335971761922367
268 0.19105557585135102 0.060776586996184455 0.056974737370600465
269 0.1914057550020516 0.08088999423715804 0.053432121628620585
270 0.1923556523397565 0.06856247186660766 0.049211241182733755
271 0.19304821221157908 0.07506858044200473 0.0649651044704875
272 0.1928039100021124 0.07355001833703782 0.055768472249390647
273 0.18781342823058367 0.06465181178516811 0.050301903583964365
274 0.19444130780175328 0.06958839495976767 0.06048972587116429
275 0.18888754583895206 0.06868844363424513 0.050046973541134694
276 0.1958862510509789 0.071351182129648 0.050502183984537596
277 0.19293812615796924 0.07107738157113393 0.0573639732892396
278 0.19501572800800204 0.0738716314236323 0.05171174397234057
279 0.19346784194931388 0.055620582898457845 0.04909336957775178
280 0.1927795223891735 0.06564442581600613 0.0525854513293407
281 0.24182882206514478 0.06631323860751258 0.05481826281938396
282 0.21099784411489964 0.08356122871239981 0.04904739973975009
283 0.21128766797482967 0.08655894796053569 0.05776766382279943
284 0.2127213142812252 0.0778125223186281 0.04685561969632008
285 0.23096763994544744 0.06141552295949724 0.054092141448474323
286 0.23546622367575765 0.06980764965216318 0.049555249878617584
287 0.2137303650379181 0.05603429079055786 0.04927004556186863
288 0.22376952273771167 0.06267952819665273 0.05323101848852439
289 0.2180761629715562 0.07228133016162448 0.048980998211219665
290 0.23310030717402697 0.059971558385425144 0.05139521692619949
291 0.21236595883965492 0.0635210010740492 0.05058329222632236
292 0.2099725310690701 0.07289637956354353 0.04931246843494353
293 0.22269169660285115 0.05407528976599375 0.04666115319142576
294 0.21120087010785937 0.061684761775864495 0.0524764100059134
295 0.22337267361581326 0.06020630333158705 0.0464364622460037
296 0.19963691290467978 0.06512880987591213 0.04897582921825471
297 0.22538074012845755 0.05993085636032952 0.050610040054946646
298 0.23692042706534266 0.07581816150082482 0.04836113726506468
299 0.20435959612950683 0.06350932154390547 0.05108479495908393
300 0.219564329367131 0.07220940523677402 0.04899965739641033
301 0.2102156369946897 0.07256230380800036 0.053809365288155976
302 0.22341692727059126 0.054635774758127004 0.051535013269205565
303 0.22906483570113778 0.07496203349696265 0.04719893756459971
304 0.2277802168391645 0.05854165222909716 0.04730861206523708
305 0.2307410635985434 0.05780227581659953 0.04396308934102293
306 0.19661883870139718 0.05795837706989712 0.0453056878730899
307 0.23529909597709775 0.06022738615671794 0.05112357413182493
308 0.21252067713066936 0.058779176076253256 0.044774313442042614
309 0.23620285606011748 0.06358302003807492 0.04862732672300495
310 0.22369733126834035 0.05958136121431987 0.05212071098265101
311 0.21692582126706839 0.06761060721344418 0.05167400641519515
312 0.22862479090690613 0.05499375197622511 0.04617208926404109
313 0.21029302338138223 0.0577849096722073 0.044508838262714324
314 0.21974957827478647 0.053346505761146544 0.046804815042214315
315 0.21379992086440325 0.06730570163991716 0.05641240076940568
316 0.23452675808221102 0.0577474617295795 0.04608425351439929
317 0.2024229415692389 0.054229730367660524 0.04769534752017162
318 0.2176036611199379 0.05417395697699653 0.048003580726560996
319 0.21262745605781674 0.053124051292737326 0.044378129185223186
320 0.21681443974375725 0.08329986035823822 0.047525331622264425
321 0.21974657382816076 0.05103020734257168 0.04584156978325766
322 0.22434983402490616 0.05896016690466139 0.04922874833716721
323 0.21177433198317885 0.07796153393056658 0.048429296642053324
324 0.1985673839226365 0.054304246770011055 0.043618990749609274
325 0.22125576389953494 0.06542935073375702 0.0435919243781293
326 0.2087879260070622 0.06240050892035166 0.050341313979664785
327 0.24434047285467386 0.06169864038626353 0.04943902375268155
328 0.20299004390835762 0.06395015219847361 0.046955636290253185
329 0.2183698331937194 0.05939677059650421 0.04311886380930416
330 0.22953169979155064 0.06697935892475976 0.048048406350808065
331 0.20564485108479857 0.05762952831056383 0.04466589161607086
332 0.2209086329676211 0.06122053133116828 0.04490107688747468
333 0.22161145461723208 0.05249670214123196 0.04747313358744637
334 0.22167261503636837 0.05993593600061205 0.0453912899142406
335 0.22855044901371002 0.05894542535146077 0.04418217842696143
336 0.23206426296383142 0.0566850870847702 0.04356454434942027
337 0.23225389560684562 0.051414964265293545 0.042046985665305715
338 0.2203068840317428 0.05547924902704027 0.0406249888607713
339 0.21891355840489268 0.05345778597725762 0.04183508919887855
340 0.21786550898104906 0.04965149660905202 0.042803352973500235
341 0.21454660408198833 0.0521567444006602 0.042541075925358
342 0.23837882792577147 0.05960484577549829 0.043843713940167034
343 0.22005196893587708 0.0532431638903088 0.0429649079432253
344 0.22243215795606375 0.04727492431799571 0.04066819343410554
345 0.22677536495029926 0.056372349129782784 0.045482357994454804
346 0.22001786716282368 0.05183324383364783 0.044546613927747385
347 0.20892354007810354 0.051584182182947795 0.04284868670291588
348 0.2177322399802506 0.05496517386701372 0.043621249863358795
349 0.22518722992390394 0.05706485774781969 0.04669254334246526
350 0.2256206520833075 0.06562773221068913 0.046918272972106934
351 0.22142775310203433 0.05800247225496504 0.043355289052744383
352 0.227410274092108 0.05656237767802345 0.043136443271011606
353 0.21883625583723187 0.05269973576068878 0.04686527955727499
354 0.21943900315091014 0.05163620313008626 0.043069573699450886
355 0.22265090327709913 0.06182050704956055 0.042013084302183056
356 0.23272249614819884 0.048786157700750565 0.04391489068015677
357 0.22731184493750334 0.05155426793628269 0.04263496105788184
358 0.23610998084768653 0.05104394257068634 0.0437242720947891
359 0.21520803030580282 0.04851902425289154 0.043942081146552917
360 0.22095741890370846 0.04577780101034376 0.042884545248062886
361 0.22510741697624326 0.06602803501817915 0.04492401099595867
362 0.19047243986278772 0.05480245053768158 0.04216708413890151
363 0.1936891316436231 0.0495609054962794 0.04188077371628558
364 0.19109611818566918 0.0457557189795706 0.04067113067283005
365 0.19509664317592978 0.0592863616016176 0.042166420670806386
366 0.18973920308053493 0.053447175357076854 0.04048747508252253
367 0.19166135415434837 0.0672367019785775 0.04017372404942747
368 0.1935754637233913 0.05785245100657145 0.046513508577815825
369 0.1934620337560773 0.05386345684528351 0.042303493765533946
370 0.19574452610686421 0.053328185611300996 0.04282324724510068
371 0.1949213477782905 0.051787692639562816 0.03985438581372871
372 0.18985456880182028 0.05356263882584042 0.042292252915804504
373 0.1950156008824706 0.06417119138770633 0.042619865448748476
374 0.19530843570828438 0.05796150763829549 0.041781350237424256
375 0.19292519381269813 0.05587368210156759 0.04248544329502543
376 0.1927668140269816 0.051558846897549096 0.03975555251856319
377 0.19494432024657726 0.04343053268061744 0.03789552313382508
378 0.19267116114497185 0.05159271624353197 0.04034031121457209
379 0.1911590057425201 0.0560438119702869 0.04636084544854086
380 0.19564750790596008 0.05473198294639588 0.04174117377546967
381 0.1897059171460569 0.061646923422813416 0.04411295105199345
382 0.18893400765955448 0.045521700713369584 0.04460348946149232
383 0.18912072526291013 0.05633518828286065 0.04796307497337216
384 0.193218516651541 0.05765161911646525 0.04344407163682531
385 0.19113766681402922 0.0503180550204383 0.03968252998883607
386 0.19167415611445904 0.05929300487041474 0.03899096758639226
387 0.19242793275043368 0.048335895107852085 0.040005782588583526
388 0.19218007707968354 0.05970758034123315 0.04161336578306605
389 0.19476093631237745 0.06143668360180325 0.040032137612827486
390 0.1911608618684113 0.04641870260238647 0.03929494834337078
391 0.19370203604921699 0.05071750515037113 0.043550813784364796
392 0.19586489722132683 0.06628526151180267 0.04031511212958664
393 0.19340668804943562 0.05501635041501787 0.041507280263744416
394 0.19005541689693928 0.056926568349202476 0.044843014146460865
395 0.18851729203015566 0.053706689344512094 0.04048760210881468
396 0.20216998318210244 0.05520058506064945 0.04168844027597396
397 0.18827006593346596 0.05595753623379601 0.043425309853475605
398 0.1906925099901855 0.055990491973029244 0.039608748232732055
399 0.1941078770905733 0.05518483784463671 0.04180766715378058
400 0.1920002680271864 0.047835004329681394 0.0389325638286403
401 0.19242157926782966 0.07185991240872278 0.04091747569256141
402 0.19509930489584804 0.051011705564128026 0.041932603374856416
403 0.18781023938208818 0.05550958116849263 0.042292530419396575
404 0.1912607541307807 0.06425201892852783 0.04164055820371284
405 0.20094574196264148 0.054955396056175235 0.03942874122838505
406 0.19212669087573886 0.0464479214615292 0.04026538231333748
407 0.19218482822179794 0.04310450520780351 0.03845017269009449
408 0.18979577207937837 0.048798317379421655 0.04392902675222178
409 0.18632864113897085 0.052238051096598306 0.04071819000556821
410 0.19307407969608903 0.052431537376509775 0.039461120230252625
411 0.18929681880399585 0.06914729409747654 0.04311945008449867
412 0.1989308949559927 0.048577537470393714 0.040771236185167654
413 0.19263114826753736 0.050382267435391745 0.039182403048530955
414 0.19172845222055912 0.0491503882739279 0.03901416942721508
415 0.19079139130190015 0.04353121519088745 0.03832242332521032
416 0.1906975880265236 0.049700220757060584 0.04031878416655493
417 0.1903385161422193 0.04520608915223016 0.038682153967560313
418 0.18921478930860758 0.052755330006281534 0.037837643115246886
419 0.18998538609594107 0.04611870977613661 0.04063519591190776
420 0.1916450159624219 0.044476456112331815 0.03915888071060181
421 0.19473498221486807 0.046178578833738965 0.04062251184807449
422 0.19255732791498303 0.0549640695254008 0.042020960909421326
423 0.19405752699822187 0.052057845062679714 0.04005378582438485
424 0.18892623763531446 0.041015590561760795 0.0386891423678789
425 0.19240347808226943 0.05687342153655158 0.03970594288872891
426 0.19267947599291801 0.05737273196379344 0.040417138670311596
427 0.19521380122750998 0.06367034349176619 0.03948643559315165
428 0.19327975204214454 0.05240664084752401 0.04052314797385794
429 0.19453167915344238 0.05952735775046879 0.04041341289145048
430 0.19171861466020346 0.05056522654162513 0.03959895841410903
431 0.1879268540069461 0.04767685383558273 0.038135398606785005
432 0.18948880303651094 0.04852128740813997 0.037878673584734804
433 0.1946255099028349 0.0484380809797181 0.038815786604021414
434 0.19473710376769304 0.04678025477462345 0.04017849046675885
435 0.18648442206904292 0.05625285721487469 0.039122809152134126
436 0.1945750629529357 0.05270612438519796 0.03946129415856033
437 0.19255700102075934 0.04345288938946194 0.038684795137311594
438 0.19464532379060984 0.04764033920235104 0.03905367460407195
439 0.18640902917832136 0.044790907369719614 0.03733624004926838
440 0.19172168290242553 0.05193083468410704 0.03998362920323356
441 0.19123113993555307 0.04799546086125904 0.038393339172738496
442 0.1928240773268044 0.05707877907488081 0.04067726799699127
443 0.19093904038891196 0.04718544019593133 0.03827950700384672
444 0.19304709369316697 0.056203870971997576 0.039724433031238494
445 0.1929631531238556 0.05236988166968028 0.03995726343061103
446 0.19011056888848543 0.04812397956848145 0.038594664120283284
447 0.1945504848845303 0.05390361845493317 0.039102855275888915
448 0.1915412019006908 0.04409674538506402 0.03850592550684194
449 0.1931415507569909 0.045860213372442456 0.039698256820928854
450 0.19188024383038282 0.05105560819307963 0.039622534493931
451 0.18916747299954295 0.044082233640882706 0.03877868124696075
452 0.19153117155656219 0.04600523445341322 0.039100209220511016
453 0.19607162289321423 0.06861407425668505 0.04163736300390275
454 0.19085468631237745 0.05005936688847012 0.04307055766465234
455 0.19231907417997718 0.05540029406547546 0.03965702897212545
456 0.19439960876479745 0.05213994748062557 0.042902940609416025
457 0.18970491085201502 0.05069744537274043 0.04070072779889967
458 0.1954450886696577 0.047128635313775806 0.04310718520742948
459 0.1912352740764618 0.04763466914494832 0.040340790005980946
460 0.18790036207064986 0.04570676816834344 0.04151002500878006
461 0.1923092119395733 0.0425535284810596 0.03900671591524218
462 0.1920455521903932 0.04438601550128725 0.039887991107878135
463 0.19030472496524453 0.048970697985755075 0.040910765772960225
464 0.18499834882095456 0.04377075450287925 0.03921311996022209
465 0.18975653173401952 0.04360275367895762 0.041952127315958994
466 0.18851449294015765 0.049031370878219606 0.040092686160666045
467 0.19150680536404252 0.04438500536812676 0.03801298336904557
468 0.19062383100390434 0.04931606120533413 0.03708715517012799
469 0.1930162631906569 0.05909731454319424 0.03629585758584444
470 0.1950742150656879 0.05416409820318222 0.0458987648369836
471 0.19233870599418879 0.0526630398299959 0.04258472802209073
472 0.19293070817366242 0.04929483499791887 0.03933057921831725
473 0.19168018084019423 0.056266950567563374 0.04119443111732358
474 0.19528911728411913 0.07349185579352908 0.0408097505569458
475 0.19251736719161272 0.0457228927148713 0.03817691861606035
476 0.19465906731784344 0.05630347579717636 0.039952348490230376
477 0.19290179386734962 0.0438056574927436 0.03843691603082125
478 0.1948050227947533 0.0453601469596227 0.03869962399123145
479 0.1888066870160401 0.056383324331707424 0.038475869131869955
480 0.19459334388375282 0.04598777989546458 0.0373168089350716
481 0.19032107619568706 0.04641753716601266 0.03733397702701756
482 0.19332598196342587 0.04710999379555384 0.03854765168956069
483 0.19665022287517786 0.04840553369787004 0.03825182797478848
484 0.19031901378184557 0.054284888671504127 0.03955676516548532
485 0.19142803316935897 0.04689917001459334 0.040126340311081685
486 0.19122797204181552 0.045428041285938685 0.037754801453137005
487 0.19256454892456532 0.047856653398937646 0.03738626202598947
488 0.19398469617590308 0.04706791490316391 0.03709379082820455
489 0.19152382481843233 0.05434575577576955 0.039354774795594766
490 0.19323002779856324 0.05140097075038486 0.0388126226722217
491 0.19229193683713675 0.046353234516249765 0.03680793183748839
492 0.20126521680504084 0.05053806718852785 0.03816347728010084
493 0.18772195698693395 0.04624052047729492 0.03673624406095411
494 0.1923599517904222 0.0452838874525494 0.03689843220788924
495 0.18594466568902135 0.04573173473278681 0.03689048427050231
496 0.19019611598923802 0.054884609248903066 0.03745296060061846
497 0.19199098786339164 0.052650007936689586 0.03804364067609193
498 0.18565356405451894 0.050381140245331656 0.03759101277492086
499 0.18977459892630577 0.04853175183137258 0.038301450307251975
