3.354650486726314107e-02
1.217715272214263747e-02
7.627620291896164244e-03
5.930294940480962222e-03
4.952508793212473566e-03
4.306569363689049905e-03
3.827530285343527881e-03
3.428366908337920904e-03
3.035910110338590866e-03
2.773494421853683976e-03
2.477359189651906317e-03
2.320756483823060816e-03
2.074099716264754360e-03
1.937075186287984295e-03
1.779776217881590215e-03
1.759163101087324278e-03
1.597549536381848200e-03
1.484155081561766478e-03
1.339335858938284305e-03
1.348916432471014646e-03
1.326655522279906975e-03
1.191138022113591346e-03
1.151765038957819299e-03
1.094421268498990771e-03
9.948831080691888061e-04
1.002813137893099251e-03
1.022088825993705498e-03
9.251639159629121856e-04
8.489875166560522995e-04
8.884507522452622218e-04
7.957363028253894516e-04
7.821474930096883760e-04
7.428255878039636152e-04
7.197744642326142205e-04
7.181005603342782706e-04
6.279405766690615781e-04
7.030098960967734890e-04
6.245094751648139425e-04
6.202263306477106891e-04
5.639761657221242785e-04
5.639079034153837277e-04
5.519224774616305002e-04
5.525098153157159469e-04
5.444998765597120144e-04
5.358207403332926116e-04
5.256850479781860052e-04
4.557480071525787826e-04
4.783539734489750117e-04
5.017427261918783405e-04
4.662421706598252058e-04
4.604701724019833018e-04
4.637103360437322191e-04
4.446055594598874233e-04
4.004672660812502944e-04
4.527511253400007371e-04
6.023417168762535074e-04
4.415812261868268360e-04
4.121460631722584475e-04
3.671299851703224921e-04
3.845070412353379760e-04
4.162148605246329789e-04
3.891001349984435473e-04
3.839871460513677448e-04
3.910006169462576617e-04
3.451216703979298689e-04
3.378017230716068081e-04
3.399074903427390382e-04
3.368767702340846881e-04
3.284669353888603036e-04
3.514023850584635294e-04
3.528316487063420720e-04
3.246048501750919859e-04
3.424859707592986416e-04
3.433899608353385810e-04
3.080599410168360810e-04
3.079394271480850984e-04
3.263305770815350115e-04
3.360963637533131987e-04
2.840529145032632879e-04
3.119160304777323983e-04
3.076413340750150383e-04
3.299150976090459153e-04
3.096507229201961092e-04
2.666545715328538790e-04
3.019443276571109783e-04
2.697888736292952888e-04
2.650379672559211139e-04
3.226708467991556972e-04
2.732719143750727891e-04
3.000071304995799220e-04
3.199594608304323845e-04
2.762022753813653036e-04
2.875567002774914943e-04
3.474765471764840186e-04
2.805421900120563805e-04
2.451029497024137418e-04
2.851358014595461901e-04
2.815306012053042867e-04
2.551486779339029345e-04
2.431025493933702927e-04
1.950056815985590274e-04
1.745482253681984784e-04
1.773383237377856858e-04
1.612018122614244930e-04
1.622409379706368890e-04
1.612562142327078564e-04
1.568876159581122920e-04
1.502944693129393218e-04
1.540828840006724877e-04
1.526703586023359094e-04
1.548234025904093923e-04
1.502495666500180905e-04
1.513057047304755434e-04
1.490276272306800820e-04
1.610826986507163275e-04
1.719382373266853284e-04
1.730900869006290923e-04
1.431331906132982167e-04
1.469662533054361174e-04
1.608050781214842464e-04
1.533445320092141628e-04
1.433176554201054333e-04
1.461481951992027462e-04
1.493975401899660883e-04
1.491367740527493771e-04
1.372841004922520478e-04
1.342692398793587927e-04
1.438740911908098388e-04
1.602423515578266342e-04
1.466176636313321069e-04
1.492258546932134832e-04
1.415633876604260985e-04
1.332434236246626770e-04
1.330268882156815434e-04
1.287205501284915900e-04
1.383474182148347609e-04
1.418674919477780350e-04
1.272689429242745919e-04
1.372187602100893909e-04
1.370869897073134672e-04
1.326620938925771151e-04
1.279049763979856033e-04
1.242742988324607668e-04
1.207929873999091824e-04
1.279548971069743748e-04
1.257749780052108799e-04
1.228228246873186490e-04
1.251423354915459640e-04
1.266415327336290028e-04
1.190456766380521030e-04
1.288976216528681215e-04
1.235090495356416741e-04
1.128443314883043004e-04
1.175065718598489130e-04
1.407780431691207977e-04
1.229824181791627888e-04
1.321871149229991770e-04
1.157055196927103653e-04
1.201666977067361640e-04
1.267886036657728255e-04
1.215599982060666662e-04
1.175691831122094354e-04
1.118686090194387416e-04
1.176793794002151117e-04
1.212696372931532069e-04
1.095751167667913251e-04
1.142836859798990136e-04
1.211491867252334487e-04
1.059990045177983120e-04
1.322140783486247528e-04
1.214506870383047445e-04
1.276925077945634203e-04
1.325053687651234105e-04
1.170150121652113739e-04
1.300186755543108975e-04
1.068803327143541483e-04
1.041939004608138876e-04
1.087753058527596241e-04
1.156201425146718921e-04
1.045066717779263827e-04
1.108389658838859732e-04
1.251236575626535395e-04
1.059763190824014546e-04
1.085275068362534539e-04
1.174975315734627684e-04
1.032502544148883290e-04
1.056355969012656661e-04
1.154622145804751199e-04
1.320677697549399454e-04
1.066075595190341092e-04
1.076013269084796721e-04
1.002791631435684448e-04
1.024027449602726820e-04
1.073536788680939962e-04
1.044195627400768044e-04
1.076850548997754231e-04
1.204208121635019806e-04
1.027657120175717837e-04
1.083833206394046984e-04
1.079467161616776084e-04
8.050467522480175830e-05
7.665790853934595090e-05
7.469011484317888971e-05
7.520204258071316872e-05
7.121660155462450348e-05
7.016595109234912710e-05
7.157734326028730991e-05
7.068053814691665777e-05
7.001005742495181310e-05
6.776924219593638283e-05
7.066668940751697208e-05
6.909824396643671478e-05
7.113449300959473747e-05
6.753047268830414667e-05
6.592873369299922799e-05
6.919379602550179427e-05
7.219835006253561547e-05
6.774296016374137795e-05
6.627460343224810826e-05
6.894122334415442581e-05
6.744037682437920012e-05
6.732405745424330235e-05
6.771741773263784396e-05
6.722744965372839400e-05
7.075429966789670560e-05
6.415410889530903931e-05
6.573325886165548853e-05
7.167151811700022974e-05
6.649653705608216385e-05
7.042645665933378041e-05
6.360755000969219876e-05
6.420205454560345970e-05
6.577309636668360326e-05
6.975326723477338051e-05
6.776321524739614146e-05
6.694600151604390161e-05
7.477164408555835875e-05
6.926048890818493052e-05
6.378734897225513665e-05
6.469191066571511328e-05
6.256605129237869365e-05
7.550362843176117709e-05
7.453835150954546678e-05
6.634717328779515810e-05
6.390562075466731952e-05
6.205391186995257700e-05
6.375244861374085032e-05
6.983195671637077427e-05
6.132474482001271099e-05
6.287950313890177680e-05
6.298860575952858469e-05
6.444940963774569993e-05
6.243778611860761342e-05
6.066211271900101294e-05
6.198456489983072428e-05
6.176343649713089148e-05
6.356689782478497093e-05
6.318559280771296471e-05
6.091777559049660475e-05
6.402109120244859058e-05
6.159665017548831569e-05
6.492712491308338669e-05
6.500071367554483004e-05
6.676268517367134878e-05
6.243238499337167013e-05
6.356190388032701409e-05
6.095940443628933281e-05
5.887847555641201325e-05
5.695199456567934249e-05
6.967544418330362261e-05
5.824746804137248410e-05
6.017007790433126231e-05
6.361180317071557511e-05
5.995123469801910552e-05
5.898263643757673116e-05
5.927295869696535830e-05
6.168547197376028906e-05
6.216865403985138983e-05
5.948831994828651659e-05
5.772964441348449056e-05
6.245813415262091439e-05
5.790651493953191675e-05
6.103511614128365046e-05
6.558293043781304190e-05
6.109471742092864859e-05
6.109605556048336439e-05
6.078884321141231610e-05
6.167586666379065447e-05
6.045472218829672784e-05
5.860979226781637543e-05
5.546333636630151886e-05
5.819529424115899290e-05
5.417368734015326346e-05
5.812993749714223939e-05
5.723429444515204523e-05
5.695343165825761525e-05
5.782090870525280750e-05
5.542594481084961173e-05
5.547221235246979631e-05
6.044430115252908125e-05
5.030467805227090410e-05
4.565439726320619094e-05
4.609689535755024097e-05
4.549244017653109311e-05
4.590113567246589674e-05
4.593700227815133850e-05
4.807562468158721594e-05
4.588649690049351057e-05
4.529452889983076873e-05
4.639489352484815618e-05
4.608595568242890159e-05
5.052919891568308230e-05
4.421030648700252370e-05
4.529760199147858792e-05
4.494493623496964574e-05
4.543265372376481266e-05
4.558183245535474000e-05
4.516826570579724056e-05
4.502150686676031639e-05
4.710440998678677715e-05
4.397392599457816958e-05
4.404228370731288762e-05
4.481339146877871826e-05
4.566059333228622292e-05
4.403444404488254804e-05
4.394472362037049742e-05
4.484250530367717147e-05
4.328066256675811019e-05
4.386092537060904122e-05
4.360268835625902419e-05
4.417939630911860420e-05
4.466052500902150952e-05
4.475303890103532332e-05
4.583887075568782030e-05
4.434156335264560767e-05
4.308862071411567740e-05
4.223077935421315759e-05
4.256611209711991522e-05
4.459953433979535611e-05
4.288009427000361029e-05
4.353143890512001235e-05
4.241187380102928592e-05
4.569916795844619357e-05
4.383453547234239793e-05
4.359201966508408077e-05
4.427090138960920875e-05
4.350042545411270247e-05
4.379730935397674194e-05
4.326358748585334979e-05
4.148677385273913387e-05
4.301565813875640471e-05
4.587672710840706578e-05
4.454933300621632817e-05
4.360045968496706201e-05
4.126437097511370937e-05
4.205711611575680125e-05
4.103695409867214310e-05
4.146334149481845224e-05
4.132964450036525066e-05
4.274097591405734420e-05
4.188265197626606231e-05
4.169656117483100524e-05
4.149797109676001128e-05
4.128906575715518421e-05
4.208625668979948522e-05
4.231360444464371675e-05
4.256078268554120130e-05
3.956836317229317366e-05
4.225181046422221562e-05
4.475677565096702892e-05
4.045985406264662743e-05
4.225302850500156502e-05
4.378329304017824781e-05
4.021669183202902515e-05
4.054458067912491834e-05
3.950566888306638886e-05
4.042370669594674566e-05
4.077686298842309043e-05
4.028313735489063858e-05
3.985706757703155745e-05
4.048102978231327414e-05
4.014018645648320671e-05
4.454931249711080590e-05
4.061975014337804304e-05
4.251247469255758915e-05
4.324323208493296988e-05
4.197789626232406319e-05
4.155064239057537905e-05
4.157019805006711977e-05
4.090693259968247459e-05
4.126282376546441675e-05
4.118089227631571567e-05
4.247365404808078893e-05
4.144608392380178246e-05
4.059585776303720059e-05
4.257838745616027290e-05
3.975048130087088658e-05
4.188026875908690407e-05
4.195970732325804555e-05
3.823865135927917165e-05
3.810077682828705157e-05
3.625015751822502623e-05
3.578095311240758747e-05
3.654220904536487069e-05
3.462133111042930977e-05
3.485015226942777964e-05
3.422312256589066508e-05
3.565578363122768040e-05
3.554358406745450474e-05
3.482810393506952096e-05
3.461373964910308267e-05
3.483477512418175776e-05
3.478835365058330489e-05
3.495792616377002289e-05
3.604196749620314357e-05
3.625962378919212050e-05
3.493101235108042601e-05
3.490748240437824008e-05
3.520335085340775685e-05
3.586296068078809049e-05
3.419945892346731853e-05
3.574669628960691761e-05
3.525143015394860548e-05
3.473368801678589215e-05
3.587707237784343306e-05
3.451570912602619365e-05
3.607585726967954271e-05
3.429037667501688702e-05
3.400262239665608193e-05
3.407354929549910458e-05
3.419597396714380011e-05
3.417287998672691038e-05
3.512341954774456370e-05
3.370145061580842865e-05
3.531280733568564620e-05
3.463681405264651132e-05
3.424402741529775356e-05
3.400311077257356103e-05
3.475129237813234524e-05
3.434473528614034605e-05
3.493615124625648469e-05
3.406764949431817513e-05
3.398802318770322288e-05
3.304761944491474559e-05
3.338919295856612599e-05
3.403372693355777301e-05
3.291960579190345151e-05
3.418642243104841463e-05
3.408391385164577649e-05
3.287870167696382579e-05
3.434055975048977416e-05
3.400072150725463735e-05
3.416018114421603968e-05
3.369347061834560144e-05
3.338744947996019348e-05
3.278825358847825826e-05
3.428136321872443795e-05
3.393283911918842661e-05
3.398550654765131185e-05
3.477925392871839130e-05
3.324904100736603412e-05
3.298395195088233138e-05
3.404278913876623847e-05
3.280123278273095047e-05
3.253231457165384064e-05
3.254964062762155799e-05
3.304612610008916682e-05
3.245316061111225552e-05
3.320724895274907020e-05
3.387079732419806533e-05
3.327807230562030143e-05
3.262211926085001594e-05
3.287249151071591633e-05
3.395686917428974994e-05
3.258162018937582616e-05
3.359326733516354308e-05
3.456579297562711601e-05
3.277887849435500995e-05
3.280861919847666015e-05
3.252873564179026560e-05
3.266910880483919755e-05
3.305858799649285948e-05
3.316196757623402207e-05
3.306442158645950258e-05
3.216694817638199040e-05
3.231889018024957933e-05
3.256136337768111708e-05
3.247705178637261541e-05
3.249809592489327905e-05
3.185958530593779869e-05
3.301429360362817804e-05
3.261631222812866055e-05
3.338354697461909653e-05
3.246200253670394886e-05
3.199860170752799469e-05
3.214350376765651027e-05
3.219481063752027559e-05
3.339390912060480332e-05
3.177835931182926559e-05
3.112937995410902794e-05
3.064167765387537656e-05
3.098436452546593771e-05
2.992417857967666418e-05
3.010012567301601006e-05
2.948147607639839407e-05
3.013474056388076725e-05
2.978926152081840041e-05
3.097694864209188517e-05
2.931939986865472679e-05
2.990096245412132567e-05
3.021149661890376524e-05
3.082620746681641051e-05
2.980043666411802405e-05
3.031342121175839701e-05
2.990978753132367342e-05
3.067929471853858423e-05
3.087695886279106800e-05
3.001029626830131679e-05
2.985054059081449076e-05
3.052242338981158993e-05
3.032825575246533980e-05
2.993437019540579194e-05
3.001561744895297898e-05
2.962875300909217845e-05
2.990774485169822719e-05
3.010919599546468952e-05
2.991140679569070858e-05
3.110363952600892206e-05
3.073794903230009368e-05
2.930240723344468414e-05
2.962715684589056696e-05
3.002192352141719311e-05
2.915157208462915286e-05
3.018433892520988593e-05
2.993667542341427315e-05
2.941902675956953317e-05
2.968610288007767007e-05
2.975943768888100613e-05
3.004811715072719312e-05
3.016366401880077251e-05
3.005550270245294019e-05
2.990678128753643115e-05
2.889265606427216039e-05
3.002647899847943404e-05
2.970485841160552945e-05
3.009139193181908855e-05
2.926514728187612626e-05
3.032192432783631375e-05
2.986607364618976135e-05
2.977421056584717143e-05
2.918378033882618116e-05
3.000855258505907841e-05
3.039147024992416913e-05
3.005072840096545473e-05
2.939459288882062605e-05
2.976899122586473823e-05
2.948337482848728474e-05
3.024470190666761550e-05
2.949924057702446454e-05
2.942809717296768077e-05
2.926785816725896439e-05
2.948134674625180264e-05
3.000895455897989586e-05
2.889837762722891192e-05
3.015234149188472589e-05
3.018221498223283493e-05
2.915448951625876497e-05
2.954871963538607748e-05
2.953655657620401917e-05
2.878970738038333230e-05
2.980768447287118829e-05
2.933946748271409752e-05
2.916250848556956111e-05
2.954892390789609703e-05
2.883009142351511400e-05
2.959942808047344578e-05
2.938585289484762985e-05
2.973694138290738852e-05
2.884912501031067087e-05
2.962098162697657380e-05
2.894645481319457623e-05
2.974118108340917456e-05
2.859212320345250259e-05
2.881927860016730915e-05
2.895698512475064626e-05
2.945691958302632110e-05
2.873965368053177236e-05
2.879004830447229324e-05
2.820449706177896723e-05
2.858417924471723314e-05
2.888738615638431064e-05
2.872321738323080353e-05
2.866169425033149445e-05
2.925645353570871656e-05
2.912334689426643376e-05
2.866286167773068815e-05
2.874987308132403996e-05
2.892530446843011440e-05
2.897224908338102978e-05
2.822354463205556385e-05
2.757815695986209903e-05
2.818164196014549681e-05
2.791163988149492206e-05
2.802311921641376170e-05
2.794631741380726385e-05
2.782544306683121181e-05
2.732985453803849076e-05
2.738421060257678754e-05
2.756604781097849035e-05
2.727686116941185765e-05
2.736326619015017194e-05
2.820134998273715745e-05
2.810417349792260279e-05
2.770053008589457090e-05
2.784952898764458883e-05
2.801877083129511380e-05
2.772529487629071945e-05
2.794469412492617266e-05
2.798341918150981520e-05
2.786801742331590436e-05
2.793684932385076604e-05
2.748888703081320341e-05
2.831045917446317685e-05
2.783362524496624382e-05
2.727681355736422187e-05
2.798131677081982935e-05
2.853108426279504648e-05
2.736766948601143600e-05
2.696157916943775558e-05
2.738144773957174106e-05
2.774899833184463137e-05
2.825724961894593299e-05
2.802315275403088958e-05
2.751424303824023674e-05
2.768541507975896888e-05
2.780940164939238593e-05
2.701743985653592837e-05
2.738964651598507704e-05
2.741175435403419989e-05
2.752409425283985979e-05
2.760095451321831274e-05
2.754094887222890839e-05
2.717432769259175849e-05
2.760225979727693038e-05
2.783671748147753601e-05
2.726755162711924573e-05
2.744540042840526304e-05
2.807900680181774213e-05
2.780700212952069773e-05
2.760673592092643822e-05
2.743085940437595127e-05
2.853377736755646765e-05
2.739859845632963562e-05
2.772379293674020960e-05
2.697646070828341316e-05
2.740322099725744920e-05
2.698725127174839077e-05
2.675449848084099426e-05
2.688814179236942504e-05
2.735238688273966613e-05
2.706783352550701170e-05
2.743463217029784505e-05
2.776325400191126527e-05
2.713469500577048233e-05
2.729218929289345532e-05
2.702633144053834325e-05
2.676093909030896544e-05
2.770116809642786461e-05
2.796596979806054286e-05
2.759614640126528820e-05
2.722998201534210374e-05
2.866767363229882903e-05
2.775360649138747317e-05
2.747152445863321123e-05
2.755504065135028349e-05
2.737474592322541799e-05
2.694921747661283142e-05
2.713013805077935103e-05
2.684665366814442677e-05
2.774511633560905330e-05
2.756933631644642582e-05
2.682167519196809735e-05
2.688221209155017142e-05
2.716816095471585868e-05
2.801958767122414361e-05
2.749841537479369368e-05
2.739200585892831373e-05
2.686120346879761268e-05
2.704116195673123002e-05
2.651527543093834402e-05
2.779141520932171329e-05
2.711510533117689328e-05
2.713982914883672628e-05
2.695700354706787174e-05
2.705564641019009219e-05
2.683721606899780454e-05
2.727966598286002341e-05
2.680727043298247804e-05
2.707181254208990208e-05
2.688058009425731143e-05
2.708790268570737816e-05
2.638880832819268243e-05
2.653393094078637795e-05
2.687928749764978284e-05
2.656204587765387327e-05
2.741696339398913619e-05
2.629511457143962752e-05
2.670888932243542513e-05
2.681292398847290247e-05
2.700311472381144995e-05
2.711424688186525736e-05
2.637137445162807261e-05
2.656157917044765646e-05
2.675966966307896587e-05
2.610784695207257823e-05
2.615061839605914429e-05
2.613423209822940340e-05
2.677668899195850691e-05
2.702356425743346335e-05
2.602983665838109960e-05
2.683090278878808157e-05
2.708504878228268286e-05
2.671981060302641641e-05
2.633405604228755624e-05
2.649408227171079353e-05
2.692702323656703676e-05
2.668425950105302171e-05
2.658184430401888540e-05
2.695897317153139874e-05
2.649612238201370793e-05
2.653240442214155405e-05
2.648206873345770873e-05
2.689481518700631433e-05
2.642056821287041977e-05
2.614527600144356392e-05
2.671695517619809834e-05
2.652206937909795738e-05
2.667625255980965449e-05
2.650762010034668357e-05
2.659849130850489154e-05
2.665116141997714294e-05
2.586576054000033900e-05
2.732615607783373115e-05
2.647708599852194379e-05
2.663459802079160135e-05
2.636531291955179768e-05
2.635493219713680311e-05
2.656720096183562418e-05
2.686802486095984932e-05
2.649115829171932933e-05
2.715181010444212074e-05
2.650834096584731014e-05
2.688110853341640769e-05
2.737406039159395664e-05
2.621480648485885535e-05
2.632361488394962954e-05
2.621310393351450262e-05
2.670936289632663761e-05
2.647320288815535469e-05
2.666180116648319973e-05
2.595906164515326964e-05
2.630013411817344469e-05
2.627730775657255503e-05
2.639551746597135207e-05
2.585659997293987476e-05
2.640413335939228865e-05
2.646748587267211541e-05
2.623827376737608710e-05
2.651886763942456969e-05
2.611971499391074894e-05
2.630817109547933661e-05
2.623391530960361774e-05
2.603526852453797027e-05
2.611067443467618296e-05
2.574951979568140882e-05
2.688860599846520859e-05
2.648033023433526978e-05
2.715966493269661306e-05
2.647237206474528512e-05
2.688638335257564904e-05
2.630764581681433036e-05
2.596615697711967960e-05
2.643690338572923860e-05
2.626220887123053991e-05
2.618919120322971139e-05
2.629041530326503494e-05
2.674493646281916881e-05
2.623649072575062746e-05
2.612807300010899713e-05
2.641259229676507083e-05
2.624404598918772671e-05
2.618093617456906941e-05
2.643759473812678994e-05
2.647090464051871027e-05
2.543641744523483794e-05
2.590139993117190762e-05
2.607200699458189910e-05
2.671196355095162154e-05
2.649874043072486665e-05
2.665477884420397323e-05
2.612078667425521484e-05
2.620934553760889753e-05
2.602078754989634171e-05
2.587558869890926736e-05
2.587111860066215876e-05
2.576585745828197105e-05
2.560175087182869766e-05
2.644649296144052506e-05
2.615532275740406476e-05
2.620426000703446266e-05
2.578643091055710102e-05
2.579115623575489803e-05
2.663239172306930413e-05
2.578146550149540552e-05
2.581436515356472092e-05
2.631065556215617243e-05
2.581028138592955656e-05
2.591588392988342229e-05
2.574589586856745882e-05
2.600733284907619236e-05
2.591642942206817679e-05
2.530597153054259184e-05
2.656407268659677424e-05
2.554872828568477349e-05
2.563581845151930019e-05
2.594333864180953242e-05
2.577359305178106297e-05
2.618459741370315829e-05
2.562336653681995745e-05
2.617551087951142040e-05
2.640103894009371356e-05
2.600348325358936495e-05
2.552105797803960741e-05
2.588450317944080006e-05
2.640923255512461629e-05
2.594376906017714646e-05
2.594940767721709698e-05
2.560212205935385874e-05
2.562818435762892409e-05
2.644522376158420094e-05
2.612340549603686804e-05
2.589112975783791761e-05
2.590526351013977478e-05
2.568797606272710254e-05
2.541048318107641670e-05
2.631079144066461595e-05
2.584642402325698640e-05
2.622317945224495042e-05
2.657208131040533772e-05
2.610606636608281270e-05
2.612593157209630658e-05
2.566673717865342177e-05
2.618728617562737646e-05
2.577971911250642801e-05
2.548316658703697748e-05
2.606176085464540073e-05
2.574400125467946190e-05
2.564411756793560858e-05
2.573751155523496117e-05
2.550559165683807941e-05
2.524293443002534400e-05
2.549401767737435875e-05
2.598669557301036480e-05
2.576236074673943154e-05
2.609930531889404005e-05
2.675780972367647405e-05
2.533623548970353887e-05
2.583427994977682761e-05
2.552915282194589963e-05
2.643224308940261835e-05
2.566971445503440783e-05
2.579766585313336623e-05
2.558778792263183413e-05
2.642782421844458305e-05
2.556986951276485478e-05
2.636689675910019947e-05
2.554554050675505937e-05
2.647622111453529350e-05
2.565721465543902149e-05
2.556849067332223126e-05
2.548124912209459513e-05
2.625612789870501796e-05
2.557151487962983015e-05
2.567665467267943313e-05
2.635177036154345910e-05
2.544093251799495192e-05
2.594330317151616327e-05
2.590142785265925476e-05
2.539384049669024399e-05
2.634370207488245796e-05
2.583211003184260470e-05
2.570670299064659183e-05
2.591891916381428018e-05
2.579800993771641380e-05
2.607353085295471964e-05
2.549224998347199154e-05
2.589325181361345972e-05
2.593994213384576142e-05
2.617252475829445825e-05
2.578657690719410176e-05
2.556432830260746549e-05
2.588240079148818040e-05
2.569815087554161369e-05
2.574091129190492075e-05
2.502915845070674550e-05
2.602100455533218269e-05
2.565042216247093233e-05
2.559068109349027577e-05
2.534276052301720483e-05
2.585098450254008707e-05
2.575992077709088403e-05
2.523592913803440616e-05
2.548802310684550185e-05
2.560329851348797160e-05
2.568360766872501564e-05
2.560229438586247852e-05
2.535891946990886868e-05
2.556750239364191725e-05
2.582695435648929561e-05
2.501634080545045571e-05
2.543024984333896874e-05
2.510966951376758651e-05
2.564808157785591970e-05
2.586987627637426932e-05
2.568517566032824174e-05
2.585038300821906819e-05
2.547697481531940934e-05
2.580489117463002777e-05
2.534776972424879272e-05
2.599475612896640087e-05
2.558731180215545600e-05
2.562623808444186579e-05
2.567949229614896467e-05
2.543457887895783778e-05
2.483274383848766000e-05
2.556029935476544914e-05
2.558696010055427770e-05
2.559952517913188921e-05
2.613659398775780573e-05
2.513597708002634977e-05
2.526345492697146188e-05
2.603151772291312295e-05
2.534838583869714193e-05
2.531491495574300779e-05
2.568704899204021853e-05
2.557906805122911464e-05
2.555760268023732283e-05
2.551376910560065948e-05
2.528874310883111456e-05
2.511899153887497824e-05
2.489904145477339761e-05
2.559865158673346673e-05
2.565608942859398531e-05
2.559672750521713034e-05
2.526916937313217272e-05
2.579740796591067784e-05
2.584336887139215765e-05
2.549108949096989886e-05
2.488406328211567665e-05
2.546009852721908828e-05
2.615010644149151766e-05
2.558755143127200359e-05
2.585364354672492414e-05
2.646905875280936016e-05
2.571297927715931951e-05
2.543693685765902182e-05
2.583974521712661886e-05
2.632029554661130533e-05
2.543300520301272559e-05
2.705740073452034402e-05
2.598686562578223015e-05
2.602554104669252411e-05
2.547045394294400331e-05
2.562905747254262611e-05
2.608251361380098388e-05
2.609850898807053590e-05
2.592498849480762214e-05
2.515204382689262139e-05
2.572432756551279318e-05
2.547508040606771829e-05
2.599988988549739588e-05
2.573916221990657369e-05
2.540201501233241288e-05
2.537756811307190354e-05
2.509833241219894194e-05
2.523459841086150846e-05
2.551438874434097806e-05
2.567175342846894501e-05
2.538414373702835224e-05
2.558033194191011852e-05
2.583356308605289087e-05
2.553217948388919603e-05
2.585347253898362464e-05
2.557773179887590096e-05
2.543109417274536099e-05
2.542138911394431556e-05
2.498733865650137751e-05
2.534678062602324509e-05
2.552020646362507250e-05
2.547682408930995667e-05
