7.966509327292442544e-01
4.990126438438892142e-01
3.840015806257724984e-01
3.300055868923664204e-01
2.965189360082149395e-01
2.712277799844741710e-01
2.532886259257793315e-01
2.375898856669664272e-01
2.221300397068262100e-01
2.137898296117782537e-01
2.016195319592952728e-01
1.967395074665546362e-01
1.850323222577571758e-01
1.801542468369007055e-01
1.726048465818166844e-01
1.700560007244348582e-01
1.653750360012054554e-01
1.582294553518295288e-01
1.500977311283349935e-01
1.528099026530981008e-01
1.505752127617597524e-01
1.431480642408132498e-01
1.397291716188192312e-01
1.372344238683581297e-01
1.305343268439173587e-01
1.323936274275183678e-01
1.338695107027888243e-01
1.258505655452609173e-01
1.196498405188322067e-01
1.240209957584738759e-01
1.180476587265729960e-01
1.141887711361050661e-01
1.143406404182314845e-01
1.116970665752887726e-01
1.127048822119832011e-01
1.045276001095771790e-01
1.114929594099521581e-01
1.027973942458629553e-01
1.034446524456143351e-01
9.952743574976921637e-02
9.853531979024410248e-02
9.789500068873166483e-02
9.872076269239186963e-02
9.652684982866048535e-02
9.649528935551643372e-02
9.583433158695697784e-02
8.856170270591974536e-02
9.054950159043073654e-02
9.309818297624587735e-02
9.156532585620880127e-02
8.862949870526790064e-02
9.063002932816743851e-02
8.986066337674855631e-02
8.304811455309391022e-02
8.844476155936717432e-02
1.033366044983267812e-01
8.716769926249981482e-02
8.599786572158336917e-02
8.045514412224293033e-02
7.934656199067831317e-02
8.408083301037549973e-02
8.265256453305483419e-02
8.117352817207575122e-02
8.313136417418717783e-02
7.819327786564826688e-02
7.637044508010149002e-02
7.770917164161801616e-02
7.609347775578498285e-02
7.524534389376640042e-02
7.800202611833810529e-02
7.781365178525448401e-02
7.488549370318650644e-02
7.788399234414100647e-02
7.633611224591732580e-02
7.279264805838465968e-02
7.261295951902865808e-02
7.569188820198177736e-02
7.582199703902006704e-02
6.972975181415677626e-02
7.441164879128336906e-02
7.385715804994105738e-02
7.627193853259087164e-02
7.425237698480487147e-02
6.830339208245277127e-02
7.120506409555674154e-02
6.808561328798531931e-02
6.840147422626614848e-02
7.347069997340441305e-02
6.908128326758741777e-02
7.083163140341638964e-02
7.485126424580812454e-02
6.769779138267040253e-02
6.964912265539169312e-02
7.587159974500537474e-02
7.067867470905184191e-02
6.529696919023990354e-02
7.085925871506333629e-02
7.074490226805210669e-02
6.818780098110437116e-02
6.554624848067761023e-02
5.668029664084315439e-02
5.288794348016381125e-02
5.228305282071232796e-02
5.158742275089025359e-02
5.159037830308079581e-02
5.285919494926929335e-02
5.025047743692993840e-02
4.897179799154401103e-02
4.975628191605210165e-02
4.987268391996622224e-02
4.971190225332975526e-02
4.886548304930329184e-02
4.944887161254882951e-02
5.007210690528154234e-02
5.089194150641560693e-02
5.271113291382789612e-02
5.286935633048415323e-02
4.899280611425638199e-02
4.860842693597078323e-02
5.168405584990978102e-02
4.971740385517477850e-02
4.862108454108238220e-02
4.906825870275497575e-02
4.892732435837388039e-02
4.981978479772806306e-02
4.731049500405788699e-02
4.740507118403911729e-02
4.859054209664463719e-02
5.097031779587268829e-02
4.877153942361474315e-02
4.992085760459304133e-02
4.817817369475960870e-02
4.647935805842280665e-02
4.738293616101145467e-02
4.648539917543530187e-02
4.723541745916008672e-02
4.787922566756606241e-02
4.607142945751548091e-02
4.814765313640236716e-02
4.777879510074854036e-02
4.665838805958628932e-02
4.525766577571630617e-02
4.498650794848799844e-02
4.493047054857015471e-02
4.578464934602379660e-02
4.588589826598763605e-02
4.532756265252828320e-02
4.551320364698767384e-02
4.507563598453998704e-02
4.507469963282347003e-02
4.605749920010566989e-02
4.606503034010529796e-02
4.340331284329294881e-02
4.486542688682675084e-02
4.790086075663566728e-02
4.567234842106700221e-02
4.688202710822224339e-02
4.371727174147963663e-02
4.453256968408823152e-02
4.558106511831283569e-02
4.515986684709787091e-02
4.393356451764703074e-02
4.327330905944108685e-02
4.345005564391613007e-02
4.562506573274731358e-02
4.320191321894526620e-02
4.388182312250137052e-02
4.483022354543209076e-02
4.262358387932181636e-02
4.545130515471100530e-02
4.574779868125915250e-02
4.561305837705731392e-02
4.666457828134298186e-02
4.426164822652935843e-02
4.682970242574811121e-02
4.261759584769606729e-02
4.202094785869121829e-02
4.293488860130310197e-02
4.395596664398908338e-02
4.196918401867151538e-02
4.337289556860923767e-02
4.583895951509475708e-02
4.268710678443312506e-02
4.272667951881885251e-02
4.458106420934200564e-02
4.197021843865513663e-02
4.233806179836392680e-02
4.416307173669338504e-02
4.701248267665505270e-02
4.221168449148535867e-02
4.239036701619625092e-02
4.059397177770733556e-02
4.152702549472451349e-02
4.260221226140856882e-02
4.143489729613065997e-02
4.229642627760767798e-02
4.425901630893349509e-02
4.161079209297895154e-02
4.226257940754294534e-02
4.310293402522802353e-02
3.612684626132249555e-02
3.512380691245198250e-02
3.428715895861387392e-02
3.403110904619097848e-02
3.370783850550651550e-02
3.347368403337895593e-02
3.377616079524159431e-02
3.345504757016896924e-02
3.341701389290392676e-02
3.273242381401360312e-02
3.331431886181235313e-02
3.334964229725301266e-02
3.348966883495450159e-02
3.267568717710674087e-02
3.247912051156163354e-02
3.319294662214815339e-02
3.330524070188402991e-02
3.270070082508027415e-02
3.226801389828324457e-02
3.294104500673711300e-02
3.261933065950870653e-02
3.277927637100219727e-02
3.269614712335169177e-02
3.263198714703321318e-02
3.347934884950518747e-02
3.185975193046033244e-02
3.208244964480400085e-02
3.387930183671414991e-02
3.242704658769070963e-02
3.316248110495507995e-02
3.220643522217869759e-02
3.219840745441615582e-02
3.229713113978505135e-02
3.315364248119294366e-02
3.310513095930218974e-02
3.264747452922165533e-02
3.459827280603348931e-02
3.248359528370201726e-02
3.224380612373352328e-02
3.235134980641305585e-02
3.203872046433389048e-02
3.413359881378710131e-02
3.507211967371404171e-02
3.259739382192492624e-02
3.214915692806243758e-02
3.144581001251935820e-02
3.182531073689461032e-02
3.345583095215261260e-02
3.117870180867612223e-02
3.179005347192287445e-02
3.142592730000615120e-02
3.215563613921403746e-02
3.169805677607655248e-02
3.095672284252941678e-02
3.118296423926949362e-02
3.176096649840474268e-02
3.191667823120951375e-02
3.176870285533368865e-02
3.105832962319254875e-02
3.192060207948088646e-02
3.123808181844651630e-02
3.199251713231206218e-02
3.251170148141682009e-02
3.211526647210120877e-02
3.115376238711178164e-02
3.172035347670316974e-02
3.133898498490452628e-02
3.055593403987586637e-02
3.028332199901342253e-02
3.261075960472226143e-02
3.046401469036936691e-02
3.118492579087615152e-02
3.188857189379632612e-02
3.128150524571537971e-02
3.116861358284950256e-02
3.106813104823231628e-02
3.192937634885310849e-02
3.165492839179932794e-02
3.117821654304862161e-02
3.074672007933259080e-02
3.179586185142398158e-02
3.019620832055807183e-02
3.106058160774409840e-02
3.232100848108530183e-02
3.130818246863782683e-02
3.113766792230308195e-02
3.097059177234768798e-02
3.126846398226916512e-02
3.115232107229530881e-02
3.090975643135607243e-02
2.974725188687443733e-02
3.032652493566274574e-02
2.958835414610803266e-02
3.019995135255158086e-02
3.018275126814842085e-02
3.049156097695231507e-02
3.055661544203758240e-02
3.011179659515619139e-02
2.941067283973097801e-02
3.067605020478367944e-02
2.784964889287948678e-02
2.652150038629770210e-02
2.644761642441153388e-02
2.644677259959280630e-02
2.641004673205316067e-02
2.634486928582191467e-02
2.707291957922279904e-02
2.627085749991238048e-02
2.623220910318195889e-02
2.653043703176081319e-02
2.630406222306191921e-02
2.756273332051932881e-02
2.602089042775333066e-02
2.601789012551307748e-02
2.591063277795910974e-02
2.606843342073261738e-02
2.640913343057036539e-02
2.636387301608920236e-02
2.615210018120706081e-02
2.690171473659574986e-02
2.573165064677596092e-02
2.608174406923353603e-02
2.609233553521335056e-02
2.602725937031209399e-02
2.590747890062630038e-02
2.594037759117782255e-02
2.623808830976486275e-02
2.600237899459898611e-02
2.596835517324507306e-02
2.583348113112151484e-02
2.616693773306906154e-02
2.585361073724925379e-02
2.628620918840169837e-02
2.637664312496781210e-02
2.580154747702181200e-02
2.567538181319832871e-02
2.517547141760587831e-02
2.547966209240257879e-02
2.588844294659793308e-02
2.564580398611724515e-02
2.568669784814119408e-02
2.539435466751456191e-02
2.609665282070636888e-02
2.592168031260371278e-02
2.596308249048888753e-02
2.590776327997446060e-02
2.572764344513416360e-02
2.573955142870545248e-02
2.566154873929917674e-02
2.532812315039336543e-02
2.564144833013415337e-02
2.633786145597696166e-02
2.602170286700129440e-02
2.588236965239048074e-02
2.522255955263972421e-02
2.536048213951289793e-02
2.515997500158846309e-02
2.534338994883000851e-02
2.514351196587085585e-02
2.526913732290268083e-02
2.529468894936144283e-02
2.534319539554417272e-02
2.537460844032466550e-02
2.525038514286279817e-02
2.551565836183726857e-02
2.551828040741383960e-02
2.533315652981400420e-02
2.475820267572998931e-02
2.523949388414621284e-02
2.609508470632136007e-02
2.506361384876072337e-02
2.551169032230973105e-02
2.560053193010389944e-02
2.506705410778522353e-02
2.486836449243128369e-02
2.464064173400402208e-02
2.517231977544725011e-02
2.518080770969390730e-02
2.483700425364077091e-02
2.470193011686205864e-02
2.513366444036364486e-02
2.465430311858653883e-02
2.538321474567055772e-02
2.489990796893835207e-02
2.503609517589211464e-02
2.627994725480675697e-02
2.561070341616868834e-02
2.523666643537580967e-02
2.510999510996043613e-02
2.487646141089499066e-02
2.501955637708306451e-02
2.513298476114868979e-02
2.522248630411922862e-02
2.537191165611147811e-02
2.515221941284835269e-02
2.503145970404148032e-02
2.489029541611671378e-02
2.526934598572552065e-02
2.499179635196924210e-02
2.430888330563902786e-02
2.373189958743750910e-02
2.309595923870801787e-02
2.304216860793530802e-02
2.320310990326106618e-02
2.269690856337547302e-02
2.271671597845852444e-02
2.248515207320451667e-02
2.290479578077793052e-02
2.268465938977897237e-02
2.277289391495287280e-02
2.256203489378094673e-02
2.272065524011850426e-02
2.258434062823653360e-02
2.270298390649259229e-02
2.298029642552137236e-02
2.285694377496838570e-02
2.285079131834209104e-02
2.268115514889359335e-02
2.282265732064843108e-02
2.314020702615380426e-02
2.237955234013497968e-02
2.284557688981294493e-02
2.291388786397874355e-02
2.258904492482543061e-02
2.286781184375286102e-02
2.270402768626809259e-02
2.251539612188935280e-02
2.246814635582268169e-02
2.237549102865159581e-02
2.257805387489497662e-02
2.256481265649199625e-02
2.234454918652772903e-02
2.273166733793914249e-02
2.234112764708697657e-02
2.261102325282991071e-02
2.246868009679019521e-02
2.247324432246387144e-02
2.245358391664922099e-02
2.243244596756994655e-02
2.245465312153100898e-02
2.253368436358869215e-02
2.258504987694322924e-02
2.225290937349200249e-02
2.221780661493539741e-02
2.213595518842339377e-02
2.242344515398144583e-02
2.204485200345516344e-02
2.234944254159927299e-02
2.229185183532535891e-02
2.216408755630254815e-02
2.265087971463799338e-02
2.242439510300755362e-02
2.221434204839169840e-02
2.231809734366834233e-02
2.224723328836262365e-02
2.212323690764605999e-02
2.251383890397846629e-02
2.231840449385345121e-02
2.242731773294508527e-02
2.264094287529587815e-02
2.229816447943449090e-02
2.209840537980198999e-02
2.217862317338585923e-02
2.214634781703352789e-02
2.213355740532279084e-02
2.211647247895598412e-02
2.214840962551534176e-02
2.200269964523613592e-02
2.215029941871762137e-02
2.226215950213372707e-02
2.237872448749840190e-02
2.194331991486251493e-02
2.190920184366405149e-02
2.234116541221737792e-02
2.199916467070579459e-02
2.208860660903155804e-02
2.252181880176067422e-02
2.193490043282508850e-02
2.192787323147058626e-02
2.207393264397978713e-02
2.197503596544265678e-02
2.216860996559262206e-02
2.202050304040312906e-02
2.218619259074330191e-02
2.183021209202706814e-02
2.187728066928684711e-02
2.197911236435174873e-02
2.203924218192696710e-02
2.185872057452797890e-02
2.194102271459996700e-02
2.196961394511163373e-02
2.176740993745624950e-02
2.222476373426616331e-02
2.194104036316275527e-02
2.167517580091953347e-02
2.169917630963027338e-02
2.180884932167827944e-02
2.213258612900972228e-02
2.175708119757473538e-02
2.144736591726541589e-02
2.109774346463382313e-02
2.110152621753513813e-02
2.091054138727486272e-02
2.090724171139300008e-02
2.065543192438781123e-02
2.077720123343169620e-02
2.069886825047433446e-02
2.109330277889966826e-02
2.073691044934094022e-02
2.094152742065489431e-02
2.076997486874461105e-02
2.103428966365754674e-02
2.076498186215758324e-02
2.082757577300071647e-02
2.083488521166145663e-02
2.107264734804630349e-02
2.102933502756059239e-02
2.074582558125257631e-02
2.082089660689234734e-02
2.082924796268343856e-02
2.082475465722382138e-02
2.084522815421223710e-02
2.078888285905122757e-02
2.073398763313889434e-02
2.064846563152968745e-02
2.089001024141907623e-02
2.075097863562404971e-02
2.093121167272329192e-02
2.086183521896600723e-02
2.069086409173905711e-02
2.066986048594117095e-02
2.078817947767674923e-02
2.062557945027947495e-02
2.087366413325071265e-02
2.080757464282214503e-02
2.079591262154281001e-02
2.053962391801178455e-02
2.072302857413887978e-02
2.075516576878726552e-02
2.074439828284084866e-02
2.068464416079223225e-02
2.091533769853413244e-02
2.061149752698838641e-02
2.082847952842712541e-02
2.071562204509973595e-02
2.071341876871883939e-02
2.054749517701566150e-02
2.071279510855674605e-02
2.084707999601960113e-02
2.071893215179443359e-02
2.050921344198286533e-02
2.066624327562749386e-02
2.085444093681871822e-02
2.076463736593723436e-02
2.066850750707089832e-02
2.073426558636128764e-02
2.063107518479228089e-02
2.077736351639032295e-02
2.064169817604124407e-02
2.064490141347050806e-02
2.053101817145943503e-02
2.079018792137503693e-02
2.061905139125883718e-02
2.061372096650302549e-02
2.070174408145248821e-02
2.058128630742430548e-02
2.053342065773904393e-02
2.063316586427390437e-02
2.052989308722317358e-02
2.043924978934228559e-02
2.060340424068272253e-02
2.043443471193313529e-02
2.047225460410118103e-02
2.058821269311010907e-02
2.044045068323612283e-02
2.069490477442741463e-02
2.054000059142708709e-02
2.052411637268960337e-02
2.047211336903274198e-02
2.063560355454683443e-02
2.054335526190698147e-02
2.077046534977853437e-02
2.033639443106949329e-02
2.026100447401404242e-02
2.042428436689078947e-02
2.061740392819046835e-02
2.040378004312515259e-02
2.048836620524525573e-02
2.027166387997567792e-02
2.027760455384850641e-02
2.046723198145627975e-02
2.040096535347402096e-02
2.039219653233885834e-02
2.042550635524094035e-02
2.047291728667914937e-02
2.033706582151353220e-02
2.033818722702562809e-02
2.058618175797164579e-02
2.053133416920900275e-02
2.024760753847658704e-02
1.999281980097293923e-02
1.998535357415676117e-02
1.990829580463469167e-02
1.984803536906838348e-02
1.993160536512732575e-02
1.994318980723619461e-02
1.978070386685431073e-02
1.977206855081021716e-02
1.987484125420451234e-02
1.982515100389719079e-02
1.981350502464920144e-02
2.011588485911488394e-02
1.996642751619219849e-02
1.986913662403821945e-02
1.983354855328798433e-02
1.997843291610479355e-02
1.981481355614960263e-02
1.992587111890315940e-02
1.995090707205236097e-02
1.994795738719403605e-02
1.987639819271862576e-02
1.987499161623418331e-02
1.998412054963409970e-02
1.989264925941824913e-02
1.961715980432927539e-02
1.984700169414281914e-02
2.002467093989252975e-02
1.978061879053711822e-02
1.976362806744873593e-02
1.975758890621364186e-02
1.979320808313787122e-02
1.999868615530431271e-02
1.985628781840205123e-02
1.983722238801419874e-02
1.978429262526333263e-02
1.984859011135995527e-02
1.975287124514579773e-02
1.966379494406282971e-02
1.981087955646216800e-02
1.984457145445048948e-02
1.973088723607361455e-02
1.977579263038933138e-02
1.966933384537696700e-02
1.981417848728597025e-02
1.990440343506634166e-02
1.969047277234494547e-02
1.971228895708918710e-02
1.984709417447447916e-02
1.974216131493449281e-02
1.966568666975945096e-02
1.977690923959016939e-02
1.990150110796094080e-02
1.976144895888864994e-02
1.963091487996280332e-02
1.964322673156857629e-02
1.958709568716585775e-02
1.965984380804002354e-02
1.953566293232143064e-02
1.969493888318538805e-02
1.965795136056840489e-02
1.962396758608520031e-02
1.975117092952132294e-02
1.972789368592202733e-02
1.974361515603959699e-02
1.971351625397801260e-02
1.965663884766399860e-02
1.957720271311700483e-02
1.980813662521541119e-02
1.970808003097772668e-02
1.981025394052267005e-02
1.975316633470356603e-02
1.992667121812701295e-02
1.987684681080281734e-02
1.974274280946701834e-02
1.983269450720399549e-02
1.977736777625977924e-02
1.963196611031890054e-02
1.950039062649011612e-02
1.970213656313717435e-02
1.984158386476337840e-02
1.973173390142619540e-02
1.964634167961776257e-02
1.963653238490224023e-02
1.957287262193858554e-02
1.981803434900939603e-02
1.975451046600937982e-02
1.969179520383477350e-02
1.958568855188786914e-02
1.961646396666765282e-02
1.961398855783045431e-02
1.972386811394244432e-02
1.957293683663010458e-02
1.959103690460324218e-02
1.959602409042417864e-02
1.959996167570352693e-02
1.962940008379519125e-02
1.969739452470093896e-02
1.953878849744796614e-02
1.955579738132655690e-02
1.957410494796931605e-02
1.960263727232813835e-02
1.944781709462404390e-02
1.937346090562641621e-02
1.956497570499777724e-02
1.934915611054748366e-02
1.947162044234573841e-02
1.928091100417077611e-02
1.943627493456006119e-02
1.944040977396071027e-02
1.942493859678506851e-02
1.947331652045249800e-02
1.932282769121229649e-02
1.942613464780151844e-02
1.941100284457206865e-02
1.921941714826971154e-02
1.920105475001037190e-02
1.931298687122762203e-02
1.941159120760858198e-02
1.939151114784181187e-02
1.925417329184710841e-02
1.941435621120035648e-02
1.944912946783006191e-02
1.944568415638059378e-02
1.935915048234164784e-02
1.928616706281900336e-02
1.948287712875753502e-02
1.933733597397804121e-02
1.938162688165902953e-02
1.943851090036332468e-02
1.941872690804302692e-02
1.923319026827812264e-02
1.934717465192079683e-02
1.942674932070076466e-02
1.928745091427117725e-02
1.931703677400946687e-02
1.937006898224353721e-02
1.936166347004473348e-02
1.937487586401403020e-02
1.936227763071656297e-02
1.929214056581258704e-02
1.943400441668927808e-02
1.921435887925326824e-02
1.957987686619162490e-02
1.937794280238449435e-02
1.934791319072246690e-02
1.935764849185943673e-02
1.928042834624648164e-02
1.926068700850009849e-02
1.938582698348909755e-02
1.937919147312641005e-02
1.953890346921980520e-02
1.938182101584971090e-02
1.950186919420957704e-02
1.945492397062480519e-02
1.926404635887592892e-02
1.926892823539674143e-02
1.923734107986092498e-02
1.931031774729490350e-02
1.930215118918567757e-02
1.938426760025322576e-02
1.932131811045110364e-02
1.923575326800346444e-02
1.919920681975782056e-02
1.928752155508845975e-02
1.916301343590021133e-02
1.930691641755401949e-02
1.930781924165785382e-02
1.931969295255839963e-02
1.928242822177708010e-02
1.929765604436397414e-02
1.924268095754087110e-02
1.932843937538564205e-02
1.924859336577355862e-02
1.920430329628288607e-02
1.918158987537026475e-02
1.940836096182465415e-02
1.935145836323499610e-02
1.939774872735142847e-02
1.930716671049594740e-02
1.952892725821584602e-02
1.918843013700097938e-02
1.921851551160216193e-02
1.932346983812749386e-02
1.922029326669871807e-02
1.921770120970904897e-02
1.916406541131436894e-02
1.922722142189741204e-02
1.929137529805302620e-02
1.934093707241118024e-02
1.930109453387558391e-02
1.918807532638311386e-02
1.922085518017411371e-02
1.933020041324198107e-02
1.938903168775141239e-02
1.900165956467390199e-02
1.921286871656775405e-02
1.917783864773809840e-02
1.931920750066638132e-02
1.943107629194855759e-02
1.916582654230296681e-02
1.908309147693216731e-02
1.904928670264780660e-02
1.911698640324175497e-02
1.906765312887728075e-02
1.910699866712093492e-02
1.898227380588650773e-02
1.909653227776288847e-02
1.932370727881789138e-02
1.917285621166229387e-02
1.917618527077138285e-02
1.910718702711165090e-02
1.910219474229961703e-02
1.924225189723074297e-02
1.901466632261872292e-02
1.909680524840950966e-02
1.923698941245675226e-02
1.906415070407092502e-02
1.914202696643769672e-02
1.903183201793581109e-02
1.910265786573290756e-02
1.911192464176565339e-02
1.897449768148362637e-02
1.915522362105548382e-02
1.902115764096379280e-02
1.898719321470707794e-02
1.911998046562075546e-02
1.913652762304991414e-02
1.911159968003630499e-02
1.896097976714372635e-02
1.906458837911486487e-02
1.917688050307333331e-02
1.906146137043833802e-02
1.907686530612408976e-02
1.903420668095350335e-02
1.912201878149062326e-02
1.907958760857582023e-02
1.902856887318193913e-02
1.895908289588987827e-02
1.899535907432436943e-02
1.910407836548983981e-02
1.927818004041910102e-02
1.903105881065130303e-02
1.911370703019201617e-02
1.894737516995519469e-02
1.892987489700317244e-02
1.913385409861802916e-02
1.900827819481492112e-02
1.908689048141241212e-02
1.918967901729047229e-02
1.912826504558324744e-02
1.911001172848045965e-02
1.897016502916813036e-02
1.910397256724536558e-02
1.899761089589446783e-02
1.907096556387841840e-02
1.904966866131872077e-02
1.903780812863260438e-02
1.903335400857031345e-02
1.904675927944481442e-02
1.900070705451071401e-02
1.894029458053409984e-02
1.898661484010517528e-02
1.905193594284355571e-02
1.903898592572659393e-02
1.916946810670196871e-02
1.917563914321362972e-02
1.894597262144088676e-02
1.911875037476420264e-02
1.895982052665203671e-02
1.921013481914997031e-02
1.905897334218025277e-02
1.910222312435507636e-02
1.906436420977115562e-02
1.908472434151917835e-02
1.909706469159573247e-02
1.920864118728786776e-02
1.896901924628764322e-02
1.918123411014676163e-02
1.912074785213917563e-02
1.897440403699874809e-02
1.894812530372291803e-02
1.910784058272838731e-02
1.892684162594377925e-02
1.907684328034520149e-02
1.904844648670405219e-02
1.896229495760053466e-02
1.913545895367860933e-02
1.904978197999298434e-02
1.893210553098469834e-02
1.905344070401042769e-02
1.908543920144438813e-02
1.910093659535050392e-02
1.903284434229135513e-02
1.911067273467779298e-02
1.906232964247465272e-02
1.893940572626888821e-02
1.900267228484153748e-02
1.910499166697263856e-02
1.907894068863242795e-02
1.911695934832096169e-02
1.890271427109837393e-02
1.897875377908348968e-02
1.904746294021606584e-02
1.885952623561024805e-02
1.887840628623962264e-02
1.901057297363877366e-02
1.902219019830226829e-02
1.894959683995693991e-02
1.890612798742950101e-02
1.893663392402231832e-02
1.902096029371023317e-02
1.894190236926078866e-02
1.900073038414120535e-02
1.893283657263964553e-02
1.900808138307184120e-02
1.902264063246548315e-02
1.891907616518438001e-02
1.899427641183137894e-02
1.898303446359932492e-02
1.883332096040248732e-02
1.900295808445662260e-02
1.891867353115230660e-02
1.901700696907937527e-02
1.889508357271552086e-02
1.891769431531429430e-02
1.890443586744368007e-02
1.892724474892020295e-02
1.894607706926763196e-02
1.886873506009578705e-02
1.906191017478704383e-02
1.896280837245285442e-02
1.892038155347108841e-02
1.894593094475567271e-02
1.895772973075509141e-02
1.887144958600401809e-02
1.898234942927956581e-02
1.887859930284321169e-02
1.887411386705934932e-02
1.904649944044649670e-02
1.890029362402856350e-02
1.890355565119534662e-02
1.906533348374068668e-02
1.887673796154558728e-02
1.886390110012143781e-02
1.897286693565547466e-02
1.892628371715545516e-02
1.891759634017944197e-02
1.888963463716208935e-02
1.895439638756215434e-02
1.889774305745959421e-02
1.874403036199510236e-02
1.881552666891366313e-02
1.895667710341513226e-02
1.890234122984111448e-02
1.886287778615951607e-02
1.894159428775310516e-02
1.897107432596385410e-02
1.890393502544611762e-02
1.877833325415849755e-02
1.901493109762668679e-02
1.909734951332211356e-02
1.897031404078006883e-02
1.900430996902286937e-02
1.911833561025559972e-02
1.896663412917405298e-02
1.891336000990122626e-02
1.892098058015108039e-02
1.913202877622097869e-02
1.883439577650278945e-02
1.914164898917079111e-02
1.896408074535429339e-02
1.897802175953984191e-02
1.889573624357581208e-02
1.901429132558405538e-02
1.893045790493488173e-02
1.906369843054562738e-02
1.904853871092200210e-02
1.887937751598656178e-02
1.893274884205311398e-02
1.889702016487717490e-02
1.902821054682135582e-02
1.899164346978068213e-02
1.893857000395655563e-02
1.892878259532153676e-02
1.880425480194389959e-02
1.883844537660479476e-02
1.892792466096580167e-02
1.891325344331562519e-02
1.886388007551431656e-02
1.893861680291593005e-02
1.896870911587029626e-02
1.900152631569653611e-02
1.905841012485325406e-02
1.888140894006937881e-02
1.895748074166476657e-02
1.891592256724834373e-02
1.880697202868759563e-02
1.886808918789029121e-02
1.892681373283267021e-02
1.893529132939875126e-02
