5.946804285049438477e-01
4.166999101638794167e-01
3.474350452423095592e-01
3.098615825176239125e-01
2.921583294868469460e-01
2.728009521961212158e-01
2.513581901788711770e-01
2.380975037813186646e-01
2.308111906051635853e-01
2.148984700441360363e-01
2.061474323272705078e-01
1.936292052268981934e-01
1.931470215320587047e-01
1.859743148088455200e-01
1.742783516645431408e-01
1.694709926843643299e-01
1.662299364805221447e-01
1.587771177291870117e-01
1.592774331569671575e-01
1.498978316783904918e-01
1.469867676496505737e-01
1.532547771930694580e-01
1.446584612131118774e-01
1.355157881975173895e-01
1.429238617420196533e-01
1.422043561935424916e-01
1.292456075549125727e-01
1.307905226945877131e-01
1.239892691373825073e-01
1.214539796113967840e-01
1.213723435997962896e-01
1.167613223195076017e-01
1.134972110390663202e-01
1.152955934405326816e-01
1.086947441101074191e-01
1.120253920555114718e-01
1.069564357399940546e-01
1.140272349119186429e-01
1.050206288695335333e-01
1.034985050559043829e-01
9.500956386327744085e-02
1.113835617899894687e-01
1.027016535401344272e-01
9.573107063770294745e-02
1.035997062921523992e-01
9.759874939918518344e-02
9.047442227602005282e-02
9.481666088104248602e-02
1.078339949250221308e-01
9.592813551425934115e-02
1.064046129584312467e-01
9.403127878904342374e-02
8.521095961332321445e-02
9.391942620277404785e-02
1.107506975531578064e-01
8.988628834486007968e-02
9.348322302103043158e-02
8.993705809116363248e-02
8.155822753906250000e-02
8.920174986124038141e-02
9.058654457330703180e-02
9.538440257310867865e-02
8.793950676918030340e-02
9.347362667322159369e-02
8.484868854284285944e-02
8.039388060569763184e-02
7.579588741064072210e-02
7.285077571868896207e-02
7.709535211324691772e-02
8.186046332120895663e-02
7.909560203552246094e-02
8.034680634737015326e-02
8.682859241962433139e-02
7.906260490417479914e-02
7.338851690292358398e-02
8.277868479490280151e-02
8.246371746063232977e-02
7.393578737974167148e-02
8.106320649385452548e-02
7.799291312694549283e-02
8.611610680818557184e-02
8.540113419294356745e-02
7.620249986648559848e-02
6.880369335412979404e-02
7.259662449359893799e-02
7.742304503917693537e-02
7.689009457826614935e-02
7.615154087543488104e-02
6.925708428025245667e-02
8.559214025735854825e-02
6.839615255594252985e-02
7.236566096544265470e-02
7.094666659832001010e-02
1.061888918280601557e-01
7.038122266530991156e-02
6.638391539454460699e-02
7.031187117099761685e-02
7.298730015754699429e-02
6.593517959117889404e-02
6.723275184631347101e-02
5.893541052937507907e-02
5.518283322453498840e-02
5.819688662886619845e-02
5.667499154806136807e-02
5.638780891895293912e-02
5.392063930630684038e-02
5.142438858747482022e-02
5.476615875959396640e-02
5.935518369078636447e-02
5.563256293535232683e-02
5.345721244812011441e-02
5.039336606860160550e-02
5.281844660639763156e-02
5.278667807579040527e-02
5.316625535488128662e-02
6.177780628204345564e-02
5.481591895222663602e-02
5.331305712461471835e-02
5.262075215578079085e-02
5.800037756562233249e-02
5.174685493111610274e-02
5.142796337604522983e-02
5.163947865366935730e-02
5.523531958460807523e-02
4.999149888753891269e-02
5.102671384811401090e-02
5.282432883977890292e-02
5.285083800554275790e-02
5.507817044854164401e-02
5.387435555458068570e-02
5.530810058116912564e-02
5.010750144720077515e-02
5.171576514840126038e-02
4.639594480395316939e-02
5.361244156956672391e-02
4.970055744051933566e-02
5.067329257726669450e-02
4.855302050709724149e-02
5.639278367161750655e-02
4.995104670524597168e-02
5.063800811767578403e-02
4.647847786545753618e-02
4.947973787784576416e-02
4.892985448241234103e-02
5.556133911013603349e-02
4.924310967326164107e-02
4.714168235659599304e-02
4.798938706517219543e-02
4.803138896822929660e-02
4.954545572400093079e-02
5.062194168567657471e-02
4.785843640565871915e-02
4.785002917051315446e-02
5.093223974108695984e-02
4.956080168485641618e-02
5.127073600888252397e-02
5.257482901215553006e-02
4.857880920171737948e-02
4.948239549994468828e-02
5.122840479016303739e-02
4.669623896479606351e-02
5.115019232034682950e-02
4.482135549187660217e-02
4.427343681454658231e-02
4.647952690720558167e-02
4.591353684663772305e-02
5.061812773346900662e-02
4.608600810170173506e-02
4.550800696015357832e-02
5.044001489877700944e-02
4.652308300137519836e-02
4.866985082626342635e-02
4.660101532936096469e-02
4.887888953089714050e-02
4.887530133128166476e-02
4.699371159076690813e-02
4.852674826979637424e-02
5.091696009039878984e-02
4.826790094375610352e-02
4.842304512858390531e-02
4.810784384608268738e-02
5.073050037026405334e-02
4.996978864073753357e-02
4.611314758658409396e-02
4.828778579831123630e-02
4.441675841808319369e-02
4.520236402750014981e-02
4.660838618874550005e-02
4.533180743455886980e-02
4.759412109851837019e-02
4.380244463682174405e-02
4.741601943969726840e-02
4.679297879338264327e-02
4.471424296498298367e-02
4.618775248527526994e-02
4.773045852780342241e-02
4.325268864631652554e-02
4.783882871270180026e-02
4.688217118382453918e-02
4.426766037940978865e-02
3.826323300600052019e-02
4.050751850008964261e-02
3.737486824393272677e-02
3.806841522455215593e-02
4.139185622334480563e-02
4.068736210465431075e-02
3.922984600067138533e-02
3.796728327870368958e-02
3.755384981632232944e-02
3.833855018019675931e-02
3.857458308339119235e-02
3.902472741901874542e-02
3.856216445565223416e-02
3.782900720834732333e-02
3.799865096807479581e-02
3.835454061627387862e-02
3.654462546110152921e-02
3.708173185586929183e-02
3.710851296782493453e-02
3.554598391056060930e-02
3.790089711546897749e-02
3.572287186980247636e-02
3.594072461128235141e-02
3.933304697275161882e-02
3.624743558466434618e-02
3.604077696800232072e-02
3.759973272681236406e-02
3.679342269897460660e-02
3.888313099741935730e-02
3.630903139710426469e-02
3.598999604582786560e-02
3.481968455016613145e-02
3.558894023299217363e-02
3.900477737188338956e-02
3.694993257522583008e-02
3.853097185492515564e-02
3.820278346538543562e-02
3.645124658942222595e-02
3.642890974879264832e-02
3.838117569684982439e-02
3.909563273191452026e-02
4.619851261377334872e-02
4.090591371059417586e-02
3.686131201684474806e-02
3.615957945585250577e-02
3.669829778373241702e-02
3.710014820098876676e-02
3.504632487893104276e-02
3.616943508386612216e-02
3.585689142346382141e-02
3.554902076721191267e-02
3.642130419611930986e-02
3.579894602298736711e-02
3.582805320620537082e-02
3.620024435222148756e-02
3.492874987423420091e-02
3.681294992566108704e-02
3.447670303285121918e-02
3.942113667726517001e-02
3.388604000210761885e-02
3.544045314192771634e-02
3.623161204159260074e-02
3.564104810357093811e-02
3.498154357075691084e-02
3.599328175187110901e-02
3.580434992909431458e-02
3.383050113916397095e-02
3.447376042604446272e-02
3.882811665534972867e-02
3.716560602188110490e-02
3.440684713423251828e-02
3.930166512727737566e-02
3.604761473834514757e-02
3.516378402709961076e-02
3.658837154507636746e-02
3.675016686320305148e-02
3.758546933531761031e-02
3.540247976779938022e-02
3.454245328903197965e-02
3.589852675795555254e-02
3.664336949586868147e-02
3.425078392028808871e-02
3.900621384382248202e-02
3.564124405384063582e-02
3.495422825217246732e-02
3.559918105602264543e-02
3.316225409507751742e-02
3.627649731934070448e-02
3.452316075563430925e-02
3.480794504284858565e-02
3.428243659436702728e-02
3.462446182966232022e-02
3.360555879771709442e-02
3.414427414536476413e-02
3.363606408238410672e-02
3.300342112779617448e-02
3.388209231197834154e-02
3.470251671969890733e-02
3.308430202305316647e-02
3.466100431978702545e-02
3.091981597244739671e-02
3.194632567465305328e-02
3.106443732976913591e-02
3.085940107703209062e-02
3.086062557995319228e-02
3.163241557776928087e-02
3.363014757633209229e-02
3.123343065381050179e-02
3.065079711377620766e-02
3.109533786773681710e-02
3.006716482341289381e-02
3.167356140911579271e-02
3.094577416777610779e-02
3.113542459905147691e-02
3.134867064654826840e-02
3.105523586273193498e-02
3.164694570004940311e-02
3.116370812058448861e-02
3.082741126418113778e-02
3.130646571516990800e-02
3.126693107187748094e-02
2.912377938628196716e-02
3.182512708008289337e-02
3.011790588498115470e-02
3.021270260214805464e-02
3.079121224582195143e-02
3.038009963929653307e-02
3.068535551428795000e-02
3.028894700109958579e-02
3.041602410376071861e-02
3.088566586375236442e-02
3.105488345026969840e-02
3.028145022690296312e-02
3.144340366125106950e-02
3.135126382112503329e-02
2.933459803462028573e-02
3.167305663228035112e-02
3.006116859614849091e-02
3.175758868455887118e-02
3.127699978649615964e-02
3.023032806813717027e-02
2.975205928087234358e-02
3.117262199521064758e-02
3.110466934740543227e-02
3.115609958767890861e-02
2.952175773680210114e-02
2.990627735853195260e-02
3.054841496050357888e-02
2.982363589107990196e-02
3.169054910540580750e-02
3.114904239773750444e-02
2.966509088873863290e-02
3.040422908961772780e-02
3.150002025067806521e-02
2.957051619887351990e-02
2.917637154459953169e-02
3.144880831241607388e-02
2.932552956044674058e-02
3.174700848758220395e-02
3.106976337730884413e-02
3.116498999297618797e-02
2.924117185175418784e-02
2.989218160510063310e-02
2.924615852534771104e-02
2.988368645310401917e-02
2.987763807177543779e-02
2.991503477096557617e-02
2.926547937095165183e-02
3.227631971240043501e-02
3.031246773898601393e-02
2.879283353686332841e-02
3.036737106740474562e-02
3.025642596185207367e-02
2.945539616048336098e-02
2.870502583682537148e-02
3.189897164702415466e-02
2.889487147331237793e-02
2.900857552886009286e-02
2.950927577912807603e-02
2.968808934092521598e-02
3.006130829453468323e-02
2.893547490239143510e-02
3.097724393010139327e-02
2.972365915775299072e-02
2.967519648373127122e-02
3.167412951588630815e-02
2.939096242189407487e-02
2.968852706253528526e-02
3.000556081533432146e-02
2.933626100420951704e-02
2.965469993650913377e-02
2.973508425056934495e-02
3.000818602740764479e-02
2.977471202611923357e-02
2.885716296732425759e-02
2.940104082226753165e-02
2.869317308068275452e-02
2.882579974830150674e-02
2.946780472993850569e-02
3.003138154745101790e-02
2.853108681738376548e-02
2.823792174458503862e-02
2.830016687512397836e-02
2.793435677886009147e-02
2.743789814412593911e-02
2.716373912990093301e-02
2.811758071184158186e-02
2.761441245675087114e-02
2.747181542217731406e-02
2.757908292114734719e-02
2.793820612132549147e-02
2.757955603301525185e-02
2.806878015398979118e-02
2.835644148290157249e-02
2.832032181322574615e-02
2.857054732739925523e-02
2.835808880627155304e-02
2.770083025097846985e-02
2.787442766129970620e-02
2.879773154854774544e-02
2.829023972153663774e-02
2.801018692553043296e-02
2.737491875886917045e-02
2.769589759409427782e-02
2.780933193862438271e-02
2.777358070015907218e-02
2.717150151729583879e-02
2.832951471209526131e-02
2.853092364966869354e-02
2.884807214140892168e-02
2.719918712973594735e-02
2.787158526480197976e-02
2.753011137247085571e-02
2.748047374188899994e-02
2.749729342758655548e-02
2.772547639906406541e-02
2.692362964153289726e-02
2.687555551528930664e-02
2.788111679255962302e-02
2.727208435535431047e-02
2.661080174148082803e-02
2.797893099486827712e-02
2.702552080154418945e-02
2.829963788390159676e-02
2.797796726226806779e-02
2.782026156783103804e-02
2.653181962668895583e-02
2.668994553387165139e-02
2.803612127900123596e-02
2.713742069900035997e-02
2.817681208252906938e-02
2.693737819790840288e-02
2.683701440691948006e-02
2.747487090528011322e-02
2.786973416805267265e-02
2.687977291643619399e-02
2.714340724050998827e-02
2.749138772487640450e-02
2.750910632312297821e-02
2.784119322896003862e-02
2.715301439166068961e-02
2.701342515647411208e-02
2.688533328473568032e-02
2.726600207388401101e-02
2.804752774536609788e-02
2.801681011915206979e-02
2.846758253872394562e-02
2.711287774145603249e-02
2.730709277093410631e-02
2.738590389490127425e-02
2.694620676338672569e-02
2.780402898788452218e-02
2.808220721781253676e-02
2.640111409127712111e-02
2.673760466277599196e-02
2.750006802380084922e-02
2.665753290057182312e-02
2.689236029982566833e-02
2.707878984510898521e-02
2.822536267340183119e-02
2.659212984144687653e-02
2.722005993127822945e-02
2.671309188008308411e-02
2.668179944157600403e-02
2.688963189721107344e-02
2.644532881677150865e-02
2.752247974276542802e-02
2.722537070512771537e-02
2.669051103293895721e-02
2.718700431287288805e-02
2.641928754746913910e-02
2.717669233679771354e-02
2.624547295272350311e-02
2.775131016969680647e-02
2.714243866503238817e-02
2.704919949173927377e-02
2.603802718222141335e-02
2.661760598421096871e-02
2.698690891265869210e-02
2.727996371686458588e-02
2.703009545803070068e-02
2.670163773000240257e-02
2.680594660341739655e-02
2.617778517305851052e-02
2.609915658831596375e-02
2.601874023675918718e-02
2.656571641564369271e-02
2.635208070278167655e-02
2.647838555276393890e-02
2.571515776216983656e-02
2.664006762206554482e-02
2.586661614477634569e-02
2.630305550992488930e-02
2.612299025058746269e-02
2.586942911148071289e-02
2.619059719145298143e-02
2.557959109544754098e-02
2.597851343452930312e-02
2.574522420763969421e-02
2.720603495836258073e-02
2.581245712935924599e-02
2.558953613042831352e-02
2.613563984632492204e-02
2.638483792543411255e-02
2.723834440112114091e-02
2.623815685510635237e-02
2.662609629333019187e-02
2.607558034360408714e-02
2.609986700117588113e-02
2.636081315577030321e-02
2.560609355568885942e-02
2.613853737711906502e-02
2.625666446983814309e-02
2.600938528776168893e-02
2.594072595238685469e-02
2.559653036296367576e-02
2.529751174151897292e-02
2.570206187665462563e-02
2.681184820830822060e-02
2.593147978186607222e-02
2.615758478641510079e-02
2.598663792014122009e-02
2.612036578357219627e-02
2.566696740686893324e-02
2.639508768916130205e-02
2.531845830380916734e-02
2.560542225837707589e-02
2.632304802536964555e-02
2.563722208142280717e-02
2.544657997786998679e-02
2.575080916285514901e-02
2.562244273722171645e-02
2.504191733896732330e-02
2.687059789896011422e-02
2.544511631131172319e-02
2.568270750343799522e-02
2.600194439291953971e-02
2.615833021700382163e-02
2.685015276074409485e-02
2.578047811985016008e-02
2.682932019233703544e-02
2.575896680355072021e-02
2.541879862546920707e-02
2.557561844587325980e-02
2.534750215709209373e-02
2.611931301653385232e-02
2.632897607982158730e-02
2.583150379359722137e-02
2.580326870083808968e-02
2.601320557296276162e-02
2.568948529660701821e-02
2.561061233282089372e-02
2.520425245165824890e-02
2.578610666096210410e-02
2.556186504662037035e-02
2.588940747082233568e-02
2.579841837286949227e-02
2.560289241373538832e-02
2.599957734346389909e-02
2.563928663730621199e-02
2.513234242796897819e-02
2.567555792629718642e-02
2.564948350191116264e-02
2.579209804534911971e-02
2.599904648959636827e-02
2.608526349067687850e-02
2.566933333873748849e-02
2.571382671594619682e-02
2.481825351715087960e-02
2.592445202171802382e-02
2.602481693029403548e-02
2.542728297412395408e-02
2.561009414494037559e-02
2.701276466250419547e-02
2.549143172800540785e-02
2.496501579880714555e-02
2.549285665154456954e-02
2.565210945904254983e-02
2.533536441624164443e-02
2.507537752389907976e-02
2.557466775178909163e-02
2.512929588556289673e-02
2.593144737184047838e-02
2.511289305984974046e-02
2.568729929625988145e-02
2.488294057548046112e-02
2.494260258972644945e-02
2.590457983314991067e-02
2.540470510721206526e-02
2.514481619000434945e-02
2.560143433511257241e-02
2.502001747488975456e-02
2.503555044531822343e-02
2.478368468582630227e-02
2.482037506997585366e-02
2.507264055311679909e-02
2.512214183807372908e-02
2.543767206370830397e-02
2.577697075903415819e-02
2.513329870998859406e-02
2.543612644076347420e-02
2.574010007083415985e-02
2.476546205580234389e-02
2.514178156852722029e-02
2.482093721628188948e-02
2.557346075773238997e-02
2.566673979163169861e-02
2.499297708272934029e-02
2.528744004666805267e-02
2.480427101254463126e-02
2.534821033477783342e-02
2.494185045361518860e-02
2.466962411999702384e-02
2.487850189208984375e-02
2.527010031044483324e-02
2.474466934800147871e-02
2.519460655748844216e-02
2.602375708520412306e-02
2.491705305874347687e-02
2.497233897447586129e-02
2.503287047147750854e-02
2.558167316019534926e-02
2.535816580057144096e-02
2.509173713624477525e-02
2.476122230291366577e-02
2.500268481671810011e-02
2.492513284087181230e-02
2.495671361684799125e-02
2.507431320846080849e-02
2.511644139885902544e-02
2.515260763466358254e-02
2.513307593762874673e-02
2.478598766028881212e-02
2.475267313420772414e-02
2.522208951413631300e-02
2.534225098788738320e-02
2.507599927484989097e-02
2.490796409547329018e-02
2.538259662687778612e-02
2.558932974934578081e-02
2.498346194624900818e-02
2.533777169883251121e-02
2.502914071083068778e-02
2.545615807175636430e-02
2.441970407962799211e-02
2.487390339374542098e-02
2.465262599289417406e-02
2.521566562354564736e-02
2.538199089467525413e-02
2.457599937915801863e-02
2.530387490987777779e-02
2.448488138616084983e-02
2.516773566603660445e-02
2.546877823770046095e-02
2.489456683397293230e-02
2.440389804542064667e-02
2.533503472805023055e-02
2.496455423533916473e-02
2.514152191579342027e-02
2.481856644153595040e-02
2.426606826484203200e-02
2.496028728783130507e-02
2.524732053279876709e-02
2.468607351183891435e-02
2.524271421134471893e-02
2.545108310878276686e-02
2.528514862060547014e-02
2.495662719011306624e-02
2.502096444368362427e-02
2.474010661244392326e-02
2.492176294326782157e-02
2.489438205957412650e-02
2.585977837443351884e-02
2.598911970853805611e-02
2.535015493631363054e-02
2.475221119821071486e-02
2.480485439300537248e-02
2.482948377728462150e-02
2.495393492281437059e-02
2.462883926928043435e-02
2.525111287832260132e-02
2.532217726111412118e-02
2.453860193490981986e-02
2.411062829196453094e-02
2.485463917255401750e-02
2.470754086971282959e-02
2.519218474626540999e-02
2.489900104701519082e-02
2.485128939151763985e-02
2.464375197887420585e-02
2.494443282485008309e-02
2.437980957329273154e-02
2.478877827525138855e-02
2.420864515006542275e-02
2.472512759268283983e-02
2.451271004974842072e-02
2.501201741397380759e-02
2.456293366849422385e-02
2.527551762759685378e-02
2.498256973922252655e-02
2.550032474100589683e-02
2.430702783167362074e-02
2.469339407980442047e-02
2.484309189021587441e-02
2.456117197871208330e-02
2.474353834986686707e-02
2.453233711421489577e-02
2.471867837011814187e-02
2.481410354375839303e-02
2.461960650980472495e-02
2.468080297112464766e-02
2.469486556947231293e-02
2.519574798643588881e-02
2.511203549802303384e-02
2.557362951338291307e-02
2.492991723120212624e-02
2.496555708348751138e-02
2.458261847496032854e-02
2.494295015931129525e-02
2.486413158476352692e-02
2.442541606724262307e-02
2.484399043023586412e-02
2.535547763109207223e-02
2.464672178030014038e-02
2.525132521986961365e-02
2.431967183947563241e-02
2.492964826524257660e-02
2.485884353518486023e-02
2.427391968667507241e-02
2.412137947976589203e-02
2.523374296724796226e-02
2.506457343697547982e-02
2.467866800725460052e-02
2.493528947234153678e-02
2.434382885694503715e-02
2.440496645867824485e-02
2.449821680784225464e-02
2.494186609983444283e-02
2.478487119078636239e-02
2.473272308707237174e-02
2.539836913347244193e-02
2.481476441025733809e-02
2.421360462903976440e-02
2.454714737832546304e-02
2.466705068945884705e-02
2.470288760960102220e-02
2.420056797564029694e-02
2.467176914215087752e-02
2.453759759664535592e-02
2.462086491286754469e-02
2.462938390672207017e-02
2.491862513124942780e-02
2.493150606751442025e-02
2.508174106478690962e-02
2.485697306692600389e-02
2.489734515547752450e-02
2.432013191282749245e-02
2.452988252043724129e-02
2.435028627514839242e-02
2.394026592373848031e-02
2.430581226944923331e-02
2.442763969302177290e-02
2.501234747469425340e-02
2.407942935824394087e-02
2.483268231153488298e-02
2.474797554314136366e-02
2.472040876746177743e-02
2.393006347119808197e-02
2.484351098537445138e-02
2.476467676460742881e-02
2.505263611674308707e-02
2.459038235247135162e-02
2.436370141804218223e-02
2.461807727813720634e-02
2.473875433206558158e-02
2.453980147838592460e-02
2.477529831230640411e-02
2.468515783548354964e-02
2.419879771769046714e-02
2.486537210643291473e-02
2.411881126463413100e-02
2.438965439796447754e-02
2.450330331921577592e-02
2.478432878851890425e-02
2.465087175369262695e-02
2.402827739715576033e-02
2.443197146058082719e-02
2.440076731145381789e-02
2.407354675233364105e-02
2.423735484480857988e-02
2.467927038669586251e-02
2.474088706076145103e-02
2.406429946422576974e-02
2.498154565691947798e-02
2.468001060187816759e-02
2.413817420601844718e-02
2.453125454485416412e-02
2.429319508373737474e-02
2.473817169666290422e-02
2.432270459830760886e-02
2.426248230040073395e-02
2.458887435495853493e-02
2.420255355536937714e-02
2.415475063025951385e-02
2.466000504791736672e-02
2.434905096888542037e-02
2.454222328960895677e-02
2.456565648317337106e-02
2.470394074916839461e-02
2.471848838031292031e-02
2.468297854065894942e-02
2.491113692522049089e-02
2.409381456673145155e-02
2.452167235314845969e-02
2.424591481685638497e-02
2.487710453569889207e-02
2.432678453624248505e-02
2.449994310736656328e-02
2.434663698077201704e-02
2.369698509573936462e-02
2.455237992107868125e-02
2.429062537848949294e-02
2.442241162061691354e-02
2.431412264704704146e-02
2.449725382030010223e-02
2.446504943072795937e-02
2.463850192725658417e-02
2.458607032895088196e-02
2.418080531060695648e-02
2.436356209218502183e-02
2.444032728672027727e-02
2.449869662523269584e-02
2.456422448158264091e-02
2.429351173341274400e-02
2.430986613035202026e-02
2.412339895963668684e-02
2.445123158395290375e-02
2.481185942888259818e-02
2.462598197162151406e-02
2.436717264354228835e-02
2.421478554606437683e-02
2.394024878740310530e-02
2.462505958974361281e-02
2.440153956413269182e-02
2.414136528968811174e-02
2.416612692177295615e-02
2.397197373211383889e-02
2.431263774633407593e-02
2.497195824980735779e-02
2.466829456388950487e-02
2.468127645552158425e-02
2.425510212779045244e-02
2.411845475435257097e-02
2.465386800467967918e-02
2.443926930427551408e-02
2.437538653612136841e-02
2.447029352188110490e-02
2.470246739685535292e-02
2.449656315147876601e-02
2.466457746922969679e-02
2.489083111286163191e-02
2.429414652287959983e-02
2.431998178362846513e-02
2.465899214148521354e-02
2.441227287054061751e-02
2.503265962004661699e-02
2.455259598791599204e-02
2.446441054344177315e-02
2.501567415893077989e-02
2.439990490674972395e-02
2.449636571109294753e-02
2.495180070400238037e-02
2.455559819936752389e-02
2.473234757781028748e-02
2.410376407206058641e-02
2.437274232506752084e-02
2.406636588275432725e-02
2.511189728975295882e-02
2.426317743957042555e-02
2.417754828929901192e-02
2.472769506275653700e-02
2.429223209619522234e-02
2.408593334257602692e-02
2.433154806494712899e-02
2.508254125714302202e-02
2.444752342998981337e-02
2.407901100814342429e-02
2.464845739305019517e-02
2.466531619429588457e-02
2.450383193790912559e-02
2.477249465882778307e-02
2.442865632474422455e-02
2.370567284524440627e-02
2.461896948516368797e-02
2.447532899677753310e-02
2.441450916230678697e-02
2.438558600842952867e-02
2.423066161572933266e-02
2.456090599298477173e-02
2.468369342386722565e-02
2.445245683193206926e-02
2.449738942086696764e-02
2.502375133335590224e-02
2.430191822350025177e-02
2.444646507501602173e-02
2.489539049565792084e-02
2.428934723138809204e-02
2.452629394829273363e-02
2.436819523572921614e-02
2.463444396853447030e-02
2.449104860424995353e-02
2.495304383337497781e-02
2.412600927054881980e-02
2.431338801980018755e-02
2.461545430123806069e-02
2.456417605280876090e-02
2.417732961475849152e-02
2.455287128686904977e-02
2.445331215858459473e-02
2.502118721604347160e-02
2.466226890683174272e-02
2.408994436264038155e-02
2.442523688077926497e-02
2.483227327466010909e-02
2.449983954429626326e-02
2.438161373138427596e-02
2.443495728075504442e-02
2.460484504699706962e-02
2.443637438118457725e-02
2.438491135835647514e-02
2.434237860143184662e-02
2.458607852458953927e-02
2.406754456460475852e-02
2.473052218556404114e-02
2.445255741477012773e-02
2.437716424465179513e-02
2.402648851275444170e-02
2.433302029967308183e-02
2.402771599590778490e-02
2.473478391766548157e-02
2.447039186954498222e-02
2.413723394274711748e-02
2.423744574189186027e-02
2.432853616774082253e-02
2.409376166760921617e-02
2.401021271944046159e-02
2.447520866990089347e-02
2.440266683697700500e-02
2.481934837996959548e-02
2.447639331221580436e-02
2.432011440396308899e-02
2.448352649807929854e-02
2.447307594120502403e-02
2.430885992944240709e-02
2.464974708855151991e-02
2.391046695411205153e-02
2.483200393617153098e-02
2.420799769461155077e-02
2.425470463931560586e-02
2.446768395602703233e-02
2.487809807062148909e-02
2.410346493124961714e-02
2.389182299375534196e-02
2.422060780227184434e-02
2.469412833452224593e-02
2.442993298172950814e-02
2.476076446473598341e-02
2.434107400476932456e-02
2.442965507507324080e-02
2.415602244436741014e-02
2.391869239509105544e-02
2.444935478270053933e-02
2.470878362655639510e-02
2.488400824367999892e-02
2.444871403276920388e-02
2.410231754183769087e-02
2.453598268330097268e-02
2.425254210829734872e-02
2.465991415083408286e-02
2.459082342684269090e-02
