1.673462893813848495e-02
8.680043835192918431e-03
6.597822904586792339e-03
5.382195673882960926e-03
5.130743142217397690e-03
4.276162572205066334e-03
3.949889214709401131e-03
3.576082899235188874e-03
3.331706020981073466e-03
2.900849608704447573e-03
2.630069013684988109e-03
2.330963709391653624e-03
2.242742059752345259e-03
2.160981995984911919e-03
1.898508891463279637e-03
1.721191918477416039e-03
1.748877391219139142e-03
1.516708475537598090e-03
1.451399375218897971e-03
1.280745293479412881e-03
1.320108538493514061e-03
1.401664200238883582e-03
1.243571052327752113e-03
1.099318615160882473e-03
1.182705408427864270e-03
1.158156106248497876e-03
9.671190753579139276e-04
9.604680119082332091e-04
9.626703336834907749e-04
8.895985898561775901e-04
8.724885294213891463e-04
8.458469819743186235e-04
7.657643756829202609e-04
7.440729998052120642e-04
7.456756895408034758e-04
7.876189192757010460e-04
6.593014928512275436e-04
7.843363680876791044e-04
6.939450977370142937e-04
6.280797417275608020e-04
5.548611981794238524e-04
7.630079402588307641e-04
6.078847101889551120e-04
5.575715447776019140e-04
6.523775926325469775e-04
5.378154048230499463e-04
5.192444834392518239e-04
5.290876491926610253e-04
7.288383611012249751e-04
5.095919710583985069e-04
6.402592931408435323e-04
4.784171469509601593e-04
4.513908468652516712e-04
5.759231105912476344e-04
7.042203564196824811e-04
4.620577616151422479e-04
4.944079788401723125e-04
4.771518870256841183e-04
4.066417779540642988e-04
5.150234326720237298e-04
4.697399388533085693e-04
5.723348178435117440e-04
4.690308996941894293e-04
5.909821018576621576e-04
3.982111171353608587e-04
3.774009295739233277e-04
3.568154003005475023e-04
3.356077999342232726e-04
3.570752043742686402e-04
4.062992287799715779e-04
3.707404684973880649e-04
3.574568399926647544e-04
5.195184785407036543e-04
3.773306641960516680e-04
3.456011152593419064e-04
3.903806617017835487e-04
4.886577080469578505e-04
3.378784167580306530e-04
3.897204296663403511e-04
3.701138746691867818e-04
4.116008116398006461e-04
4.391370865050703396e-04
3.431193879805505384e-04
2.864079433493316174e-04
3.279242344433441867e-04
3.354964021127670895e-04
3.210156195564195297e-04
3.286518767708912492e-04
3.137777821393683553e-04
4.989662265870720148e-04
2.764576347544789314e-04
3.109922399744391441e-04
3.002829907927662134e-04
7.224655360914767005e-04
2.880990068661049008e-04
2.567775547504424940e-04
3.146961622405797460e-04
3.243097307858988643e-04
3.006056096637621414e-04
2.812880324199795506e-04
2.258313295897096504e-04
2.052801079116761630e-04
2.190265979152172695e-04
2.347392030060291182e-04
2.230479731224477291e-04
1.914880907861515934e-04
1.987894065678119659e-04
1.967224525287747383e-04
2.863383022486232330e-04
2.225218195235356688e-04
1.773324038367718458e-04
1.700322434771806110e-04
1.804038241971284205e-04
1.736959704430773746e-04
1.861090189777314717e-04
3.076346387388184450e-04
1.984149974305182804e-04
1.886764075607061386e-04
1.735503610689193010e-04
2.191508334362879341e-04
1.884760946268215721e-04
1.739803323289379532e-04
1.782036735676228892e-04
1.866971477284096290e-04
1.616557055967859924e-04
1.674008846748620163e-04
1.982369140023365617e-04
1.941911497851833593e-04
2.174557652324438149e-04
1.871082989964634234e-04
2.075864409562200254e-04
1.695958722848445123e-04
1.754115219227969646e-04
1.501834187365602593e-04
1.938250483362935538e-04
1.616089604794978987e-04
1.713341844151727855e-04
1.511669644969515394e-04
2.632331132190302123e-04
1.665894364123232717e-04
1.804601168259978403e-04
1.545286126201972420e-04
1.832042980822734535e-04
1.549560736748390008e-04
2.292368793860077912e-04
1.539559438242577071e-04
1.557069859700277393e-04
1.624987533432431627e-04
1.541659061331301982e-04
1.805144260288216228e-04
1.708401090581901426e-04
1.569672866025939692e-04
1.504299681982956718e-04
1.643183495616540313e-04
1.592322849319316555e-04
1.744463850627653409e-04
1.844114696723408889e-04
1.757152116624638492e-04
1.585321864695288295e-04
1.718256404274143224e-04
1.471653842600062381e-04
1.900635659694671739e-04
1.300110438023693914e-04
1.332694744633045156e-04
1.419702733983285779e-04
1.498213154263794476e-04
1.775720156729221344e-04
1.461036765249445926e-04
1.519894853117875809e-04
1.603711629286408479e-04
1.444271343643777018e-04
1.681573907262645716e-04
1.480542647186666673e-04
1.514876465080306042e-04
1.502538550994359065e-04
1.519803961855359484e-04
1.708079769741743911e-04
1.863490921095944887e-04
1.621224102564155947e-04
1.894076573080383187e-04
1.530442168586887419e-04
1.815342780901119059e-04
1.699934189673513282e-04
1.403952715918421691e-04
1.517562413937412202e-04
1.263721918803639764e-04
1.312769323703832870e-04
1.411237652064301182e-04
1.318360242294147556e-04
1.553519163280725533e-04
1.382519636536017006e-04
1.516066884505562593e-04
1.722620407235808779e-04
1.377305379719473422e-04
1.474426680942997336e-04
1.452307405997999012e-04
1.359063884592615122e-04
1.604298624442890178e-04
1.314504843321628869e-04
1.288855535676702965e-04
1.133789177401922697e-04
1.208544912515208179e-04
1.000699041469488320e-04
1.082003262126818272e-04
1.240927842445671450e-04
1.189618327771313543e-04
1.068985649908427176e-04
1.125248396419919973e-04
1.092188678740058121e-04
1.129448428400792181e-04
1.155532969278283363e-04
1.073949519195593948e-04
1.100781853892840418e-04
1.106490948586724753e-04
1.218201963638421202e-04
1.151922224380541593e-04
9.849946873146109554e-05
1.016406371491029913e-04
1.074176259862724665e-04
9.691796149127184803e-05
1.018406313960440511e-04
1.027518563205376240e-04
1.003704892355017364e-04
1.190249342471361187e-04
1.042186740960460156e-04
9.666739279055037147e-05
1.018672533973585760e-04
9.321842662757262588e-05
1.098320688470266732e-04
1.011781801935285276e-04
9.350030377390794727e-05
9.044669932336545939e-05
9.155842781183309853e-05
1.126229886722285246e-04
1.081945825717411881e-04
1.158395316451787949e-04
1.092205478926189298e-04
9.045059414347633719e-05
8.965165834524668482e-05
1.093487968319095617e-04
1.104149589082226184e-04
1.931630060425959419e-04
1.236160154803656096e-04
1.041922718286514336e-04
1.042461706674657735e-04
1.046876866894308451e-04
9.757508232723920995e-05
9.652453809394501150e-05
1.026218189508654204e-04
8.882739930413663929e-05
9.000828213174827126e-05
1.145334514148998951e-04
9.709854421089403873e-05
1.045267345034517348e-04
1.062056428054347661e-04
8.784158999333157593e-05
1.130644137447234189e-04
8.928298957471270385e-05
1.371891557937487960e-04
8.546409444534219259e-05
8.900216707843355292e-05
1.023279415676370209e-04
9.789345785975456509e-05
9.938868315657600489e-05
1.019591712974943275e-04
1.015172150800935978e-04
8.632538374513387951e-05
9.061147502507083660e-05
1.215196098200976849e-04
1.047626516083255356e-04
9.433466257178225165e-05
1.266765029868111014e-04
1.159683495643548640e-04
9.072848042706027898e-05
9.430208883713931116e-05
1.009921295917592916e-04
1.094312217901460799e-04
8.929824034566990489e-05
9.598813267075456679e-05
1.015943009406328228e-04
1.004783633106853786e-04
9.047752610058523715e-05
1.209410853334702497e-04
8.938852624851278961e-05
9.022374579217284376e-05
9.900610457407310876e-05
7.997255015652626482e-05
9.987834491766988689e-05
8.770406348048708791e-05
9.622178113204427335e-05
8.849468285916372863e-05
9.103775664698332548e-05
8.755389499128795618e-05
8.933331628213636577e-05
8.178014904842711714e-05
8.333400983246974376e-05
9.154179715551436490e-05
9.311288013122976368e-05
8.583003072999417511e-05
8.960781051428056711e-05
8.183408208424225179e-05
8.519573966623284465e-05
8.118404293782078001e-05
7.746496157778892666e-05
8.081835258053616231e-05
8.321130007971078157e-05
9.440311332582495836e-05
8.017784930416382307e-05
8.033741396502591399e-05
8.587350312154740366e-05
7.499821185774635524e-05
8.637448045192285830e-05
8.004959454410709441e-05
8.474207388644571805e-05
8.601227527833543447e-05
7.611031032865867290e-05
8.271246260846965557e-05
8.485720682074315304e-05
7.827783701941370964e-05
8.624754409538581425e-05
8.024990384001285380e-05
6.973903873586095870e-05
7.766304115648381141e-05
7.390806567855178768e-05
7.569639783469028229e-05
7.924117089714854685e-05
7.699583366047591513e-05
7.783781475154683536e-05
7.890504275565035641e-05
8.241927716881036216e-05
8.307154494104906375e-05
8.040254833758808401e-05
7.840035395929589597e-05
8.367312257178128037e-05
8.126671309582889080e-05
7.569673325633630699e-05
8.484241261612624201e-05
8.399057405767962065e-05
8.274245919892564416e-05
7.582108664792031592e-05
7.605567006976343149e-05
7.307401392608880997e-05
8.502038108417763764e-05
8.066218506428413635e-05
8.076666999841108647e-05
7.340848751482553238e-05
7.481221546186133948e-05
7.495590689359233054e-05
7.359916999121196839e-05
8.699497557245195183e-05
8.538894326193258166e-05
7.917587499832734737e-05
7.222601925604976714e-05
8.488275561830959943e-05
7.670969644095748934e-05
6.980123653193004700e-05
9.498098297626711699e-05
6.808414982515387779e-05
8.620640292065218633e-05
8.440651072305627167e-05
7.837353550712577457e-05
6.985949585214257240e-05
7.059289891913067821e-05
7.094709544617217576e-05
7.647666207049042258e-05
7.283084923983551020e-05
7.159019478422123397e-05
6.941234823898412287e-05
8.787974074948578802e-05
7.520988292526453462e-05
6.609979536733589524e-05
8.491610860801301626e-05
8.088680697255767611e-05
8.040756874834187058e-05
6.802965654060245102e-05
8.668021691846661812e-05
7.391426261165179583e-05
6.532520274049602449e-05
7.491983415093272653e-05
7.431104531860910898e-05
7.383289703284390000e-05
7.304343889700249380e-05
8.280668625957333094e-05
7.677146204514429244e-05
7.136521890060976148e-05
8.220990494010039216e-05
7.056319009279832244e-05
7.333876346820034358e-05
7.365302008111029863e-05
7.650328916497528553e-05
8.079494800767861036e-05
7.385074277408421582e-05
7.089120044838637385e-05
7.426668453263119134e-05
6.864579481771215254e-05
7.749054129817523333e-05
7.131169768399558690e-05
7.174417660280597007e-05
7.711428042966872454e-05
7.317660129046998918e-05
6.850714999018236995e-05
6.961094040889293497e-05
6.885462425998412073e-05
7.235406519612297416e-05
6.237578563741407746e-05
6.439260760089382258e-05
7.511530930059961975e-05
6.853153208794538474e-05
6.619125633733347058e-05
7.187519877334125069e-05
7.283380473381839964e-05
7.017286261543632096e-05
6.965725078771356764e-05
7.282124097400810841e-05
6.959556994843297249e-05
7.870713525335304981e-05
7.557323115179315751e-05
6.754655187251046571e-05
6.848387092759367621e-05
7.459865082637406886e-05
7.054520574456546456e-05
7.003942191659006950e-05
6.919903098605573448e-05
6.900343651068396595e-05
6.772921697120181674e-05
7.115630432963371277e-05
6.468064384534955025e-05
7.812913609086535329e-05
7.574662959086708724e-05
7.391168328467756781e-05
6.630287316511385143e-05
6.952125186217017201e-05
6.961136750760488212e-05
6.957962759770452434e-05
6.580118279089219326e-05
7.096263507264666801e-05
6.123862622189334983e-05
6.544182833749801192e-05
7.913979534350801530e-05
6.760963224223814634e-05
6.198363698786124045e-05
7.111849117791280150e-05
7.089716673363000426e-05
6.968698144191876596e-05
7.698109620832838660e-05
6.963759951759130305e-05
6.467825805884785679e-05
6.577207823283970085e-05
6.698266297462396053e-05
6.535984612128231403e-05
7.611565997649450126e-05
7.003490900387987223e-05
6.606039241887628490e-05
7.164987655414734578e-05
7.020284683676437086e-05
6.558140012202784419e-05
6.614269004785455492e-05
6.700794074276927859e-05
6.555150066560600224e-05
6.682173261651769280e-05
6.528520534629934078e-05
6.710393063258379698e-05
6.593248472199774736e-05
6.489948864327744192e-05
6.916680395079311254e-05
7.136888161767274412e-05
7.843797538953367621e-05
6.740253375028259510e-05
6.921820458956062523e-05
6.576784071512519771e-05
6.190772182890214026e-05
6.925025591044686193e-05
6.805240045650861615e-05
6.293016631389036233e-05
6.436553921957965669e-05
6.847059412393719500e-05
6.450360560847912526e-05
6.495176639873534983e-05
6.833847655798308009e-05
7.029441112536006218e-05
6.521433533634990454e-05
6.995650692260823873e-05
6.278931832639499957e-05
6.747929801349527863e-05
6.828914956713560969e-05
6.610486598219722238e-05
7.338018331211060015e-05
6.778235328965819830e-05
6.422576734621543437e-05
6.807403406128287315e-05
6.461394514190033078e-05
7.018340402282774177e-05
5.991734433337114480e-05
7.191069744294509292e-05
7.259311896632426029e-05
6.949409544176887721e-05
6.130679576017427918e-05
6.125434592831879312e-05
6.949350354261696610e-05
7.187472729128785973e-05
6.726535502821207047e-05
6.485926351160742885e-05
6.723824990331194753e-05
6.219777242222335190e-05
6.121774749772157791e-05
6.220065370143856853e-05
6.870906581752933291e-05
6.575237093784381246e-05
6.660393410129472613e-05
5.982177754049189389e-05
6.681536469841376489e-05
6.447420892072842067e-05
6.807970676163677397e-05
6.748718515154905346e-05
6.122324048192240027e-05
6.389921036316081610e-05
6.347831440507434037e-05
6.336332771752494777e-05
6.104218919062986699e-05
6.954574855626561019e-05
6.495588168036192927e-05
5.725919872929807481e-05
6.249691141420043734e-05
6.708011460432317108e-05
7.263306470122188601e-05
7.069755956763401356e-05
6.462699966505169326e-05
6.366336092469281906e-05
6.019044740241951969e-05
6.585099654330406880e-05
5.739884181821253151e-05
6.216526344360318035e-05
7.014733819232787937e-05
6.739968594047241455e-05
6.403823208529501882e-05
6.176878014230169356e-05
6.107738663558847931e-05
6.088957234169356254e-05
6.906130874995142221e-05
6.201263022376224399e-05
6.537412737088743868e-05
6.328498056973330677e-05
6.531310427817515487e-05
6.199182607815600390e-05
6.652163247053977644e-05
5.872707261005416784e-05
6.429704444599337876e-05
6.639376370003447208e-05
6.448490094044246322e-05
5.967807592242024703e-05
6.119411336840130660e-05
6.294998238445259089e-05
5.853783877682871981e-05
6.385134183801710335e-05
6.387072207871823961e-05
5.916963600611779568e-05
6.426982436096295985e-05
6.453994246840011600e-05
7.291517104022205418e-05
6.498405055026524040e-05
7.080263021634891900e-05
6.696639466099440509e-05
6.165113918541465497e-05
6.111239235906396061e-05
6.083681400923523916e-05
6.166400416987016255e-05
6.740639364579691941e-05
6.267939461395144734e-05
6.219256974873132462e-05
6.761334007023833150e-05
6.292454163485672596e-05
6.029246796970255808e-05
5.836265154357533902e-05
6.364300134009681642e-05
6.268222132348455760e-05
6.410162604879588160e-05
6.180019117891788212e-05
5.856639400008134815e-05
6.513860316772479022e-05
6.373880423780065572e-05
5.822847524541430311e-05
6.007068150211125341e-05
6.032979144947603616e-05
6.098625053709838675e-05
6.184909361763856763e-05
6.728957414452452484e-05
5.972613507765345275e-05
6.366470443026628074e-05
5.534101946977898343e-05
6.415179959731175953e-05
6.743804333382285860e-05
5.735366685257759081e-05
6.422644437407143956e-05
6.897692146594636413e-05
6.312233017524704337e-05
6.049507646821439266e-05
6.023586975061334941e-05
6.038381543476134810e-05
5.949938931735232337e-05
6.000725916237570616e-05
6.250371734495274723e-05
5.905245052417740226e-05
6.427316257031633908e-05
6.146512387203984505e-05
6.591087585547939485e-05
5.465181384352035549e-05
6.260310547077097541e-05
7.097211528162006289e-05
6.037304156052414599e-05
6.153698705020360378e-05
6.423663107852916894e-05
6.253828178159892559e-05
5.877057083125691861e-05
5.875935530639253421e-05
5.738248000852763653e-05
5.756210593972354856e-05
5.802393861813470992e-05
6.216145739017520371e-05
6.400801867130212215e-05
6.003106682328507304e-05
6.081535175326280160e-05
6.480929259851108965e-05
5.619945623038802431e-05
6.396757780748884583e-05
5.721786146750673652e-05
6.412453294615260715e-05
6.290808378253131563e-05
5.893879933864809844e-05
6.189691703184507787e-05
6.068160109862219542e-05
6.414811759896111014e-05
6.000732319080270962e-05
5.871544344699941304e-05
6.002178051858209209e-05
6.397244396794121712e-05
6.044544497854076461e-05
6.597697247343604064e-05
6.649787501373793659e-05
5.827255299664102630e-05
5.858071381226181984e-05
6.038742612872738662e-05
6.404238192772026563e-05
6.378993166435975039e-05
5.962663490208797021e-05
5.860972487425897270e-05
5.932073800067883256e-05
5.965846612525638464e-05
5.734842270612716810e-05
6.310054050118196756e-05
6.160728480608668178e-05
5.930148618062958257e-05
6.305270871962421184e-05
5.582727244473062727e-05
6.363734573824330622e-05
6.473178873420693522e-05
6.177819232107139853e-05
5.869146225450095060e-05
5.925891891820356114e-05
6.156055023893713680e-05
6.234987486095633900e-05
6.143920763861388239e-05
6.312308032647706297e-05
6.074378943594637987e-05
6.230831641005352682e-05
5.791018629679456624e-05
6.120450379967223311e-05
5.498469181475229561e-05
5.709034558094572005e-05
6.517056135635357350e-05
5.709528413717634705e-05
5.980961104796733436e-05
5.604741454590111971e-05
6.825079835834913498e-05
6.302676483755930987e-05
6.213706510607152635e-05
5.687554803444072469e-05
6.540415488416328755e-05
6.119402278272900188e-05
6.204180135682690889e-05
6.304633789113722200e-05
5.564531929849181460e-05
6.027375056874007122e-05
6.431691763282287595e-05
5.601021439360920340e-05
6.207775877555831725e-05
6.458342541009187969e-05
5.804472966701723906e-05
5.922782074776478247e-05
6.326891598291694847e-05
5.887151746719609946e-05
5.876142313354648650e-05
6.169893313199282235e-05
7.024771912256255746e-05
6.536809523822739449e-05
6.687878812954295698e-05
5.850324560014996407e-05
5.733899924962315573e-05
5.890963802812620997e-05
6.062310822017025067e-05
6.043664907338097556e-05
6.158871037769131633e-05
6.251060694921762022e-05
5.650688544847071306e-05
5.468415183713659373e-05
6.092612748034298555e-05
6.284074770519509640e-05
6.015929393470287594e-05
6.388435067492537743e-05
6.146368250483646447e-05
5.805615328426938640e-05
5.590413093159440905e-05
5.760162384831346842e-05
5.747268332925159620e-05
5.714114704460371421e-05
6.320870015770196644e-05
6.024825379427056895e-05
5.784404638689011471e-05
5.803347958135418729e-05
6.339030696835833991e-05
6.300075292529073155e-05
6.688874091196340120e-05
5.719858818338252333e-05
5.835900774400215731e-05
6.169508669700008157e-05
5.809101276099681854e-05
5.913603163207881017e-05
5.918733477301429686e-05
5.834109324496239288e-05
6.006824405631050196e-05
5.821111190016381307e-05
6.209263156051748043e-05
6.204400160640944066e-05
6.419658675440586561e-05
6.494502013083547083e-05
6.284572409640532529e-05
5.892582921660505100e-05
6.021509725542273508e-05
5.737496685469523343e-05
6.058942017261870205e-05
6.169211046653799442e-05
5.547017171920742569e-05
6.240962029551156136e-05
6.251578270166646689e-05
6.225933757377787882e-05
6.235084256331902539e-05
5.931408377364277569e-05
6.450841283367481083e-05
6.121029291534796086e-05
5.489159375429153578e-05
5.590291111730038849e-05
6.153060821816325459e-05
6.265255142352543500e-05
5.853230686625465751e-05
5.851615314895752546e-05
5.716477025998756425e-05
5.591670778812840445e-05
5.745491289417259124e-05
5.922250056755729020e-05
5.874197486264165355e-05
5.944187323621008274e-05
6.484194018412381682e-05
5.913946006330661476e-05
5.586379702435806258e-05
6.046431044524069740e-05
6.064171830075792833e-05
5.969204321445431696e-05
5.772630320279859142e-05
6.046796661394182457e-05
5.796559635200538012e-05
5.729828772018663721e-05
5.737361425417475402e-05
6.096071556385141002e-05
6.120414836914278296e-05
6.133410715847276151e-05
6.490799241873901879e-05
6.003677117405459285e-05
5.644083212246187302e-05
5.957247194601223008e-05
5.920408511883579195e-05
5.584601603914052248e-05
5.836295858898665892e-05
5.746872739109676331e-05
6.115405849413946813e-05
5.692465492757037282e-05
6.166397724882699549e-05
5.967155011603608999e-05
5.769166964455507831e-05
5.709289180231280489e-05
6.250120786717161265e-05
5.944115473539568213e-05
5.996470681566279246e-05
6.094508462410886112e-05
5.552815564442425695e-05
5.705847215722315149e-05
6.030653239577077465e-05
5.861076206201687320e-05
5.865440325578674539e-05
6.246326229302212867e-05
5.592385350610129806e-05
5.974680971121415496e-05
5.656463035847991434e-05
5.671713843184989217e-05
5.703877104679122567e-05
6.032089695509057628e-05
6.137765376479364932e-05
5.413371873146388951e-05
5.729849763156380369e-05
5.902466073166578737e-05
5.497751080838497593e-05
5.659796624968294054e-05
6.182489232742227614e-05
6.529162747028748894e-05
5.576623370870947702e-05
6.111770380812231451e-05
6.038269784767180546e-05
5.503827633219770816e-05
6.014395185047760470e-05
5.942581374256406250e-05
5.785839457530528442e-05
5.695934050891083005e-05
5.480227955558803068e-05
6.138292847026604617e-05
5.613588618871290372e-05
5.284187391225713965e-05
5.941476192674599723e-05
5.951367929810657962e-05
6.017576197336893529e-05
6.081729843572247502e-05
5.784473833045922084e-05
5.935479784966446324e-05
6.138463832030537927e-05
5.892351546208374067e-05
5.473758064908906682e-05
5.865256316610612246e-05
5.716985760955140266e-05
5.946909732301719487e-05
5.702944290533196317e-05
6.124755127530079064e-05
5.871711982763372362e-05
5.295496812323108587e-05
5.680141548509709266e-05
5.970640886516775665e-05
5.703755450667813285e-05
5.793715390609577163e-05
5.806194967590272156e-05
5.830642294313292950e-05
5.932567000854760408e-05
5.739345215260982513e-05
5.650335733662359281e-05
5.844106926815584573e-05
5.846431704412679984e-05
5.677911176462657885e-05
5.862820871698204699e-05
5.921457450313028219e-05
5.526214845303911445e-05
5.628000290016643839e-05
5.819587022415362298e-05
6.209120838320813531e-05
5.683360795956104723e-05
5.784765380667522550e-05
5.553633454837836461e-05
5.580293654929846661e-05
5.806485132779926333e-05
5.488790702656842768e-05
5.875369315617717531e-05
5.685906799044459923e-05
5.467816044983919981e-05
5.728736541641410305e-05
6.037998100509867343e-05
5.995599458401557329e-05
5.774217279395088418e-05
5.969175654172431542e-05
5.549195157072972506e-05
5.885499449505004761e-05
5.679072855855338140e-05
5.928319005761295286e-05
5.927086676820181581e-05
6.224378630577120659e-05
5.808573041576892138e-05
6.254707113839685917e-05
5.901611657463945313e-05
5.696796179108787192e-05
6.069731462048366937e-05
5.690135767508763684e-05
5.934443652222398669e-05
6.084255765017587827e-05
5.948482248641084880e-05
5.766676731582265618e-05
6.542317896673921496e-05
5.887078768864739822e-05
5.917306625633500381e-05
5.963241892459336668e-05
5.962517570878844708e-05
5.904428689973428845e-05
5.474478202813770486e-05
5.802923224109690772e-05
5.338061964721418917e-05
6.115181313361972028e-05
5.797863268526270715e-05
5.512465031642932445e-05
6.234771317394915426e-05
5.994331186229828610e-05
5.961725182714872198e-05
6.027524505043402043e-05
6.621159373025875810e-05
6.112907612987328321e-05
5.444178386824205382e-05
5.927478559897281229e-05
6.196440626808908108e-05
5.678355737472884493e-05
6.232468185771722889e-05
6.358435530273709446e-05
5.569734748860355738e-05
6.168287618493195081e-05
5.702460621250793473e-05
5.569800414377823743e-05
6.083119769755285504e-05
5.799227656098082526e-05
6.470780426752753827e-05
6.384112821251619336e-05
5.591855297097936544e-05
6.103593914303928343e-05
6.327747614705003527e-05
6.016560291755013168e-05
5.799575737910345332e-05
6.210101200849748877e-05
5.763025474152528021e-05
6.034089965396560457e-05
5.723875437979586422e-05
5.996472937113140049e-05
5.938151080044917898e-05
6.117840421211439845e-05
5.691254846169613031e-05
6.054451077943667905e-05
5.620949668809771809e-05
6.391355964296963066e-05
5.619676594506017999e-05
5.944639124209061129e-05
6.116274707892443443e-05
6.222264928510413116e-05
5.652414474752731486e-05
5.446606846817303584e-05
5.854323826497420940e-05
6.059226871002465487e-05
6.203030970937106487e-05
5.724577495129779252e-05
5.564742714341264489e-05
6.229365171748214012e-05
5.704323702957481010e-05
5.758707629865966737e-05
5.825055486639030142e-05
5.766405374743044512e-05
5.539288067666347934e-05
5.780183018941897763e-05
6.007009651511907713e-05
5.898398921999614686e-05
5.654202504956629127e-05
5.580824654316529632e-05
5.842267491971142455e-05
6.013918537064455585e-05
6.197744114615489068e-05
5.872912406630348143e-05
5.736773637181613865e-05
6.185832862684036994e-05
5.675173360941698775e-05
5.585953476838767529e-05
5.926423909841105342e-05
5.422211834229529039e-05
6.102587067289277776e-05
5.881884862901642919e-05
5.715287043130956726e-05
6.427863700082525340e-05
5.976208722131559354e-05
6.089088492444716394e-05
6.041257656761444970e-05
5.697610467905178802e-05
5.986355463392101093e-05
5.976286556688137488e-05
5.693137027265038477e-05
5.946683195361402157e-05
6.141668782220222598e-05
5.883183512196410176e-05
5.500013903656508638e-05
5.922970449319109050e-05
5.988146658637560633e-05
5.824660256621427563e-05
6.044200890755746649e-05
6.028969182807486775e-05
5.856914940522983399e-05
5.843077015015296909e-05
5.232201147009618580e-05
5.559214987442828986e-05
6.179897354741115123e-05
6.126866574049927836e-05
5.690335419785697149e-05
5.628108956443611397e-05
5.986992182442918691e-05
5.664902528224047273e-05
6.261491216719150543e-05
6.034435427864082429e-05
