1.529356539249420166e+00
9.647572398185729758e-01
7.938210964202880859e-01
6.520993173122405784e-01
4.551312178373336792e-01
4.660634338855743630e-01
3.444524884223937877e-01
2.985322505235671886e-01
2.493698090314865057e-01
2.606231331825256126e-01
2.547083988785743824e-01
2.886599108576774486e-01
1.595530495047569330e-01
1.244978427886962863e-01
1.210580304265022333e-01
1.194362699985504206e-01
1.046408653259277288e-01
9.232848584651946744e-02
1.458306193351745494e-01
1.716856405138969532e-01
2.381107181310653798e-01
1.814801424741744884e-01
1.448096975684166066e-01
1.069377630949020358e-01
1.164727404713630649e-01
1.193395167589187678e-01
1.137253046035766602e-01
9.275232404470443170e-02
9.840645939111709872e-02
9.307006672024727145e-02
8.363446891307831088e-02
7.898812741041183472e-02
7.485796511173248291e-02
7.414838224649429599e-02
8.087852895259857455e-02
9.028722420334815701e-02
9.930879846215248663e-02
9.217496067285538275e-02
1.243490502238273621e-01
9.464291930198669156e-02
1.113959386944770868e-01
8.798485323786735257e-02
1.208102613687515314e-01
1.180925711989402743e-01
9.113794639706611356e-02
6.564186289906501215e-02
5.500523000955581665e-02
7.297385036945343295e-02
6.791351661086082736e-02
5.089953839778900424e-02
6.833778172731400091e-02
8.725368976593017578e-02
9.404645562171935758e-02
1.232163384556770325e-01
1.146631658077239962e-01
9.122149646282196045e-02
8.741892874240875244e-02
9.497394114732742032e-02
8.843834847211837213e-02
6.748201102018355768e-02
6.645850017666816989e-02
6.177014261484146257e-02
7.809268608689308444e-02
4.480395540595054349e-02
4.585301652550697465e-02
5.455935224890708785e-02
5.428127199411392212e-02
7.159220203757285517e-02
5.388806164264679094e-02
1.053061351180076544e-01
1.144136890769004850e-01
9.299897849559783658e-02
1.005838543176651029e-01
7.408559769392013272e-02
8.724390864372252863e-02
8.584868237376212796e-02
1.025910362601280268e-01
1.163087427616119329e-01
1.143820397555828094e-01
9.385683536529540461e-02
8.297029212117194852e-02
7.370509132742882052e-02
7.018285170197487155e-02
7.299002632498741150e-02
7.465237602591515143e-02
6.098145768046379228e-02
6.750755049288273413e-02
6.288375407457351407e-02
7.038156464695929926e-02
5.518314689397811612e-02
4.141573533415794650e-02
4.899030923843383789e-02
5.644921325147152225e-02
8.214256390929222662e-02
9.059541299939155579e-02
1.147958099842071589e-01
7.197936102747917730e-02
9.004199281334876459e-02
6.497396007180214483e-02
8.316725790500641147e-02
5.672067552804947038e-02
4.226460419595241824e-02
3.007681742310524056e-02
2.753508873283862929e-02
2.927100807428360124e-02
3.423631340265274187e-02
2.990921698510646751e-02
4.143673367798328400e-02
4.401487335562705855e-02
3.913228958845138550e-02
2.502414248883724074e-02
3.089640364050865243e-02
3.046902008354663779e-02
2.865373678505420824e-02
2.829931303858757019e-02
3.037102855741977830e-02
4.143225550651550432e-02
5.201826915144920627e-02
7.116807475686073858e-02
1.097678869962692288e-01
7.662282772362231931e-02
5.306938514113426070e-02
5.955528244376182695e-02
5.830854289233684817e-02
4.846184626221657077e-02
6.025179028511047641e-02
3.396973386406898499e-02
4.308557324111461639e-02
5.484683923423290530e-02
4.876119531691074094e-02
4.487215168774127960e-02
3.185638077557086806e-02
3.134795837104320526e-02
4.049055911600589475e-02
3.159139417111873904e-02
3.181443735957145691e-02
3.753053210675716400e-02
8.060344234108925143e-02
6.991614699363708774e-02
8.377772010862827301e-02
4.996618255972862244e-02
3.773808851838111877e-02
2.826584093272686143e-02
3.640624918043613295e-02
3.278608173131943027e-02
3.532528765499591550e-02
2.656911835074424882e-02
2.736491635441780021e-02
3.490525968372822085e-02
2.685313187539577554e-02
3.242789134383201877e-02
3.180338703095912656e-02
3.701381608843803267e-02
3.153898678719997684e-02
2.889449708163738251e-02
2.869204171001911094e-02
2.674225643277168205e-02
2.997067645192146371e-02
3.320774883031844815e-02
3.714222609996795793e-02
4.078228324651718417e-02
4.111498333513737002e-02
2.669991254806518624e-02
3.470676355063915391e-02
6.003736406564712247e-02
6.899049170315266211e-02
7.284275516867637357e-02
6.150960475206375400e-02
5.848925672471523562e-02
4.911493659019470354e-02
5.420550517737865448e-02
2.800229899585247179e-02
2.805225290358066489e-02
2.553930804133415153e-02
4.404833652079105655e-02
3.910940587520599088e-02
3.906982690095901767e-02
4.531526677310467044e-02
5.437957197427749356e-02
3.518403246998787204e-02
2.941953726112842699e-02
2.856440395116805961e-02
2.556572183966636727e-02
2.600558325648307662e-02
4.681093133985995969e-02
3.041288070380687714e-02
3.229537680745124539e-02
4.254224002361297469e-02
3.332688324153423171e-02
3.527891635894775391e-02
2.839353792369365623e-02
3.065284080803394248e-02
5.257558822631835938e-02
7.179884389042853754e-02
9.537932202219963351e-02
8.792442791163920801e-02
8.172855451703071872e-02
6.029953584074974199e-02
3.940041027963161330e-02
4.980146773159503659e-02
3.049317281693220139e-02
3.008683137595653465e-02
2.330272011458873679e-02
2.264017648994922499e-02
2.169414516538381577e-02
2.099665477871894698e-02
1.715187057852745126e-02
1.777766775339841704e-02
2.281614951789379120e-02
2.307742219418287138e-02
1.878526024520397325e-02
2.120350003242492745e-02
2.249263674020767281e-02
2.125640381127595971e-02
3.335447907447815219e-02
3.122981358319520950e-02
1.878261044621467452e-02
2.320664152503013750e-02
2.477378007024526665e-02
2.816480696201324394e-02
2.886402960866689751e-02
1.753149349242448876e-02
1.994260121136903763e-02
1.836593449115753174e-02
2.189952675253152917e-02
1.445574872195720673e-02
2.209880873560905387e-02
1.838978454470634530e-02
1.625884212553501199e-02
1.460319813340902294e-02
2.056160327047109465e-02
2.863777875900268624e-02
4.194784015417098860e-02
2.687701098620891640e-02
2.783467881381511758e-02
2.794362585991621087e-02
2.564481571316718986e-02
3.364491797983646532e-02
3.224252536892890930e-02
2.279769405722618242e-02
2.283288072794675827e-02
1.768922936171293120e-02
1.820641048252582411e-02
2.040933072566986084e-02
2.362472712993621965e-02
2.249489873647689958e-02
3.510775845497846742e-02
2.751561142504215310e-02
2.395961675792932649e-02
3.748408593237399777e-02
2.800994757562875678e-02
2.241787370294332643e-02
3.185158036649227142e-02
3.468015417456626892e-02
2.426090650260448456e-02
1.990970876067876816e-02
1.807264350354671409e-02
2.024980634450912476e-02
2.077760752290487220e-02
2.420474849641323159e-02
1.796005852520465851e-02
1.562336739152669907e-02
1.811092011630534987e-02
1.885303929448127816e-02
2.113611772656440874e-02
2.313992381095886230e-02
2.721461392939090659e-02
2.336239237338304589e-02
2.992867510765790870e-02
2.195793911814689775e-02
1.738247331231832643e-02
1.810377985239029069e-02
1.703862752765417099e-02
1.535979956388473441e-02
2.039199434220790794e-02
1.879742722958326409e-02
2.168611511588096688e-02
1.702086273580789497e-02
1.946787144988775323e-02
2.418969534337520738e-02
2.573116533458232741e-02
2.001067548990249564e-02
3.043825514614582201e-02
2.584835644811391692e-02
2.575863003730773787e-02
2.816755659878254076e-02
1.575020719319581916e-02
2.191204447299242158e-02
1.912980247288942337e-02
1.868200190365314553e-02
2.137912716716527939e-02
2.004862483590841293e-02
2.683392334729433129e-02
2.469173520803451607e-02
2.209541760385036469e-02
1.888095401227474213e-02
2.124047484248876502e-02
2.180491518229246001e-02
1.720541566610336165e-02
1.477657277137041023e-02
1.720443461090326309e-02
1.500988118350505759e-02
1.498364508152008091e-02
1.381994727998971974e-02
1.612259056419134209e-02
1.448427345603704383e-02
1.223799213767051697e-02
1.302959406748414005e-02
1.382158957421779702e-02
1.484156399965286255e-02
1.353373005986213684e-02
1.322929356247186730e-02
1.452693501487374236e-02
1.220991518348455394e-02
1.224004803225398064e-02
1.267649680376052926e-02
1.214211061596870422e-02
1.239506620913743973e-02
1.199227273464202950e-02
1.210141647607088089e-02
1.416596602648496558e-02
1.352565735578536987e-02
1.456448156386613846e-02
1.325086867436766659e-02
1.346589885652065346e-02
2.162975650280713966e-02
2.627309840172529359e-02
1.564144408330321243e-02
1.402740124613046681e-02
1.316918358206748893e-02
1.436169026419520378e-02
1.496650390326976707e-02
1.612427961081266264e-02
1.502493033185601200e-02
1.607513269409537385e-02
1.912071816623210976e-02
1.803566385060548921e-02
1.929456666111946037e-02
1.965597141534090181e-02
1.915486473590135436e-02
1.594681432470679283e-02
1.224462594836950302e-02
1.208256632089614938e-02
1.278122756630182232e-02
1.373990885913372109e-02
1.597272977232933044e-02
1.671555209904908995e-02
2.343132123351097246e-02
1.608818899840116362e-02
1.409665821120142937e-02
1.279978975653648342e-02
1.417855229228734935e-02
1.605793666094541480e-02
1.255319286137819221e-02
1.474687354639172589e-02
1.494080424308776890e-02
1.265930943191051483e-02
1.326735354959964787e-02
1.410157596692442929e-02
1.427144287154078449e-02
1.568671995773911546e-02
1.260727792978286708e-02
1.450048219412565162e-02
1.417710334062576363e-02
1.152747618034482072e-02
1.328489556908607483e-02
1.253403108566999470e-02
1.176998279988765786e-02
1.180145991966128315e-02
1.157984286546707119e-02
1.263194028288125957e-02
1.280179116874933208e-02
1.374074295163154637e-02
1.530290599912404945e-02
1.590543333441019058e-02
1.520789228379726410e-02
1.323481220752000843e-02
1.516549661755561829e-02
1.518794409930706094e-02
1.265729349106550251e-02
1.248706933110952343e-02
1.399873923510313103e-02
1.464539710432291066e-02
1.135093998163938522e-02
1.347230104729533161e-02
1.287295706570148503e-02
1.409583082422614063e-02
1.889786394312977652e-02
1.956208590418100426e-02
1.624445375055074553e-02
1.910745501518249650e-02
2.095623482018709252e-02
1.817491650581359863e-02
1.578885074704885344e-02
1.282104756683111191e-02
1.338549386709928478e-02
1.404158044606447150e-02
1.153458273038268124e-02
1.390679646283388138e-02
1.461881827563047374e-02
1.408611219376325677e-02
1.244076704606413876e-02
1.204099170863628422e-02
1.051269313320517609e-02
1.081496486440300907e-02
9.853954985737800251e-03
1.052242517471313477e-02
1.100501138716936111e-02
1.083417925983667408e-02
9.826062433421611092e-03
1.005433723330497776e-02
9.616764727979898453e-03
9.797963406890630375e-03
1.086777597665786708e-02
1.136135822162032127e-02
1.073104823008179734e-02
1.060481779277324711e-02
1.142450515180826187e-02
1.150128655135631596e-02
1.350874323397874797e-02
1.205041185021400382e-02
1.133076176047325204e-02
1.147024575620889629e-02
9.574458282440901497e-03
1.201193146407604148e-02
1.251650266349315678e-02
1.141149885952472652e-02
9.679487440735101700e-03
1.052646301686763729e-02
1.264513228088617360e-02
1.036652503535151482e-02
1.005633417516946758e-02
1.101983841508626973e-02
1.178407222032546928e-02
1.243176376447081496e-02
1.166287111118435860e-02
1.129196118563413620e-02
1.298712976276874577e-02
1.105162259191274678e-02
1.339019574224948814e-02
1.446201214566826890e-02
1.379605885595083271e-02
1.454708501696586574e-02
1.322010634467005695e-02
1.126123536378145253e-02
1.374497916549444199e-02
1.093068141490221093e-02
1.174722854048013652e-02
1.120867598801851203e-02
9.817667212337255825e-03
1.238850113004446099e-02
1.085842056199908326e-02
1.244798116385936737e-02
1.071548033505678212e-02
1.259891316294670105e-02
1.038474161177873646e-02
1.113457726314663956e-02
9.773716982454060814e-03
1.030181851238012349e-02
1.092155184596776962e-02
1.043561417609453236e-02
1.201869407668709755e-02
9.960890561342240074e-03
1.093205241486430203e-02
9.969689976423978459e-03
9.381368663161993374e-03
9.397757519036532142e-03
9.275548718869685780e-03
9.504347201436757694e-03
1.009868895635008743e-02
1.030775997787714005e-02
1.046413164585828851e-02
1.301091313362121547e-02
1.256655259057879413e-02
1.064415527507662704e-02
1.160481814295053447e-02
1.020339112728834222e-02
1.005694828927516937e-02
9.317523427307605396e-03
1.113248793408274685e-02
9.977577626705170025e-03
9.680524654686450264e-03
1.007963903248310089e-02
9.533075988292694439e-03
1.008972544223070075e-02
1.004030220210552250e-02
9.647207427769899021e-03
9.616348706185818412e-03
9.377221623435617187e-03
1.033431394025683368e-02
9.927262831479311683e-03
9.865373279899359096e-03
1.037146402522921493e-02
1.128512686118483474e-02
1.181902317330241203e-02
9.499376174062490463e-03
1.026891684159636497e-02
1.009116647765040398e-02
1.132041215896606445e-02
1.457134261727333069e-02
1.144355386495590245e-02
1.054066885262727737e-02
9.397128038108349193e-03
9.170166961848736503e-03
9.411622118204832771e-03
9.154146723449229500e-03
9.005530644208193172e-03
8.942036144435405037e-03
8.772410824894905437e-03
9.201448503881692539e-03
8.718260750174521706e-03
8.964447956532239220e-03
9.065521787852049221e-03
8.564384095370769848e-03
8.729592431336641312e-03
9.203149285167456367e-03
8.577078953385353435e-03
9.310586098581551812e-03
8.638981916010379097e-03
1.051671579480171169e-02
1.034748135134577751e-02
8.594690449535846363e-03
9.245828073471785286e-03
8.690750971436501243e-03
9.209920931607485511e-03
1.073374049738049472e-02
1.077069267630577018e-02
1.035303324460983346e-02
8.947851974517107357e-03
8.720103837549685738e-03
8.942947257310152054e-03
8.828024938702582966e-03
8.693601284176111915e-03
8.904997725039720535e-03
9.841925278306008079e-03
9.030038025230169296e-03
9.036157745867967606e-03
8.660674840211868980e-03
9.238823037594556115e-03
8.547236304730176579e-03
8.971897140145301125e-03
9.040120989084243774e-03
8.543166890740394245e-03
8.808767050504684101e-03
9.091704525053501476e-03
8.903963956981897354e-03
8.819963317364454269e-03
9.178631566464900624e-03
8.960695937275886536e-03
9.124304540455341686e-03
8.901310246437787663e-03
9.170655626803636551e-03
9.267252776771784176e-03
9.616778977215290763e-03
9.576817508786916733e-03
9.593962971121073463e-03
9.490199293941259731e-03
9.153801202774047158e-03
9.054608922451735237e-03
8.600100316107273449e-03
8.486776240170001637e-03
8.638657350093125603e-03
9.072743635624647834e-03
9.114405047148466457e-03
8.478550706058740616e-03
9.504086710512638439e-03
8.777134492993355144e-03
9.720756486058235862e-03
1.151534477248787949e-02
9.645519126206637123e-03
1.009935960173606942e-02
9.634127374738454819e-03
9.125401079654694297e-03
8.544042054563761451e-03
9.297071769833565452e-03
8.729093149304390301e-03
8.759490121155977596e-03
8.718928880989551197e-03
1.016827998682856560e-02
8.426204696297645916e-03
9.450662881135940552e-03
9.897375851869583477e-03
9.620371460914611123e-03
8.749855216592550278e-03
8.742531761527061462e-03
8.784571941941977241e-03
8.637986890971661308e-03
8.441068697720766068e-03
9.059840254485607494e-03
8.989018574357032082e-03
1.002891631796956097e-02
9.418599586933851936e-03
9.437060356140137066e-03
8.855880890041589043e-03
9.096212498843670585e-03
9.286218695342541088e-03
9.018107410520314823e-03
8.853746298700570366e-03
9.048669692128896366e-03
8.558440022170543671e-03
8.337660599499941219e-03
8.122951537370682457e-03
8.246727287769317627e-03
8.182157482951878807e-03
8.131338097155094841e-03
8.079561684280634620e-03
8.160075452178717353e-03
8.146395068615674626e-03
8.231448894366621277e-03
8.224550262093543659e-03
8.116455655544996609e-03
8.515743725001811287e-03
8.122492767870425484e-03
8.143917936831713417e-03
8.287192042917012474e-03
8.032506331801414490e-03
8.386102784425020912e-03
8.217678871005773544e-03
8.206650894135237434e-03
8.282881136983633388e-03
8.074878621846437801e-03
8.304343000054359783e-03
8.155087009072303772e-03
8.176851086318492889e-03
8.298887871205806732e-03
8.519203495234250675e-03
8.038902934640646675e-03
8.009829558432102203e-03
8.063970599323511124e-03
8.187572145834565510e-03
8.036442240700126041e-03
8.097570203244686821e-03
8.094105683267117241e-03
8.450992032885551106e-03
8.257174398750066757e-03
8.203031774610281684e-03
8.235199097543954155e-03
8.356918767094611428e-03
8.274813368916510842e-03
8.201194088906049381e-03
7.984265312552451740e-03
8.152742218226195076e-03
7.971275597810745239e-03
8.130238577723502419e-03
8.042050711810588143e-03
8.198499586433172573e-03
8.585278317332268108e-03
8.609547186642885555e-03
8.477406762540339730e-03
8.045034948736429214e-03
8.056801371276378285e-03
8.004305884242057800e-03
7.952360808849335064e-03
8.048567920923233032e-03
8.229318493977188370e-03
8.541971165686845086e-03
8.121610432863236168e-03
8.120698761194944729e-03
7.967636361718178142e-03
8.036596700549125671e-03
8.374714292585849762e-03
8.036084193736314080e-03
8.297151513397693287e-03
8.253905456513166428e-03
8.122966671362519958e-03
7.902937382459640850e-03
8.326153876259923328e-03
8.417834434658289303e-03
8.669600170105696418e-03
8.502467535436153412e-03
8.847424015402793190e-03
8.596987836062908520e-03
8.658927306532860149e-03
8.184649515897035599e-03
8.345930557698010704e-03
8.179031498730181954e-03
8.532002381980419853e-03
8.089038729667662880e-03
8.055124524980783116e-03
7.969225943088530800e-03
8.119373582303524017e-03
7.991648372262715946e-03
8.128270227462052605e-03
8.609663136303425182e-03
8.944373670965432774e-03
8.231533598154783596e-03
8.069718908518552086e-03
8.015563525259495475e-03
8.107003476470708153e-03
8.067178353667259910e-03
7.796930707991122853e-03
8.022298570722341537e-03
7.854296360164880753e-03
7.794590666890144348e-03
8.084930898621677658e-03
7.872572075575590481e-03
7.844325527548790325e-03
8.068786561489104878e-03
7.800621259957551783e-03
8.233466930687428215e-03
8.021639194339513779e-03
7.857471983879805305e-03
7.758032437413931240e-03
7.751711271703242909e-03
7.845407724380493511e-03
7.783542666584253138e-03
7.739367149770260031e-03
7.687207125127315348e-03
7.714419020339846264e-03
7.751379488036036144e-03
7.819365896284579537e-03
7.730746362358331854e-03
7.802501879632472645e-03
7.741271890699863781e-03
7.702514808624982660e-03
7.744761370122432882e-03
7.804504595696926117e-03
7.811659108847379338e-03
7.737531512975692922e-03
7.915654871612786553e-03
7.699651643633842468e-03
7.724879588931798761e-03
7.728041755035519947e-03
7.733207568526268352e-03
7.759247813373804439e-03
7.751808408647775997e-03
7.868741825222968361e-03
7.786509860306978052e-03
7.699832040816545660e-03
7.797913905233144587e-03
7.684698887169360768e-03
7.718222681432962418e-03
7.752181403338909496e-03
7.682836474850773464e-03
7.748584263026714325e-03
7.809458673000336040e-03
7.889196090400219658e-03
7.845287490636111000e-03
7.891333103179931988e-03
7.782382238656282251e-03
7.717373874038457524e-03
7.658424088731408119e-03
7.878253702074289322e-03
7.737063709646463741e-03
7.678705174475908626e-03
7.661305367946624756e-03
7.666635420173406254e-03
7.648109830915928234e-03
7.699301559478044163e-03
7.646121410652994763e-03
7.616670429706573139e-03
7.653914391994476318e-03
7.777946582064032381e-03
7.850836776196957328e-03
7.683957740664481943e-03
7.614767272025346409e-03
7.648059260100125920e-03
7.805208861827850515e-03
7.845422625541687359e-03
7.861154433339834907e-03
7.871927041560412147e-03
7.792072836309671402e-03
7.707867352291941469e-03
7.639231998473406185e-03
7.823660690337418816e-03
7.699824497103690754e-03
7.677255570888519634e-03
7.699403259903192347e-03
7.737505761906504458e-03
7.658271677792071949e-03
7.765385322272777557e-03
7.789777778089046652e-03
7.669972488656640053e-03
7.647988758981228222e-03
7.632252154871821057e-03
7.733375485986471350e-03
8.074595499783754696e-03
7.842621020972728035e-03
7.679295819252729069e-03
7.838408648967742226e-03
8.018786087632179260e-03
7.774437405169009815e-03
7.652358617633581161e-03
7.642976939678192139e-03
7.646162435412407268e-03
7.721404824405908411e-03
7.798031717538833445e-03
7.637707516551017761e-03
7.607509382069110870e-03
7.610433362424373280e-03
7.632540352642535990e-03
7.665341906249523336e-03
7.727783173322677612e-03
7.872907910495996475e-03
7.805139245465398008e-03
7.644060719758272344e-03
7.630425039678812027e-03
7.668370101600885565e-03
7.561308797448873520e-03
7.652918435633182179e-03
7.613378576934337616e-03
7.597045879811048855e-03
7.541422452777624304e-03
7.603030093014240612e-03
7.581041753292083393e-03
7.609675824642181570e-03
7.532931771129370083e-03
7.526294048875570471e-03
7.551247254014015198e-03
7.575077563524245869e-03
7.514655031263828625e-03
7.535396190360188311e-03
7.608219888061285366e-03
7.565030921250581394e-03
7.566993357613682747e-03
7.547433534637093371e-03
7.591031305491924112e-03
7.535131368786096746e-03
7.568162959069013249e-03
7.632933184504508625e-03
7.614070270210504705e-03
7.548307627439498554e-03
7.635865267366171230e-03
7.523984787985682834e-03
7.529591768980025898e-03
7.520741131156682795e-03
7.511811330914497375e-03
7.546792924404144461e-03
7.504979567602276976e-03
7.517310045659542257e-03
7.640523230656981121e-03
7.553886529058218349e-03
7.546666264533996756e-03
7.569552306085825313e-03
7.510679122060537165e-03
7.558346493169665337e-03
7.584541197866201054e-03
7.552735181525349964e-03
7.544943038374185909e-03
7.627889467403292829e-03
7.534357253462076187e-03
7.486081961542367762e-03
7.542774220928550113e-03
7.531575905159115618e-03
7.518351124599575823e-03
7.556256838142871857e-03
7.581561524420976812e-03
7.594782579690218145e-03
7.604082208126783024e-03
7.606915105134249080e-03
7.630675099790096283e-03
7.575412187725305904e-03
7.667292188853025263e-03
7.540453597903251995e-03
7.617659959942102085e-03
7.545606791973113667e-03
7.518405001610517849e-03
7.512761699035763914e-03
7.497292477637529373e-03
7.514352910220623016e-03
7.515608239918947567e-03
7.474577892571688045e-03
7.575528975576162165e-03
7.497662492096423929e-03
7.524217572063207279e-03
7.505165226757526224e-03
7.531940983608364885e-03
7.561641465872526342e-03
7.523481547832488840e-03
7.640982512384653091e-03
7.531676581129432071e-03
7.543034758418798794e-03
7.494106655940413475e-03
7.457036338746547526e-03
7.493357593193650419e-03
7.626653742045163761e-03
7.474785158410668547e-03
7.538565620779991323e-03
7.500861212611198772e-03
7.582399342209100550e-03
7.538189506158232342e-03
7.480392977595329111e-03
7.453277055174112146e-03
7.484066579490899866e-03
7.475012168288231069e-03
7.492098305374383753e-03
7.450175518169998949e-03
7.470211945474147797e-03
7.491946220397949219e-03
7.479670317843556057e-03
7.532362453639506947e-03
7.494040019810199911e-03
7.539937086403369730e-03
7.549429405480622898e-03
7.508183317258954222e-03
7.498592976480722774e-03
7.585909776389598499e-03
7.597510796040296208e-03
7.563125342130661011e-03
7.483807438984513109e-03
7.437641965225338936e-03
7.430285215377807617e-03
7.444511912763118570e-03
7.440377958118915558e-03
7.471458427608013500e-03
7.427575346082448786e-03
7.422943133860826492e-03
7.421848829835653305e-03
7.441562134772539139e-03
7.442798465490341187e-03
7.426992617547511707e-03
7.460082508623599659e-03
7.518056919798255314e-03
7.505312096327543259e-03
7.477942667901515787e-03
7.408308750018477613e-03
7.519747130572795868e-03
7.453884743154048746e-03
7.451190752908587803e-03
7.442993670701980244e-03
7.415769342333078558e-03
7.413242571055888783e-03
7.460807543247937809e-03
7.429257873445749630e-03
7.405648007988929749e-03
7.425901573151349674e-03
7.447932008653878819e-03
7.414959650486707514e-03
7.429373636841774160e-03
7.445513736456632614e-03
7.424377650022506540e-03
7.445813063532114376e-03
7.402495108544826161e-03
7.466057874262332569e-03
7.423409167677164425e-03
7.427120022475719799e-03
7.434772327542304993e-03
7.420939859002828598e-03
7.425309112295508558e-03
7.413289230316877539e-03
7.401328254491090948e-03
7.400088664144277746e-03
7.416202407330274755e-03
7.424380537122488369e-03
7.424233760684728449e-03
7.405731175094842737e-03
7.416993984952569355e-03
7.427178695797920574e-03
7.456839829683303660e-03
7.456299848854541779e-03
7.410926651209593166e-03
7.455662451684474598e-03
7.396628987044096340e-03
7.470356719568371946e-03
7.453201804310083389e-03
7.407821808010339390e-03
7.393239811062812632e-03
7.424700353294610804e-03
7.396860513836145401e-03
7.386399246752261942e-03
7.408950105309486042e-03
7.457474153488874782e-03
7.417170843109488314e-03
7.479376159608364105e-03
7.419133279472589666e-03
7.419642154127359043e-03
7.400112785398959767e-03
7.425541011616587812e-03
7.417032262310385704e-03
7.391125336289406170e-03
7.409837981685996229e-03
7.417058479040861477e-03
7.386235333979129618e-03
7.421018090099096298e-03
7.411401951685547829e-03
7.408197689801454718e-03
7.451543165370821779e-03
7.403690274804830898e-03
7.388013135641813452e-03
7.408565562218427832e-03
7.405966706573963339e-03
7.459267508238554001e-03
7.395418826490640640e-03
7.384683704003691673e-03
7.382230181246995752e-03
7.400302868336439306e-03
7.386009395122528250e-03
7.439775299280882229e-03
7.447557430714369167e-03
7.409010175615548741e-03
7.395158335566520517e-03
7.446345966309308659e-03
7.412832276895642107e-03
7.372442772611976017e-03
7.444136776030063629e-03
7.434189319610595703e-03
7.406338769942522222e-03
7.419552654027938843e-03
7.402296923100948160e-03
7.367154955863952984e-03
7.379664061591029341e-03
7.378463353961706335e-03
7.382303290069103067e-03
7.415997050702572042e-03
7.418361585587262760e-03
7.366659678518771778e-03
7.360226707533001900e-03
7.361545786261558186e-03
7.418696396052837025e-03
7.370519125834107746e-03
7.365221343934536154e-03
7.370582222938537945e-03
7.374212099239230329e-03
7.363046985119581223e-03
7.406719261780381203e-03
7.368798647075891321e-03
7.361863646656275142e-03
7.362796086817979466e-03
7.376173604279756199e-03
7.375218812376261104e-03
7.373791933059692209e-03
7.363281026482581919e-03
7.391589228063821793e-03
7.366834068670868527e-03
7.364926580339670355e-03
7.368051540106534611e-03
7.366126123815775091e-03
7.370903901755809610e-03
7.357784453779459347e-03
7.398287486284971411e-03
7.363413088023662220e-03
7.374549377709626805e-03
7.352724112570286144e-03
7.352623529732227672e-03
7.362890243530273611e-03
7.371971569955349142e-03
7.361953146755695343e-03
7.367860246449709112e-03
7.352638244628906423e-03
7.387380488216877331e-03
7.352129090577363968e-03
7.349325483664870609e-03
7.371347397565841675e-03
7.354221399873494755e-03
7.352430280297994961e-03
7.366600818932056774e-03
7.364780362695455725e-03
7.349977083504199808e-03
7.347814086824655359e-03
7.354101072996855129e-03
7.350747659802437002e-03
7.358622131869196545e-03
7.355253864079713995e-03
7.358409930020570755e-03
7.356590591371059418e-03
7.352998526766896074e-03
7.365982793271541422e-03
7.348056649789214134e-03
7.358551397919655193e-03
7.383236102759838451e-03
7.351203262805939068e-03
7.350778859108686621e-03
7.361747790127992630e-03
7.375166984274983406e-03
7.363482937216758381e-03
7.341703586280346090e-03
7.363449456170201649e-03
7.347923237830400467e-03
7.342712255194783211e-03
7.355182385072112257e-03
7.350514037534594189e-03
7.359344791620969599e-03
7.362142391502857382e-03
7.343981368467211897e-03
7.416737172752619137e-03
7.356088422238826578e-03
7.341006770730018616e-03
7.357318513095378529e-03
7.341247424483299602e-03
7.334512192755937576e-03
7.383225485682487488e-03
7.347298972308635885e-03
7.362347841262817209e-03
7.348715234547853817e-03
7.357808621600269924e-03
7.339960290119051586e-03
7.337255124002695257e-03
7.338319253176450556e-03
7.336310017853975643e-03
7.369469664990901774e-03
7.345906412228942091e-03
7.343827560544013804e-03
7.353571383282542576e-03
7.341333618387580091e-03
7.347555924206971775e-03
7.338502258062362497e-03
7.348440866917371576e-03
7.340318243950605566e-03
7.337459363043308258e-03
7.333950232714414250e-03
7.337694894522428860e-03
7.334765605628490101e-03
7.337979972362518311e-03
7.331484183669090444e-03
7.331012375652789723e-03
7.328915316611528744e-03
7.330449251458048994e-03
7.328641600906848907e-03
7.328646164387464870e-03
7.328148651868105108e-03
7.329581864178180348e-03
7.338978163897991007e-03
7.329333573579788208e-03
7.335691247135400772e-03
7.333974260836840023e-03
7.334784884005784815e-03
7.326669339090585535e-03
7.353236526250838886e-03
7.341676857322454453e-03
7.328899577260017395e-03
7.326811132952570742e-03
7.327848905697464596e-03
7.335501443594694311e-03
7.332128938287496567e-03
7.329321838915348400e-03
7.323435693979263479e-03
7.334181433543562542e-03
7.324944529682397669e-03
7.327105011790990483e-03
7.329815346747636622e-03
7.331406977027654474e-03
7.326004002243280758e-03
7.325907889753580267e-03
7.329461444169282740e-03
7.324168365448713650e-03
7.323424331843852997e-03
7.329300232231617147e-03
7.329728035256266420e-03
7.324609998613595616e-03
7.326885964721441616e-03
7.321810070425272161e-03
7.327292347326874733e-03
7.322826329618692745e-03
7.336898799985646855e-03
7.325177267193794424e-03
7.323828618973493229e-03
7.323152385652065277e-03
7.342210225760936911e-03
7.326596416532993317e-03
7.324503455311060125e-03
7.335780002176761454e-03
7.329031219705938946e-03
7.326310034841299057e-03
7.322147814556955944e-03
7.324667554348707546e-03
7.333406247198581696e-03
7.321298168972134417e-03
7.321660080924630512e-03
7.322729192674159657e-03
7.318446179851889610e-03
7.346101896837353359e-03
7.319254381582140749e-03
7.319268351420759981e-03
7.322822418063879187e-03
7.317790295928716660e-03
7.318800082430243492e-03
7.330356165766716003e-03
7.323610736057162632e-03
7.325636688619852066e-03
7.317338138818740845e-03
7.316741719841956745e-03
7.316474895924329411e-03
7.325456757098436182e-03
7.317390386015176426e-03
7.322558481246232813e-03
7.324355375021696264e-03
7.318432815372944225e-03
7.332940865308046167e-03
7.333752792328595768e-03
7.313964585773646658e-03
7.344716228544712067e-03
7.345658075064420527e-03
7.317471317946910858e-03
7.312380149960518230e-03
7.314996561035513878e-03
7.313435478135943239e-03
7.318803761154413397e-03
7.318347599357366909e-03
7.314398139715194876e-03
7.329371105879545038e-03
7.323820423334836786e-03
7.313144300132990230e-03
7.317107962444424282e-03
7.314819144085049629e-03
7.310844818130135189e-03
7.318533677607774908e-03
7.313355244696140636e-03
7.323263399302959616e-03
7.315187714993953705e-03
7.319395057857036244e-03
