1.085434660315513639e-01
7.126030027866363248e-02
5.301545150578022142e-02
3.529552165418863019e-02
2.180519923567771773e-02
8.399954438209534038e-03
9.085469692945481041e-03
7.503187004476785833e-03
6.300248298794030796e-03
3.426057333126663988e-03
3.346004895865917119e-03
2.056437870487570849e-03
1.782024139538407412e-03
1.348255516495555553e-03
8.612290723249316649e-04
8.688488276675343080e-04
7.786573725752532916e-04
6.160238583106548028e-04
6.022646557539701462e-04
5.746126989834010601e-04
8.625798858702182553e-04
6.199902622029185078e-04
6.590022880118340037e-04
6.644063454587012313e-04
7.932416396215557835e-04
9.498465224169194698e-04
8.664085937198251920e-04
5.648835096508264975e-04
6.328696035780012608e-04
5.698092631064355157e-04
3.868001804221421480e-04
4.665788670536130884e-04
3.791446302784607031e-04
2.546060743043199073e-04
2.344564389204606522e-04
2.049043163424357826e-04
2.377977274591103250e-04
2.977639160235412419e-04
7.060574658680707433e-04
4.752460634335875620e-04
2.727330633206292770e-04
2.837309933966025493e-04
2.716521761612966440e-04
3.502364474115893028e-04
2.905577566707506776e-04
2.249979006592184305e-04
1.654056759434752166e-04
2.106645028106868321e-04
2.145156235201284344e-04
1.643087816773913801e-04
2.834760904079303362e-04
4.733989451779052724e-04
5.057927352027036466e-04
8.555654378142208295e-04
5.829460453242063956e-04
5.573313334025442817e-04
4.575088969431817532e-04
4.500299022765829942e-04
3.718780557392164848e-04
2.566421724623069276e-04
2.934571180958301046e-04
2.135019851266406368e-04
1.931956823682412397e-04
1.260460703633725643e-04
1.591264648595824892e-04
1.244826533365994800e-04
1.495596414315514375e-04
1.324541328358463835e-04
1.093412254704162451e-04
2.795248146867379546e-04
3.543801663909107664e-04
3.246154024964198687e-04
2.943970554042607763e-04
2.576275874162092805e-04
4.544231254840269468e-04
5.958972236840054176e-04
7.612031360622495847e-04
1.246584957698360085e-03
8.936683763749897914e-04
5.400079739047214172e-04
6.330104981316253977e-04
3.362991876201704036e-04
2.715575508773326982e-04
2.356485521886497628e-04
2.103802835335955024e-04
1.495052652899175828e-04
1.268500156584195684e-04
1.419270134647376781e-04
1.246932151843793690e-04
1.335422450210899006e-04
9.661900985520332781e-05
1.179133076220750782e-04
1.013238448649644797e-04
1.911233674036339034e-04
2.809662808431312550e-04
2.180663315812125694e-04
2.725617610849440315e-04
3.114492254098877419e-04
1.637478344491682947e-04
1.464595610741525943e-04
7.864242652431130951e-05
6.489205843536182967e-05
5.924439356022048877e-05
4.602028202498331937e-05
5.492777090694289383e-05
4.618792627297807485e-05
4.280501052562612769e-05
5.202143074711784720e-05
6.272223763517103547e-05
4.036144055135082725e-05
3.136349405394866927e-05
3.209933311154600233e-05
4.062346779392101142e-05
3.006732476933393560e-05
3.061533989239251512e-05
4.119358891330193728e-05
6.956247416383121434e-05
1.304301113123074174e-04
2.165516998502425849e-04
1.784701773431151997e-04
1.852405461249873096e-04
1.172812830191105658e-04
9.408902114955708113e-05
7.529332797275855595e-05
6.823893527325708148e-05
5.274783106870018081e-05
4.875522354268469187e-05
6.142147540231235867e-05
5.546986576518975063e-05
8.624179245089180225e-05
6.352501004585065219e-05
5.779057682957500490e-05
5.054023567936382917e-05
4.907064430881291628e-05
2.658564299053978310e-05
2.781450639304239235e-05
2.910478397097904100e-05
8.862462782417423752e-05
7.287943262781481648e-05
8.339237101608886773e-05
7.307417326956056329e-05
4.398217861307784644e-05
3.867998239002190395e-05
3.611918691603932530e-05
3.636550536612048745e-05
4.633704884327016771e-05
3.233637162338709594e-05
3.948700796172488345e-05
2.960829187941271744e-05
3.037597853108309345e-05
3.783930878853425384e-05
3.483387663436587764e-05
5.608163191936910017e-05
4.454631089174654064e-05
4.516639673965982957e-05
4.384821950225159797e-05
4.409832035889849067e-05
4.416789561219047484e-05
5.270371439110021767e-05
9.687681595096364075e-05
7.705710377194918150e-05
7.169751042965800112e-05
3.042270363948773457e-05
3.595226153265684979e-05
6.036572885932400552e-05
7.465677845175378025e-05
7.297167830984107879e-05
9.405921373399906131e-05
8.067030430538579279e-05
5.692739541700575772e-05
5.898423041799105975e-05
4.147993022343143956e-05
3.524402018229011446e-05
3.565512924978975478e-05
5.780675892310682820e-05
6.306332215899601579e-05
9.069294319488107616e-05
1.142247914685867781e-04
7.180686152423732254e-05
5.166881164768711004e-05
5.409639597928617014e-05
3.326427358842920647e-05
3.857041301671415703e-05
2.610519622976426103e-05
5.051742373325396058e-05
5.041957447247113897e-05
4.567379874060861495e-05
1.033442735206335837e-04
6.425052197300828993e-05
8.431707465206272900e-05
4.493575070227961852e-05
3.380558882781770080e-05
4.987569554941728982e-05
7.957310153869912570e-05
1.124115864513441974e-04
9.998764362535439161e-05
9.428765697521157834e-05
7.735129547654650834e-05
6.757470400771125880e-05
7.488592236768454855e-05
3.584232581488322467e-05
2.737146878644125468e-05
2.694635586522054063e-05
2.980891295010223849e-05
2.901614479924319448e-05
1.801937742129666731e-05
1.560876589792315052e-05
1.601474787094048224e-05
2.699267060961574248e-05
2.771660492726368694e-05
1.555500002723419903e-05
1.557742880322621339e-05
1.733847739160410129e-05
1.865886479208711603e-05
3.529015320964390141e-05
2.283947123942198164e-05
1.742418662615818971e-05
1.767740341165335984e-05
2.539248707762453773e-05
2.275455644848989187e-05
2.780589511530706659e-05
1.294181402045069262e-05
1.367108498016023111e-05
1.341689257969846983e-05
1.390194029227131978e-05
1.264819675270700861e-05
1.221754373545991291e-05
1.288705352635588429e-05
9.755373321240768175e-06
1.141932698374148526e-05
1.589105786479194513e-05
2.080522281175944819e-05
3.171088792441878468e-05
2.212043746112612940e-05
1.897074535008869269e-05
1.838033876992994852e-05
1.896194207802182131e-05
2.231492198916384883e-05
1.965785340871661766e-05
1.647848112042993443e-05
1.614725078979972750e-05
1.140664835475035943e-05
1.168296457763062824e-05
1.297302806051447920e-05
1.406735409545945038e-05
1.486238379584392600e-05
1.759332280926173553e-05
1.919945189001737298e-05
1.571974025864619694e-05
2.315875644853804260e-05
1.877977465483127297e-05
1.815667183109326356e-05
2.362716622883453965e-05
2.733315486693754928e-05
2.066553970507811687e-05
1.739726067171431942e-05
1.062921892298618399e-05
1.536313648102804951e-05
1.399238444719230790e-05
1.473422707931604236e-05
9.254421092919073660e-06
9.909960772347403351e-06
1.209522952194674872e-05
1.638754492887528545e-05
2.150122763850959086e-05
2.833440576068824293e-05
2.408227373962290585e-05
1.500070511610829204e-05
3.457300117588601735e-05
3.237380315113114193e-05
1.287364430027082529e-05
1.120479973906185444e-05
1.174964099845965427e-05
1.048706071742344580e-05
1.193200469060684588e-05
1.361441045446554165e-05
1.558665844640927322e-05
1.268894766326411627e-05
1.756640249368501895e-05
2.598354149085935205e-05
4.106138221686706218e-05
2.301959211763460121e-05
5.975784024485620010e-05
4.547706730591016551e-05
3.275603667134419355e-05
2.830957364494679360e-05
1.288394378207158297e-05
1.601818730705417625e-05
1.809475115805980817e-05
1.260782864846987582e-05
1.544676197227090462e-05
1.511679020040901344e-05
1.574311445438070087e-05
1.483632477174978669e-05
1.684985400061122938e-05
1.369637020616210134e-05
1.654656771279405938e-05
1.365962179988855496e-05
1.057342506101122194e-05
1.078719478755374405e-05
8.998501652968115427e-06
9.312986867371364158e-06
8.910385895433137532e-06
8.373569653485900976e-06
9.514985958958276801e-06
8.125702379402355291e-06
7.654901901332778264e-06
8.022758584047550928e-06
8.435196923528564755e-06
8.815837463771459393e-06
8.042466151891858995e-06
7.513346872656256892e-06
7.826242563169216060e-06
6.437600541175925512e-06
7.124677767933462577e-06
6.736764453307841566e-06
7.549515476057422178e-06
7.283934246515855532e-06
6.035150340721883938e-06
7.250064163599745032e-06
8.606772280472795733e-06
7.532914332841756161e-06
7.442211062880232591e-06
7.079364695528056303e-06
7.795813598931999199e-06
1.017335243886918829e-05
1.813680391933303394e-05
1.002962085294711869e-05
8.253668602264951576e-06
8.370336126972688701e-06
7.944865410536295142e-06
1.044180571625474908e-05
9.754266193340299312e-06
1.107836906157899614e-05
1.291159442189382321e-05
1.639433157833991504e-05
1.195804425151436522e-05
1.723115310596767745e-05
1.304003762925276533e-05
1.271031560463598066e-05
8.195267673727357421e-06
6.092795274525997229e-06
7.310301725738099776e-06
6.497159483842552047e-06
9.400581257068552416e-06
1.013916516967583448e-05
9.112642601394327357e-06
1.128299418269307420e-05
8.624219572084256702e-06
7.566749900433933362e-06
7.665731254746788520e-06
9.275442062062211674e-06
9.814941040531267158e-06
8.648091807117452845e-06
8.590356083004735749e-06
8.718333538126898591e-06
7.256918070197570900e-06
7.134105044315220026e-06
7.854809155105613172e-06
7.183576462921336886e-06
6.491604335678857921e-06
6.687127506666002033e-06
8.605334005551413379e-06
7.832877872715471990e-06
5.870979748578974977e-06
6.300635095612960698e-06
6.335745592878083868e-06
6.479995636254898103e-06
5.727971165470080789e-06
5.891393766432884319e-06
5.743617612097295594e-06
5.658227473759325560e-06
7.834354437363800339e-06
6.566012280018184927e-06
9.805116314964834940e-06
7.761998631394817494e-06
7.535805480074486695e-06
9.477356798015534878e-06
1.179373130071326091e-05
7.477103645214811306e-06
6.239709728106391024e-06
6.836272677901433611e-06
6.480311230916413309e-06
5.925149662289186550e-06
5.957679968560114842e-06
6.816452514613047073e-06
6.313518224487779831e-06
7.092454143275972286e-06
1.036741068674018573e-05
7.256073877215385098e-06
9.201333068631355904e-06
8.589689059590455145e-06
8.116681601677556268e-06
7.852519547668635591e-06
6.213707092683762481e-06
6.666977606073487889e-06
6.140252662589773705e-06
6.216125393621041778e-06
6.819838336014072241e-06
7.813387946953298863e-06
1.111476240112097003e-05
6.420621457436937077e-06
7.203272343758726662e-06
4.905544801658834161e-06
4.808659491573053285e-06
4.620957565748540388e-06
4.796149733010679822e-06
5.133555396241717633e-06
4.820405501959612932e-06
4.443979560164734891e-06
4.826549252356926784e-06
4.557665556603751950e-06
4.633195021597202698e-06
5.405512183642713353e-06
5.871221515008073935e-06
5.281977882987120781e-06
5.410985750131658278e-06
4.829044132748094684e-06
5.194257778384781146e-06
5.555910684051923793e-06
5.273517308523878116e-06
5.042219413553539198e-06
5.149375920154852962e-06
4.588626688928343694e-06
5.429344059848517476e-06
6.379990736604668200e-06
5.029204976381151598e-06
4.693295750257675536e-06
4.967004724676371721e-06
5.045476427767425776e-06
4.882687380813876929e-06
4.691744288720656525e-06
5.483015456775319763e-06
5.520040622286614623e-06
4.628486340152448805e-06
5.165183665667427704e-06
4.872329827776411379e-06
5.358233192964689976e-06
5.105640684632817114e-06
5.926274798184749501e-06
6.324659079837147316e-06
5.470844462251988832e-06
6.049055627954658121e-06
5.034789319324773144e-06
6.083480911911465228e-06
5.858354188603698107e-06
5.727954771828080993e-06
5.845059968123678457e-06
4.972136139258509502e-06
4.779055643666652031e-06
5.096299173601437529e-06
4.821316656489215918e-06
4.853293830819893628e-06
4.485414910959661599e-06
4.972852775608771650e-06
5.095241249364335090e-06
5.127514896230422892e-06
4.100430260223220102e-06
4.881842176018835574e-06
5.246607634035171602e-06
5.031362820773210673e-06
4.835705067307572050e-06
4.234274865666520951e-06
4.626731242751702497e-06
4.411746385812875984e-06
4.072812430422345642e-06
4.276809522707480768e-06
4.095948338544985915e-06
4.106760457034397405e-06
4.281295173313992733e-06
4.526882435129664373e-06
4.457356044440530071e-06
4.991083255845296832e-06
5.084311032987897877e-06
5.170807116883224638e-06
5.419764602265786549e-06
4.645306421480199618e-06
4.129774606553837826e-06
4.094006965260632738e-06
4.734025401376129255e-06
4.091835148756217847e-06
4.310762574277760165e-06
4.089825233677402478e-06
4.095416534255491231e-06
4.380022437544539232e-06
4.547805519905523228e-06
4.126843168705818074e-06
4.153527356720587704e-06
4.134535174671327695e-06
4.227041563353850167e-06
4.199107934255152941e-06
4.270456770427699666e-06
3.706328334374120544e-06
4.838755148739437403e-06
4.407120241012307985e-06
4.067994586876011115e-06
4.274393018022237981e-06
4.244698038746718910e-06
4.746012405121291691e-06
5.422807225841097195e-06
4.062471043653204445e-06
4.597400629791082052e-06
3.952635131554415809e-06
4.054630107930279506e-06
3.815272123119939351e-06
3.941471391044615302e-06
3.704356754496984819e-06
3.685349724946718197e-06
3.806843460552045059e-06
3.904091317963320593e-06
3.768225496969535016e-06
3.776232551899738694e-06
3.640532793269812997e-06
3.720022164088732097e-06
3.639012038547661917e-06
3.866110864692018029e-06
3.760376614536653506e-06
3.794930580625077540e-06
3.966258441323589407e-06
4.397310112835839052e-06
4.067250461048388219e-06
3.994920416516834108e-06
3.998168949692626484e-06
3.714171180035918866e-06
3.741704995263717053e-06
4.163956714364758396e-06
4.090288052793767176e-06
3.958975639761774801e-06
3.951516350753081327e-06
3.782626504289510364e-06
3.847945276902464854e-06
3.635271605162415569e-06
3.783753277275536760e-06
3.676126948448654899e-06
3.712654438459139868e-06
4.019746734229557089e-06
3.780969882427598434e-06
3.585637909964134620e-06
3.742015815078047951e-06
3.833666232821996916e-06
3.820606639237666799e-06
3.689222558023175309e-06
3.859527680560859153e-06
3.742862736544339071e-06
3.783815509450505403e-06
3.635139376001461811e-06
3.827726595773129131e-06
3.732119625965424178e-06
3.738163627531321254e-06
3.648530946520622989e-06
3.749535426322836259e-06
4.109035307919839058e-06
4.161600554652977904e-06
3.844635534733242482e-06
4.077114908795920201e-06
3.934185565412917979e-06
3.662220592559606303e-06
3.909457882400602441e-06
3.880632266373140568e-06
3.575167761482589328e-06
3.672314289815403923e-06
3.641005878307623619e-06
3.608908980368141953e-06
3.965021255680767015e-06
3.637951454038556961e-06
3.681929115373350214e-06
3.770303351302572992e-06
3.845429046123172326e-06
4.037651387989172119e-06
4.174387981947802473e-06
4.120674043406325266e-06
3.793973382926196876e-06
3.708397230184345972e-06
3.680311851894657424e-06
3.682170245156157762e-06
3.631029085227055645e-06
3.640864747467276175e-06
3.349636199345695956e-06
3.597641943997586993e-06
3.570510978079255353e-06
3.826870761258760806e-06
3.824034502031281929e-06
3.939814757814019855e-06
3.860443302983185107e-06
3.530367143866897180e-06
3.557542459020623768e-06
3.525826082295679868e-06
3.535616701810795179e-06
3.471246577646525196e-06
3.709670954776811498e-06
3.607517362524959111e-06
3.829781758213357704e-06
3.979633640938118672e-06
3.642019044036715143e-06
3.904541495103331156e-06
3.928807882402907295e-06
3.731569836418202443e-06
3.724353814504866192e-06
3.918816128134494986e-06
3.544051935477909865e-06
3.368084026078576984e-06
3.344497076795960141e-06
3.487372180188686058e-06
3.325949899135593939e-06
3.287637707671820123e-06
3.309516046101634856e-06
3.327790557250409705e-06
3.235343035612459146e-06
3.319591269246302714e-06
3.402626771276118403e-06
3.385180900750128955e-06
3.497978138966573339e-06
3.436088093167199986e-06
3.282548220795433735e-06
3.332642995701462581e-06
3.270458944371057611e-06
3.268731870775809681e-06
3.557985837687738070e-06
3.524422891132417304e-06
3.472373805379902478e-06
3.365611678418645000e-06
3.394211432805605000e-06
3.393853876332286576e-06
3.294155806088383373e-06
3.524241992636234330e-06
3.412948956338368589e-06
3.344237325109134132e-06
3.361944754942669618e-06
3.384999945410527120e-06
3.368017269167466936e-06
3.295291367066965735e-06
3.406361952329462098e-06
3.358893991389777511e-06
3.356334786985826213e-06
3.483852339059012593e-06
3.424148690100991929e-06
3.307611905256635509e-06
3.498532373669149735e-06
3.401305389161280060e-06
3.429700575452443530e-06
3.326355226818122901e-06
3.289076573764759814e-06
3.263807116127281915e-06
3.382819249964086424e-06
3.363218820595648309e-06
3.503961204387451205e-06
3.350028748627664754e-06
3.486624507331725908e-06
3.361601352480647535e-06
3.263861958657798654e-06
3.330252934574673587e-06
3.270343484018667368e-06
3.443665946178953163e-06
3.329074638713791416e-06
3.279036548065050738e-06
3.389201629033777947e-06
3.315522030788997569e-06
3.312253875265014273e-06
3.301917604403570125e-06
3.195713998138671910e-06
3.287237859694869258e-06
3.526532611886068311e-06
3.515776484164234716e-06
3.339504928590031341e-06
3.363762857588881161e-06
3.307775909888732882e-06
3.450919246006378586e-06
3.244129743507073727e-06
3.351398959239304531e-06
3.494677844173565803e-06
3.408574639252037911e-06
3.476735651020135180e-06
3.403287144010391870e-06
3.344362903590081175e-06
3.412309376926714237e-06
3.289020435204292796e-06
3.331075049572973512e-06
3.523028669860650383e-06
3.345099321450106884e-06
3.280239616287872280e-06
3.250031113566365093e-06
3.118342124253103806e-06
3.230362949580012355e-06
3.315224057587329214e-06
3.220034909645619506e-06
3.322749523704260185e-06
3.263299890932102984e-06
3.377892107891966504e-06
3.235491908526455603e-06
3.149855251649569339e-06
3.297021407888678368e-06
3.267188128575071375e-06
3.147247537071962312e-06
3.317003347547142766e-06
3.182683349223225462e-06
3.270601405347406314e-06
3.252137611298166946e-06
3.140444459859281948e-06
3.198684271410456689e-06
3.277747282481868751e-06
3.278455540112190478e-06
3.279817343582180826e-06
3.169009045222992596e-06
3.144524316667229699e-06
3.277893597442016471e-06
3.235084204789018428e-06
3.204490792541037250e-06
3.218341225874610330e-06
3.189634253430995328e-06
3.140617025110259419e-06
3.220960513772297502e-06
3.201995878043817526e-06
3.130952438823442038e-06
3.177892483563482359e-06
3.202755954134772849e-06
3.191604605490283575e-06
3.181295039667020488e-06
3.136821555926871867e-06
3.149502481392119165e-06
3.158861352403619179e-06
3.201782340056524930e-06
3.218720235054206738e-06
3.166148155742121077e-06
3.186636786267627200e-06
3.193577970250771444e-06
3.113906177532044070e-06
3.151959742808685575e-06
3.214710966403799745e-06
3.164952323686520770e-06
3.203190067324612840e-06
3.161910319704475199e-06
3.149856070194800850e-06
3.153904333430545934e-06
3.137562384836201260e-06
3.164358884077955905e-06
3.219101603235685446e-06
3.178973645390214928e-06
3.243891387683106417e-06
3.320277687635097949e-06
3.127200864128098971e-06
3.145446135022211905e-06
3.169784508827433286e-06
3.174656421833787960e-06
3.177819019128946736e-06
3.119793655059765940e-06
3.179129112140799238e-06
3.153624129481613551e-06
3.220114729174383598e-06
3.155876686378178250e-06
3.122608904959633777e-06
3.114950197868893071e-06
3.194142675511102594e-06
3.146749600091425152e-06
3.114508399448823353e-06
3.146724463931605156e-06
3.130334448542271275e-06
3.107510212885244813e-06
3.142791490517993309e-06
3.237029898173205025e-06
3.185497519098134944e-06
3.094632995725987627e-06
3.178573797413264486e-06
3.108115743089001541e-06
3.082243756580283019e-06
3.153489103624451673e-06
3.124878264770813815e-06
3.173344202878070149e-06
3.117222365744964749e-06
3.091477105954254427e-06
3.184199317729507869e-06
3.093824000188760608e-06
3.177741905346920079e-06
3.115111712759244086e-06
3.068231706038204720e-06
3.144492438877932727e-06
3.134528515147394331e-06
3.085390164869749982e-06
3.216969503228028771e-06
3.235530482470494632e-06
3.122302859992487187e-06
3.096041825756401353e-06
3.128404694052733163e-06
3.082702971823892027e-06
3.058387756027514030e-06
3.140611931939929406e-06
3.073761706673394486e-06
3.116632581168232888e-06
3.151925284328171983e-06
3.103918811575567985e-06
3.105291023075551408e-06
3.092757117428846043e-06
3.107221584741637513e-06
3.117389900353373462e-06
3.136418126814533194e-06
3.045414166535920315e-06
3.210005320397612935e-06
3.109033832515706393e-06
3.118620361419743943e-06
3.145399995219122417e-06
3.055090155612560836e-06
3.064063321289722808e-06
3.084269167175079929e-06
3.091649398356821536e-06
3.044684683572995625e-06
3.124822262634552401e-06
3.025816499757638497e-06
3.092658965897498917e-06
3.068958176299929788e-06
3.074873711739201014e-06
3.102395487530884650e-06
3.069014371703815244e-06
3.060405595078918935e-06
3.078100127140714988e-06
3.020859355729044013e-06
3.082665580222965133e-06
3.043627339138765735e-06
3.074774917877220930e-06
3.054962928672466829e-06
3.060864742110425141e-06
3.040608089577290399e-06
3.078684233059902739e-06
3.073681182286236605e-06
3.059088066947879185e-06
3.046924234695325140e-06
3.070624700285407016e-06
3.067880606977268969e-06
3.052275451409514147e-06
3.039453201836295362e-06
3.061503025492129212e-06
3.056756725072773406e-06
3.084817302578812730e-06
3.061355937461485324e-06
3.013796015238767892e-06
3.096493560406088194e-06
3.027410798495111521e-06
3.064427619392517785e-06
3.067371017095865766e-06
3.013404023022303760e-06
3.077979806676012146e-06
3.063760152599570659e-06
3.057532023831299908e-06
3.027194225069251843e-06
3.019050973307457668e-06
3.036387693100550847e-06
3.081183410813537024e-06
3.052032752748345956e-06
3.034842052329622675e-06
3.046064659883995943e-06
3.011784542650275398e-06
3.065454097850306256e-06
3.047964514735212846e-06
3.049767053653340469e-06
3.003084850661252773e-06
3.081360102896724299e-06
3.031266919606423556e-06
3.045951791591505838e-06
3.073948278142779600e-06
3.030083337307587329e-06
3.077539292917208344e-06
3.021131544755917445e-06
3.044514380690088644e-06
3.029650474672962276e-06
3.027469927019410703e-06
3.043743544139943139e-06
3.001157756443717602e-06
3.060710446334269448e-06
3.056703087622736263e-06
3.002749963343376294e-06
3.046458857625111705e-06
3.062520204366592394e-06
3.047826999136305033e-06
2.989472841363749382e-06
3.025395744771230796e-06
3.033115035577793606e-06
3.011063063240726563e-06
3.029353479178098496e-06
3.015400716321892020e-06
3.029862079984013605e-06
3.023772092092258559e-06
3.053664897834096337e-06
3.001278582814848220e-06
3.032952287185253141e-06
2.986751019307121254e-06
3.053038869893498317e-06
3.029644244634255471e-06
3.040745889393292516e-06
3.022225223503482909e-06
3.015899528691079552e-06
3.056996411032741974e-06
2.995286263285379561e-06
3.086359288317907898e-06
2.991077667502395174e-06
3.031358585303678580e-06
2.983002855216909835e-06
3.055867614421004049e-06
2.988845039908483159e-06
3.025033663561771391e-06
3.006865955512694030e-06
2.985502317187638424e-06
3.024669911155797139e-06
3.013629208226120851e-06
3.036554107893607410e-06
2.980603454716401757e-06
3.000904956707017676e-06
3.001408043701303710e-06
2.983202909945248478e-06
3.025856028671114642e-06
3.009501449469098504e-06
3.002884420766349564e-06
3.030768357348278927e-06
2.976544283228576945e-06
2.999780923573780540e-06
2.992579936744732549e-06
3.008303156093461270e-06
2.971009610064356651e-06
2.985601088312250625e-06
3.029490812878066208e-06
2.979304258587944618e-06
3.056109335375367664e-06
2.977860378905461233e-06
2.968886002463477695e-06
3.001256891366210851e-06
2.970917785205528987e-06
3.000595756930124311e-06
3.010839537864739954e-06
2.978334123326931149e-06
3.008647558999655387e-06
2.978574724465943460e-06
3.009712526136354596e-06
2.995619058765441708e-06
2.974178210024547213e-06
2.991360264559261681e-06
3.003517645083775448e-06
3.023571275662106843e-06
2.974373217057291185e-06
3.031225583072227807e-06
2.972206698359514290e-06
2.993619534663593926e-06
2.982574005727656016e-06
2.970321907014295078e-06
3.004774646342411955e-06
2.982579189847456291e-06
2.989838480971229559e-06
2.997030537699174432e-06
2.995552540596691045e-06
2.975006060523810532e-06
2.991127610130206364e-06
2.961699965453590097e-06
2.978047950819018382e-06
2.992226961850974391e-06
2.968904561839735749e-06
3.032638517197483452e-06
2.979846976813860153e-06
2.943318662573801703e-06
2.999850403284653937e-06
2.976093594497797482e-06
2.969663557905732717e-06
2.994355997998354554e-06
2.988318982488635811e-06
2.983865908845473483e-06
2.963141184864070965e-06
2.956787056973553263e-06
2.991563314935774458e-06
3.018043184965790884e-06
2.969037075217784234e-06
2.981752709274587602e-06
2.982682394758740059e-06
2.964909197089582618e-06
3.003043775606783869e-06
2.969816955555870579e-06
2.986357907275305394e-06
2.956823124122820445e-06
2.966290730910259214e-06
2.970595505757955665e-06
2.956872140202903951e-06
2.989599272495979761e-06
2.960033395993377950e-06
2.968110396750489430e-06
2.983820104418555190e-06
2.957276979032030625e-06
2.984604998346185227e-06
2.973407271156247504e-06
2.939587716355163138e-06
2.968729000940584144e-06
2.960882363822747636e-06
2.950226394204946785e-06
3.004446557497430889e-06
2.950040482119220542e-06
2.955330421627877598e-06
2.990818575199227611e-06
2.972555228097917364e-06
2.973072798795328539e-06
2.964914403946749929e-06
2.953738328415056627e-06
3.007937363008750423e-06
2.944325609632869516e-06
2.977654025926312982e-06
2.962006328743882393e-06
2.982250947525244555e-06
2.968255603263969364e-06
2.951513994275955896e-06
2.953939088001789059e-06
2.953148020878870654e-06
2.970440129956841617e-06
2.952549857582198371e-06
2.961013245794674646e-06
2.969227568883070320e-06
2.951177702925633809e-06
2.943495974250254052e-06
2.956338971671357455e-06
2.970491834730637493e-06
2.953111845727107720e-06
2.960827100650931412e-06
2.953148612050426722e-06
2.971354501823953057e-06
2.953352549184273812e-06
2.945416451893834334e-06
2.958913376005512048e-06
2.955696845674537884e-06
2.951063174805312798e-06
2.939250748568156268e-06
2.963531915156636218e-06
2.963907195407955272e-06
2.924087982592027232e-06
2.953515911485737803e-06
2.965744437233297419e-06
2.943400215826841473e-06
2.961993266126228348e-06
2.962080679935752329e-06
2.942880024647820307e-06
2.964608370348287281e-06
2.969489764836907768e-06
2.940842216503369770e-06
2.946294466710241892e-06
2.948631470189866292e-06
2.944206403299176430e-06
2.948450969597615767e-06
2.954806535626630479e-06
2.947322900581639091e-06
2.954290567913630924e-06
2.943942558886192443e-06
2.940053462907599169e-06
2.938752379577636105e-06
2.946005770354531790e-06
2.946964002603635890e-06
2.951438409581896934e-06
2.948504163668985542e-06
2.948521250800695186e-06
2.958889172077760862e-06
2.933486575784627433e-06
2.933152450168563603e-06
2.944636344182072123e-06
2.958727884561085290e-06
2.956101980089442804e-06
2.952432748770661589e-06
2.953587124920886878e-06
2.953574755792942681e-06
2.943708045677340209e-06
2.932134555067023114e-06
2.935945667559280907e-06
2.925571141076943435e-06
2.948412975456449288e-06
2.948981705230835190e-06
2.929186507572012488e-06
2.962841506359836785e-06
2.954834366164504815e-06
2.918861707712494705e-06
2.941604446959900257e-06
2.947492151861297147e-06
2.944104630842048124e-06
2.944622974609956315e-06
2.935751660970708969e-06
2.935728798547643406e-06
2.951368708181689641e-06
2.926026587601882141e-06
2.940517799743247621e-06
2.951377177851099902e-06
2.923477984495548383e-06
2.944774450952536426e-06
2.953422222162771674e-06
2.944710035990283189e-06
2.940935650030951450e-06
2.953938769678643354e-06
2.936702105671429139e-06
2.933201881205605047e-06
2.938136947250313655e-06
2.937243618816865079e-06
2.933982244712751708e-06
2.929951347141468601e-06
2.954242040686949707e-06
2.934963583811622727e-06
2.938506543159746628e-06
2.946931249425688123e-06
2.929068568846560253e-06
2.921906252595363100e-06
2.936889569582490536e-06
2.940153621011631913e-06
2.931423659902065908e-06
2.943693334600538777e-06
2.932377162778721043e-06
2.926541856140829453e-06
2.934179133262660058e-06
2.933148653028183447e-06
2.931268704742251345e-06
2.933929090431774882e-06
2.937855572326952655e-06
2.934044476887720351e-06
2.927643561179138657e-06
2.926309781514646687e-06
2.931782273662975227e-06
2.933096118340472543e-06
2.939184037131781139e-06
2.935189928621184494e-06
2.927284276665886949e-06
2.937777662737062370e-06
2.940245428817434088e-06
2.937162457783415363e-06
2.922279122685722541e-06
2.919561575254192491e-06
2.940997399036859776e-06
2.934958473588267225e-06
2.926198453678807794e-06
2.931212702605989931e-06
2.933943807192917860e-06
2.926511774603568568e-06
2.917729989349026995e-06
2.936148871413024777e-06
2.940149124697199938e-06
2.924171496943017701e-06
2.928365927346021805e-06
2.939328373940952673e-06
2.933949986072548199e-06
2.926633317201776493e-06
2.930379355348122602e-06
2.930080609075958079e-06
2.925486364802054510e-06
2.924966611317358742e-06
2.931825827090506124e-06
2.929276877239317231e-06
2.929520564975973515e-06
2.927217337855836377e-06
2.921686643730936339e-06
2.924901406231583848e-06
2.925938179032527672e-06
2.928399794654978905e-06
2.919429607572965155e-06
2.929256515926681544e-06
2.937080523679469479e-06
2.929342542756785406e-06
2.926681463577551598e-06
2.917592030371451814e-06
2.919118912814155919e-06
2.935126815373223508e-06
2.928001146074166087e-06
2.922564442542352396e-06
2.923170848134759496e-06
2.920652570992387979e-06
2.928147455349971837e-06
2.933261913540263607e-06
2.920822998930816623e-06
2.912089394158101556e-06
2.922853514064627064e-06
2.942940977845865006e-06
2.933690007012046323e-06
2.916415508025238693e-06
2.920123199601221216e-06
2.922507076164038323e-06
2.926528429725294785e-06
2.929293282250000545e-06
2.922069802480109586e-06
2.921718800052986068e-06
2.926992397078720218e-06
2.923143097177671904e-06
2.920392637406621446e-06
2.920402789641230071e-06
2.919478902185801417e-06
2.918676295848854267e-06
2.920038775755528974e-06
2.942198176469901397e-06
2.931109742121407095e-06
2.914888682425953448e-06
2.914242088536411757e-06
2.930345317508908920e-06
2.922379951542097673e-06
2.914770442430380996e-06
2.917191523010842502e-06
2.925889805283077125e-06
2.918313759892043975e-06
2.911491662871412700e-06
2.911846456754574404e-06
2.932745303496631095e-06
2.932694582113981766e-06
2.919293484637819432e-06
2.924303623785817678e-06
2.926402567027253014e-06
2.924099658230261581e-06
2.918608947766188151e-06
2.919318330896203576e-06
2.917695536552855798e-06
2.921439590863883326e-06
