5.638167075812816620e-02
5.595799535512924194e-02
3.878927230834960938e-02
2.775998320430517197e-02
1.223398512229323387e-02
1.794627914205193520e-02
9.466796647757291794e-03
9.155697422102093697e-03
6.917917868122458458e-03
6.479462492279708385e-03
8.293526014313101768e-03
6.484794197604060173e-03
7.778626633808016777e-03
7.546320091933012009e-03
4.291076154913753271e-03
6.375377764925360680e-03
4.409714951179921627e-03
5.690273828804492950e-03
5.317433271557092667e-03
6.542585557326674461e-03
6.929296068847179413e-03
6.213396321982145309e-03
8.777232142165303230e-03
8.172170724719762802e-03
7.774293422698974609e-03
6.226513301953673363e-03
5.158215528354048729e-03
4.995297640562057495e-03
5.148307187482714653e-03
7.519370643422007561e-03
9.319146396592259407e-03
6.697435397654771805e-03
7.196038495749235153e-03
6.017165491357445717e-03
7.176838815212249756e-03
6.414166884496808052e-03
5.091063678264617920e-03
1.160783832892775536e-02
9.850292466580867767e-03
6.057486985810101032e-03
7.787184091284871101e-03
8.332135854288935661e-03
1.011266279965639114e-02
7.053753826767206192e-03
7.048734463751316071e-03
8.092946605756878853e-03
6.907784380018711090e-03
1.114676846191287041e-02
5.466901115141808987e-03
5.617832648567855358e-03
1.034841267392039299e-02
9.773948695510625839e-03
9.470180608332157135e-03
1.388549432158470154e-02
1.210425421595573425e-02
1.082118600606918335e-02
1.065271161496639252e-02
7.619982818141579628e-03
6.004526978358626366e-03
9.029584936797618866e-03
8.680294035002589226e-03
6.659034872427582741e-03
8.709904039278626442e-03
9.688282385468482971e-03
7.971150567755103111e-03
7.545054191723465919e-03
9.809362934902310371e-03
6.662563188001513481e-03
8.037270978093147278e-03
8.280145004391670227e-03
8.282899623736739159e-03
7.734150160104036331e-03
6.925226654857397079e-03
1.176236476749181747e-02
9.008900029584765434e-03
1.168231014162302017e-02
1.251624291762709618e-02
9.410811122506856918e-03
7.058160146698355675e-03
6.000225897878408432e-03
9.211275028064846992e-03
8.594174403697252274e-03
9.998353198170661926e-03
8.904094109311699867e-03
1.043550018221139908e-02
8.336659753695130348e-03
8.954473305493593216e-03
7.820669794455170631e-03
8.562648901715874672e-03
7.954098982736468315e-03
7.827911758795380592e-03
7.611336419358849525e-03
8.742402074858546257e-03
7.744086440652608871e-03
6.414547096937894821e-03
9.745176881551742554e-03
1.139224180951714516e-02
1.004368020221590996e-02
6.302043446339666843e-03
1.057460112497210503e-02
8.118314901366829872e-03
8.060656487941741943e-03
9.611392859369516373e-03
9.082540869712829590e-03
9.007619228214025497e-03
7.734659127891063690e-03
6.770850392058491707e-03
8.817888796329498291e-03
1.106545864604413509e-02
8.434740826487541199e-03
8.950313553214073181e-03
8.043106412515044212e-03
7.754525635391473770e-03
7.884379476308822632e-03
9.596255607903003693e-03
7.170381955802440643e-03
9.002466220408678055e-03
1.106653548777103424e-02
9.664321783930063248e-03
8.918313309550285339e-03
7.308681728318333626e-03
8.846889017149806023e-03
8.172217756509780884e-03
8.519399678334593773e-03
1.090227020904421806e-02
6.812457810156047344e-03
8.563049137592315674e-03
8.462370373308658600e-03
7.860623067244887352e-03
7.663221098482608795e-03
9.051332250237464905e-03
9.674174943938851357e-03
9.361520409584045410e-03
8.152073482051491737e-03
7.867985637858510017e-03
8.660911582410335541e-03
8.016878506168723106e-03
1.028508553281426430e-02
1.154504274018108845e-02
9.363330435007810593e-03
1.036683097481727600e-02
7.870131637901067734e-03
8.277114015072584152e-03
9.661241434514522552e-03
8.076539263129234314e-03
8.060212247073650360e-03
7.669231621548533440e-03
8.869759272783994675e-03
1.040688483044505119e-02
7.863906910642981529e-03
8.789138402789831161e-03
7.778289262205362320e-03
8.647578768432140350e-03
8.132810471579432487e-03
9.939707349985837936e-03
6.448108470067381859e-03
1.049992488697171211e-02
8.110542548820376396e-03
9.742571040987968445e-03
7.611966924741864204e-03
8.210406638681888580e-03
8.271179394796490669e-03
1.172705576755106449e-02
9.285145439207553864e-03
1.171529432758688927e-02
9.258179925382137299e-03
9.746008086949586868e-03
1.097904425114393234e-02
7.570553338155150414e-03
1.025036443024873734e-02
8.480628021061420441e-03
8.099459577351808548e-03
7.430443540215492249e-03
8.885275106877088547e-03
7.988242665305733681e-03
9.526008740067481995e-03
1.044185832142829895e-02
1.009251829236745834e-02
1.026755431666970253e-02
9.527391288429498672e-03
9.298159275203943253e-03
8.431269554421305656e-03
1.020813314244151115e-02
8.532373234629631042e-03
7.897736039012670517e-03
8.742080535739660263e-03
8.601483888924121857e-03
8.130857022479176521e-03
8.703603176400065422e-03
7.564583793282508850e-03
6.153677531983703375e-03
1.133821625262498856e-02
8.744069840759038925e-03
9.966535028070211411e-03
7.558779790997505188e-03
7.485801586881279945e-03
7.575200172141194344e-03
9.603243321180343628e-03
6.480928859673440456e-03
7.097770227119326591e-03
7.645239820703864098e-03
8.491316577419638634e-03
9.878733195364475250e-03
9.317034855484962463e-03
8.341897279024124146e-03
7.420765003189444542e-03
1.104166149161756039e-02
1.015762239694595337e-02
8.298953762277960777e-03
7.428753422573208809e-03
8.307453710585832596e-03
8.933227043598890305e-03
8.122727973386645317e-03
9.919018484652042389e-03
9.731360012665390968e-03
9.659769944846630096e-03
8.185527753084897995e-03
9.836321696639060974e-03
7.428100099787116051e-03
9.834227152168750763e-03
7.424789713695645332e-03
8.338369661942124367e-03
9.148919023573398590e-03
1.080559054389595985e-02
6.828372948803007603e-03
9.736104868352413177e-03
9.215079713612794876e-03
8.587240707129240036e-03
8.009240962564945221e-03
8.681975305080413818e-03
9.220854844897985458e-03
9.076513350009918213e-03
8.807375561445951462e-03
1.111384108662605286e-02
7.674038177356123924e-03
7.922604912891983986e-03
9.788652416318655014e-03
7.895815419033169746e-03
7.225218927487730980e-03
9.778446517884731293e-03
8.645835798233747482e-03
8.682356681674718857e-03
1.137239253148436546e-02
8.074529701843857765e-03
8.373673772439360619e-03
9.313040412962436676e-03
8.893371559679508209e-03
8.822481147944927216e-03
6.553709390573203564e-03
7.968561490997672081e-03
1.087102224119007587e-02
9.078839328140020370e-03
7.586972555145621300e-03
6.921577965840697289e-03
1.144960965029895306e-02
9.015158284455537796e-03
8.508730214089155197e-03
7.624224526807665825e-03
7.334912894293665886e-03
8.157643023878335953e-03
8.587490301579236984e-03
6.990078254602849483e-03
1.133468421176075935e-02
7.820158498361706734e-03
7.670055143535137177e-03
8.186831139028072357e-03
1.047956966795027256e-02
8.066541515290737152e-03
8.737704949453473091e-03
1.044304296374320984e-02
9.667614009231328964e-03
7.794856792315840721e-03
8.345215581357479095e-03
9.585472289472818375e-03
9.798992425203323364e-03
7.316205650568008423e-03
8.545543067157268524e-03
9.182389825582504272e-03
9.913362096995115280e-03
8.894639089703559875e-03
8.065806236118078232e-03
8.285741787403821945e-03
1.131741725839674473e-02
1.056524505838751793e-02
9.747807867825031281e-03
8.164585800841450691e-03
8.107757195830345154e-03
8.679285179823637009e-03
9.399572852998971939e-03
8.841929957270622253e-03
7.939767790958285332e-03
7.940927054733037949e-03
8.775982074439525604e-03
7.346483878791332245e-03
1.143326726742088795e-02
9.199678897857666016e-03
8.977057877928018570e-03
1.073053944855928421e-02
9.351551532745361328e-03
8.520819712430238724e-03
8.552405517548322678e-03
1.098610949702560902e-02
8.785542100667953491e-03
7.835661992430686951e-03
6.560374400578439236e-03
7.784990826621651649e-03
9.362888056784868240e-03
9.783450514078140259e-03
7.600869052112102509e-03
9.364468511193990707e-03
7.977865403518080711e-03
8.619702886790037155e-03
8.009964833036065102e-03
7.026744307950139046e-03
8.700993843376636505e-03
7.319232216104865074e-03
1.107749901711940765e-02
9.841325692832469940e-03
1.097947056405246258e-02
7.901928387582302094e-03
7.855174364522099495e-03
8.687554392963647842e-03
6.718905642628669739e-03
8.515078574419021606e-03
8.128768531605601311e-03
9.398130699992179871e-03
1.007200032472610474e-02
8.211990585550665855e-03
6.720783072523772717e-03
8.434050949290394783e-03
7.535556564107537270e-03
8.051015669479966164e-03
1.131946453824639320e-02
9.582240134477615356e-03
8.239506045356392860e-03
7.324264151975512505e-03
7.650306681171059608e-03
7.411183556541800499e-03
9.488506242632865906e-03
8.523531258106231689e-03
8.169898763298988342e-03
8.095170138403773308e-03
9.880670346319675446e-03
8.533985819667577744e-03
8.738177828490734100e-03
8.232901338487863541e-03
8.006930584087967873e-03
8.468581829220056534e-03
8.460167096927762032e-03
9.569574613124132156e-03
9.691599756479263306e-03
9.090635459870100021e-03
8.992827497422695160e-03
9.626010432839393616e-03
8.872968610376119614e-03
9.936127811670303345e-03
8.050573291257023811e-03
9.426611009985208511e-03
9.426319040358066559e-03
8.189784595742821693e-03
8.116339566186070442e-03
6.891465745866298676e-03
8.599703665822744370e-03
1.084537617862224579e-02
8.278302615508437157e-03
1.031547994352877140e-02
8.205192862078547478e-03
8.563764858990907669e-03
9.062910918146371841e-03
7.274487754330039024e-03
8.175666211172938347e-03
9.929711930453777313e-03
7.696675136685371399e-03
8.179466938599944115e-03
7.424604846164584160e-03
8.999442681670188904e-03
8.408367168158292770e-03
7.393093314021825790e-03
6.547900033183395863e-03
8.522136136889457703e-03
7.280894787982106209e-03
1.104603870771825314e-02
9.899803902953863144e-03
9.731090161949396133e-03
1.122870342805981636e-02
6.810581660829484463e-03
8.233928587287664413e-03
8.463331498205661774e-03
8.572830818593502045e-03
6.638059508986771107e-03
1.076579187065362930e-02
7.892562774941325188e-03
9.654405992478132248e-03
6.510488805361092091e-03
8.522546384483575821e-03
9.603345301002264023e-03
9.088351391255855560e-03
1.026099547743797302e-02
6.929821567609906197e-03
8.796229492872953415e-03
7.989014266058802605e-03
7.673243992030620575e-03
7.515346398577094078e-03
7.711117388680577278e-03
9.321020916104316711e-03
1.051715831272304058e-02
8.722854778170585632e-03
8.873653132468461990e-03
9.817358572036027908e-03
8.220163406804203987e-03
7.640130585059523582e-03
7.620973512530326843e-03
8.699903730303049088e-03
1.027171313762664795e-02
8.952606003731489182e-03
7.155503612011671066e-03
8.810653351247310638e-03
9.441852569580078125e-03
1.002569496631622314e-02
9.377783164381980896e-03
8.775466121733188629e-03
8.052134886384010315e-03
1.004453608766198158e-02
8.315812097862362862e-03
9.682018309831619263e-03
6.477866787463426590e-03
7.413255982100963593e-03
1.018856093287467957e-02
8.736378513276576996e-03
1.116133551113307476e-02
9.777682833373546600e-03
8.003573166206479073e-03
8.803429082036018372e-03
9.576982352882623672e-03
8.606585673987865448e-03
7.323435740545392036e-03
9.205572772771120071e-03
8.376341080293059349e-03
8.760015480220317841e-03
1.132074324414134026e-02
1.020132238045334816e-02
8.553135674446821213e-03
9.619374759495258331e-03
9.199654217809438705e-03
1.133467792533338070e-02
8.304723072797060013e-03
9.919135831296443939e-03
8.849409408867359161e-03
1.109817228280007839e-02
7.186614675447344780e-03
1.093635591678321362e-02
9.450022596865892410e-03
9.259868878871202469e-03
7.040451513603329659e-03
8.390906732529401779e-03
1.145598036237061024e-02
8.730824571102857590e-03
9.896649513393640518e-03
8.182241814211010933e-03
6.708698696456849575e-03
1.000083191320300102e-02
8.090309100225567818e-03
8.285257266834378242e-03
6.375487428158521652e-03
8.437565993517637253e-03
8.334439713507890701e-03
7.848185254260897636e-03
8.109504589810967445e-03
7.254121825098991394e-03
8.701480459421873093e-03
1.023831381462514400e-02
9.262652136385440826e-03
1.093080663122236729e-02
7.361974800005555153e-03
7.321660639718174934e-03
9.354126639664173126e-03
7.954189321026206017e-03
9.079791605472564697e-03
8.435540366917848587e-03
7.995272520929574966e-03
9.671141393482685089e-03
1.046877889893949032e-02
8.431390859186649323e-03
7.083803880959749222e-03
9.103050455451011658e-03
8.088023168966174126e-03
8.031171513721346855e-03
8.748280815780162811e-03
9.965538978576660156e-03
7.138987304642796516e-03
9.386681951582431793e-03
9.269069414585828781e-03
8.148285793140530586e-03
8.636446204036474228e-03
1.089142961427569389e-02
8.647386915981769562e-03
8.393111638724803925e-03
8.747825864702463150e-03
6.328875198960304260e-03
9.897256735712289810e-03
8.524355478584766388e-03
7.764110108837485313e-03
8.306931005790829659e-03
7.984552299603819847e-03
8.512911852449178696e-03
7.709543686360120773e-03
9.013672359287738800e-03
6.939176819287240505e-03
1.040899846702814102e-02
9.811087511479854584e-03
7.516230456531047821e-03
1.130100782029330730e-02
7.835953496396541595e-03
6.561858579516410828e-03
1.081571355462074280e-02
8.702656254172325134e-03
7.199459010735154152e-03
8.344654226675629616e-03
7.797825848683714867e-03
1.060898299328982830e-02
8.710979018360376358e-03
8.454760536551475525e-03
8.578020147979259491e-03
9.375805966556072235e-03
1.028781989589333534e-02
8.764489553868770599e-03
8.511522319167852402e-03
9.266756940633058548e-03
8.296342566609382629e-03
8.972106501460075378e-03
6.524265860207378864e-03
1.062845555134117603e-02
1.001183968037366867e-02
6.562300841324031353e-03
8.227228419855237007e-03
8.081157226115465164e-03
7.756184786558151245e-03
9.599116630852222443e-03
7.262961938977241516e-03
8.245548233389854431e-03
9.070937521755695343e-03
9.827776346355676651e-03
9.842366445809602737e-03
9.954925160855054855e-03
6.717510870657861233e-03
1.019009598530828953e-02
6.063088600058108568e-03
1.002485910430550575e-02
8.706439752131700516e-03
9.120307397097349167e-03
1.070839609019458294e-02
7.638873532414436340e-03
7.592323701828718185e-03
7.852661889046430588e-03
8.883379399776458740e-03
8.403721731156110764e-03
1.001538010314106941e-02
7.716724881902337074e-03
9.236323181539773941e-03
9.287592489272356033e-03
1.303600403480231762e-02
7.829934358596801758e-03
1.058280258439481258e-02
7.931049447506666183e-03
8.250459562987089157e-03
6.681059137918055058e-03
9.105512406677007675e-03
9.600790683180093765e-03
8.976784534752368927e-03
7.817050209268927574e-03
8.083743974566459656e-03
8.639803621917963028e-03
9.621359873563051224e-03
7.511030649766325951e-03
6.840853020548820496e-03
7.900749566033482552e-03
8.865857496857643127e-03
7.770938565954566002e-03
9.721830021589994431e-03
7.287498330697417259e-03
7.090598810464143753e-03
8.930777665227651596e-03
8.151418529450893402e-03
9.047540370374917984e-03
9.044101927429437637e-03
7.679733680561184883e-03
8.549239020794630051e-03
8.217042544856667519e-03
1.111801085062325001e-02
7.272742455825209618e-03
1.043982827104628086e-02
8.289535064250230789e-03
1.132640521973371506e-02
1.261046458967030048e-02
7.974958745762705803e-03
9.565556421875953674e-03
7.801300613209605217e-03
7.564787287265062332e-03
9.639692958444356918e-03
7.836046395823359489e-03
9.977411944419145584e-03
7.498967694118618965e-03
1.016848417930305004e-02
8.016150211915373802e-03
9.466092102229595184e-03
9.853320196270942688e-03
9.798644110560417175e-03
9.389034006744623184e-03
9.295550175011157990e-03
9.192408993840217590e-03
1.088838954456150532e-02
8.711440023034811020e-03
9.219284169375896454e-03
1.015269290655851364e-02
1.068882946856319904e-02
9.821549989283084869e-03
8.742643985897302628e-03
8.636649232357740402e-03
7.166168419644236565e-03
9.425363969057798386e-03
8.720382116734981537e-03
9.691634681075811386e-03
8.978515397757291794e-03
6.596460705623030663e-03
6.840600399300456047e-03
8.127821143716573715e-03
9.480300825089216232e-03
9.557875338941812515e-03
7.874785456806421280e-03
9.277280885726213455e-03
6.535032647661864758e-03
8.818492293357849121e-03
8.978996891528367996e-03
7.367842597886919975e-03
9.047966450452804565e-03
9.391715284436941147e-03
7.376738125458359718e-03
9.034033399075269699e-03
9.288932196795940399e-03
9.223522618412971497e-03
6.494640954770147800e-03
8.676907513290643692e-03
7.055606925860047340e-03
1.145351026207208633e-02
9.750170167535543442e-03
7.213349221274256706e-03
1.012239023111760616e-02
1.041701273061335087e-02
9.981587529182434082e-03
8.260812377557158470e-03
6.747393636032938957e-03
6.919043604284524918e-03
8.200364420190453529e-03
8.798066526651382446e-03
8.922741748392581940e-03
8.253817446529865265e-03
1.016495749354362488e-02
6.913004443049430847e-03
8.494640700519084930e-03
8.224913151934742928e-03
8.043362759053707123e-03
8.881759829819202423e-03
9.985753102228045464e-03
8.540663402527570724e-03
8.072437951341271400e-03
9.314019232988357544e-03
9.322454221546649933e-03
8.791965432465076447e-03
8.923480287194252014e-03
9.150630794465541840e-03
1.170040643773972988e-02
6.635005236603319645e-03
1.057885750196874142e-02
1.000318722799420357e-02
1.037662266753613949e-02
9.228555019944906235e-03
1.020427420735359192e-02
8.336150087416172028e-03
9.625216014683246613e-03
8.050231961533427238e-03
7.904081139713525772e-03
1.081615570001304150e-02
7.617412367835640907e-03
9.025623090565204620e-03
9.554727468639612198e-03
7.261317456141114235e-03
8.666751906275749207e-03
9.813641663640737534e-03
1.003547967411577702e-02
1.190359005704522133e-02
1.046264427714049816e-02
8.754903450608253479e-03
8.013220503926277161e-03
9.020543657243251801e-03
1.022000750526785851e-02
7.263763807713985443e-03
8.819069247692823410e-03
7.760246749967336655e-03
1.036694995127618313e-02
9.426042903214693069e-03
8.442517835646867752e-03
8.259649155661463737e-03
9.210420772433280945e-03
8.499405812472105026e-03
9.598190430551767349e-03
9.071637876331806183e-03
9.020382538437843323e-03
9.146001189947128296e-03
7.878757081925868988e-03
7.380315801128745079e-03
9.569806046783924103e-03
7.672793930396437645e-03
9.064632002264261246e-03
8.061167551204562187e-03
1.030443445779383183e-02
7.266149390488862991e-03
8.374684490263462067e-03
7.769455201923847198e-03
9.808541275560855865e-03
8.238742593675851822e-03
8.184005971997976303e-03
9.335611015558242798e-03
8.716578129678964615e-03
9.210804942995309830e-03
8.752000052481889725e-03
9.403499308973550797e-03
9.136944077908992767e-03
8.017490385100245476e-03
8.594980929046869278e-03
8.247738471254706383e-03
7.656899513676762581e-03
7.991693681105971336e-03
7.730893092229962349e-03
7.626373553648591042e-03
9.081723634153604507e-03
7.844873005524277687e-03
9.373951703310012817e-03
8.128718240186572075e-03
8.499712683260440826e-03
1.138389855623245239e-02
9.778858628123998642e-03
7.978507084771990776e-03
7.845943560823798180e-03
8.812850341200828552e-03
6.878174375742673874e-03
1.023821788839995861e-02
8.532527834177017212e-03
8.497838862240314484e-03
7.685025455430150032e-03
9.042950812727212906e-03
8.358405902981758118e-03
9.018361102789640427e-03
9.556626435369253159e-03
8.489590603858232498e-03
8.286567404866218567e-03
8.413516450673341751e-03
8.650979027152061462e-03
1.001597591675817966e-02
8.142947917804121971e-03
9.157395921647548676e-03
9.823697153478860855e-03
8.718314580619335175e-03
8.104773238301277161e-03
8.682144340127706528e-03
7.247116183862090111e-03
9.582806844264268875e-03
7.954711792990565300e-03
8.292971877381205559e-03
1.004303945228457451e-02
7.291492074728012085e-03
9.897410869598388672e-03
7.224080618470907211e-03
9.027173742651939392e-03
8.320543216541409492e-03
9.040219243615865707e-03
6.303009227849543095e-03
7.311164168640971184e-03
9.363481774926185608e-03
8.039989275857806206e-03
8.611713536083698273e-03
9.271568618714809418e-03
8.270189864560961723e-03
9.366192389279603958e-03
8.842666167765855789e-03
6.876480882056057453e-03
6.876702886074781418e-03
7.184632355347275734e-03
8.768475614488124847e-03
9.242293890565633774e-03
5.728817748604342341e-03
7.021476514637470245e-03
8.651181124150753021e-03
9.514192584902048111e-03
6.989945424720644951e-03
1.033233362250030041e-02
8.190045366063714027e-03
1.032515731640160084e-02
8.459459990262985229e-03
7.299211109057068825e-03
9.715375024825334549e-03
7.890854729339480400e-03
7.716618478298187256e-03
9.696058463305234909e-03
9.310536552220582962e-03
7.802037755027413368e-03
9.692702442407608032e-03
7.410029182210564613e-03
8.297959109768271446e-03
8.358451537787914276e-03
7.222119253128767014e-03
7.796734804287552834e-03
9.059697855263948441e-03
8.792842738330364227e-03
8.329695090651512146e-03
9.089144878089427948e-03
8.283053757622838020e-03
8.287724573165178299e-03
1.021153037436306477e-02
9.748707525432109833e-03
8.415079675614833832e-03
9.040761739015579224e-03
7.422030670568346977e-03
1.068371487781405449e-02
7.714349543675780296e-03
8.701117709279060364e-03
8.317440049722790718e-03
8.117909543216228485e-03
9.990718448534607887e-03
8.902872912585735321e-03
8.471851702779531479e-03
7.828842615708708763e-03
7.547351764515042305e-03
8.412902243435382843e-03
9.869815781712532043e-03
7.451088400557637215e-03
6.405011285096406937e-03
1.053450512699782848e-02
9.235176723450422287e-03
7.796327117830514908e-03
9.335029870271682739e-03
7.988854777067899704e-03
9.574161842465400696e-03
7.749044103547930717e-03
8.630913682281970978e-03
8.556973654776811600e-03
8.595757652074098587e-03
8.345021400600671768e-03
8.369077928364276886e-03
6.563439848832786083e-03
7.156467065215110779e-03
9.011955931782722473e-03
6.428397144190967083e-03
8.309085154905915260e-03
8.414691779762506485e-03
9.328889660537242889e-03
9.233222808688879013e-03
9.525981266051530838e-03
6.518513662740588188e-03
8.171667810529470444e-03
8.461860008537769318e-03
8.496129419654607773e-03
1.026393100619316101e-02
7.983004907146096230e-03
7.397535257041454315e-03
6.953200325369834900e-03
8.303318172693252563e-03
7.295791059732437134e-03
8.882998023182153702e-03
9.331218432635068893e-03
7.127710152417421341e-03
7.882572012022137642e-03
8.277091896161437035e-03
7.892622146755456924e-03
8.741844911128282547e-03
9.262007661163806915e-03
1.092353556305170059e-02
8.896263781934976578e-03
1.247122697532176971e-02
1.000115624628961086e-02
8.352105971425771713e-03
9.590850211679935455e-03
7.919689174741506577e-03
7.681234739720821381e-03
8.442196995019912720e-03
1.135954144410789013e-02
8.412129711359739304e-03
6.932835094630718231e-03
9.883109014481306076e-03
9.404762648046016693e-03
9.796962607651948929e-03
8.961159735918045044e-03
9.878735523670911789e-03
8.426541928201913834e-03
7.497741840779781342e-03
8.487444370985031128e-03
7.401451002806425095e-03
8.293139748275279999e-03
6.012420752085745335e-03
9.850920643657445908e-03
8.119298843666911125e-03
6.879667285829782486e-03
7.659087656065821648e-03
6.455342168919742107e-03
8.425840176641941071e-03
9.070842526853084564e-03
9.497089311480522156e-03
9.639069903641939163e-03
9.221687912940979004e-03
9.416629094630479813e-03
8.654465433210134506e-03
8.590744808316230774e-03
9.095076937228441238e-03
7.922529242932796478e-03
9.922620840370655060e-03
7.489423966035246849e-03
9.945626836270093918e-03
9.733652696013450623e-03
8.931879885494709015e-03
6.404774729162454605e-03
7.778184954077005386e-03
9.650602005422115326e-03
7.942706579342484474e-03
1.060437038540840149e-02
8.031723089516162872e-03
9.709489531815052032e-03
9.390501305460929871e-03
8.237845264375209808e-03
9.504978545010089874e-03
6.050696421880275011e-03
9.148737881332635880e-03
8.554674219340085983e-03
8.819604758173227310e-03
8.396884892135858536e-03
1.073131687007844448e-02
9.488632436841726303e-03
8.515273220837116241e-03
8.425972424447536469e-03
7.753796642646193504e-03
9.620535653084516525e-03
7.754051592200994492e-03
7.371237035840749741e-03
9.698995389044284821e-03
1.040049665607511997e-02
7.728873984888195992e-03
7.540522376075387001e-03
7.950169732794165611e-03
1.036937045864760876e-02
8.195705944672226906e-03
1.063322997651994228e-02
1.136220409534871578e-02
9.356800932437181473e-03
7.214373676106333733e-03
9.275497402995824814e-03
9.553116746246814728e-03
8.669491391628980637e-03
8.297646185383200645e-03
6.324218935333192348e-03
8.679335005581378937e-03
8.120093028992414474e-03
7.072976324707269669e-03
7.623105309903621674e-03
8.240396389737725258e-03
7.607384817674756050e-03
7.250461960211396217e-03
8.622574154287576675e-03
7.314743939787149429e-03
6.300116539932787418e-03
7.965248776599764824e-03
7.760724285617470741e-03
1.058873487636446953e-02
1.034424314275383949e-02
9.707111865282058716e-03
7.818993413820862770e-03
7.647795835509896278e-03
8.916419930756092072e-03
6.708731641992926598e-03
6.441051489673554897e-03
8.325211470946669579e-03
8.316021645441651344e-03
1.013412955217063427e-02
9.810203220695257187e-03
8.375972509384155273e-03
8.087581722065806389e-03
9.414972737431526184e-03
7.859091507270932198e-03
8.753807283937931061e-03
8.373084478080272675e-03
7.926053134724497795e-03
7.648437516763806343e-03
1.034517679363489151e-02
7.815705612301826477e-03
9.047301951795816422e-03
9.070738218724727631e-03
9.153066202998161316e-03
9.233355987817049026e-03
8.604980073869228363e-03
8.797376882284879684e-03
7.908968254923820496e-03
1.182667887769639492e-02
9.410222060978412628e-03
9.444710798561573029e-03
8.029130520299077034e-03
9.783330839127302170e-03
6.181720062159001827e-03
1.024406845681369305e-02
9.262694977223873138e-03
7.482703309506177902e-03
1.106285979039967060e-02
7.628881372511386871e-03
9.965897304937243462e-03
9.690389968454837799e-03
9.231421165168285370e-03
9.960480267181992531e-03
1.104222447611391544e-02
9.728746488690376282e-03
1.115304837003350258e-02
7.409758167341351509e-03
8.812534622848033905e-03
1.007488719187676907e-02
7.909514708444476128e-03
7.038633804768323898e-03
9.497593622654676437e-03
7.883333601057529449e-03
1.049154694192111492e-02
8.785277605056762695e-03
1.234525092877447605e-02
7.204227847978472710e-03
7.387250894680619240e-03
8.213581051677465439e-03
1.166864298284053802e-02
7.431457284837961197e-03
9.123171679675579071e-03
7.395545719191431999e-03
9.171505458652973175e-03
8.819300215691328049e-03
9.027665480971336365e-03
7.703223032876849174e-03
7.391989929601550102e-03
8.516468107700347900e-03
1.006373181007802486e-02
6.963102379813790321e-03
9.614133276045322418e-03
9.441164787858724594e-03
7.816706318408250809e-03
1.151074352674186230e-02
8.699267636984586716e-03
1.090199314057826996e-02
8.831626269966363907e-03
7.731140358373522758e-03
7.384637603536248207e-03
6.815010448917746544e-03
8.128519169986248016e-03
9.505492635071277618e-03
6.866933777928352356e-03
9.918850846588611603e-03
8.479508105665445328e-03
7.894569076597690582e-03
6.557580782100558281e-03
7.814186392351984978e-03
1.010824483819305897e-02
9.452249389141798019e-03
7.795388344675302505e-03
8.112710900604724884e-03
1.061873603612184525e-02
7.467587478458881378e-03
8.603771682828664780e-03
8.021288085728883743e-03
7.182527100667357445e-03
7.666128687560558319e-03
9.151266422122716904e-03
9.641228709369897842e-03
8.569089230149984360e-03
8.417171426117420197e-03
8.685619570314884186e-03
7.940940791741013527e-03
9.607348125427961349e-03
9.019069373607635498e-03
9.367766790091991425e-03
1.025115395896136761e-02
9.904721751809120178e-03
9.897315874695777893e-03
7.843742612749338150e-03
8.497213013470172882e-03
8.305044146254658699e-03
7.458420237526297569e-03
9.210791904479265213e-03
1.058802893385291100e-02
8.240335853770375252e-03
7.978653535246849060e-03
9.289434179663658142e-03
8.721067570149898529e-03
7.772211218252778053e-03
1.212084619328379631e-02
7.781920256093144417e-03
1.204363326542079449e-02
9.138374123722314835e-03
7.391099818050861359e-03
8.469674270600080490e-03
8.743437938392162323e-03
9.893154259771108627e-03
8.764634374529123306e-03
9.161332156509160995e-03
8.157138945534825325e-03
9.111859835684299469e-03
6.462263991124927998e-03
8.517096750438213348e-03
8.903590030968189240e-03
8.719873614609241486e-03
1.017850311473011971e-02
8.138878503814339638e-03
1.077302289195358753e-02
7.311783032491803169e-03
7.202880224213004112e-03
6.656713550910353661e-03
7.755697704851627350e-03
8.383396081626415253e-03
6.929922848939895630e-03
6.583350244909524918e-03
8.679923601448535919e-03
1.020268816500902176e-02
8.522289339452981949e-03
9.716039989143610001e-03
8.157316129654645920e-03
8.578751236200332642e-03
8.309647208079695702e-03
8.891443256288766861e-03
9.513803292065858841e-03
7.310321321710944176e-03
7.456734310835599899e-03
9.051250759512186050e-03
7.339366246014833450e-03
8.070976473391056061e-03
9.401963092386722565e-03
8.622139692306518555e-03
7.827657507732510567e-03
1.098460704088211060e-02
9.018221404403448105e-03
9.401408024132251740e-03
7.837388431653380394e-03
9.712832979857921600e-03
8.866432122886180878e-03
1.062467205338180065e-02
8.386063389480113983e-03
1.172718917950987816e-02
7.716439198702573776e-03
7.879640907049179077e-03
9.919394273310899734e-03
7.820588303729891777e-03
8.180211763828992844e-03
7.104025455191731453e-03
8.788465987890958786e-03
9.330526925623416901e-03
8.744982071220874786e-03
8.589029312133789062e-03
8.242823183536529541e-03
7.183293113484978676e-03
7.519324542954564095e-03
7.513753138482570648e-03
8.495419286191463470e-03
7.830209564417600632e-03
9.386820718646049500e-03
7.899597520008683205e-03
9.070148225873708725e-03
7.709314813837409019e-03
7.288558175787329674e-03
1.107933674938976765e-02
9.906593244522809982e-03
6.642551044933497906e-03
9.082262404263019562e-03
7.825788110494613647e-03
9.324514772742986679e-03
8.186383871361613274e-03
7.843162398785352707e-03
7.217457517981529236e-03
8.294740924611687660e-03
9.664725512266159058e-03
8.985387161374092102e-03
7.270188303664326668e-03
7.414963794872164726e-03
8.693879935890436172e-03
6.549544865265488625e-03
7.714359322562813759e-03
8.180764270946383476e-03
9.144364390522241592e-03
6.305861752480268478e-03
7.589899701997637749e-03
6.656919838860630989e-03
9.237603284418582916e-03
8.687564171850681305e-03
6.611739168874919415e-03
9.648227598518133163e-03
1.105429767630994320e-02
8.761566597968339920e-03
8.500914089381694794e-03
7.833392359316349030e-03
8.158313343301415443e-03
6.974287563934922218e-03
8.856961503624916077e-03
9.281449019908905029e-03
6.143749691545963287e-03
