1.873900026082992554e+00
8.876474499702453613e-01
7.096082270145416260e-01
5.360091924667358398e-01
4.438707232475280762e-01
5.868682414293289185e-01
3.469419628381729126e-01
3.483070731163024902e-01
2.965016216039657593e-01
4.343134611845016479e-01
3.322263807058334351e-01
3.503307998180389404e-01
2.876686006784439087e-01
2.835597842931747437e-01
4.152634888887405396e-01
2.669148743152618408e-01
2.574187442660331726e-01
2.444901317358016968e-01
3.141845762729644775e-01
2.393276467919349670e-01
3.414100706577301025e-01
2.387204393744468689e-01
2.769319564104080200e-01
2.872699052095413208e-01
2.798590064048767090e-01
2.874544262886047363e-01
2.270406857132911682e-01
2.677384987473487854e-01
2.212628275156021118e-01
3.039162456989288330e-01
2.790125757455825806e-01
2.407943233847618103e-01
2.502838522195816040e-01
2.318670377135276794e-01
2.920289337635040283e-01
2.471911236643791199e-01
2.683812677860260010e-01
3.068479150533676147e-01
3.183754384517669678e-01
2.462424635887145996e-01
2.297944203019142151e-01
4.069522172212600708e-01
4.006033241748809814e-01
2.696955800056457520e-01
3.159835636615753174e-01
2.516338899731636047e-01
2.347042635083198547e-01
2.587401717901229858e-01
2.507179155945777893e-01
2.313036918640136719e-01
2.823056578636169434e-01
2.504232525825500488e-01
3.156878054141998291e-01
3.320675343275070190e-01
2.943153828382492065e-01
2.847471088171005249e-01
3.167461007833480835e-01
3.070880472660064697e-01
2.416389957070350647e-01
2.750785797834396362e-01
2.506760284304618835e-01
2.986919283866882324e-01
2.586509957909584045e-01
2.604921236634254456e-01
2.758402228355407715e-01
2.741483002901077271e-01
2.609116509556770325e-01
2.497302740812301636e-01
2.795360386371612549e-01
3.552271425724029541e-01
2.675213813781738281e-01
2.518203705549240112e-01
2.958535254001617432e-01
3.023557215929031372e-01
3.056655824184417725e-01
2.880259752273559570e-01
3.239315450191497803e-01
2.812059521675109863e-01
2.458569481968879700e-01
2.594244629144668579e-01
2.531968727707862854e-01
2.828643545508384705e-01
2.781845629215240479e-01
3.274255990982055664e-01
2.648548334836959839e-01
2.732463926076889038e-01
2.782450169324874878e-01
2.855037599802017212e-01
3.582144826650619507e-01
2.664268612861633301e-01
2.725956663489341736e-01
3.127273470163345337e-01
2.913413643836975098e-01
2.537135481834411621e-01
3.121908754110336304e-01
2.845151871442794800e-01
3.470844328403472900e-01
3.129675537347793579e-01
3.547938168048858643e-01
2.681386470794677734e-01
2.802671194076538086e-01
2.627338916063308716e-01
2.671514749526977539e-01
2.779515385627746582e-01
2.527492642402648926e-01
2.553959861397743225e-01
2.837563008069992065e-01
2.684655264019966125e-01
2.659280598163604736e-01
2.651055753231048584e-01
2.627703249454498291e-01
2.491705268621444702e-01
2.885381132364273071e-01
2.563818544149398804e-01
2.868877351284027100e-01
2.616785317659378052e-01
2.899217158555984497e-01
2.790906727313995361e-01
3.295029699802398682e-01
2.577967345714569092e-01
2.514500245451927185e-01
2.609432414174079895e-01
2.967574745416641235e-01
2.730330377817153931e-01
3.263287097215652466e-01
2.628115713596343994e-01
2.645218968391418457e-01
2.905594706535339355e-01
2.756452858448028564e-01
3.184575885534286499e-01
2.644795030355453491e-01
2.655149698257446289e-01
2.669939547777175903e-01
2.771127074956893921e-01
2.743534445762634277e-01
2.779758572578430176e-01
2.781152129173278809e-01
2.822330445051193237e-01
2.668697461485862732e-01
2.636465579271316528e-01
2.699496895074844360e-01
2.747811675071716309e-01
2.614429742097854614e-01
2.767365574836730957e-01
2.803708165884017944e-01
2.755264341831207275e-01
2.548847496509552002e-01
2.666607052087783813e-01
2.777388691902160645e-01
2.993932664394378662e-01
2.640120536088943481e-01
2.831932455301284790e-01
2.588325813412666321e-01
2.602028697729110718e-01
2.713568359613418579e-01
2.625563740730285645e-01
2.645521610975265503e-01
2.695151269435882568e-01
2.688968479633331299e-01
2.787173092365264893e-01
2.789205610752105713e-01
2.556839808821678162e-01
2.667367681860923767e-01
3.682961463928222656e-01
2.630057260394096375e-01
3.214780241250991821e-01
3.016507476568222046e-01
3.302609324455261230e-01
2.542826756834983826e-01
2.940160036087036133e-01
2.727145850658416748e-01
2.668971866369247437e-01
2.706205397844314575e-01
2.597478330135345459e-01
2.841698378324508667e-01
2.682347893714904785e-01
2.827146202325820923e-01
2.902208715677261353e-01
2.696733772754669189e-01
2.661317437887191772e-01
2.693863362073898315e-01
2.649777680635452271e-01
2.753568142652511597e-01
2.755796164274215698e-01
2.587750554084777832e-01
2.753030806779861450e-01
2.659997791051864624e-01
2.641223818063735962e-01
2.904137670993804932e-01
2.651071250438690186e-01
2.753251194953918457e-01
2.754268050193786621e-01
2.633661329746246338e-01
2.874378859996795654e-01
2.773107737302780151e-01
2.625896334648132324e-01
3.819206058979034424e-01
2.832525372505187988e-01
2.615738362073898315e-01
2.794392555952072144e-01
2.651367336511611938e-01
2.738073915243148804e-01
2.731678038835525513e-01
2.656778320670127869e-01
2.765014171600341797e-01
2.644193470478057861e-01
2.687899842858314514e-01
2.719080895185470581e-01
2.771194428205490112e-01
2.668864130973815918e-01
2.681745886802673340e-01
2.845008075237274170e-01
2.606576681137084961e-01
2.844301760196685791e-01
2.743598744273185730e-01
2.720654904842376709e-01
2.628544270992279053e-01
2.824248224496841431e-01
2.573735266923904419e-01
2.707848623394966125e-01
2.623653560876846313e-01
2.651315629482269287e-01
2.687633484601974487e-01
2.777975201606750488e-01
2.616326510906219482e-01
2.819925397634506226e-01
2.633365690708160400e-01
2.667639553546905518e-01
2.683056145906448364e-01
2.642915397882461548e-01
2.867365777492523193e-01
2.649399936199188232e-01
2.947035878896713257e-01
2.636658474802970886e-01
2.900085449218750000e-01
2.749476730823516846e-01
2.907711118459701538e-01
2.628142684698104858e-01
2.752010971307754517e-01
2.607242092490196228e-01
2.674912661314010620e-01
2.646009325981140137e-01
2.713223546743392944e-01
2.582432106137275696e-01
2.819530963897705078e-01
2.656649947166442871e-01
2.940893471240997314e-01
2.633682489395141602e-01
2.887620776891708374e-01
2.591824531555175781e-01
2.769291847944259644e-01
2.531695738434791565e-01
2.923471629619598389e-01
2.680802345275878906e-01
2.662244513630867004e-01
2.733196020126342773e-01
2.604579329490661621e-01
2.657658606767654419e-01
2.689404338598251343e-01
2.603479772806167603e-01
2.659657001495361328e-01
2.788527756929397583e-01
2.634769678115844727e-01
2.707966864109039307e-01
2.660480886697769165e-01
2.572724744677543640e-01
2.706266716122627258e-01
2.693380266427993774e-01
2.753470242023468018e-01
2.718907594680786133e-01
2.720150202512741089e-01
2.658853679895401001e-01
2.647098302841186523e-01
2.814648151397705078e-01
2.690622061491012573e-01
2.632892876863479614e-01
2.735040783882141113e-01
2.615956664085388184e-01
2.756248414516448975e-01
2.757175117731094360e-01
2.666730731725692749e-01
2.664641588926315308e-01
2.731918692588806152e-01
2.719911336898803711e-01
2.861675173044204712e-01
2.641542404890060425e-01
2.757408916950225830e-01
2.695508301258087158e-01
2.701219320297241211e-01
2.691956013441085815e-01
2.616726607084274292e-01
2.814541608095169067e-01
2.645410597324371338e-01
2.801739275455474854e-01
2.736400365829467773e-01
2.636747211217880249e-01
2.759969830513000488e-01
2.634543180465698242e-01
2.817918956279754639e-01
2.635522931814193726e-01
2.787450253963470459e-01
2.676690816879272461e-01
2.706434577703475952e-01
2.676572203636169434e-01
2.741939574480056763e-01
2.700997442007064819e-01
2.680289745330810547e-01
2.679751962423324585e-01
2.632423043251037598e-01
2.721825540065765381e-01
2.640915364027023315e-01
2.756978124380111694e-01
2.658340930938720703e-01
2.700440287590026855e-01
2.709011137485504150e-01
2.666723728179931641e-01
2.765000313520431519e-01
2.668863236904144287e-01
2.745400220155715942e-01
2.678065448999404907e-01
2.636180818080902100e-01
2.739702314138412476e-01
2.661010921001434326e-01
2.755481600761413574e-01
2.630732357501983643e-01
2.746765017509460449e-01
2.713834941387176514e-01
2.660465240478515625e-01
2.708905786275863647e-01
2.646232098340988159e-01
2.796758711338043213e-01
2.623466104269027710e-01
2.729006186127662659e-01
2.634289488196372986e-01
2.733890265226364136e-01
2.646767795085906982e-01
2.704542726278305054e-01
2.681199759244918823e-01
2.712901681661605835e-01
2.619407176971435547e-01
2.663955837488174438e-01
2.683515995740890503e-01
2.721130549907684326e-01
2.673798203468322754e-01
2.644715905189514160e-01
2.731834948062896729e-01
2.611617147922515869e-01
2.703206390142440796e-01
2.675994783639907837e-01
2.652549147605895996e-01
2.693831622600555420e-01
2.664284557104110718e-01
2.661615759134292603e-01
2.753396183252334595e-01
2.682358324527740479e-01
2.669317573308944702e-01
2.699096649885177612e-01
2.729487270116806030e-01
2.642945870757102966e-01
2.661273926496505737e-01
2.645743638277053833e-01
2.676686793565750122e-01
2.651694118976593018e-01
2.786094844341278076e-01
2.637829929590225220e-01
2.704787552356719971e-01
2.669087201356887817e-01
2.693749368190765381e-01
2.689552307128906250e-01
2.692323178052902222e-01
2.673499435186386108e-01
2.675218731164932251e-01
2.667659372091293335e-01
2.672531753778457642e-01
2.714519053697586060e-01
2.734870463609695435e-01
2.667904943227767944e-01
2.602745890617370605e-01
2.657874971628189087e-01
2.702858895063400269e-01
2.661649435758590698e-01
2.735802456736564636e-01
2.708963900804519653e-01
2.680747210979461670e-01
2.714423462748527527e-01
2.655364722013473511e-01
2.681227326393127441e-01
2.665721029043197632e-01
2.696996927261352539e-01
2.634287029504776001e-01
2.736023962497711182e-01
2.597790211439132690e-01
2.758492827415466309e-01
2.657392621040344238e-01
2.716732174158096313e-01
2.678141742944717407e-01
2.722334861755371094e-01
2.685681283473968506e-01
2.676784098148345947e-01
2.666010111570358276e-01
2.695110589265823364e-01
2.646175175905227661e-01
2.702496200799942017e-01
2.668810337781906128e-01
2.676295936107635498e-01
2.687290757894515991e-01
2.693749666213989258e-01
2.690084278583526611e-01
2.713266164064407349e-01
2.692020982503890991e-01
2.691807746887207031e-01
2.673497647047042847e-01
2.686977535486221313e-01
2.684804648160934448e-01
2.698194533586502075e-01
2.666217982769012451e-01
2.678557187318801880e-01
2.700728178024291992e-01
2.746440619230270386e-01
2.682966589927673340e-01
2.719804495573043823e-01
2.661420553922653198e-01
2.719493359327316284e-01
2.667631655931472778e-01
2.709915637969970703e-01
2.722999155521392822e-01
2.635211497545242310e-01
2.730656415224075317e-01
2.678915262222290039e-01
2.685604915022850037e-01
2.693101614713668823e-01
2.603862732648849487e-01
2.658516615629196167e-01
2.685092240571975708e-01
2.603248357772827148e-01
2.759767472743988037e-01
2.622010856866836548e-01
2.710658311843872070e-01
2.635134011507034302e-01
2.712123021483421326e-01
2.719187885522842407e-01
2.617707103490829468e-01
2.728423923254013062e-01
2.603815793991088867e-01
2.714561745524406433e-01
2.685440629720687866e-01
2.675167322158813477e-01
2.701116204261779785e-01
2.663439363241195679e-01
2.710227370262145996e-01
2.720369696617126465e-01
2.633844986557960510e-01
2.682919651269912720e-01
2.660836428403854370e-01
2.694355547428131104e-01
2.686595916748046875e-01
2.684344798326492310e-01
2.678148746490478516e-01
2.672861516475677490e-01
2.697534114122390747e-01
2.664293721318244934e-01
2.731002867221832275e-01
2.617819607257843018e-01
2.697944194078445435e-01
2.695008218288421631e-01
2.676009237766265869e-01
2.696889042854309082e-01
2.677676230669021606e-01
2.688893079757690430e-01
2.638066709041595459e-01
2.688908427953720093e-01
2.696966677904129028e-01
2.658873498439788818e-01
2.753308415412902832e-01
2.585736662149429321e-01
2.726951688528060913e-01
2.675516009330749512e-01
2.676963806152343750e-01
2.677084356546401978e-01
2.655708491802215576e-01
2.671040892601013184e-01
2.672499567270278931e-01
2.667336314916610718e-01
2.669571042060852051e-01
2.678905427455902100e-01
2.639531493186950684e-01
2.678176015615463257e-01
2.695816904306411743e-01
2.687345594167709351e-01
2.649035900831222534e-01
2.718763947486877441e-01
2.675724923610687256e-01
2.696295380592346191e-01
2.699459493160247803e-01
2.685771286487579346e-01
2.692690193653106689e-01
2.642132192850112915e-01
2.668327242136001587e-01
2.679626494646072388e-01
2.739587873220443726e-01
2.651359140872955322e-01
2.664687037467956543e-01
2.691639363765716553e-01
2.681428939104080200e-01
2.659619599580764771e-01
2.641283720731735229e-01
2.682020366191864014e-01
2.674161046743392944e-01
2.674074620008468628e-01
2.679288089275360107e-01
2.688042223453521729e-01
2.685510292649269104e-01
2.631618380546569824e-01
2.672147303819656372e-01
2.692799642682075500e-01
2.680302858352661133e-01
2.675254791975021362e-01
2.635315358638763428e-01
2.694113701581954956e-01
2.691235244274139404e-01
2.642121165990829468e-01
2.671285122632980347e-01
2.689713388681411743e-01
2.665716111660003662e-01
2.686546146869659424e-01
2.707089930772781372e-01
2.624114900827407837e-01
2.657284736633300781e-01
2.701896429061889648e-01
2.676641047000885010e-01
2.660904228687286377e-01
2.687201499938964844e-01
2.699468582868576050e-01
2.682124674320220947e-01
2.671967297792434692e-01
2.710886746644973755e-01
2.678053826093673706e-01
2.671660184860229492e-01
2.638400793075561523e-01
2.702868878841400146e-01
2.670896202325820923e-01
2.677964121103286743e-01
2.699554264545440674e-01
2.678394019603729248e-01
2.709178924560546875e-01
2.656092345714569092e-01
2.684129178524017334e-01
2.676749229431152344e-01
2.685702443122863770e-01
2.677137702703475952e-01
2.696048319339752197e-01
2.706593573093414307e-01
2.667699158191680908e-01
2.621278762817382812e-01
2.728345096111297607e-01
2.640347629785537720e-01
2.654379606246948242e-01
2.679297029972076416e-01
2.650953978300094604e-01
2.681213915348052979e-01
2.714192643761634827e-01
2.673818320035934448e-01
2.671866416931152344e-01
2.678093910217285156e-01
2.698765397071838379e-01
2.641259431838989258e-01
2.722879350185394287e-01
2.669380009174346924e-01
2.592292129993438721e-01
2.722296565771102905e-01
2.643721699714660645e-01
2.673000693321228027e-01
2.734430134296417236e-01
2.667215913534164429e-01
2.636505812406539917e-01
2.709454894065856934e-01
2.660037279129028320e-01
2.665502429008483887e-01
2.701787650585174561e-01
2.660442143678665161e-01
2.631622999906539917e-01
2.683770805597305298e-01
2.656336277723312378e-01
2.660947293043136597e-01
2.647254616022109985e-01
2.646920382976531982e-01
2.668964415788650513e-01
2.675258666276931763e-01
2.675997093319892883e-01
2.681909352540969849e-01
2.658014819025993347e-01
2.690863907337188721e-01
2.670111581683158875e-01
2.692034393548965454e-01
2.686255276203155518e-01
2.699147611856460571e-01
2.642569541931152344e-01
2.644155174493789673e-01
2.701550573110580444e-01
2.679463475942611694e-01
2.682917416095733643e-01
2.680960446596145630e-01
2.677320539951324463e-01
2.684299200773239136e-01
2.674941867589950562e-01
2.671582847833633423e-01
2.695268839597702026e-01
2.672511190176010132e-01
2.663521766662597656e-01
2.663126885890960693e-01
2.703300118446350098e-01
2.654950618743896484e-01
2.644509524106979370e-01
2.664830684661865234e-01
2.695410847663879395e-01
2.674011290073394775e-01
2.695276439189910889e-01
2.636285424232482910e-01
2.686571180820465088e-01
2.672787457704544067e-01
2.644991278648376465e-01
2.689779102802276611e-01
2.694675475358963013e-01
2.642659693956375122e-01
2.674486637115478516e-01
2.640458643436431885e-01
2.683658301830291748e-01
2.666237205266952515e-01
2.656067013740539551e-01
2.673363238573074341e-01
2.671803534030914307e-01
2.676469534635543823e-01
2.672687470912933350e-01
2.651940733194351196e-01
2.679640650749206543e-01
2.694258689880371094e-01
2.659696042537689209e-01
2.672816962003707886e-01
2.697445303201675415e-01
2.666364610195159912e-01
2.639475464820861816e-01
2.690252959728240967e-01
2.675986588001251221e-01
2.667280957102775574e-01
2.668934315443038940e-01
2.637377083301544189e-01
2.636919245123863220e-01
2.706557363271713257e-01
2.667531520128250122e-01
2.675579488277435303e-01
2.648418098688125610e-01
2.674984186887741089e-01
2.661972343921661377e-01
2.665983140468597412e-01
2.684964686632156372e-01
2.701012641191482544e-01
2.670572027564048767e-01
2.662717700004577637e-01
2.670773118734359741e-01
2.675987780094146729e-01
2.638233751058578491e-01
2.682499438524246216e-01
2.688223868608474731e-01
2.651731818914413452e-01
2.635737508535385132e-01
2.679059654474258423e-01
2.688597738742828369e-01
2.643079012632369995e-01
2.673720568418502808e-01
2.692852169275283813e-01
2.667432352900505066e-01
2.659334391355514526e-01
2.688401937484741211e-01
2.674339041113853455e-01
2.680695578455924988e-01
2.680076062679290771e-01
2.684577554464340210e-01
2.690526843070983887e-01
2.691365629434585571e-01
2.663462311029434204e-01
2.671315968036651611e-01
2.675103321671485901e-01
2.655875533819198608e-01
2.675284445285797119e-01
2.679779827594757080e-01
2.678220421075820923e-01
2.684294879436492920e-01
2.677838653326034546e-01
2.659259960055351257e-01
2.682646661996841431e-01
2.684967145323753357e-01
2.668269425630569458e-01
2.674052268266677856e-01
2.698669880628585815e-01
2.672851383686065674e-01
2.682919949293136597e-01
2.648089677095413208e-01
2.673750817775726318e-01
2.666453495621681213e-01
2.666044235229492188e-01
2.652208656072616577e-01
2.661178708076477051e-01
2.669448256492614746e-01
2.690897732973098755e-01
2.657441198825836182e-01
2.679969668388366699e-01
2.660543918609619141e-01
2.664873898029327393e-01
2.680517137050628662e-01
2.657656818628311157e-01
2.664899826049804688e-01
2.668741196393966675e-01
2.684601545333862305e-01
2.669187635183334351e-01
2.680681645870208740e-01
2.651111781597137451e-01
2.641911953687667847e-01
2.672441750764846802e-01
2.660848125815391541e-01
2.653717398643493652e-01
2.663262635469436646e-01
2.669925689697265625e-01
2.695983797311782837e-01
2.679352462291717529e-01
2.669053971767425537e-01
2.658180594444274902e-01
2.679055482149124146e-01
2.674352675676345825e-01
2.674749344587326050e-01
2.662847340106964111e-01
2.636349797248840332e-01
2.650481462478637695e-01
2.666079252958297729e-01
2.650089710950851440e-01
2.663428187370300293e-01
2.644044309854507446e-01
2.688362151384353638e-01
2.658323049545288086e-01
2.632028162479400635e-01
2.690536156296730042e-01
2.642850130796432495e-01
2.653646171092987061e-01
2.656518965959548950e-01
2.676836848258972168e-01
2.647832036018371582e-01
2.672280296683311462e-01
2.667751014232635498e-01
2.682018578052520752e-01
2.624457776546478271e-01
2.669427841901779175e-01
2.662322074174880981e-01
2.693655341863632202e-01
2.687172293663024902e-01
2.646543383598327637e-01
2.681707739830017090e-01
2.675018608570098877e-01
2.671411633491516113e-01
2.662070393562316895e-01
2.657842338085174561e-01
2.672407627105712891e-01
2.670419514179229736e-01
2.687840610742568970e-01
2.637251317501068115e-01
2.647486180067062378e-01
2.644014209508895874e-01
2.657001614570617676e-01
2.648332864046096802e-01
2.664336115121841431e-01
2.673143744468688965e-01
2.657502442598342896e-01
2.659003287553787231e-01
2.674452662467956543e-01
2.650570273399353027e-01
2.665924429893493652e-01
2.648385018110275269e-01
2.646143436431884766e-01
2.598635107278823853e-01
2.672379612922668457e-01
2.674513012170791626e-01
2.677415162324905396e-01
2.666548192501068115e-01
2.673154026269912720e-01
2.670303434133529663e-01
2.664776444435119629e-01
2.677760720252990723e-01
2.638546526432037354e-01
2.679507732391357422e-01
2.643445879220962524e-01
2.650324553251266479e-01
2.675914615392684937e-01
2.667005807161331177e-01
2.677004635334014893e-01
2.647012621164321899e-01
2.667431533336639404e-01
2.649716958403587341e-01
2.672559171915054321e-01
2.681601196527481079e-01
2.634157687425613403e-01
2.638822346925735474e-01
2.683869302272796631e-01
2.671251893043518066e-01
2.662311643362045288e-01
2.675560116767883301e-01
2.669496089220046997e-01
2.652695775032043457e-01
2.668804079294204712e-01
2.657228708267211914e-01
2.651752829551696777e-01
2.664964348077774048e-01
2.666765600442886353e-01
2.639647573232650757e-01
2.649173438549041748e-01
2.662702947854995728e-01
2.653354555368423462e-01
2.668434381484985352e-01
2.622644901275634766e-01
2.679409086704254150e-01
2.694622874259948730e-01
2.674421370029449463e-01
2.653226107358932495e-01
2.666325569152832031e-01
2.675878405570983887e-01
2.671837434172630310e-01
2.666639685630798340e-01
2.658117562532424927e-01
2.657470256090164185e-01
2.633017599582672119e-01
2.691033035516738892e-01
2.674875408411026001e-01
2.650135457515716553e-01
2.661683261394500732e-01
2.627922147512435913e-01
2.664919048547744751e-01
2.674547210335731506e-01
2.644998431205749512e-01
2.655160576105117798e-01
2.644548118114471436e-01
2.661642432212829590e-01
2.641723006963729858e-01
2.667262554168701172e-01
2.656020522117614746e-01
2.661234140396118164e-01
2.642405033111572266e-01
2.652825266122817993e-01
2.640314698219299316e-01
2.676715105772018433e-01
2.620553672313690186e-01
2.703586816787719727e-01
2.638591825962066650e-01
2.681769728660583496e-01
2.671513855457305908e-01
2.634513378143310547e-01
2.652765661478042603e-01
2.656600475311279297e-01
2.666795849800109863e-01
2.650666385889053345e-01
2.652373015880584717e-01
2.646549791097640991e-01
2.646771073341369629e-01
2.655562907457351685e-01
2.660821825265884399e-01
2.682321667671203613e-01
2.659907788038253784e-01
2.668157070875167847e-01
2.673473358154296875e-01
2.642050832509994507e-01
2.651446461677551270e-01
2.683842480182647705e-01
2.667816430330276489e-01
2.678398340940475464e-01
2.678582966327667236e-01
2.651771754026412964e-01
2.649982720613479614e-01
2.661866694688796997e-01
2.668810635805130005e-01
2.667212262749671936e-01
2.678391784429550171e-01
2.662399932742118835e-01
2.699183076620101929e-01
2.663089036941528320e-01
2.674931138753890991e-01
2.644588798284530640e-01
2.666705399751663208e-01
2.669899910688400269e-01
2.674488425254821777e-01
2.667088508605957031e-01
2.622346878051757812e-01
2.653200402855873108e-01
2.661652714014053345e-01
2.655599415302276611e-01
2.670966088771820068e-01
2.685487568378448486e-01
2.676728069782257080e-01
2.657122761011123657e-01
2.662396878004074097e-01
2.652826905250549316e-01
2.637700140476226807e-01
2.655061930418014526e-01
2.657076567411422729e-01
2.641876339912414551e-01
2.625810503959655762e-01
2.663385123014450073e-01
2.655216753482818604e-01
2.651555240154266357e-01
2.645714581012725830e-01
2.666673213243484497e-01
2.666708827018737793e-01
2.656337618827819824e-01
2.662313729524612427e-01
2.640070319175720215e-01
2.673668414354324341e-01
2.671977877616882324e-01
2.682426720857620239e-01
2.680577188730239868e-01
2.661940455436706543e-01
2.680528014898300171e-01
2.674653828144073486e-01
2.670257538557052612e-01
2.634085565805435181e-01
2.650876939296722412e-01
2.681877762079238892e-01
2.642237693071365356e-01
2.682456523180007935e-01
2.664070278406143188e-01
2.682144492864608765e-01
2.669875472784042358e-01
2.648736983537673950e-01
2.660595625638961792e-01
2.667824029922485352e-01
2.660886496305465698e-01
2.659390717744827271e-01
2.672998011112213135e-01
2.653590887784957886e-01
2.675479874014854431e-01
2.659933716058731079e-01
2.645122259855270386e-01
2.670647948980331421e-01
2.663274109363555908e-01
2.663064450025558472e-01
2.661254554986953735e-01
2.664811313152313232e-01
2.650457918643951416e-01
2.679373323917388916e-01
2.667112946510314941e-01
2.665361315011978149e-01
2.652893811464309692e-01
2.676575854420661926e-01
2.638101428747177124e-01
2.682306393980979919e-01
2.666209787130355835e-01
2.675595134496688843e-01
2.675522863864898682e-01
2.681929767131805420e-01
2.678582668304443359e-01
2.657779902219772339e-01
2.668885290622711182e-01
2.630768269300460815e-01
2.678434103727340698e-01
2.666276991367340088e-01
2.674180567264556885e-01
2.650717794895172119e-01
2.641422748565673828e-01
2.644416093826293945e-01
2.653725445270538330e-01
2.674551755189895630e-01
2.639417350292205811e-01
2.678112238645553589e-01
2.661155611276626587e-01
2.658876478672027588e-01
2.677077427506446838e-01
2.651039436459541321e-01
2.661786228418350220e-01
2.650613337755203247e-01
2.632444798946380615e-01
2.667406350374221802e-01
2.654579877853393555e-01
2.651688754558563232e-01
2.671144008636474609e-01
2.664609700441360474e-01
2.676038891077041626e-01
2.657906115055084229e-01
2.662700563669204712e-01
2.646068483591079712e-01
2.647224292159080505e-01
2.640085220336914062e-01
2.655842304229736328e-01
2.664631754159927368e-01
2.689920961856842041e-01
2.661765962839126587e-01
2.681015953421592712e-01
2.654641717672348022e-01
2.655809670686721802e-01
2.667778283357620239e-01
2.652680873870849609e-01
2.657437920570373535e-01
2.667910307645797729e-01
2.632236182689666748e-01
2.645638436079025269e-01
2.699711769819259644e-01
2.667331546545028687e-01
2.659319043159484863e-01
2.652340084314346313e-01
2.694453597068786621e-01
2.646089792251586914e-01
2.666947469115257263e-01
2.648406848311424255e-01
2.670776993036270142e-01
2.665525004267692566e-01
2.616070061922073364e-01
2.662439867854118347e-01
2.664215564727783203e-01
2.681470066308975220e-01
2.678108811378479004e-01
2.674206122756004333e-01
2.676619440317153931e-01
2.675858512520790100e-01
2.658274769783020020e-01
2.653062641620635986e-01
2.663729786872863770e-01
2.643350064754486084e-01
2.665359675884246826e-01
2.672143131494522095e-01
2.635280638933181763e-01
2.655316218733787537e-01
2.678183019161224365e-01
2.683211639523506165e-01
2.663678079843521118e-01
2.665571570396423340e-01
2.665848284959793091e-01
2.681884169578552246e-01
2.639484256505966187e-01
2.669212669134140015e-01
2.670229822397232056e-01
2.655793875455856323e-01
2.676860094070434570e-01
2.661575376987457275e-01
2.683292925357818604e-01
2.670418024063110352e-01
2.654210180044174194e-01
2.679029256105422974e-01
2.655090838670730591e-01
2.649540305137634277e-01
2.655510455369949341e-01
2.647655159235000610e-01
2.692605927586555481e-01
2.633948177099227905e-01
2.681678235530853271e-01
2.663396447896957397e-01
2.659467756748199463e-01
2.644676566123962402e-01
2.673692703247070312e-01
2.661874443292617798e-01
2.673747986555099487e-01
2.639157176017761230e-01
2.673886865377426147e-01
2.641289681196212769e-01
2.675154507160186768e-01
2.644275277853012085e-01
2.664267718791961670e-01
2.688321471214294434e-01
2.659994214773178101e-01
2.649514079093933105e-01
2.630993276834487915e-01
2.641626596450805664e-01
2.657810896635055542e-01
2.671841830015182495e-01
2.668624520301818848e-01
2.658701539039611816e-01
2.661730349063873291e-01
2.680718451738357544e-01
2.647722959518432617e-01
2.639840841293334961e-01
2.654899060726165771e-01
2.655423879623413086e-01
2.638794481754302979e-01
2.663290649652481079e-01
2.656820267438888550e-01
2.672785520553588867e-01
2.677380144596099854e-01
2.668522447347640991e-01
2.685952484607696533e-01
2.657460719347000122e-01
2.669601142406463623e-01
2.660266309976577759e-01
2.654798179864883423e-01
2.669173926115036011e-01
2.670410871505737305e-01
2.646665871143341064e-01
2.650719881057739258e-01
2.672100663185119629e-01
2.639009505510330200e-01
2.674879580736160278e-01
2.679343968629837036e-01
2.660907357931137085e-01
2.693221420049667358e-01
2.673247456550598145e-01
2.647466361522674561e-01
2.661743760108947754e-01
2.653770148754119873e-01
2.653433978557586670e-01
2.665086090564727783e-01
2.644139379262924194e-01
2.654981464147567749e-01
2.656588554382324219e-01
2.663779705762863159e-01
2.682572305202484131e-01
2.664029151201248169e-01
2.660131901502609253e-01
2.693118751049041748e-01
2.662393301725387573e-01
2.664490938186645508e-01
2.625410556793212891e-01
2.640675157308578491e-01
2.646905481815338135e-01
2.650198489427566528e-01
2.662232965230941772e-01
2.643661946058273315e-01
2.658289968967437744e-01
2.673524320125579834e-01
2.668439596891403198e-01
2.639981657266616821e-01
2.679001688957214355e-01
2.678785771131515503e-01
2.648286670446395874e-01
2.642713487148284912e-01
2.672667205333709717e-01
2.645890712738037109e-01
2.646011710166931152e-01
2.641746103763580322e-01
2.650684267282485962e-01
2.654670476913452148e-01
2.641622871160507202e-01
2.666235864162445068e-01
2.671117782592773438e-01
2.665994614362716675e-01
2.681255117058753967e-01
2.656761556863784790e-01
2.662284821271896362e-01
2.665009647607803345e-01
2.656350880861282349e-01
2.655496001243591309e-01
2.675964236259460449e-01
2.647308260202407837e-01
2.685984894633293152e-01
2.649051696062088013e-01
2.669426351785659790e-01
2.653760984539985657e-01
2.651394754648208618e-01
2.671360224485397339e-01
2.673059552907943726e-01
2.669479846954345703e-01
2.668501436710357666e-01
2.668794393539428711e-01
2.663508206605911255e-01
2.652594447135925293e-01
2.651889622211456299e-01
2.650909721851348877e-01
2.650095671415328979e-01
2.638518810272216797e-01
2.624230235815048218e-01
2.649644911289215088e-01
2.638204395771026611e-01
2.680133432149887085e-01
2.640623003244400024e-01
2.653661370277404785e-01
2.693612650036811829e-01
2.672326266765594482e-01
2.638647854328155518e-01
2.647945657372474670e-01
2.656481117010116577e-01
2.668109089136123657e-01
2.672017812728881836e-01
2.656895369291305542e-01
2.658735215663909912e-01
2.692235857248306274e-01
2.679721266031265259e-01
2.674528807401657104e-01
2.649450004100799561e-01
2.648553699254989624e-01
2.642725259065628052e-01
2.635166198015213013e-01
2.618451416492462158e-01
2.651102691888809204e-01
2.679485976696014404e-01
2.654943913221359253e-01
2.671873569488525391e-01
2.651557177305221558e-01
2.681780159473419189e-01
2.677979767322540283e-01
2.655919492244720459e-01
2.647936567664146423e-01
2.678062021732330322e-01
2.667540758848190308e-01
2.670643627643585205e-01
2.657907158136367798e-01
2.664850056171417236e-01
2.674335837364196777e-01
2.655111551284790039e-01
2.678368687629699707e-01
2.630920261144638062e-01
