8.995267152786254883e-01
6.496782422065734419e-01
5.684079974889755249e-01
5.396126329898833784e-01
5.283904492855071577e-01
5.041741311550140825e-01
4.593455135822296365e-01
4.050941839814186096e-01
3.526448771357536538e-01
3.124378591775894276e-01
2.868764206767082103e-01
2.624529689550400002e-01
3.219239875674247964e-01
2.687222942709922568e-01
1.983856685459613745e-01
2.401965484023094177e-01
2.601529911160468944e-01
1.617715194821357783e-01
1.790392696857452393e-01
1.697770267724990900e-01
1.443778380751609691e-01
1.388666830956935827e-01
1.418081901967525593e-01
1.390323713421821594e-01
1.334036983549594935e-01
1.307820975780487061e-01
1.340642556548118647e-01
1.336047276854515076e-01
1.448676723986864201e-01
1.333225976675748714e-01
1.673432916402816661e-01
1.315459299832582585e-01
1.693662904202938024e-01
1.956906557083129827e-01
1.379990220069885198e-01
1.346257641911506597e-01
1.934258349239826313e-01
1.683998785912990681e-01
1.154543712735176114e-01
1.140801027417182867e-01
1.081552892923355047e-01
9.908204451203346530e-02
1.414116896688938085e-01
2.326882533729076330e-01
1.729990571737289318e-01
1.381834637373685892e-01
1.149760637432336863e-01
1.052773844450712176e-01
1.036098729819059372e-01
1.006760466843843460e-01
9.982181005179882605e-02
9.997283145785332281e-02
1.100333284586667987e-01
1.177538398653268786e-01
1.127966139465570450e-01
9.439534880220890045e-02
1.225514957681298200e-01
1.088267922401428278e-01
1.021847462281584712e-01
1.248608224093914060e-01
2.056521967053413502e-01
1.608971007168293055e-01
1.272909853607416264e-01
9.979363009333611090e-02
1.060763517394661959e-01
1.185780785977840479e-01
1.605624049901962225e-01
2.151730313897132763e-01
1.442692779004573767e-01
1.248476166278123800e-01
1.411725796759128460e-01
1.637401148676872198e-01
9.624845646321773807e-02
1.784335974603891428e-01
1.975310288369655498e-01
1.473970200866460689e-01
1.198834724724292811e-01
1.043700814247131292e-01
1.139853149652481079e-01
1.000339455902576474e-01
8.687837645411491949e-02
9.895534403622149866e-02
1.074109882116317805e-01
8.899059221148490628e-02
8.289826996624469202e-02
1.147867962718009949e-01
9.394364096224308569e-02
9.483424760401248932e-02
1.183977350592613220e-01
1.119007967412471716e-01
1.422343228012323268e-01
8.860472999513149817e-02
8.495807871222496588e-02
8.744243457913399020e-02
1.069189753383398001e-01
9.178040586411953528e-02
1.338246118277311436e-01
1.521739713847637121e-01
1.043892510235309573e-01
8.859475515782833099e-02
9.128845334053040106e-02
7.410649899393320639e-02
8.681505322456359308e-02
8.079237099736928662e-02
7.700100913643836975e-02
6.853898279368877966e-02
7.685551457107067663e-02
1.151452276855707141e-01
9.631913676857947748e-02
8.806410953402518671e-02
7.102903202176094610e-02
8.213718421757221222e-02
7.911900244653224945e-02
7.014952823519707281e-02
7.075789589434862414e-02
6.625696569681167880e-02
6.733657941222190302e-02
6.604626122862100601e-02
7.015408053994179327e-02
7.264582663774490912e-02
7.225512191653252203e-02
8.702620677649974823e-02
8.556604012846946716e-02
9.435681700706481656e-02
7.869999315589666644e-02
6.888649053871631622e-02
6.833230387419461649e-02
7.339292764663696289e-02
6.584949288517236154e-02
6.407575663179158887e-02
6.410098541527986526e-02
9.639403875917196274e-02
7.161263450980186185e-02
6.450634431093930921e-02
6.554581001400947016e-02
6.516769286245108206e-02
5.841989032924175401e-02
5.530995130538940430e-02
6.853237301111221591e-02
6.609924584627151212e-02
8.064942471683025915e-02
6.772128064185381491e-02
6.379090100526810247e-02
5.786480391398072382e-02
5.363009609282017032e-02
6.589132919907569885e-02
5.962461214512586316e-02
6.238693110644817630e-02
6.170473191887140135e-02
1.166401533409953117e-01
6.590506210923194330e-02
6.408801879733801166e-02
5.660447757691144943e-02
6.889490336179733554e-02
6.416316796094179153e-02
6.716669704765081128e-02
6.439311485737561624e-02
6.826079841703176776e-02
6.322184540331363123e-02
7.020645663142204007e-02
4.955342784523963928e-02
6.053437506780028066e-02
7.177043892443180084e-02
5.681355167180299898e-02
5.801868010312318663e-02
9.872047528624534884e-02
1.859856117516756058e-01
1.178638018667697851e-01
8.567751422524452765e-02
7.300791889429092407e-02
6.085901279002427916e-02
6.322837509214877805e-02
5.859854537993669510e-02
6.874334886670112332e-02
7.512138802558183948e-02
6.309007722884416025e-02
6.554299332201481143e-02
6.552688311785459518e-02
5.899004284292459765e-02
6.746851503849030096e-02
6.963019184768200198e-02
6.404996197670698166e-02
8.726572431623935699e-02
9.406790286302565973e-02
8.379104323685168665e-02
6.319572385400533399e-02
6.125266030430794040e-02
5.931205395609140396e-02
6.256641745567322055e-02
7.494314424693584997e-02
5.486113689839840213e-02
5.013935565948486606e-02
7.371894028037787039e-02
5.527416206896305223e-02
5.643897186964750429e-02
5.994399618357419690e-02
8.055104482918977460e-02
7.391173243522644598e-02
8.155511468648909967e-02
6.968350205570458811e-02
5.109448209404945235e-02
4.936982104554772655e-02
4.497885415330529074e-02
5.307397134602069577e-02
4.533177437260747095e-02
4.645231841132044931e-02
4.643799569457769671e-02
4.456722121685743193e-02
4.433945361524820050e-02
4.584476593881845613e-02
4.401884721592068395e-02
4.913888685405254364e-02
5.396096911281347136e-02
5.072272550314664563e-02
4.363621892407536229e-02
4.152385443449020663e-02
4.323771595954895020e-02
5.696058152243495265e-02
7.032883688807486933e-02
4.950288385152816495e-02
4.479656824842095236e-02
4.271812448278069357e-02
4.239783911034464975e-02
4.294493962079286298e-02
4.618932045996189395e-02
4.877777565270662030e-02
5.243074242025613785e-02
4.638472888618707518e-02
4.560764869675040106e-02
5.040716445073485652e-02
4.490953292697667798e-02
3.928862866014241895e-02
4.435331560671329498e-02
5.612072348594665527e-02
5.041693774983287135e-02
3.995740124955773215e-02
5.120862498879432539e-02
4.167860401794314107e-02
4.170293780043721199e-02
4.182377988472581187e-02
3.911818638443946561e-02
3.891981132328510562e-02
4.101732037961482863e-02
4.131977632641792297e-02
4.106983365491032739e-02
7.352999392896890363e-02
4.686838332563638548e-02
4.359887158498167853e-02
3.946962263435125490e-02
4.303585486486553868e-02
3.932699728757142743e-02
4.236632008105516156e-02
4.444372691214084486e-02
4.784437911584973196e-02
4.321396443992853165e-02
4.101439947262406488e-02
3.759476318955421587e-02
4.022089126519858698e-02
4.046203335747122765e-02
4.108514208346605162e-02
4.218601388856768608e-02
4.213161785155535022e-02
3.877749200910329819e-02
4.391656909137964249e-02
5.342912301421165466e-02
4.321814868599176129e-02
6.906025651842355451e-02
4.685568045824765882e-02
5.122990943491458754e-02
4.628437710925936699e-02
4.234184948727488795e-02
4.546285960823297223e-02
5.220808740705251694e-02
4.184796977788209776e-02
3.900193078443407735e-02
5.744224339723587314e-02
6.024067178368568143e-02
4.775738110765814781e-02
5.240190289914607724e-02
4.374119658023119250e-02
4.385633440688252449e-02
3.901741430163383623e-02
4.187051979824900350e-02
4.133474789559841295e-02
5.336158508434891978e-02
3.771892385557294031e-02
3.925940468907355985e-02
4.489808026701212068e-02
4.529381897300481519e-02
4.368211133405566077e-02
4.162051398307085176e-02
4.064755002036690712e-02
3.715609163045883317e-02
3.734723702073097090e-02
4.089004900306462964e-02
4.292221944779157916e-02
6.155149526894092282e-02
4.233174137771129886e-02
3.900059107691049298e-02
4.615951431915164133e-02
5.221233777701854428e-02
3.728292640298604826e-02
3.957627434283494949e-02
3.943995842710137228e-02
4.215243980288505693e-02
3.621709113940596581e-02
3.838611422106623372e-02
3.154564131982624808e-02
4.709528069943189760e-02
3.736929483711719235e-02
3.356735832057892999e-02
3.437468358315527717e-02
3.350144624710083008e-02
3.391681401990354061e-02
3.398769237101077756e-02
3.280854783952236176e-02
3.356201928108930310e-02
3.360751383006573001e-02
4.101542155258357247e-02
4.242902155965566635e-02
3.635696815326809606e-02
3.776398086920380870e-02
3.360821786336600642e-02
3.799238586798310557e-02
4.174449266865849772e-02
3.797435136511921605e-02
3.586685871705412587e-02
4.632854508236050606e-02
3.879474792629480223e-02
3.907983135432004790e-02
4.645694950595498363e-02
3.795084636658430099e-02
3.720363117754459104e-02
3.811932015232741972e-02
3.427801104262471338e-02
3.449557945132255415e-02
3.699823291972279687e-02
4.020743705332278928e-02
3.438847018405795375e-02
3.827446484938264171e-02
3.411128167062997540e-02
3.187516462057828764e-02
3.294906038790941516e-02
3.451180951669811925e-02
3.228043233975767812e-02
3.305130153894424161e-02
3.611328229308128496e-02
3.635660931468009949e-02
3.385248915292322913e-02
3.118437412194907665e-02
3.461667324882000685e-02
3.465227950364350995e-02
3.399858027696609636e-02
3.551577562466264049e-02
3.577969940379262248e-02
4.065084485337137898e-02
3.767729829996824265e-02
3.789171781390905658e-02
3.240120178088545799e-02
3.229959793388843814e-02
3.448931607417762141e-02
3.440980566665530205e-02
3.248095065355301181e-02
4.029230596497655054e-02
3.517739903181791444e-02
3.293858687393367429e-02
3.329892121255397658e-02
3.527390165254473686e-02
3.831470571458339691e-02
3.651847848668694774e-02
3.814003616571426392e-02
4.205557489767670909e-02
4.037400102242827415e-02
4.041064698249101361e-02
3.881522659212351123e-02
4.205707414075732231e-02
3.583582518622278890e-02
3.221774576231837411e-02
3.449594452977180342e-02
4.336049044504761835e-02
3.149663358926772794e-02
3.797066751867532453e-02
4.156648674979805669e-02
4.044432062655687471e-02
4.150438597425818582e-02
5.037956628948449950e-02
4.306111931800842008e-02
3.737743059173226357e-02
3.361586658284067969e-02
3.388175750151276727e-02
3.473570393398404260e-02
3.276995630003511767e-02
3.039968330413102965e-02
4.047516696155071397e-02
3.136496115475893159e-02
3.289693901315331181e-02
3.313519889488816123e-02
3.310727877542376379e-02
3.953503621742129187e-02
3.315358301624656001e-02
3.184642419219017168e-02
2.991001987829804490e-02
3.250876832753420154e-02
2.961252941749990125e-02
2.881815433502197404e-02
2.888058626558631659e-02
2.883634669706225395e-02
2.991339978761970927e-02
3.145244894549250464e-02
3.104116800241172452e-02
2.870885664597153802e-02
2.846340765245258808e-02
2.910502143204212258e-02
2.935555768199265073e-02
2.983165122568607469e-02
3.163606319576502124e-02
3.058405667543411324e-02
2.973447400145232816e-02
2.831403692252933840e-02
2.954832846298813959e-02
2.861390365287661691e-02
2.944792523048818042e-02
2.888494692742824693e-02
2.853324222378432820e-02
2.837590519338846137e-02
2.795368805527687073e-02
3.146412293426692486e-02
3.006979287602007389e-02
3.203232083469629426e-02
3.484886181540787498e-02
3.015108113177120824e-02
2.962683876976370673e-02
2.921045143157243590e-02
2.914990824647247653e-02
2.862887852825224400e-02
3.234447883442044536e-02
3.362927809357642989e-02
3.178209504112601558e-02
2.966981646604836126e-02
2.896110662259161403e-02
2.793044643476605415e-02
2.873144540935754915e-02
2.893939143978059222e-02
2.878638482652604719e-02
3.020570054650306702e-02
2.714206073433160851e-02
3.060502593871206045e-02
3.299780497327446660e-02
3.268030826002359113e-02
3.050974244251847267e-02
2.866422021761536737e-02
2.905802601017058034e-02
2.709457548335194449e-02
2.899306891486048629e-02
2.875996907241642336e-02
3.076107925735414167e-02
2.948035309091210504e-02
2.772200996987521718e-02
2.951632458716630866e-02
2.933913148008287022e-02
2.842118469998240401e-02
2.976285526528954506e-02
3.025987329892814229e-02
2.721965806558728287e-02
3.001180971041321824e-02
2.742140521295368533e-02
2.992557939141988685e-02
3.088498166762292454e-02
3.150292895734310011e-02
2.995320241898298194e-02
3.090371740981936316e-02
2.719915504567325254e-02
2.890866361558437278e-02
2.738415328785777023e-02
2.877892334945499758e-02
2.850812855176627567e-02
3.007316309958696365e-02
2.944998079910874506e-02
3.117951983585953712e-02
3.070868728682398657e-02
3.191970377229154388e-02
2.779479618184268336e-02
2.831583460792898993e-02
2.803273107856512139e-02
2.894089715555310180e-02
2.670534010976553102e-02
2.754628118127584388e-02
2.734458884224295547e-02
2.763591222465038369e-02
2.841319940052926610e-02
2.876761616207659106e-02
2.774247825145721366e-02
2.642381947953253984e-02
2.954629894811660121e-02
2.855725781992077966e-02
2.757063675671815942e-02
2.742609051056206157e-02
2.632053657434880664e-02
2.979060378856956959e-02
2.975086634978652000e-02
2.876779255457222531e-02
2.658428796567022939e-02
2.646491532213985851e-02
2.664611178915947745e-02
2.660242971032857756e-02
2.694326555356383462e-02
2.733396864496171613e-02
2.735775508917868276e-02
2.615404557436704774e-02
2.642607088200748036e-02
2.553623500280082295e-02
2.855790983885526588e-02
2.531351076904684444e-02
2.649804754182696204e-02
2.720668194815516541e-02
2.928338209167122980e-02
2.604442178271710803e-02
2.624394628219306469e-02
2.615556372329592635e-02
2.745104469358921120e-02
2.594530317001044611e-02
2.794169811531901221e-02
2.678565671667456488e-02
2.808933057822287152e-02
2.686402164399624010e-02
2.769143050536513467e-02
2.731454749591648648e-02
2.614502403885126183e-02
2.593528821598738501e-02
2.699714577756822179e-02
2.610474345274269720e-02
2.658854238688945770e-02
2.578603238798677852e-02
2.610045876353979041e-02
2.714839528780430694e-02
2.561350916512310574e-02
2.650694311596453120e-02
2.595305037684738497e-02
2.627094825729727606e-02
2.741831834428012232e-02
2.730541983619332383e-02
2.739156023599207540e-02
2.681174878962338040e-02
2.554901614785194328e-02
2.612480972893536230e-02
2.621866399422288080e-02
2.581880458164960077e-02
2.689655479043722222e-02
2.693744492717087269e-02
2.656774055212736060e-02
2.591103485319763353e-02
2.632388542406260967e-02
2.564135212451219489e-02
2.581163391005247831e-02
2.541768169030547003e-02
2.547011110000312398e-02
2.559318505227565696e-02
2.604956729337572913e-02
2.698957407847046852e-02
2.879099301062524457e-02
2.541660917922854493e-02
2.685388475656509330e-02
2.591129397042095731e-02
2.641512297559529474e-02
2.570638260804116587e-02
2.679356909357011318e-02
2.529344882350414991e-02
2.553852433338761260e-02
2.591738696210086484e-02
2.528924690559506555e-02
2.532344767823815207e-02
2.680217623710632463e-02
2.527894284576177528e-02
2.653820500709116320e-02
2.676192596554756095e-02
2.534913213457912207e-02
2.553050843998789718e-02
2.518397467210888724e-02
2.623775794636458089e-02
2.528100942727178405e-02
2.573724167887121370e-02
2.546905092895030906e-02
2.596139139495790005e-02
2.615699614398181438e-02
2.515396550297737191e-02
2.513526119291782310e-02
2.555648442357778480e-02
2.534768658224493404e-02
2.640442508272826741e-02
2.573308506980538299e-02
2.594784200191497733e-02
2.552069961093366215e-02
2.495905878022313187e-02
2.585706952959299088e-02
2.526136878877878120e-02
2.545865306165069272e-02
2.511272691190242698e-02
2.509855744428932806e-02
2.554205525666475296e-02
2.523983626160770585e-02
2.500632433220744202e-02
2.532966695725917886e-02
2.501250430941581726e-02
2.548605161719024251e-02
2.480282650794833968e-02
2.496224921196699142e-02
2.539120209403335909e-02
2.605993265751749277e-02
2.511254502460360388e-02
2.471040887758135796e-02
2.485181065276265144e-02
2.467566174454987118e-02
2.477671895176172118e-02
2.475405675359070370e-02
2.471261702012270828e-02
2.465872680768370698e-02
2.455053511075675626e-02
2.464060015045106342e-02
2.531514950096607278e-02
2.537917401641607423e-02
2.509449040517210822e-02
2.481120687443762879e-02
2.492737153079360723e-02
2.475940161384642194e-02
2.463422263972461085e-02
2.473325484897941420e-02
2.488381890580058237e-02
2.494984962977469037e-02
2.514657359570264886e-02
2.467228714376688142e-02
2.445384708698838949e-02
2.466164624784141640e-02
2.567606451921165128e-02
2.441513189114630222e-02
2.530451589263975690e-02
2.450446677394211431e-02
2.502345247194170952e-02
2.452401025220751762e-02
2.441464415751397679e-02
2.514494303613901138e-02
2.429838357493281295e-02
2.508817180059850355e-02
2.473541102372110029e-02
2.461905063828453283e-02
2.493741693906486104e-02
2.478158907033502917e-02
2.459356947802007060e-02
2.458474305458367010e-02
2.471989141777157853e-02
2.454483981709927251e-02
2.471666135825216840e-02
2.441502916626632144e-02
2.491346630267798901e-02
2.488571237772703101e-02
2.447402877733111451e-02
2.500598467886448045e-02
2.457108851522207121e-02
2.479915213771164556e-02
2.446373142302036424e-02
2.462941640987992287e-02
2.452017897740006377e-02
2.466952386312186787e-02
2.454394795931875636e-02
2.515125079080462317e-02
2.426175768487155368e-02
2.445757091045379708e-02
2.454513832926750322e-02
2.449242384172976156e-02
2.441351814195513725e-02
2.432457711547613213e-02
2.426320584490895133e-02
2.485795230604708264e-02
2.477804827503859997e-02
2.516418891027569910e-02
2.508817776106297970e-02
2.458148540463298698e-02
2.458744328469037940e-02
2.530754599720239778e-02
2.426795088686049123e-02
2.447277633473277092e-02
2.468607907649129560e-02
2.505331975407898426e-02
2.429733420722186496e-02
2.435091366060078075e-02
2.570727237034588913e-02
2.499274141155183315e-02
2.537282537668943475e-02
2.502409191802144189e-02
2.429691215511411290e-02
2.488540452904999117e-02
2.507935366593301227e-02
2.536609345115721156e-02
2.484196920413523843e-02
2.437793547287583212e-02
2.450386954005807569e-02
2.445349148474633763e-02
2.457048024516552548e-02
2.463483614847063879e-02
2.480412973091006279e-02
2.453608787618577480e-02
2.396457777358591487e-02
2.479921635240316460e-02
2.408665237016975949e-02
2.406751411035656929e-02
2.402091594412922998e-02
2.428689086809754372e-02
2.417943943291902403e-02
2.438601241447031429e-02
2.393423635512590547e-02
2.405372392386197905e-02
2.406002860516309738e-02
2.396224359981715540e-02
2.417877539992332320e-02
2.415772587992250781e-02
2.396856292616576095e-02
2.437354605644941399e-02
2.406526894774287800e-02
2.426831996999680857e-02
2.419402005616575618e-02
2.421669999603182077e-02
2.405243737157434364e-02
2.424742495641112397e-02
2.424976041074842353e-02
2.418153076432645252e-02
2.425511297769844532e-02
2.399752852506935666e-02
2.413414248730987380e-02
2.398123396560549597e-02
2.401603576727211545e-02
2.402247523423284292e-02
2.403173958882689337e-02
2.403715914115309854e-02
2.398438537493348052e-02
2.386999398004263639e-02
2.413553576916456153e-02
2.413147403858601978e-02
2.441116645932197432e-02
2.441445281729102273e-02
2.396903219632804533e-02
2.402358171530067851e-02
2.384769476484507184e-02
2.400889275595545838e-02
2.403526720590889315e-02
2.429899238049983839e-02
2.480978935491293808e-02
2.409151126630604267e-02
2.428458835929632118e-02
2.395379757508635590e-02
2.395286532118916581e-02
2.407610914669931074e-02
2.395498000551015208e-02
2.396080207545310189e-02
2.389364447444677214e-02
2.391284937039017677e-02
2.406625037547200849e-02
2.399469399824738503e-02
2.445361153222620418e-02
2.411053609102964401e-02
2.390793473459780147e-02
2.434129687026143074e-02
2.418048197869211366e-02
2.422558439429849456e-02
2.395203344058245351e-02
2.391371678095310926e-02
2.389429239556193491e-02
2.397159480024129222e-02
2.437951313331723074e-02
2.401605452178046107e-02
2.390697877854108810e-02
2.377066819462925196e-02
2.395947729237377782e-02
2.392233195714652677e-02
2.377522094175219675e-02
2.444811449386179517e-02
2.398643770720809698e-02
2.447515642270445962e-02
2.377095797564834218e-02
2.388234208337962697e-02
2.383160975296050310e-02
2.402282152324914863e-02
2.379029733128845692e-02
2.394627938047051360e-02
2.383694485761225085e-02
2.376276282593607972e-02
2.429865011945366721e-02
2.371340538375079493e-02
2.375368878711014986e-02
2.419930081814527373e-02
2.387635859195142915e-02
2.377504182513803105e-02
2.379190037027001381e-02
2.392768687568604807e-02
2.367612181697040935e-02
2.376235234551131795e-02
2.394894314929842810e-02
2.396605836693197628e-02
2.431199755519628664e-02
2.440964344423264196e-02
2.417668132111430029e-02
2.425264092162251334e-02
2.380385259166360040e-02
2.375091807916760583e-02
2.380069978535175393e-02
2.366263833828270366e-02
2.367537957616150379e-02
2.367427828721702099e-02
2.362583531066775322e-02
2.378680109977722099e-02
2.361167673952877660e-02
2.368273297324776511e-02
2.375005455687641959e-02
2.375178041402250390e-02
2.363223177380859713e-02
2.384591179434209993e-02
2.386132734827697138e-02
2.381983036175370355e-02
2.367426999844610830e-02
2.367634221445769072e-02
2.377413499634712865e-02
2.362034758552909036e-02
2.369148395955562522e-02
2.376166069880127768e-02
2.376098791137337685e-02
2.376860650256275992e-02
2.363175132777541737e-02
2.362821530550718307e-02
2.381127784028649191e-02
2.381031708791852067e-02
2.386649062391370604e-02
2.379373195581137995e-02
2.367702811025083204e-02
2.360069602727889876e-02
2.361033603083342175e-02
2.391217565163970132e-02
2.362108507659286399e-02
2.386304792016744752e-02
2.358321293722838094e-02
2.371955416165292402e-02
2.366186445578932762e-02
2.356105288490652899e-02
2.367142089642584185e-02
2.362012232188135524e-02
2.392779514193534712e-02
2.360108480788767477e-02
2.375995931215584347e-02
2.376697263680398534e-02
2.356406096369028161e-02
2.370066796429455211e-02
2.365878710988909145e-02
2.359259261284023593e-02
2.356374007649719715e-02
2.365902201272547176e-02
2.363723376765847206e-02
2.363669513724744181e-02
2.354956946801394294e-02
2.361636480782181025e-02
2.356507347431033988e-02
2.353471238166093826e-02
2.354257933329790761e-02
2.389940952416509320e-02
2.350932087283581426e-02
2.358025317080318997e-02
2.367027986329049011e-02
2.358199586160480976e-02
2.358492386993020842e-02
2.363737630657851765e-02
2.362081841565668444e-02
2.356015807017684122e-02
2.371489368379115989e-02
2.353595062159001897e-02
2.354293658863753150e-02
2.355067832395434449e-02
2.384955310262739520e-02
2.352361273951828619e-02
2.366241039708256652e-02
2.362987669184803824e-02
2.351926479022949795e-02
2.351952316239476135e-02
2.349239522591233323e-02
2.360654277727007935e-02
2.355241896584630082e-02
2.362242676317691942e-02
2.353404916357249022e-02
2.359274504706263681e-02
2.359325508587062359e-02
2.366645396687090327e-02
2.372011914849281311e-02
2.351635936647653718e-02
2.358103687874972890e-02
2.353615968022495369e-02
2.351555656641721864e-02
2.374263713136315346e-02
2.359462797176092863e-02
2.362664761021733215e-02
2.371676755137741566e-02
2.368885055184364458e-02
2.361703342758119176e-02
2.348500916268676450e-02
2.359217605553567271e-02
2.358649331144988676e-02
2.348257969133555820e-02
2.347885188646614552e-02
2.347697131335735321e-02
2.348809102550148895e-02
2.345530807506292920e-02
2.350877418648451497e-02
2.350686700083315372e-02
2.350445953197777271e-02
2.345643057487905095e-02
2.349933264777064393e-02
2.344476527068763833e-02
2.342170185875147581e-02
2.353420096915215254e-02
2.342692892998456816e-02
2.346621351316571097e-02
2.343189916573464732e-02
2.347181362565606971e-02
2.345717451535165449e-02
2.346839280799031119e-02
2.344673343468457391e-02
2.357642955612391372e-02
2.341823722235858440e-02
2.340753348544239928e-02
2.365913745015859465e-02
2.345253448002040247e-02
2.354938685894012590e-02
2.345114182680845330e-02
2.348672430962324073e-02
2.352709248661994865e-02
2.349032412748783966e-02
2.346259243786335061e-02
2.359473933465778758e-02
2.353980606421828339e-02
2.362424749881029268e-02
2.339659938588738511e-02
2.357171531766653200e-02
2.341556875035166740e-02
2.358841272071003983e-02
2.343608266673982005e-02
2.349809519946575304e-02
2.344345878809690406e-02
2.348043969832360606e-02
2.345510507002472947e-02
2.338248437736183474e-02
2.340418486855923991e-02
2.341757193207740645e-02
2.346475208178162505e-02
2.340827470179647138e-02
2.340890723280608654e-02
2.348779560998082161e-02
2.340018688701093336e-02
2.341717346571385930e-02
2.343740370124578615e-02
2.346421899273991654e-02
2.342055961489677290e-02
2.341851750388741424e-02
2.339775378350168397e-02
2.340677543543279171e-02
2.339783047791570494e-02
2.343470710329711298e-02
2.342036957852542539e-02
2.343908620532602141e-02
2.337838076055049827e-02
2.344526231754571338e-02
2.345888195559382369e-02
2.340368509758263688e-02
2.338243010453879694e-02
2.347539342008531094e-02
2.337889396585524082e-02
2.342496723867952893e-02
2.340679578483104845e-02
2.341013578698038916e-02
2.338485554791986873e-02
2.338065747171640466e-02
2.341747747268527885e-02
2.341206301935017109e-02
2.338887401856482029e-02
2.336844955570995669e-02
2.336593680083751817e-02
2.337470501661300520e-02
2.340099811553954939e-02
2.338360280264168908e-02
2.342261348385363956e-02
2.340293051674962113e-02
2.339555690996348788e-02
2.343216938897967408e-02
2.336598774418234895e-02
2.341687027364969254e-02
2.339439704082906316e-02
2.337299874052405427e-02
2.337581254541874071e-02
2.337163102347403904e-02
2.334975651465356211e-02
2.336462128441780736e-02
2.338102064095437527e-02
2.337658260948955943e-02
2.336511781904846569e-02
2.340294392779469421e-02
2.336386863607913325e-02
2.348227426409721375e-02
