1.806950988769531108e+01
1.518373641967773402e+01
1.275037326812744176e+01
1.203686323165893590e+01
1.123097810745239222e+01
9.990910768508911133e+00
8.467782926559447532e+00
7.079351282119750621e+00
5.404558396339416149e+00
4.344017219543457209e+00
3.971992778778075994e+00
3.521428382396698087e+00
5.410074567794799449e+00
3.979534125328064054e+00
2.187318193912505926e+00
4.155134451389312922e+00
5.128729665279388783e+00
1.636349731683730990e+00
2.191769886016845525e+00
2.077370941638946533e+00
1.674391490221023515e+00
1.507851324975490570e+00
1.530241014063358218e+00
1.398114348948001906e+00
1.540071114897727966e+00
1.462187097966670901e+00
1.811380280554294675e+00
1.761131263896822841e+00
2.040204624086618512e+00
1.662193671613931611e+00
2.842217329144477667e+00
1.555261267721653073e+00
2.605652976036071600e+00
3.419744600355625330e+00
1.586529961228370755e+00
1.819673886895179837e+00
3.742478375881910235e+00
2.777507153153419672e+00
1.361270180344581693e+00
1.439955218136310666e+00
1.310886065661907240e+00
9.060190930962562783e-01
2.286100904643535436e+00
5.565975302457809804e+00
2.810519383847713382e+00
1.799223847687244415e+00
1.300568666309118271e+00
1.198925398290157318e+00
1.189067630097270012e+00
1.220432855933904603e+00
1.145443537086248353e+00
1.213259767740964890e+00
1.437961698696017310e+00
1.381678691506385892e+00
1.427745932340621859e+00
1.212231647223234177e+00
2.054402283020317466e+00
1.433768344670534045e+00
1.213808031380176455e+00
1.901575294882059008e+00
4.544985020160675404e+00
2.602828249335289001e+00
1.680139593780040741e+00
1.146467275172472045e+00
1.610725427605211646e+00
2.063744266331196009e+00
3.026558184623718173e+00
4.874371039867400945e+00
2.194240546226501554e+00
1.986387755721807480e+00
2.283201783895492554e+00
3.336650041118264021e+00
1.026361651718616486e+00
4.292811175435781834e+00
4.034954246878624140e+00
2.186761794984340757e+00
1.290338383242487952e+00
1.184138310700654895e+00
1.562928543984889895e+00
1.070216701179742769e+00
9.074624691158532652e-01
1.417656848952174142e+00
1.463484744727611586e+00
9.236636221408843772e-01
9.471526626497507317e-01
2.034871405363082975e+00
1.010270822606980756e+00
1.120227125659585043e+00
1.567776246368885129e+00
1.556635180115699679e+00
2.801640231907367884e+00
8.538128312677144560e-01
9.862134270370006561e-01
1.003827094286680266e+00
1.805657231062650636e+00
9.314241413027047889e-01
2.417900320142507553e+00
2.955331709980964838e+00
1.440918820723891214e+00
1.052968329563736871e+00
1.226641816273331687e+00
6.985197499394416587e-01
1.109469907358288765e+00
1.076604679971933320e+00
8.464921813458203825e-01
7.114257756620645523e-01
1.113353969715535685e+00
1.932115599513053894e+00
1.022062213718891055e+00
1.033212616667151362e+00
6.642011165618896262e-01
1.215127553977072283e+00
8.794246185570955276e-01
6.628714016638695972e-01
8.526950105093419330e-01
6.795572687871753725e-01
7.608174731954931991e-01
6.542818631045520528e-01
8.291632800363004652e-01
9.304554119706154314e-01
8.838812518864870293e-01
1.114993783459067300e+00
1.071909075602889061e+00
1.372187080979347273e+00
9.128998894244432227e-01
6.125336267054081185e-01
6.155230669304728730e-01
7.817534312605858293e-01
6.956741085276008096e-01
6.927154260687530263e-01
7.428541774861514568e-01
1.709903285652399019e+00
6.664091970771550688e-01
4.755967764183878788e-01
6.379101205617189185e-01
6.583053877577185187e-01
4.961666896007955185e-01
4.968727521598338970e-01
7.247452899813652261e-01
6.848319387063384056e-01
1.161697277985513255e+00
6.839117500931024551e-01
6.595245478674769402e-01
5.069110400974750075e-01
5.027569966390729173e-01
6.838785365223885027e-01
6.415737161412835565e-01
5.499545484781265259e-01
6.775323265232146008e-01
2.219928131811320871e+00
6.057765088975429757e-01
7.976304039359092268e-01
4.497263533063232677e-01
8.942346930503844993e-01
6.011104233562946098e-01
6.804733207449317200e-01
6.412227557040750536e-01
9.301484271883964094e-01
6.316666368395089659e-01
9.105942737311124580e-01
3.036466738209128158e-01
7.104804531671107259e-01
8.614502593874930891e-01
4.526803178712725528e-01
6.738015745766461340e-01
1.839694124832749411e+00
4.550363568961619976e+00
1.765094771236181304e+00
9.002408742904662864e-01
1.036602778360247612e+00
5.977401858195662276e-01
8.164600593037902865e-01
4.814019896090030448e-01
7.653841624036431535e-01
8.580610040575266106e-01
7.260259078815579636e-01
7.855114645324647871e-01
6.759096657857298629e-01
5.375926822423935381e-01
5.186840042471885237e-01
5.755419644527137724e-01
6.154438639059662819e-01
1.364163869246840521e+00
1.614403087645769119e+00
1.105443192273378283e+00
4.233032858930528275e-01
7.065570957958697829e-01
6.097284350544214249e-01
5.866112753748893294e-01
8.802894949913024902e-01
3.899833911098539718e-01
3.900185290724039189e-01
1.058333217538893312e+00
4.749569377861916908e-01
5.367623096331953780e-01
5.425926581025123374e-01
1.109676311723887920e+00
9.915554206818342209e-01
1.086084878072142601e+00
8.915138412266969681e-01
3.985719121992588043e-01
5.143931611906736867e-01
3.431821766775101645e-01
5.756967112421988997e-01
3.789583470672369114e-01
3.868007365148514731e-01
4.447346389293670432e-01
4.190567114856094122e-01
3.365980605129152425e-01
4.250918055884539970e-01
4.056088017299771531e-01
5.554426390677690284e-01
5.755784235894679801e-01
5.644373933784663233e-01
3.309027078794315457e-01
3.345100834965705761e-01
4.423657840117812268e-01
5.883884548209608045e-01
1.064645948633551553e+00
4.102669423213228805e-01
3.362099809572100528e-01
3.722743137041106820e-01
3.625394216505810618e-01
3.665022110100835673e-01
3.926903397310524957e-01
4.187487803399562725e-01
5.010949245654046091e-01
4.566355045884847863e-01
4.287615652661770360e-01
6.069902388844639063e-01
4.453318795887753478e-01
2.875279038678854593e-01
3.896701261401176453e-01
6.508174762129783630e-01
5.708734085317701545e-01
3.028650948544964194e-01
6.314594818279146704e-01
2.811842054128647073e-01
3.197828259551897534e-01
3.640162470750510915e-01
3.413468264974653943e-01
3.637935517821461184e-01
3.802946817129850277e-01
3.880615230533294158e-01
3.787574807181954273e-01
1.230643444322049529e+00
3.999109966680407524e-01
3.689187179086729773e-01
2.976730723865330108e-01
4.081782656721770763e-01
2.457020152360200882e-01
3.346649256069212930e-01
3.355122087523341179e-01
3.991945191286504491e-01
3.841214308049529791e-01
4.165291120298206806e-01
2.733183895936235897e-01
3.091368399327620864e-01
3.287011476233601681e-01
4.011861572042107471e-01
4.430182781536132208e-01
4.347323925234377606e-01
3.211177034769207017e-01
4.478845525067299826e-01
6.710551920346915500e-01
2.908241455443203449e-01
1.118227747455239340e+00
3.673362985253333934e-01
4.963262263685465081e-01
4.514762392267585023e-01
4.159914596006274445e-01
4.325580071657896264e-01
5.018916220404208151e-01
3.243615324143320211e-01
2.665123017504811287e-01
8.433377578854560630e-01
8.015952371060848236e-01
3.427986628143117054e-01
4.794180456548929325e-01
3.593427102081477864e-01
3.855542394332587830e-01
3.027676102239638678e-01
3.598378388211130874e-01
3.586323400028049724e-01
7.730808474589139223e-01
2.375920248217880670e-01
2.682530695572495349e-01
4.293369173072278389e-01
4.489689110778272152e-01
4.211684603244066349e-01
3.773756830487400293e-01
3.473129064659588039e-01
2.914000681601464637e-01
2.702026564395055286e-01
3.596373919397592434e-01
4.403077123686671146e-01
9.049548265524208768e-01
2.917890163138509019e-01
3.202549222856759803e-01
5.315416728612035735e-01
4.626979846041649469e-01
2.003917580936104004e-01
3.153257939033210500e-01
3.542375450488179922e-01
4.470800760202109925e-01
2.842511896975338237e-01
3.821086630690843089e-01
1.903784879017621223e-01
6.805103668011724949e-01
2.720064956694841496e-01
2.489263090072199591e-01
2.520855977316386887e-01
2.520469967741519324e-01
2.632178366533480807e-01
2.802907933248207084e-01
2.612009754171594755e-01
2.408000356750562843e-01
2.885341085027903207e-01
4.949637316050939373e-01
5.775319589301943779e-01
3.045404271921142714e-01
3.609607033431529999e-01
2.586403610301203915e-01
3.979202800197526591e-01
4.428518830798566230e-01
2.661436557304114325e-01
3.163283872418105602e-01
5.904089313931762950e-01
4.586622836999595387e-01
3.110361305996775516e-01
5.226117729907855392e-01
3.194338422268628852e-01
3.251296817325055599e-01
4.171318425098434202e-01
2.814483339432626852e-01
2.938220020150765777e-01
2.739570337929763122e-01
4.404841590672731177e-01
2.950810315320268051e-01
3.506703590508550294e-01
2.896970995934680104e-01
2.217579769901931175e-01
2.600165649666451029e-01
3.154500454664230236e-01
2.486226896289736032e-01
2.464039175305515472e-01
3.495531657710671536e-01
3.418855449650436418e-01
2.652664465713314712e-01
2.114518664660863523e-01
3.520070157333975436e-01
2.614648365881294123e-01
2.648450296837836504e-01
3.418521190062165371e-01
3.081079412018880026e-01
5.149536137469112873e-01
2.956747376825660245e-01
3.910327252000570519e-01
1.964092261157929786e-01
2.536599194630980714e-01
3.476447850349358992e-01
2.782816638471558579e-01
2.356294611468911226e-01
4.469774559140205494e-01
2.616049124393612368e-01
2.518712624907493702e-01
2.479607012122869436e-01
3.193494955077767483e-01
4.008257218636572250e-01
3.503449793905019649e-01
3.747892409213818832e-01
4.292154001654125972e-01
3.666723519098013528e-01
3.449938673526048438e-01
3.501079035922884941e-01
4.583797305356711038e-01
2.957270930986851676e-01
2.201372379437089022e-01
3.518072524573653825e-01
5.659393573179840597e-01
1.729941372759640217e-01
3.502025442197919114e-01
3.619016777724027856e-01
4.153461109846830479e-01
3.123740191105753294e-01
7.816151270177215116e-01
4.173984257504343987e-01
3.270550226327031962e-01
2.711606336059048661e-01
2.639286819205153845e-01
3.190401788102462666e-01
2.620643133297562710e-01
2.333579155150800888e-01
5.080177577212452444e-01
2.030672752764076106e-01
2.719618016853928566e-01
2.730507169617339969e-01
2.712849550880491734e-01
4.183516004122793674e-01
2.124685834627598469e-01
2.563400155864655749e-01
2.018619986833073143e-01
3.149140158668160550e-01
2.019832125166431125e-01
1.999050732702016830e-01
1.985614271659869590e-01
2.097624665591865667e-01
2.405707328463904671e-01
2.734944853931665643e-01
2.545353080146014468e-01
2.041549186455085818e-01
2.072054141899570823e-01
2.260717204771935940e-01
2.147387525648810080e-01
2.391992471879348103e-01
2.918017517309635656e-01
2.319634731858968846e-01
2.432363895000889953e-01
1.887241740769241005e-01
2.383737133583054002e-01
2.113946399884298333e-01
2.354054013732820860e-01
2.190680945292115267e-01
2.036929863505065330e-01
2.109774763695895783e-01
1.952292024740018006e-01
2.817624687799252792e-01
2.487025076698046178e-01
2.526063949801027886e-01
3.561587098054587730e-01
2.417811197228729725e-01
2.135003767907619476e-01
2.268136480823159107e-01
2.099107898771762903e-01
2.044457538868300617e-01
3.261110308347269782e-01
3.204873088572640083e-01
2.857038905611261614e-01
2.149555965326726548e-01
2.043072185013443121e-01
1.947759964969009161e-01
2.166310644242912531e-01
2.311422848550137021e-01
2.203764577745460085e-01
2.552978958643506990e-01
1.668014900758862384e-01
3.276950860396027343e-01
3.325676301727071293e-01
2.940898071858100704e-01
2.527189681772142871e-01
1.980171292787417658e-01
2.449340229155495818e-01
1.813107567839324363e-01
2.374542061239481028e-01
2.253941767383366712e-01
2.947384222701657785e-01
2.215809216257184633e-01
1.889423357846680973e-01
2.748389550950378069e-01
2.350350166321732159e-01
2.011839660815894493e-01
2.450972734834067635e-01
2.846728494856506364e-01
1.564579850295558516e-01
2.492013980168849285e-01
1.865992666454985849e-01
2.599920634180307166e-01
2.690512871602550038e-01
3.165063373744487762e-01
2.282809250056743733e-01
2.764802677556872368e-01
1.864562818547710887e-01
2.482831451809033863e-01
2.042318593128584214e-01
2.286966900341212694e-01
2.241799942683428415e-01
2.546012972481548897e-01
2.795904781669378281e-01
2.624545088503509871e-01
2.960697398521006107e-01
2.767267215182073192e-01
1.826691557420417611e-01
2.046184135018847827e-01
2.142355631804093719e-01
2.319939356297254507e-01
1.764939677785150596e-01
2.203789250692352597e-01
1.910206893458962496e-01
2.062136282678693477e-01
2.335713269480038379e-01
2.353273722808807977e-01
2.038011655793525168e-01
1.788326461304677595e-01
2.411911755189066753e-01
2.144269018899649382e-01
1.858847568277269546e-01
1.880257873621303533e-01
1.802017165231518392e-01
2.685266917571425549e-01
2.302626812714151927e-01
2.152264494448900278e-01
1.775309846037998740e-01
1.810336655355058721e-01
1.942769120447337683e-01
1.897884758189320453e-01
2.047093640780076329e-01
2.041857739910483416e-01
2.101310664904303960e-01
1.820810488658025916e-01
1.949727482278831303e-01
1.653455610212404281e-01
2.410542686469852869e-01
1.536712826025904977e-01
1.973896604438777902e-01
2.123973705573007353e-01
2.606104593491181953e-01
1.743007971614133622e-01
1.875535897677764186e-01
1.795345816994085852e-01
2.184871390287298765e-01
1.761076420778408536e-01
2.219157651066780146e-01
1.946876005211379268e-01
2.250177608104422800e-01
1.987487888894975130e-01
2.186039634747430627e-01
2.090649599558673799e-01
1.760144647967535891e-01
1.784267199254827574e-01
2.148440333548933268e-01
1.905553004704415854e-01
2.043256001896224805e-01
1.737424488237593323e-01
1.832871335675008706e-01
2.241448958695400617e-01
1.709601260256022326e-01
1.958320517209358458e-01
1.757528234622441343e-01
1.871446514502167757e-01
2.160778773017227594e-01
2.182119659730233363e-01
2.098081249161623529e-01
2.005451506003737561e-01
1.700610999017953817e-01
1.908749552210792788e-01
1.937569425906985887e-01
1.822933171410113518e-01
2.034607036272063907e-01
1.925251359934918582e-01
1.895290520333219320e-01
1.722006912343204132e-01
1.966836506209801994e-01
1.779610298573970906e-01
1.757218146667582914e-01
1.738418800639919826e-01
1.757636195281520597e-01
1.796190806897356995e-01
1.930312044220045264e-01
2.092521903687156737e-01
2.582715781871229299e-01
1.652159755467437208e-01
1.935654560104012600e-01
1.753187506692484021e-01
1.940592957369517424e-01
1.815633893362246509e-01
2.133459206001134534e-01
1.697232408449053653e-01
1.746076117618940715e-01
1.905950809363275711e-01
1.739979392790701185e-01
1.729899541242048144e-01
2.118456901051103958e-01
1.748504692688584439e-01
1.980032203719019890e-01
2.041588440537452642e-01
1.755187641858356185e-01
1.765333563904278036e-01
1.692187730455771144e-01
2.029554084409028181e-01
1.673955369740724453e-01
1.791238659789087251e-01
1.747516368050128222e-01
1.969307030143681858e-01
1.972576800966635291e-01
1.646413584792753571e-01
1.738607319071888979e-01
1.784650254994630814e-01
1.737235301843611524e-01
2.087352011818438824e-01
1.918339833267964367e-01
1.892286000278545488e-01
1.738318704068660681e-01
1.654210842592874486e-01
1.850585575215518419e-01
1.795274788280948886e-01
1.845721598889213111e-01
1.691810359538067077e-01
1.723017964002792612e-01
1.812351507047424148e-01
1.745543185155838672e-01
1.721364577766507920e-01
1.851995511446148102e-01
1.786012619733810536e-01
1.818956525763496812e-01
1.661479260103078670e-01
1.742272883653640803e-01
1.847136953379958924e-01
1.973096773988800012e-01
1.751631930470466669e-01
1.647336646798066850e-01
1.672050276771187838e-01
1.664839179196860586e-01
1.712521377950906865e-01
1.696497369324788396e-01
1.640252595709171257e-01
1.650884544011205490e-01
1.630604079575277976e-01
1.657240654807537739e-01
1.822116671712137870e-01
1.794359833118505665e-01
1.742877615615725517e-01
1.731888679845724199e-01
1.743321946647483911e-01
1.700050871411803999e-01
1.634751059260452222e-01
1.693747724173590430e-01
1.708334989496506640e-01
1.777177285752259139e-01
1.834540558164007851e-01
1.650562052032910343e-01
1.618571056489599980e-01
1.679333807493094410e-01
1.994500539265572914e-01
1.638061022269539646e-01
1.835341923870146275e-01
1.631399145873729251e-01
1.771888710325583705e-01
1.625667005602736137e-01
1.617604425176978056e-01
1.849362869281321875e-01
1.641596040746662877e-01
1.739093147625681013e-01
1.671523673925548736e-01
1.682712783447641303e-01
1.767343822240945994e-01
1.753236921154893990e-01
1.671652619261294603e-01
1.650485718797426726e-01
1.663500215276144389e-01
1.641673223668476678e-01
1.734882759745232650e-01
1.638424250297248475e-01
1.734469410032034031e-01
1.724022478098049815e-01
1.645022798329591751e-01
1.831601376354228816e-01
1.667988425848307144e-01
1.723835863347630837e-01
1.666768252180190757e-01
1.698849018663168009e-01
1.652744068414904177e-01
1.725777547690086067e-01
1.669582123286090791e-01
1.819459329359233435e-01
1.605454775271937251e-01
1.701991910114884488e-01
1.664575487840920798e-01
1.620901558198966086e-01
1.634320526150986608e-01
1.628847174346446935e-01
1.617356106638908331e-01
1.800830457781557870e-01
1.707915300270542447e-01
1.852196270832791869e-01
1.771090203750645686e-01
1.656794866139534861e-01
1.691120787523686941e-01
1.849799579009413775e-01
1.606324233114719280e-01
1.703949578106403462e-01
1.808437987929210067e-01
1.817757228040136341e-01
1.610405257437378113e-01
1.623204750474542268e-01
1.986992384161567204e-01
1.808527170214802027e-01
1.851519774878397639e-01
1.766265571350231767e-01
1.586801022407598738e-01
1.727530849515460376e-01
1.818582320003770403e-01
1.864522646181285270e-01
1.779914687562268172e-01
1.629806535740499496e-01
1.714312343858182541e-01
1.681702677393332179e-01
1.720695272961165756e-01
1.716166095895459986e-01
1.800850668689236156e-01
1.727220577246043887e-01
1.578620184212922994e-01
1.761822680186014567e-01
1.584719475824385992e-01
1.606154843117110487e-01
1.600066650658845957e-01
1.669671045907307472e-01
1.645183358108624760e-01
1.704841819126158842e-01
1.595729144755750895e-01
1.601489096879959162e-01
1.595088455826044194e-01
1.570965119637549035e-01
1.627149728126823791e-01
1.628504058346152417e-01
1.597474445472471527e-01
1.698854865273460857e-01
1.624951527512166760e-01
1.653291383176110629e-01
1.662108601900399718e-01
1.659268959017936029e-01
1.616465368191711549e-01
1.653343734331428894e-01
1.658184351050294991e-01
1.657381159020587802e-01
1.640128725208342131e-01
1.592217272380366810e-01
1.640606735832989271e-01
1.590531471185386292e-01
1.618381247622892316e-01
1.625687699677655362e-01
1.600495673716068323e-01
1.597588036209344753e-01
1.597253667889163009e-01
1.572728722530882806e-01
1.642404475831426569e-01
1.629595200822223089e-01
1.688214949681423604e-01
1.711647647432982811e-01
1.612627202644944246e-01
1.615944911725819000e-01
1.567736463301116490e-01
1.601573731750249863e-01
1.614014758582925368e-01
1.700595558620989212e-01
1.765035637945402414e-01
1.608247204218059834e-01
1.654600246576592437e-01
1.594233868643641361e-01
1.613568807253614179e-01
1.655482364236377235e-01
1.603916208667214849e-01
1.610455342393834199e-01
1.591998299263650551e-01
1.582390998955816031e-01
1.592676868982380312e-01
1.634463064372539409e-01
1.699212951003573890e-01
1.608366184140322674e-01
1.586251104250550326e-01
1.697512087994255126e-01
1.660604704928118625e-01
1.678881982283201013e-01
1.599816619331249912e-01
1.583607575448695570e-01
1.602304587082471754e-01
1.638030258349317536e-01
1.710159535519778784e-01
1.614408509303757455e-01
1.614172733854502551e-01
1.571562881232239361e-01
1.620198774544405751e-01
1.584928015712648575e-01
1.559236448723822777e-01
1.759233798133209292e-01
1.649376008455874509e-01
1.724628907919395771e-01
1.552649097691755631e-01
1.590136111248284523e-01
1.588815213617635891e-01
1.633991290058474932e-01
1.581563388637732825e-01
1.642472185310907551e-01
1.595904783345759026e-01
1.568880813894793502e-01
1.728377684368752054e-01
1.566941857337951771e-01
1.561741366022033617e-01
1.694046863005496673e-01
1.579394266242161449e-01
1.564339306933106855e-01
1.568689030129462592e-01
1.611197510734200533e-01
1.554463670210680104e-01
1.565403321292251348e-01
1.620007845864165630e-01
1.625706386461388264e-01
1.721847601875197142e-01
1.768372482823906411e-01
1.649613714311271850e-01
1.677440179977565948e-01
1.604171388258691933e-01
1.594365801662206705e-01
1.582848181948065813e-01
1.555702306330203899e-01
1.567613111343234833e-01
1.571088513213908244e-01
1.550888139841845315e-01
1.604688993946183362e-01
1.557127927662804723e-01
1.579016564181074389e-01
1.592905988916754612e-01
1.589449100778438095e-01
1.557155268732458298e-01
1.606413261615671217e-01
1.619333336595445982e-01
1.606667579384520594e-01
1.565130632894579377e-01
1.570146983838640042e-01
1.583628900407347828e-01
1.556305805570445955e-01
1.574990846216678675e-01
1.592638415866531321e-01
1.604244791669771075e-01
1.598826237022876740e-01
1.558686040021712016e-01
1.564542675390839521e-01
1.619064842816442251e-01
1.613030129112303368e-01
1.633593212813138906e-01
1.594147110765334330e-01
1.569873241183813717e-01
1.553789461147971340e-01
1.555679794386378434e-01
1.636603916471358333e-01
1.566667878010775949e-01
1.615909806336276178e-01
1.545055377762764581e-01
1.595588185940869097e-01
1.582032478414475973e-01
1.550232705194503069e-01
1.573709637334104738e-01
1.560369346145307756e-01
1.636077521368861087e-01
1.564576426520943586e-01
1.596759442007169016e-01
1.598700189613737055e-01
1.548585952492430862e-01
1.578241651819553282e-01
1.570997051021549851e-01
1.560704497998813278e-01
1.551233725971542243e-01
1.573469672352075521e-01
1.571182311046868674e-01
1.577604493126273100e-01
1.549922633450478426e-01
1.572184110584203265e-01
1.558749425312271342e-01
1.551969459746032898e-01
1.549353866692399495e-01
1.629561332563753129e-01
1.539180287276394610e-01
1.558326891565229855e-01
1.589693456713575925e-01
1.563982200226746444e-01
1.574914015887770857e-01
1.563845277065411266e-01
1.559664759784936960e-01
1.557696357835084144e-01
1.604115992668084800e-01
1.554739983286708704e-01
1.553448552003828809e-01
1.543729410506785027e-01
1.633007311145774909e-01
1.557890704367309864e-01
1.574233722756616660e-01
1.562363235600059963e-01
1.541260050347773303e-01
1.547631499823182710e-01
1.547608557622879855e-01
1.581473426893353351e-01
1.561307874915655591e-01
1.580753892383654491e-01
1.555578618543222436e-01
1.579466030816547573e-01
1.577831585309468210e-01
1.583418948575854301e-01
1.595379463746212367e-01
1.557230934500694330e-01
1.566721657756716124e-01
1.552724295033840463e-01
1.553684239624999464e-01
1.622565932106226627e-01
1.587621302722254657e-01
1.589961525518447105e-01
1.582448631736042555e-01
1.580741742334794142e-01
1.577216046483954359e-01
1.542325288290157803e-01
1.587819582084193937e-01
1.581861081882380005e-01
1.552204274164978304e-01
1.549430857645347770e-01
1.551681459881365244e-01
1.558657476329244618e-01
1.545949205843498986e-01
1.557589798991102781e-01
1.551428437931463011e-01
1.553084106752066762e-01
1.547023525461554416e-01
1.559297646861523279e-01
1.539029631530866027e-01
1.536140875832643360e-01
1.566620271827559863e-01
1.539614727022126373e-01
1.555484903423348386e-01
1.545518923550844304e-01
1.540026638453127761e-01
1.544973323296289780e-01
1.545264327432960272e-01
1.541646722092991639e-01
1.565412961412221138e-01
1.530643197125755306e-01
1.530693018401507177e-01
1.591452780179679338e-01
1.552150083705782779e-01
1.574503080919384956e-01
1.543880132026970442e-01
1.561575190629810039e-01
1.570498226210474968e-01
1.564629791188053842e-01
1.555868153925984987e-01
1.581634217494865824e-01
1.564279336482286564e-01
1.584869381505996100e-01
1.528832459705881663e-01
1.581040490418672562e-01
1.542084293236257453e-01
1.574875762686133440e-01
1.537082936847582459e-01
1.564483506663236767e-01
1.547054432332515828e-01
1.550757886201608871e-01
1.546762996353208963e-01
1.529895311803556868e-01
1.536497517721727435e-01
1.541569617402274162e-01
1.553049518726766220e-01
1.540733665984589662e-01
1.545168061740696541e-01
1.560838259756565094e-01
1.543501944281160942e-01
1.548224453930742983e-01
1.552209229208529051e-01
1.556710115633904989e-01
1.543774486752226838e-01
1.540074474411085304e-01
1.537754985154606291e-01
1.538882307009771522e-01
1.539483887725509592e-01
1.544931509997695684e-01
1.542666256835218408e-01
1.553925276442896519e-01
1.536007357761263736e-01
1.547580023441696428e-01
1.555209842059412095e-01
1.542804071301361601e-01
1.536193762003676966e-01
1.562185505754314363e-01
1.536808930337429102e-01
1.544221609365195036e-01
1.541427466552704462e-01
1.540011473000049702e-01
1.537304832832887824e-01
1.536866890732198898e-01
1.541716216917848326e-01
1.548849060200154781e-01
1.544978113379329443e-01
1.536275074351579062e-01
1.533755423966795262e-01
1.534595004166476317e-01
1.544117061188444440e-01
1.543249726353678741e-01
1.551982368029712345e-01
1.538335344492224865e-01
1.533618470493820496e-01
1.548573866486549488e-01
1.532706788275390863e-01
1.551088289357721861e-01
1.543426994117908235e-01
1.540218223060946801e-01
1.540907327085733469e-01
1.537234083371004090e-01
1.530048253276618253e-01
1.534903789957752507e-01
1.542090665781870595e-01
1.545378918759524878e-01
1.537206045861239656e-01
1.546293441206216812e-01
1.539779783925041556e-01
1.565758572483900990e-01
