1.196471532185872455e+01
1.357697820663452148e+01
1.281909211476643939e+01
1.322458807627359967e+01
1.126406415303548236e+01
1.217640240987141986e+01
1.371358203887939453e+01
1.150610731045405011e+01
1.324703216552734375e+01
1.430361541112264057e+01
1.200209935506184955e+01
9.873463054498037295e+00
1.301135993003845215e+01
1.455443763732910156e+01
1.323325236638387103e+01
1.514170567194620709e+01
1.350180816650390625e+01
1.192654991149902344e+01
1.140397860606511493e+01
1.374939950307210346e+01
1.198711506525675397e+01
1.415207242965698242e+01
1.133031972249349018e+01
1.333407497406005859e+01
1.229602225621541400e+01
1.084776967267195324e+01
1.052486580610275269e+01
1.290910180409749408e+01
1.200539875030517578e+01
1.452544657389322857e+01
1.358151276906331439e+01
1.126318031549453735e+01
1.135058353344599347e+01
1.518900903065999408e+01
1.448476489384969135e+01
1.088407078385353088e+01
1.220613718032836914e+01
1.211217466990152936e+01
1.209125089645385742e+01
1.363376140594482422e+01
1.204514932632446289e+01
1.639952691396077356e+01
1.411077086130777936e+01
9.793065945307413145e+00
1.369476941227912903e+01
1.408677323659261127e+01
1.189371236165364643e+01
1.011836533745129962e+01
1.069244141379992108e+01
1.390604909261067768e+01
1.180676571528116803e+01
1.358981704711914062e+01
1.197743002573649029e+01
1.258972644805908203e+01
1.184604946772257428e+01
1.054071986178557019e+01
1.121594778696695904e+01
1.200289916992187500e+01
1.351826794942220111e+01
1.253738816579183002e+01
1.358309237162272076e+01
1.138099749883016010e+01
1.150515476862589459e+01
1.202645619710286518e+01
1.527212897936503033e+01
1.286849943796793561e+01
1.242327292760213275e+01
1.098710759480794330e+01
1.105465014775594135e+01
1.363952128092447857e+01
1.502722390492757221e+01
1.329068311055501361e+01
1.152666155497233014e+01
1.300961844126383404e+01
1.483385117848714252e+01
1.371278405189514160e+01
1.145638910929361920e+01
1.159646844863891602e+01
1.460444196065266986e+01
1.329794724782308002e+01
1.174109776814778705e+01
1.120955006281534772e+01
1.323026593526204486e+01
1.184138695398966412e+01
1.446472581227620502e+01
1.133112589518229107e+01
1.185645103454589844e+01
1.315594450632731061e+01
1.329296620686849018e+01
1.288336149851481061e+01
1.181966145833333393e+01
1.305487632751464844e+01
1.030430692434310913e+01
1.162975533803304096e+01
1.158296759923299213e+01
1.168110704421997070e+01
1.330894605318705182e+01
1.200887155532836914e+01
1.273217741648356061e+01
1.019761283198992352e+01
1.178148984909057617e+01
1.554037412007649799e+01
1.157460896174112897e+01
1.145660845438639264e+01
1.168806838989257812e+01
1.305679766337076764e+01
9.921213438113531069e+00
1.218162949879964252e+01
1.359079758326212506e+01
1.298131593068440814e+01
1.177733770012855530e+01
1.001287911335627179e+01
1.175343513488769531e+01
1.158479245503743549e+01
1.286076354980468750e+01
1.282178624471028705e+01
1.169935989379882812e+01
1.047488373517990112e+01
1.166720167795816998e+01
1.155827887852986713e+01
1.323185094197591205e+01
1.114249372482299805e+01
1.285233402252197266e+01
1.298913383483886719e+01
1.297744560241699219e+01
1.444782463709513287e+01
1.386374473571777344e+01
1.178873125712076764e+01
1.048820723096529584e+01
1.036320927739143372e+01
9.959403942028680845e+00
1.169371350606282611e+01
1.412690973281860352e+01
1.005376688639322857e+01
1.148214022318522076e+01
1.293350569407145123e+01
1.156299559275309186e+01
1.494448757171630859e+01
1.306397088368733783e+01
1.125086975097656250e+01
1.106013949712117572e+01
1.362297312418619732e+01
1.263953812917073627e+01
1.393676280975341797e+01
1.111684942245483398e+01
1.400762701034545898e+01
9.961409707864126162e+00
1.285012181599934955e+01
1.242221339543660541e+01
1.300092220306396484e+01
1.134124581019083600e+01
1.132354180018107037e+01
1.025355711579322815e+01
1.232844591140747070e+01
1.110742934544881244e+01
1.148749383290608783e+01
1.161018276214599609e+01
1.281545861562093158e+01
1.268474515279134174e+01
1.249334335327148438e+01
1.151776631673177143e+01
1.182351366678873639e+01
1.496590995788574219e+01
1.371340243021647076e+01
1.200400098164876361e+01
1.027098781367143054e+01
1.002312930425008197e+01
1.268378845850626568e+01
1.409690697987874408e+01
1.121531883875528912e+01
1.137936886151631732e+01
1.008347254991531372e+01
1.303699064254760742e+01
1.459223254521687885e+01
1.266778628031412701e+01
1.258746465047200580e+01
1.217217159271240234e+01
1.132189782460530658e+01
1.367337497075398822e+01
1.428999233245849609e+01
1.141817712783813477e+01
1.278728580474853516e+01
1.156320985158284564e+01
1.172797854741414447e+01
1.007514594992001911e+01
1.263141902287801166e+01
1.118919150034586529e+01
1.322132285435994525e+01
1.434349727630615234e+01
1.247023487091064453e+01
1.227731577555338482e+01
1.138358529408772846e+01
1.368753655751546283e+01
1.032155520220597644e+01
1.008082045118013959e+01
1.306420691808064838e+01
1.260069195429483990e+01
1.125420109430948834e+01
1.233763051033020020e+01
1.135852034886678119e+01
1.258931287129720111e+01
1.365487686793009381e+01
1.143228212992350201e+01
1.360514458020528217e+01
1.126714547475179096e+01
1.263400713602701764e+01
1.230018297831217389e+01
1.118521595001220703e+01
1.131659380594889264e+01
1.113133207956949811e+01
1.121663300196329693e+01
1.335356720288594623e+01
1.125158222516377826e+01
1.238353411356608014e+01
9.978367641568183899e+00
1.379312849044799805e+01
1.336301994323730469e+01
1.418220392862955670e+01
1.108144346872965436e+01
1.236942195892333984e+01
1.242831611633300781e+01
1.124064874649047852e+01
1.248916784922281842e+01
1.364148171742757221e+01
1.376843547821044922e+01
1.195591322580973248e+01
1.235617383321126361e+01
1.109434064229329486e+01
1.117439953486124615e+01
1.111590894063313861e+01
1.109805727005004883e+01
1.111305888493855853e+01
1.093696117401123047e+01
9.883453687032064394e+00
1.105107768376668353e+01
1.202834669748941998e+01
1.110077635447184186e+01
1.229578065872192383e+01
1.320780293146769147e+01
1.244831752777099609e+01
1.096328481038411518e+01
1.226351531346639057e+01
1.234844374656677246e+01
1.219704055786132812e+01
1.066583983103434186e+01
1.250530242919921875e+01
9.766775657733282046e+00
1.086578480402628522e+01
1.094339386622110943e+01
1.092896254857381244e+01
1.234145768483479877e+01
1.220286226272583008e+01
1.202615896860758404e+01
1.123429354031880756e+01
1.245930449167887311e+01
1.081620979309082031e+01
1.106044324239095111e+01
1.100782887140909772e+01
1.240215460459391217e+01
1.101505931218465228e+01
1.096104033788045307e+01
1.228666504224141498e+01
1.200966946283976178e+01
1.093056058883666992e+01
1.202890046437581439e+01
1.124769949913024902e+01
1.067339595158894916e+01
1.334063132603963275e+01
1.122480996449788471e+01
1.080825662612915039e+01
9.667962620655695005e+00
1.071737527847290039e+01
1.341336026787757874e+01
9.829961558183034853e+00
1.115857044855753522e+01
1.228218698501586914e+01
1.085902039210001568e+01
1.064644893010457416e+01
1.212855354944864850e+01
1.192764600118001361e+01
1.213208834330240826e+01
9.758970657984415098e+00
1.349725198745727539e+01
1.320731337865193744e+01
1.094283278783162494e+01
1.108979066212972064e+01
1.178896252314249615e+01
1.078112395604451557e+01
1.070296223958333393e+01
1.216555833816528320e+01
1.086227401097615619e+01
9.767068624496459961e+00
1.091000668207804303e+01
1.306860176722208600e+01
1.105968316396077533e+01
1.042789379755655865e+01
1.091035016377766986e+01
1.081364536285400391e+01
1.287582651774088482e+01
1.242712243398030658e+01
1.067144147555033307e+01
1.349108282725016217e+01
1.190107981363932232e+01
9.768281618754068418e+00
9.754924863576889038e+00
1.091032203038533588e+01
1.174376153945922852e+01
1.100881799062093158e+01
1.309824577967325787e+01
1.073923031489054303e+01
1.079509194691975971e+01
1.428927538295586963e+01
1.303337287902832031e+01
1.318136994043985943e+01
9.669832905133565859e+00
1.083902088801066022e+01
1.317537959416707416e+01
9.663712725043296814e+00
1.076404873530069928e+01
1.082228597005208393e+01
9.607065935929616884e+00
1.214615662892659564e+01
1.084308513005574603e+01
1.215197722117106061e+01
1.417804940541585346e+01
9.679986019929250673e+00
9.632965857783952757e+00
1.425205254554748535e+01
1.202167510986328125e+01
1.324850257237752338e+01
1.062933079401651959e+01
9.688560048739114805e+00
1.215399837493896484e+01
1.077030706405639648e+01
1.203332479794820209e+01
1.167086887359619141e+01
1.338267978032430072e+01
1.076942348480224609e+01
1.193865426381429096e+01
1.211344647407531738e+01
1.079985944430033307e+01
1.089371554056803326e+01
1.075346136093139648e+01
1.091411511103312115e+01
1.054129282633463482e+01
1.063311322530110736e+01
1.217594989140828510e+01
1.076392984390258789e+01
1.069722827275594135e+01
9.573275347550710634e+00
1.180153282483418842e+01
1.091527112325032611e+01
1.054940907160441022e+01
1.062257941563924213e+01
1.192396767934163471e+01
1.070856571197509766e+01
9.724327782789865537e+00
1.169411945343017578e+01
1.331005668640136719e+01
1.282630411783854107e+01
1.074851179122924805e+01
1.174427080154418945e+01
1.167573515574137311e+01
1.327994322776794434e+01
1.194554917017618756e+01
1.162477779388427734e+01
1.063968753814697266e+01
1.049215626716613770e+01
1.186756865183512311e+01
1.178229093551635742e+01
1.073966232935587506e+01
1.060336812337239643e+01
1.082205073038736920e+01
1.177094300587972064e+01
1.183823664983113666e+01
1.180152956644693951e+01
1.320646500587463379e+01
9.556352923313776060e+00
9.564603070418039366e+00
1.074033538500467877e+01
1.186509768168131451e+01
1.182627201080322266e+01
1.444819609324137311e+01
1.302139854431152344e+01
9.664254069328308105e+00
1.297992595036824603e+01
1.209587272008260150e+01
9.561405897140502930e+00
9.445342163244882627e+00
1.171456718444824219e+01
1.077373441060384174e+01
1.193697388966878314e+01
1.058258215586344342e+01
9.597031146287918091e+00
1.299338134129842182e+01
1.175937906901041607e+01
1.177592658996582031e+01
9.661659965912500425e+00
1.191485118865966797e+01
9.564417272806167603e+00
1.045429865519205670e+01
1.068258190155029297e+01
1.286623745163281818e+01
1.054497083028157611e+01
1.292210626602172852e+01
1.175470177332560162e+01
1.077011871337890625e+01
1.292475048700968365e+01
1.197862497965494732e+01
1.180858802795410156e+01
9.530296395222345396e+00
1.188824144999186139e+01
1.063339789708455463e+01
1.284152332941691022e+01
1.181730612119038959e+01
1.197603607177734375e+01
9.474584420522054629e+00
9.501285870869955019e+00
9.449221745133399963e+00
1.068623177210489850e+01
1.051306629180908203e+01
1.172421646118164062e+01
1.277367766698201557e+01
1.189176352818807025e+01
1.300040809313456158e+01
1.081809266408284564e+01
9.519657184680303530e+00
1.282313140233357807e+01
1.062294276555379291e+01
1.057383378346761127e+01
1.165633487701416016e+01
1.053786452611287494e+01
1.178490463892618756e+01
1.070327965418497662e+01
1.171905358632405658e+01
1.187488365173339844e+01
1.052924283345540424e+01
1.074367475509643555e+01
9.475249509016672178e+00
1.306992952028910260e+01
1.069217546780904193e+01
1.404780030250549316e+01
1.166331450144449811e+01
1.056262365976969342e+01
1.178536597887674908e+01
1.171725495656331439e+01
1.050861819585164447e+01
1.260681549708048443e+01
1.056040747960408588e+01
1.048083925247192383e+01
1.276457230250040631e+01
9.480948845545450254e+00
1.059107287724812885e+01
1.174433422088623047e+01
1.199987157185872455e+01
1.299540710449218750e+01
1.047264003753662109e+01
1.276356156667073627e+01
1.074142233530680279e+01
1.520963700612386127e+01
9.518289923667907715e+00
1.055409129460652728e+01
1.295212348302205463e+01
1.285410753885904889e+01
1.168692223230997662e+01
1.192868510882059674e+01
1.184099547068277936e+01
1.183244260152181049e+01
1.309203068415323834e+01
9.504770119984945254e+00
1.061427148183186908e+01
1.065857776006062885e+01
1.411508266131083111e+01
1.064938831329345703e+01
1.070165395736694336e+01
1.186528078715006451e+01
1.285176769892374615e+01
1.063465261459350586e+01
1.152407073974609375e+01
1.198444390296936035e+01
1.166463184356689453e+01
1.169794877370198627e+01
1.049157921473185162e+01
1.047838719685872455e+01
1.066098992029825787e+01
1.066729243596394916e+01
1.163197390238443951e+01
1.067890707651774029e+01
1.065197706222534180e+01
1.163854742050170898e+01
1.076357587178548236e+01
1.059534247716267963e+01
9.430537452300390200e+00
1.156291882197062115e+01
1.153148746490478516e+01
1.043713426589965820e+01
1.061893264452616314e+01
9.431845396757125854e+00
1.056218147277832031e+01
9.432783767580986023e+00
1.292030493418375592e+01
1.164345733324686627e+01
1.286123116811116596e+01
1.268085002899169922e+01
1.167990700403849225e+01
9.437395413716634707e+00
1.050663820902506451e+01
9.415581747889518738e+00
1.062395071983337402e+01
1.287227980295816998e+01
1.173647419611612897e+01
1.160442757606506348e+01
1.272374153137207031e+01
9.478771507740020752e+00
1.058847967783609967e+01
1.060567871729532818e+01
1.178925863901774029e+01
1.064424403508504291e+01
9.432462046543756529e+00
1.181246646245320697e+01
1.162034082412719727e+01
1.173950179417928119e+01
1.057139531771341900e+01
1.042723925908406635e+01
1.161669603983561139e+01
1.163754638036092182e+01
1.289599339167276959e+01
1.170531113942464252e+01
1.067277844746907611e+01
1.073592154184977154e+01
1.059050051371256451e+01
1.055617936452229877e+01
1.159565305709838867e+01
1.048581997553507428e+01
1.283051061630249023e+01
1.174381494522094727e+01
1.039218346277872662e+01
1.060502020517984967e+01
9.439334173997243838e+00
1.166168212890625000e+01
1.054266071319580078e+01
9.396742890278497740e+00
9.498215019702911377e+00
1.163718032836914062e+01
1.283961280186971088e+01
1.072350819905599018e+01
1.058492063482602497e+01
1.059790054957071881e+01
9.487010061740875244e+00
1.057591422398885150e+01
1.050172424316406250e+01
1.280656003952026367e+01
1.171055157979329486e+01
1.045748472213745117e+01
1.170621903737386127e+01
1.057059033711751361e+01
1.069450092315673828e+01
1.174071566263834576e+01
1.152749005953470807e+01
1.183635505040486713e+01
1.289455779393514057e+01
1.159471893310546875e+01
1.177531925837198834e+01
1.064409001668294330e+01
1.058477703730265240e+01
1.061658318837483783e+01
1.055251614252726178e+01
1.291284163792928119e+01
1.059213004509607892e+01
1.162140750885009766e+01
1.160796324412027936e+01
1.161742877960205078e+01
1.174126386642456055e+01
1.057015466690063477e+01
1.156250810623168945e+01
1.292178175846735577e+01
1.408815383911132812e+01
9.391604160269102053e+00
1.040917110443115234e+01
1.182516050338745117e+01
9.412501732508340879e+00
1.187775551279385944e+01
1.163656934102376361e+01
1.376212676366170307e+01
1.042407010992368122e+01
1.296450217564900775e+01
1.262184365590413471e+01
1.289692195256551166e+01
1.065831677118937115e+01
1.055035622914632221e+01
1.041620604197184186e+01
1.065206845601399799e+01
1.159953278303146362e+01
1.292444753646850586e+01
1.047428067525227924e+01
1.158665529886881451e+01
1.176881885528564453e+01
1.163096110026041607e+01
1.055572621027628522e+01
1.055137936274210553e+01
1.182385778427124023e+01
1.185610644022623639e+01
1.043829234441121478e+01
1.059674755732218365e+01
1.183535067240397076e+01
1.170875851313273053e+01
1.055763824780782123e+01
1.171745665868123432e+01
1.261539189020792584e+01
9.478791058063507080e+00
1.157176717122395893e+01
1.042731714248657227e+01
9.449584543704986572e+00
1.273220713933308978e+01
1.051651811599731445e+01
1.246260849634806256e+01
1.389350326855977436e+01
1.171738847096761127e+01
1.253802688916524311e+01
1.290046532948811908e+01
1.060722827911376953e+01
1.053646802902221680e+01
1.172225809097290039e+01
1.040567890803019147e+01
9.371208101511001587e+00
1.258317248026529889e+01
9.402663677930831909e+00
9.504658063252767519e+00
1.039392964045206647e+01
1.054351965586344342e+01
1.160825379689534564e+01
1.059385426839192768e+01
1.189012416203816791e+01
1.178052735328674316e+01
1.265785686175028424e+01
1.177819347381591797e+01
1.036477454503377338e+01
1.163071537017822266e+01
1.402281673749287982e+01
1.059626754124959369e+01
1.274646202723185162e+01
1.382101551691691022e+01
1.047685305277506451e+01
1.276658169428507428e+01
1.371316353480021100e+01
1.287771908442179303e+01
1.300070055325826068e+01
9.371871064106622740e+00
1.042185163497924805e+01
9.393660326798757509e+00
1.181197929382324219e+01
1.044180472691853900e+01
1.158789984385172467e+01
1.272092008590698242e+01
1.156873448689778705e+01
1.066387446721394916e+01
1.055572811762491803e+01
1.156200695037841797e+01
9.375407636165618896e+00
9.414552410443624453e+00
1.058348147074381451e+01
9.377344975868860288e+00
1.057959651947021484e+01
1.279735350608825684e+01
1.058344920476277728e+01
1.067792924245198627e+01
1.058264605204264264e+01
9.412009974320730166e+00
1.162957350413004498e+01
1.061222537358601947e+01
1.157350460688273053e+01
9.359585826595624880e+00
9.378566990296045347e+00
1.059321101506551166e+01
1.253392235438028912e+01
1.156838698188463788e+01
1.057680749893188477e+01
9.418369869391122862e+00
1.276100254058837891e+01
1.066906515757242779e+01
1.174505106608072857e+01
9.354589313268661499e+00
1.282572380701700787e+01
1.175228548049926758e+01
1.166808470090230365e+01
1.287134393056233783e+01
1.040774138768514057e+01
1.055081812540690045e+01
1.064615980784098248e+01
1.155103349685668945e+01
1.278604586919148822e+01
1.173999834060668945e+01
1.279126000404357910e+01
1.040904156366983990e+01
1.167838509877522846e+01
9.404808402061462402e+00
1.043790181477864643e+01
1.252571813265482525e+01
9.413191507260004087e+00
1.484676494201024433e+01
1.274181818962097168e+01
1.042970530192057232e+01
1.042781623204549213e+01
1.281130043665567975e+01
1.186133329073587994e+01
1.152478535970052143e+01
1.065411726633707623e+01
1.266536887486775775e+01
1.389641698201497455e+01
1.176119248072306256e+01
1.055863825480143170e+01
1.272068023681640625e+01
1.063083076477050781e+01
1.053667116165161133e+01
1.045463673273722272e+01
1.056046342849731445e+01
1.155271021525065045e+01
1.272479708989461322e+01
1.255622625350952148e+01
1.152484003702799420e+01
1.158061766624450684e+01
1.046514892578125000e+01
1.161189651489257812e+01
1.271618620554606061e+01
9.390319059292474790e+00
9.399514536062875791e+00
1.043316427866617779e+01
1.054713773727416992e+01
9.386391083399454160e+00
1.161293061574300189e+01
1.057623195648193359e+01
9.409965872764587402e+00
1.276474603017171283e+01
1.184116903940836529e+01
1.039229806264241596e+01
9.358280301094055176e+00
1.051991446812947650e+01
1.175822162628173828e+01
1.373706404368082623e+01
1.046389722824096680e+01
1.174563090006510357e+01
1.157670116424560547e+01
1.291097084681192975e+01
1.063664388656616211e+01
1.051765362421671490e+01
1.039100933074951172e+01
1.057876793543497662e+01
9.358311797181764646e+00
1.065845553080240826e+01
1.037273391087849994e+01
1.270886254310607910e+01
1.156862227121988873e+01
1.063563410441080670e+01
9.371212432781854673e+00
1.055336618423461914e+01
1.182076541582743268e+01
1.256147702534993549e+01
1.146846842765808105e+01
1.037064043680826764e+01
1.175878747304280658e+01
1.405989726384480853e+01
1.285887765884399414e+01
9.423693060874938965e+00
1.161720140775044818e+01
1.039686203002929688e+01
1.254864533742268939e+01
1.052798525492350201e+01
1.057346328099568744e+01
9.401176045338312193e+00
9.372977604468664126e+00
1.072915824254353900e+01
1.151720190048217773e+01
1.280025609334309955e+01
9.458590825398763613e+00
1.168219407399495502e+01
1.038307094573974609e+01
1.174895858764648438e+01
1.064103174209594727e+01
9.370528817176818848e+00
1.160507122675577740e+01
1.159322365125020404e+01
1.186939684549967389e+01
1.277790625890096088e+01
9.403532405694326357e+00
1.063076607386271100e+01
1.402007993062337299e+01
1.172599697113037109e+01
1.186527395248413086e+01
1.054657538731892963e+01
1.166317971547444721e+01
1.154175853729248047e+01
1.053938913345336914e+01
1.167961168289184570e+01
1.161589733759562115e+01
1.257044156392415424e+01
1.402370897928873639e+01
1.063346083958943744e+01
9.400495161612829165e+00
1.059551461537679096e+01
9.439250508944192930e+00
1.039459768931070904e+01
1.266649119059244732e+01
1.033216047286987305e+01
9.350597540537515684e+00
1.171120166778564453e+01
1.165030415852864643e+01
1.166328485806783100e+01
1.172028589248657227e+01
1.041813755035400391e+01
1.177103392283121686e+01
1.160658407211303711e+01
9.377252529064813658e+00
1.170149660110473633e+01
1.180937544504801373e+01
1.044108287493387799e+01
1.037233050664266010e+01
1.283012188474337201e+01
9.444026291370391846e+00
1.051563215255737305e+01
1.043862597147623639e+01
1.156858889261881451e+01
1.612749846776326379e+01
1.273745814959208111e+01
1.056571880976358990e+01
1.053261168797810932e+01
1.299601856867472272e+01
1.036459024747212787e+01
1.182163349787394147e+01
1.181737597783406635e+01
9.407604515552520752e+00
1.159481477737426758e+01
1.183965706825256348e+01
1.273254696528116803e+01
9.423895200093587832e+00
1.039269145329793353e+01
1.483929522832234760e+01
1.142551740010579486e+01
1.286950771013895611e+01
1.163006560007731061e+01
1.038235966364542584e+01
1.037512604395548443e+01
1.252719179789225201e+01
9.356624459226926760e+00
1.269378533959388733e+01
1.039085547129313092e+01
1.270352474848429303e+01
1.053112824757893939e+01
1.156299988428751568e+01
1.278140242894490619e+01
1.039953883488973041e+01
1.045220740636189838e+01
1.068144877751668353e+01
9.409217129151025816e+00
1.255228869120279889e+01
9.371849904457727476e+00
1.040330330530802350e+01
1.063516362508138080e+01
1.164733028411865234e+01
1.043690403302510639e+01
1.052863868077596088e+01
1.267671648661295514e+01
1.060330846905708313e+01
1.042866881688435932e+01
9.425141274929046631e+00
1.058890581130981445e+01
9.399007538954416319e+00
9.366800198952356382e+00
1.054865201314290424e+01
1.155734409888585468e+01
1.398158899943033795e+01
1.055137093861897846e+01
1.257646862665812115e+01
1.055182886123657227e+01
1.153454669316609760e+01
1.037942759195963482e+01
1.063993024826049805e+01
1.053580872217814068e+01
1.051275682449340820e+01
1.287724399566650391e+01
1.036546389261881451e+01
1.157193930943807025e+01
1.059132305781046490e+01
1.054337644577026367e+01
1.052352380752563477e+01
1.063245010375976562e+01
9.379872639973958925e+00
1.181151135762532611e+01
1.296832577387491803e+01
1.050427961349487305e+01
1.055989933013916016e+01
9.351071948806444212e+00
9.416566510995229677e+00
9.370954136053720518e+00
1.035280036926269531e+01
1.154979292551676373e+01
9.385442803303400083e+00
1.155476172765096088e+01
1.170844952265421490e+01
1.286153173446655273e+01
1.064997021357218365e+01
1.158421166737874408e+01
9.365169624487558409e+00
9.424706836541494326e+00
1.394143915176391602e+01
9.346142103274663882e+00
1.152655506134033203e+01
1.039051612218221088e+01
1.272687643766403198e+01
9.380196223656335874e+00
1.054634761810302734e+01
1.370148833592732807e+01
1.052926508585611920e+01
1.387172953287760357e+01
1.053006951014200787e+01
1.272646776835123639e+01
9.394417256116867065e+00
1.276715914408365826e+01
1.055942265192667584e+01
1.039123805363973041e+01
1.053509934743245502e+01
1.054123608271280865e+01
1.162818336486816406e+01
1.159055550893147846e+01
1.272172737121582031e+01
1.401397212346394916e+01
1.169286425908406635e+01
1.274854596455891986e+01
9.438820242881774902e+00
1.257201274236043353e+01
1.272445432345072369e+01
9.350738629698753357e+00
1.286767260233561139e+01
1.040540345509847064e+01
9.354954948027929262e+00
1.058664019902547260e+01
1.275575796763102154e+01
1.512077482541402240e+01
1.140081087748209576e+01
9.436791559060415224e+00
1.144186480840047260e+01
1.037523142496744732e+01
1.059492635726928711e+01
1.257929245630900006e+01
1.053989076614379883e+01
1.168973636627197266e+01
1.270290867487589459e+01
1.037373193105061908e+01
1.070530827840169330e+01
1.159422667821248432e+01
1.276294724146525006e+01
9.399961968262990908e+00
1.161326885223388672e+01
1.283204126358032227e+01
1.170074685414632221e+01
1.059109195073445697e+01
1.179645713170369525e+01
1.293334897359212299e+01
1.157394695281982422e+01
1.178205649058024029e+01
1.056874942779541016e+01
1.153984038035074811e+01
1.063434394200642963e+01
1.163940461476643939e+01
1.037417999903360943e+01
1.167157109578450580e+01
1.267913619677225689e+01
1.039709774653116803e+01
1.038675769170125385e+01
1.264746308326721191e+01
1.050201209386189838e+01
1.165086078643798828e+01
1.155723937352498432e+01
9.404043575127920107e+00
1.258074315388997455e+01
9.391342580318450928e+00
1.372045469284057617e+01
1.038310639063517193e+01
1.149249092737833600e+01
1.264912907282511334e+01
1.039522727330525775e+01
9.423232535521188780e+00
1.153206030527750592e+01
9.422849198182424502e+00
1.181362056732177734e+01
1.183018803596496582e+01
9.391111870606740908e+00
1.051002422968546490e+01
1.177532245715459247e+01
1.052265596389770508e+01
1.157372999191284180e+01
1.373604122797648053e+01
1.151978270212809186e+01
1.298000391324361225e+01
9.389083653688430786e+00
1.168542623519897461e+01
1.053722945849100689e+01
1.052561267217000385e+01
1.044085772832234760e+01
1.143852376937866211e+01
1.057366625467936139e+01
