6.409080227216085168e-01
4.626758197943369733e-01
4.420099457105000629e-01
4.416377743085225238e-01
4.156125585238139020e-01
4.383087356885274066e-01
4.521606415510177612e-01
4.009814908107121600e-01
4.452837010224660053e-01
4.631321628888447894e-01
3.907021880149841309e-01
3.855849156777064191e-01
4.725585927565892352e-01
4.611250062783558978e-01
4.196632007757822858e-01
4.568525105714797974e-01
4.178751905759175433e-01
3.875109255313873291e-01
3.699593618512153625e-01
4.222973783810933246e-01
3.883601675430933819e-01
4.382886091868082867e-01
3.884930809338887348e-01
4.029724101225535260e-01
3.884404202302296771e-01
3.488059093554814472e-01
3.492357631524403705e-01
4.082273244857788086e-01
3.810279965400695801e-01
4.346292316913604736e-01
4.089813729127247943e-01
3.484354044000307904e-01
3.591667090853055133e-01
4.443542460600535260e-01
4.333632290363311768e-01
3.481915667653083801e-01
3.720603287220001221e-01
3.684590756893157959e-01
3.747347444295883179e-01
3.999753097693125592e-01
3.714489241441090717e-01
4.601194808880488263e-01
4.111276765664418353e-01
3.275837053855260028e-01
4.261826525131861554e-01
4.207763026158015118e-01
3.699857393900553570e-01
3.302967424194018231e-01
3.386685177683830261e-01
4.165609280268351422e-01
3.675054808457692279e-01
4.004741311073303223e-01
3.686201671759287701e-01
3.734662731488545551e-01
3.644349674383799420e-01
3.293371424078941345e-01
3.585494756698608398e-01
3.683528800805409564e-01
3.985665738582611084e-01
3.724723855654398785e-01
4.127848347028096332e-01
3.701511124769846783e-01
3.631866474946339740e-01
3.604290286699931012e-01
4.485423167546589984e-01
3.916521370410919189e-01
3.692795882622401105e-01
3.567937115828196393e-01
3.573387463887532367e-01
3.977411588033040180e-01
4.333302925030390607e-01
4.006830950578053607e-01
3.580720523993174420e-01
3.890635470549265729e-01
4.285930792490641461e-01
4.198342263698577881e-01
3.586638867855072021e-01
3.545798559983571185e-01
4.195037484169006348e-01
3.862832287947337018e-01
3.600100974241892682e-01
3.509137282768885480e-01
3.892346918582916260e-01
3.580315212408701764e-01
4.232868353525797711e-01
3.630013565222422467e-01
3.649016618728637695e-01
3.942930450042088641e-01
3.988034725189208984e-01
3.874065677324931012e-01
3.607089221477508545e-01
3.941670258839924945e-01
3.295516942938168659e-01
3.605678776899973736e-01
3.707334995269775391e-01
3.615061442057291852e-01
4.048916349808375226e-01
3.732212881247202740e-01
3.775910635789235248e-01
3.251001040140787945e-01
3.539066364367802753e-01
4.505719244480133057e-01
3.606030742327372418e-01
3.547850648562113629e-01
3.604137053092320575e-01
3.890049556891123639e-01
3.204362019896507263e-01
3.668029208978016986e-01
4.097278068463007794e-01
3.825368781884511127e-01
3.599960232774416791e-01
3.222352464993794574e-01
3.570840160051981793e-01
3.511849691470463886e-01
3.818114201227824078e-01
3.895783225695292340e-01
3.603165348370869769e-01
3.294420316815376282e-01
3.602695663770039691e-01
3.576908210913340436e-01
3.916529317696889056e-01
3.556295633316040039e-01
3.803218106428782330e-01
3.856444954872131348e-01
3.882262806097666608e-01
4.223617017269134521e-01
4.122008879979451312e-01
3.607701361179351807e-01
3.290288050969441547e-01
3.299948001901308881e-01
3.273864587148030414e-01
3.584558864434559955e-01
4.153735240300496234e-01
3.232197885711987628e-01
3.563871681690216064e-01
3.906480173269907819e-01
3.576157788435618268e-01
4.386123120784759521e-01
3.872947196165720807e-01
3.494305113951365338e-01
3.495204150676727295e-01
4.075994491577148438e-01
3.827634056409199848e-01
4.141140977541605817e-01
3.500070124864578247e-01
4.124838213125864850e-01
3.238905966281890869e-01
3.878811101118723736e-01
3.799971540768941058e-01
3.900416195392608643e-01
3.514960408210754395e-01
3.526210089524586810e-01
3.265319044391314374e-01
3.786303102970123291e-01
3.516829709211985455e-01
3.578626215457916260e-01
3.576303372780482159e-01
3.875081340471903668e-01
3.813166618347167969e-01
3.837960461775462018e-01
3.571112056573231830e-01
3.600714703400929584e-01
4.389390299717585431e-01
4.107999056577682495e-01
3.730808794498443604e-01
3.225090851386387958e-01
3.483364681402842389e-01
3.820772717396418439e-01
4.176322569449742450e-01
3.526963293552398682e-01
3.584361771742503033e-01
3.239124367634455548e-01
3.889574607213338031e-01
4.335418740908305035e-01
3.863876362641652240e-01
3.836551705996195660e-01
3.787146210670471191e-01
3.510514597098032819e-01
4.083994130293528424e-01
4.215991397698720111e-01
3.549229105313618793e-01
3.863985737164815082e-01
3.627825677394866943e-01
3.653271396954854144e-01
3.301812633872032166e-01
3.850560684998829974e-01
3.544094959894816266e-01
4.031456212202708111e-01
4.192946900924046649e-01
3.806542257467905865e-01
3.784338434537251605e-01
3.532554507255554199e-01
4.058946967124938965e-01
3.273743639389674054e-01
3.218213592966397418e-01
3.835563262303670062e-01
3.854499657948811664e-01
3.587687214215596332e-01
3.804760376612345563e-01
3.490293373664219989e-01
3.849889636039733887e-01
4.081988682349522723e-01
3.548825681209564209e-01
4.096635232369105206e-01
3.544049461682637348e-01
3.851085007190704346e-01
3.780979216098785400e-01
3.519974350929260254e-01
3.529795904954274310e-01
3.529302577177683697e-01
3.547154466311137067e-01
4.047037363052368164e-01
3.502519379059473859e-01
3.766626815001170026e-01
3.210704003771145953e-01
4.117179413636525287e-01
4.032167295614878522e-01
4.151707986990610944e-01
3.494607607523600445e-01
3.797316253185272217e-01
3.811056812604268207e-01
3.517140944798787250e-01
3.830757240454356061e-01
4.097715814908345355e-01
4.091584483782450543e-01
3.762680590152740479e-01
3.805009822050730572e-01
3.520571589469909668e-01
3.547962605953216553e-01
3.534192343552907123e-01
3.520308534304301129e-01
3.529434204101562500e-01
3.495118319988250732e-01
3.203953554232915057e-01
3.498085439205169678e-01
3.750661015510559082e-01
3.511225978533427106e-01
3.757672707239786969e-01
4.029201269149780273e-01
3.807969391345977783e-01
3.449332068363825665e-01
3.801122705141703473e-01
3.813860615094502582e-01
3.764507969220479144e-01
3.447816868623097553e-01
3.797927200794219971e-01
3.192563379804293500e-01
3.447611927986145020e-01
3.477132817109425678e-01
3.510232468446095599e-01
3.793513675530751361e-01
3.791866997877756940e-01
3.783535460631052838e-01
3.529805938402811871e-01
3.822883168856303082e-01
3.459063818057377948e-01
3.500303278366724835e-01
3.517804841200510846e-01
3.797276963790257587e-01
3.508508304754893170e-01
3.464533438285191669e-01
3.807094146807988300e-01
3.748711943626403809e-01
3.500900566577911377e-01
3.742567996184031354e-01
3.522713929414749146e-01
3.505278229713439941e-01
4.048606852690379010e-01
3.531296352545420514e-01
3.492365678151448383e-01
3.212188407778739929e-01
3.466183543205261230e-01
4.069988653063774109e-01
3.215594564874966754e-01
3.516194621721903668e-01
3.784854287902514325e-01
3.483615616957346783e-01
3.477899432182312012e-01
3.779496153195698871e-01
3.747629622618357526e-01
3.759370148181915283e-01
3.234874556461970196e-01
4.059895177682240619e-01
4.014633993307749615e-01
3.502151767412821637e-01
3.503196736176808490e-01
3.738499979178110944e-01
3.438656677802403583e-01
3.471858700116475238e-01
3.748540033896763934e-01
3.476927975813547955e-01
3.204222694039344788e-01
3.514324327309926166e-01
4.011390904585520611e-01
3.504326045513153076e-01
3.460973401864369525e-01
3.443944056828816547e-01
3.471819361050923480e-01
3.995811740557352887e-01
3.793793419996897565e-01
3.459979593753814697e-01
4.087602396806080951e-01
3.762932916482289447e-01
3.212463160355885639e-01
3.208219632506370544e-01
3.510891199111938477e-01
3.751830458641052246e-01
3.544055322806040631e-01
4.048560957113901959e-01
3.467018008232116699e-01
3.483275671799977435e-01
4.356757774949073792e-01
4.008783698081970215e-01
4.019583066304524555e-01
3.174001400669415607e-01
3.452766587336857929e-01
4.019000281890233173e-01
3.157437381645043506e-01
3.438009421030680524e-01
3.496766090393066406e-01
3.208999012907345905e-01
3.758210043112437115e-01
3.470222999652226581e-01
3.771641254425048828e-01
4.308639367421467914e-01
3.210377270976702557e-01
3.162633416553338184e-01
4.319921930631001605e-01
3.772029876708984375e-01
4.041464924812316895e-01
3.430644273757934570e-01
3.237628738085429059e-01
3.795143961906433105e-01
3.474962810675303326e-01
3.791009758909543170e-01
3.731804788112640381e-01
4.084409773349761963e-01
3.486046890417734967e-01
3.792298833529154645e-01
3.784967114528020038e-01
3.500066300233204974e-01
3.524157007535298480e-01
3.499158918857574463e-01
3.512296080589294434e-01
3.439400643110275269e-01
3.470269540945689069e-01
3.807680706183115826e-01
3.459701488415400372e-01
3.472163379192352295e-01
3.206510717670122967e-01
3.715084046125411987e-01
3.514519929885864258e-01
3.433117320140202655e-01
3.484106361865997314e-01
3.730888366699218750e-01
3.482055068016052246e-01
3.249786173303921832e-01
3.739874859650929584e-01
4.057106773058573590e-01
3.989421725273132324e-01
3.509139617284138812e-01
3.743111987908681049e-01
3.725262085596720563e-01
4.044203609228134155e-01
3.745465030272801532e-01
3.724822700023651123e-01
3.473236560821533203e-01
3.446602771679560528e-01
3.775105675061543598e-01
3.749100565910339355e-01
3.531099557876586914e-01
3.478103180726369037e-01
3.506357173124949322e-01
3.706596791744232178e-01
3.772600491841633930e-01
3.730585177739461078e-01
4.050530493259429932e-01
3.201759954293568744e-01
3.239943956335385455e-01
3.492246568202972412e-01
3.795089522997538434e-01
3.716989060242970599e-01
4.367697288592656268e-01
4.037653903166453229e-01
3.253843461473782672e-01
3.997055788834889545e-01
3.783298879861831665e-01
3.231233408053715839e-01
3.185931419332821979e-01
3.744390010833740234e-01
3.469114849964777814e-01
3.764507472515106201e-01
3.470212221145629883e-01
3.211139465371767865e-01
4.034705658753712787e-01
3.773948152860005512e-01
3.762349685033162250e-01
3.203494474291801453e-01
3.761555651823679791e-01
3.183578302462895526e-01
3.423273017009099140e-01
3.501440882682800293e-01
3.987355406085650311e-01
3.466127614180247174e-01
4.002405007680256976e-01
3.769118289152781354e-01
3.484827975432078229e-01
4.033930003643035889e-01
3.781002263228098736e-01
3.767090042432149066e-01
3.221276203791300641e-01
3.771449526151021137e-01
3.442010780175526752e-01
4.020923773447672711e-01
3.781013836463292255e-01
3.761757910251617432e-01
3.148466249306996478e-01
3.193497086564699994e-01
3.167661900321642743e-01
3.449144413073857440e-01
3.424863815307617188e-01
3.729871809482574463e-01
3.993193904558817731e-01
3.773074845472971783e-01
4.076697727044423236e-01
3.521259526411692486e-01
3.212786292036374225e-01
3.982312033573786603e-01
3.487958212693532123e-01
3.508850286404291974e-01
3.732514381408691406e-01
3.448002686103184833e-01
3.770878116289774762e-01
3.463987410068511963e-01
3.722180227438608990e-01
3.779672086238861084e-01
3.466146787007649555e-01
3.505871494611104144e-01
3.206563765803973065e-01
4.044566502173741473e-01
3.503251622120539532e-01
4.302496165037155151e-01
3.724202315012614117e-01
3.473851382732391357e-01
3.739855984846751080e-01
3.745728433132171631e-01
3.432583858569462909e-01
3.967084884643554688e-01
3.481984734535217285e-01
3.478898704051971436e-01
4.006095081567764282e-01
3.206096788247426166e-01
3.467369079589843750e-01
3.774378697077433453e-01
3.808673322200775146e-01
4.073479374249776019e-01
3.451664994160334454e-01
4.014514883359273090e-01
3.480582932631174908e-01
4.590026934941609515e-01
3.222037379940350665e-01
3.500410020351409912e-01
4.033985137939453125e-01
3.988127410411834717e-01
3.763940036296844482e-01
3.800929387410481586e-01
3.804715226093928204e-01
3.777899344762166156e-01
4.075951576232910156e-01
3.232667321960131512e-01
3.451638321081797467e-01
3.491893162329991473e-01
4.303774237632751465e-01
3.508903682231903076e-01
3.446033646663029804e-01
3.775610129038493024e-01
3.998412390549977435e-01
3.507785697778065814e-01
3.738362292448679791e-01
3.795751035213470459e-01
3.711390793323516846e-01
3.734130660692850934e-01
3.467992742856343402e-01
3.496385216712951660e-01
3.519929548104603900e-01
3.511337439219157086e-01
3.729671041170756207e-01
3.532967468102772846e-01
3.496829569339752197e-01
3.775112281243006573e-01
3.502515157063801898e-01
3.422548820575078143e-01
3.196905205647150860e-01
3.754459122816721783e-01
3.720952173074086322e-01
3.463641852140426636e-01
3.492275973161061420e-01
3.197739546497662677e-01
3.496837913990020752e-01
3.172159617145856036e-01
4.063101808230082379e-01
3.738706509272257672e-01
4.001719454924265729e-01
4.018015960852305279e-01
3.780142267545064105e-01
3.194667448600133075e-01
3.463670462369918823e-01
3.184738929073016034e-01
3.515129983425140381e-01
4.033037026723225726e-01
3.754720588525136127e-01
3.697343717018763409e-01
4.037711322307586670e-01
3.227057059605916156e-01
3.492902119954426898e-01
3.469225317239761353e-01
3.772338032722473145e-01
3.529097139835357666e-01
3.222108061114947186e-01
3.774051169554392682e-01
3.773842751979827881e-01
3.726650873819987164e-01
3.465042014916737689e-01
3.430292755365371704e-01
3.742159108320872174e-01
3.737089534600575580e-01
4.016696015993754254e-01
3.736647367477416992e-01
3.543128569920857562e-01
3.540938595930735455e-01
3.490905563036600934e-01
3.501355747381846295e-01
3.706901470820109235e-01
3.493182659149169922e-01
4.017871320247650146e-01
3.771225611368815289e-01
3.456073552370071411e-01
3.487891058127085553e-01
3.227398743232091083e-01
3.735977411270141602e-01
3.517223199208577289e-01
3.209645425279935016e-01
3.268173287312189923e-01
3.729122777779896869e-01
4.107512633005778180e-01
3.514237503210703717e-01
3.502968127528826581e-01
3.485745688279469623e-01
3.253162478407223834e-01
3.488798439502716064e-01
3.520317872365315570e-01
4.011285404364268170e-01
3.771944443384806500e-01
3.470088193813959943e-01
3.761032819747924805e-01
3.443477153778076172e-01
3.537370860576629639e-01
3.749706347783406390e-01
3.711157341798146381e-01
3.759725391864776611e-01
4.059052467346191406e-01
3.776104549566904889e-01
3.778218825658162250e-01
3.525221745173136578e-01
3.510123590628306256e-01
3.498551150163014545e-01
3.457071979840596332e-01
4.038029313087463379e-01
3.456606318553288593e-01
3.767240494489669800e-01
3.755671381950378418e-01
3.725085556507110596e-01
3.770101865132649555e-01
3.469841182231903076e-01
3.741082847118377686e-01
4.047840510805447711e-01
4.342796951532363892e-01
3.193615203102429523e-01
3.421485324700673236e-01
3.784095843633015765e-01
3.231718018651008606e-01
3.777343556284904480e-01
3.768663307030995502e-01
4.266424973805745258e-01
3.458113968372344971e-01
4.094508687655131207e-01
4.021525979042053223e-01
4.054912924766540527e-01
3.548640757799148560e-01
3.470100561777750836e-01
3.467709471782048358e-01
3.484799762566884174e-01
3.746894920865694867e-01
4.047329326470692767e-01
3.484753320614497052e-01
3.760564724604288922e-01
3.791940013567606793e-01
3.766459623972575055e-01
3.483385046323140277e-01
3.462998270988464355e-01
3.765693902969360352e-01
3.774639964103698730e-01
3.477423687775929584e-01
3.523615499337514056e-01
3.761357267697651996e-01
3.760629793008168353e-01
3.471177170674006329e-01
3.726268112659454346e-01
4.034900764624277936e-01
3.301943838596343994e-01
3.754718403021494733e-01
3.457729071378707886e-01
3.259013866384823932e-01
4.004883170127868652e-01
3.447282661994298114e-01
3.983838955561320172e-01
4.318432162205378400e-01
3.754037121931712018e-01
4.042835583289464130e-01
4.095429579416910992e-01
3.522195021311442242e-01
3.493287364641825543e-01
3.787409563859303607e-01
3.448554277420043945e-01
3.209894100824992047e-01
4.001959959665934430e-01
3.226053714752197266e-01
3.318458497524261475e-01
3.474170664946238385e-01
3.476940890153248920e-01
3.796269297599792480e-01
3.537022670110066547e-01
3.793892264366149902e-01
3.827805320421854840e-01
4.038002490997314453e-01
3.821356197198231830e-01
3.423991551001866473e-01
3.810292879740397320e-01
4.348901261885960712e-01
3.502440154552459717e-01
4.035287747780482159e-01
4.277010758717854633e-01
3.529529472192128314e-01
4.038256406784057617e-01
4.249991079171498431e-01
4.059756497542063580e-01
4.027870694796244488e-01
3.204315255085627423e-01
3.463175843159357892e-01
3.201787273089091168e-01
3.756264646848042621e-01
3.510191142559051514e-01
3.762383759021759033e-01
3.995329737663269043e-01
3.749912877877553119e-01
3.482671082019805908e-01
3.477759410937626972e-01
3.760688503583272113e-01
3.196859906117121564e-01
3.239245588580767499e-01
3.517294625441233502e-01
3.195859765013058795e-01
3.509298861026763916e-01
4.037052144606907977e-01
3.515687882900238037e-01
3.523611823717753277e-01
3.518867592016856061e-01
3.233276829123497009e-01
3.732329308986663818e-01
3.517990410327911377e-01
3.724234749873479022e-01
3.181926856438319073e-01
3.233467241128285541e-01
3.528203765551249371e-01
3.998662730058034076e-01
3.773214668035507202e-01
3.511629203955332623e-01
3.272693405548731671e-01
4.030576248963673724e-01
3.505600492159525738e-01
3.765781720479329242e-01
3.183622360229492188e-01
4.017183383305867328e-01
3.801384170850117816e-01
3.815362304449081421e-01
4.085466066996256695e-01
3.473704308271408081e-01
3.448636035124461041e-01
3.509434858957926617e-01
3.751510977745056152e-01
4.069889187812805176e-01
3.803610205650329590e-01
4.048851033051808490e-01
3.473650415738423480e-01
3.755616744359334125e-01
3.251277108987172260e-01
3.506462077299754010e-01
3.993848512570063458e-01
3.234788179397583008e-01
4.596537848313649310e-01
4.033200393120447980e-01
3.534252047538757324e-01
3.478381733099619733e-01
4.035981098810831891e-01
3.824320783217747821e-01
3.724660823742548810e-01
3.516792853673298969e-01
3.989098519086837769e-01
4.315443535645802631e-01
3.787179589271545410e-01
3.508332967758178711e-01
4.005896250406901227e-01
3.490140140056610107e-01
3.501445452372233258e-01
3.508064746856689453e-01
3.516103128592173444e-01
3.747988442579905377e-01
4.036268790562947406e-01
4.003760814666748047e-01
3.733172416687011719e-01
3.755192160606384277e-01
3.522205948829650879e-01
3.776470522085825787e-01
4.016236414511998309e-01
3.238867123921712055e-01
3.223734622200329913e-01
3.499937852223714008e-01
3.483979205290476666e-01
3.220204661289851056e-01
3.779860238234202252e-01
3.510040938854217529e-01
3.246188933650652753e-01
4.060222605864207135e-01
3.798771103223164691e-01
3.459724684556325092e-01
3.191386014223098755e-01
3.505074630180994855e-01
3.811457852522532330e-01
4.292331039905548096e-01
3.502095739046732770e-01
3.800084392229716168e-01
3.759589294592539654e-01
4.109627852837244855e-01
3.488192955652872906e-01
3.491114477316538678e-01
3.467348664999008179e-01
3.529220620791117535e-01
3.194191902875900269e-01
3.526874184608459473e-01
3.471164703369140625e-01
3.988104313611984253e-01
3.743773102760314941e-01
3.504516383012135639e-01
3.217899774511654987e-01
3.486448923746744977e-01
3.771915088097254620e-01
4.019787410895029889e-01
3.806681980689366473e-01
3.449889123439788818e-01
3.734497825304667340e-01
4.319387674331665039e-01
4.055135399103164673e-01
3.248253117005030499e-01
3.748249908288319721e-01
3.479310621817906513e-01
3.979034274816513062e-01
3.508894195159276141e-01
3.539548267920811786e-01
3.229816307624180927e-01
3.209983756144841327e-01
3.609260370333989276e-01
3.747073411941528320e-01
4.079454243183135986e-01
3.265811055898666382e-01
3.766296406586964740e-01
3.468469828367233276e-01
3.793600400288899555e-01
3.504109382629394531e-01
3.208067665497462140e-01
3.772956728935241699e-01
3.756983578205108643e-01
3.827638725439707623e-01
4.019420643647511615e-01
3.236269106467564716e-01
3.488842348257700787e-01
4.291593382755915509e-01
3.772018452485402240e-01
3.839434882005055560e-01
3.506718824307124005e-01
3.773565193017323627e-01
3.747671246528625488e-01
3.480521192153294696e-01
3.764478961626688824e-01
3.793238401412963867e-01
4.042149186134338379e-01
4.320247769355773926e-01
3.513328135013580322e-01
3.239216133952140808e-01
3.571934302647908344e-01
3.287765284379323139e-01
3.498245974381764545e-01
4.017419020334879742e-01
3.429126888513565063e-01
3.197610328594843732e-01
3.771492342154185162e-01
3.775819738705952777e-01
3.776444445053736554e-01
3.779591421286265240e-01
3.487769563992818012e-01
3.760689695676167621e-01
3.720214863618214740e-01
3.224702676137288226e-01
3.775492211182912006e-01
3.793153862158457623e-01
3.495160688956578388e-01
3.439964403708775653e-01
4.074014698465664996e-01
3.292925854523976459e-01
3.487867514292399274e-01
3.521179556846618652e-01
3.789009501536687030e-01
4.887857437133789062e-01
4.050578723351160870e-01
3.512437244256337299e-01
3.504276275634765625e-01
4.091578871011734009e-01
3.467837274074554443e-01
3.795609573523203717e-01
3.807547390460968018e-01
3.267670224110285626e-01
3.775607099135716571e-01
3.807364553213119507e-01
4.025686979293823242e-01
3.252485965689023151e-01
3.457735379536946430e-01
4.532826244831085205e-01
3.736558059851328717e-01
4.031696816285451068e-01
3.766985138257344379e-01
3.451227694749832153e-01
3.480183581511179791e-01
4.008607119321823120e-01
3.195524091521899090e-01
4.008657708764076233e-01
3.505096733570098877e-01
4.019568363825480328e-01
3.501735428969065533e-01
3.751536905765533447e-01
4.008936981360117779e-01
3.488513529300689697e-01
3.536023894945780621e-01
3.540354271729787006e-01
3.261757617195447101e-01
3.987018267313639508e-01
3.210182289282481061e-01
3.480080564816792621e-01
3.571603794892628803e-01
3.761435151100158691e-01
3.517836381991704120e-01
3.493141929308573590e-01
4.032603899637858258e-01
3.548618753751118793e-01
3.489903012911478863e-01
3.269588847955067767e-01
3.521972695986430035e-01
3.241421456138293133e-01
3.210117543737093793e-01
3.502399027347564697e-01
3.743356938163439618e-01
4.341056793928146362e-01
3.503947854042053223e-01
4.007685979207356586e-01
3.514213263988494873e-01
3.763206104437510358e-01
3.471582035223643170e-01
3.514864345391591205e-01
3.526662786801655902e-01
3.453176766633987427e-01
4.046990970770518170e-01
3.476013739903767719e-01
3.787716925144195557e-01
3.549001514911651611e-01
3.511450986067454205e-01
3.499656319618225098e-01
3.498974641164143695e-01
3.237455089886983051e-01
3.769509494304656982e-01
4.079816391070683612e-01
3.492101530234019147e-01
3.530493179957072125e-01
3.197750200827916278e-01
3.261984859903653278e-01
3.220057214299837933e-01
3.453936924537022723e-01
3.754737476507822858e-01
3.223806172609329224e-01
3.759716848532358990e-01
3.756195704142252789e-01
4.071984738111495972e-01
3.525689641634623395e-01
3.764077524344126569e-01
3.212495669722557068e-01
3.280717730522155762e-01
4.346105953057606830e-01
3.186688845356305255e-01
3.765089611212412701e-01
3.481720189253489361e-01
4.016362627347310199e-01
3.227644860744476318e-01
3.514217734336853027e-01
4.270254423220952167e-01
3.494033217430114746e-01
4.333338439464569092e-01
3.505464096864064349e-01
4.017130533854166852e-01
3.244678055246670856e-01
4.026542107264201031e-01
3.516807605822880878e-01
3.475997994343439923e-01
3.479623794555664062e-01
3.486422797044118060e-01
3.729579250017802106e-01
3.771145045757293701e-01
4.047763744990031110e-01
4.376699527104695453e-01
3.733279307683308734e-01
4.049005607763926373e-01
3.283946563800175800e-01
4.028884619474411011e-01
4.079299022754033222e-01
3.185599719484646930e-01
4.084875981012980328e-01
3.504936198393504010e-01
3.185536935925483704e-01
3.547833959261576520e-01
4.050286908944447650e-01
4.587163974841435565e-01
3.744842509428660260e-01
3.270089278618494855e-01
3.778180281321207867e-01
3.495532671610514508e-01
3.584258755048115863e-01
4.040456811587015973e-01
3.501003682613372803e-01
3.824263910452525006e-01
4.016223251819610596e-01
3.462715893983840942e-01
3.577439685662587299e-01
3.787634273370106830e-01
4.043106536070505963e-01
3.235538527369499207e-01
3.792173465092976703e-01
4.056048790613810406e-01
3.795967598756154193e-01
3.540686865647633685e-01
3.798875610033671246e-01
4.024667044480641498e-01
3.772527774175007953e-01
3.780099650224049701e-01
3.507854441801707135e-01
3.770238856474558697e-01
3.523979485034942627e-01
3.751423855622609271e-01
3.444792429606119977e-01
3.814268857240676880e-01
4.031150887409846173e-01
3.465517510970433368e-01
3.447766254345576153e-01
4.027567406495412006e-01
3.473259657621383667e-01
3.755872944990794049e-01
3.757950166861216412e-01
3.255069628357887268e-01
4.045321444670359479e-01
3.250294998288154602e-01
4.287918508052825928e-01
3.493314981460571289e-01
3.734217087427775250e-01
4.064040581385294781e-01
3.474697122971217023e-01
3.271278440952301025e-01
3.736971666415532245e-01
3.273471643527348651e-01
3.791808784008026123e-01
3.794917811950047626e-01
3.243623624245325909e-01
3.472792704900105609e-01
3.850580851236979352e-01
3.498364786307017194e-01
3.801239083210627423e-01
4.290976425011952533e-01
3.747360010941823139e-01
4.102746099233627319e-01
3.220964546004931317e-01
3.802374402681986676e-01
3.520192553599675311e-01
3.489481608072916852e-01
3.518806497255961285e-01
3.767076830069224225e-01
3.552953700224558697e-01
