4.453500032424926758e+00
3.689692699909210116e+00
3.336791241168975741e+00
2.491922843456268133e+00
1.785777103900909379e+00
1.305850714445114136e+00
1.320404464006423861e+00
1.100640541315078824e+00
1.048923265933990434e+00
9.566129565238952193e-01
9.320719659328460249e-01
9.679265975952148215e-01
1.126141178607940718e+00
9.539183974266052246e-01
9.359235644340515581e-01
9.482391536235809104e-01
9.455202698707581010e-01
1.067398166656494229e+00
1.091351670026779130e+00
1.003959411382675082e+00
1.059680473804473833e+00
1.016343468427657992e+00
1.016574394702911333e+00
1.241091263294219926e+00
1.044241136312484830e+00
9.606878817081451194e-01
9.898730993270874468e-01
9.061182796955108421e-01
1.071406137943267778e+00
1.075791841745376676e+00
1.061399161815643311e+00
1.029080790281295732e+00
1.057477492094039961e+00
1.018690758943557650e+00
9.465184271335601585e-01
9.125126183032989946e-01
1.053713309764862105e+00
9.718252658843994363e-01
9.087890982627868652e-01
9.680351436138152632e-01
9.935037314891814741e-01
9.821578800678253396e-01
9.444234073162078857e-01
1.048059993982314975e+00
9.368410944938659890e-01
8.829406976699829546e-01
1.090365511178970293e+00
1.070591974258422896e+00
1.096714633703231856e+00
1.024535834789276123e+00
1.004398810863494917e+00
1.067262446880340665e+00
9.358132123947143777e-01
1.111274915933609053e+00
1.010494989156722978e+00
9.310948073863982710e-01
9.097660303115844282e-01
1.004847872257232710e+00
1.097801429033279375e+00
9.876193821430205855e-01
9.076158642768860085e-01
1.195408487319946200e+00
1.012451106309890658e+00
9.191495418548584206e-01
1.146427553892135576e+00
1.038054937124252231e+00
1.021757215261459351e+00
1.049651545286178544e+00
1.032242244482040494e+00
1.069888454675674394e+00
1.002699971199035645e+00
9.762789666652679221e-01
1.078174698352813765e+00
9.753460228443145974e-01
1.114935266971588179e+00
9.154984295368194802e-01
9.546752810478210671e-01
1.060273444652557462e+00
1.101497876644134566e+00
1.177336943149566606e+00
1.024317926168441861e+00
9.699594974517822266e-01
9.264669656753540261e-01
1.178923928737640292e+00
9.962022304534912109e-01
1.063546746969223022e+00
9.726892828941344771e-01
9.524022698402404563e-01
9.537281155586242454e-01
8.952914535999297874e-01
1.151994621753692716e+00
1.097500133514404341e+00
1.046982085704803556e+00
1.171083444356918246e+00
1.091013181209564253e+00
1.091902112960815519e+00
1.032381635904312089e+00
9.696328818798065630e-01
1.170149028301239014e+00
1.102512848377227739e+00
1.095468515157699496e+00
9.545223712921142578e-01
9.718912005424499290e-01
9.325539350509643999e-01
9.553836166858673540e-01
8.949610233306884988e-01
9.685897529125213623e-01
1.012132149934768632e+00
9.670907676219939741e-01
9.367934823036193626e-01
9.682103991508483887e-01
8.859446883201599343e-01
8.971052885055541548e-01
8.181101977825164795e-01
9.384977817535400391e-01
1.165775752067566007e+00
1.209523957967758134e+00
1.013410234451293856e+00
9.221705675125122514e-01
9.871717751026153342e-01
9.524042904376983643e-01
9.515441834926605669e-01
8.598170995712279829e-01
9.518029093742370605e-01
1.221929281949996948e+00
1.163525956869125411e+00
1.076001727581024081e+00
1.019376492500305265e+00
1.041588777303695590e+00
1.104170364141464189e+00
1.058676916360855147e+00
1.016132265329360962e+00
9.851373851299285445e-01
1.002381718158722013e+00
1.031650942564010576e+00
9.804916083812713623e-01
9.960535228252410667e-01
9.160959303379059282e-01
9.131879270076751487e-01
1.196053004264831632e+00
1.113621133565902754e+00
1.040440213680267290e+00
1.047952973842620761e+00
1.042689800262451172e+00
1.006996202468872115e+00
1.014368993043899492e+00
1.070967912673950195e+00
1.067392832040786832e+00
1.021379804611206144e+00
9.915260314941406472e-01
1.026848769187927335e+00
1.057542145252227783e+00
1.014436036348342896e+00
1.022180056571960538e+00
1.029710376262664706e+00
1.040676707029342563e+00
1.015718126296996981e+00
1.026591557264328047e+00
1.007688820362091064e+00
1.032976680994033725e+00
1.009696620702743575e+00
1.020520097017288297e+00
9.916363298892975076e-01
1.007367461919784546e+00
1.015843057632446200e+00
9.900983750820160356e-01
1.028441649675369218e+00
1.051787722110748335e+00
1.013876873254776045e+00
1.004387044906616122e+00
1.016507965326309160e+00
9.538720071315764937e-01
1.007039892673492476e+00
1.022153836488723710e+00
1.043698501586914018e+00
1.050784647464752197e+00
1.058286619186401323e+00
1.055948108434677124e+00
1.003544938564300493e+00
9.904005765914917214e-01
1.080745100975036621e+00
1.035148853063583285e+00
1.015181565284728915e+00
1.006142115592956632e+00
9.991826355457306130e-01
9.957259774208069292e-01
1.011336815357208208e+00
1.023270303010940463e+00
1.035655623674392789e+00
9.973083436489105225e-01
1.064025378227233976e+00
1.050121766328811601e+00
1.002215820550918624e+00
1.062223064899444624e+00
1.046727246046066373e+00
1.021989923715591386e+00
1.025143432617187544e+00
9.654695093631744385e-01
9.564520001411438432e-01
1.027120411396026611e+00
9.755057334899902566e-01
9.689330160617828369e-01
9.238213360309600608e-01
9.984477698802948220e-01
1.015750885009765625e+00
1.011078715324401855e+00
1.041732186079025180e+00
1.036110568046569869e+00
1.005807107686996549e+00
9.995099067687988059e-01
9.712563991546631081e-01
9.774704515933990701e-01
9.560711026191711648e-01
9.899976611137389915e-01
1.009386730194091752e+00
9.200056672096252885e-01
1.050709038972854614e+00
9.895299613475799783e-01
9.403767406940459761e-01
9.463796019554138184e-01
1.024174147844314486e+00
1.025333124399185225e+00
9.673627614974975586e-01
9.953959226608276589e-01
9.751341402530669944e-01
1.013846486806869507e+00
9.683539569377899170e-01
9.894649803638457808e-01
9.994662225246428999e-01
9.751940310001373513e-01
9.650448441505432573e-01
9.725875437259674516e-01
9.857119381427764671e-01
9.679147839546203835e-01
1.007941150665283114e+00
9.705873966217041238e-01
9.688410699367523415e-01
9.777358949184418169e-01
9.650453567504883035e-01
9.910084843635559304e-01
9.712284743785858376e-01
9.592166185379028542e-01
9.717417836189270464e-01
9.848282873630523904e-01
9.408193230628967285e-01
1.033930522203445390e+00
1.018423175811767667e+00
9.837088465690613237e-01
9.576757431030273882e-01
1.052127391099929810e+00
1.050196415185928434e+00
1.002104353904724077e+00
1.012357562780380249e+00
1.002326232194900468e+00
9.897070705890655962e-01
9.823240935802459717e-01
9.885457515716552512e-01
9.786717295646667480e-01
9.814996957778930886e-01
9.887377798557281938e-01
9.777927279472351518e-01
9.958247542381286621e-01
9.768172740936279519e-01
1.023748141527175859e+00
9.834357857704162376e-01
9.786490201950073242e-01
9.842481136322021040e-01
9.919112622737884521e-01
1.008799666166305453e+00
1.025917339324951216e+00
1.002167499065399259e+00
9.873471140861511675e-01
9.765152812004089800e-01
9.721850931644440141e-01
9.886812806129455788e-01
9.908354043960571067e-01
9.785304188728332075e-01
9.918909311294555886e-01
9.755388617515563521e-01
1.010710579156875566e+00
1.007305210828781217e+00
9.872661948204040083e-01
1.009697079658508301e+00
1.012550145387649536e+00
9.876336157321929932e-01
9.828429281711578147e-01
9.820375382900238259e-01
9.842337727546691672e-01
9.773384451866149458e-01
9.850551247596740501e-01
9.951856732368469238e-01
1.002643287181854248e+00
9.786666750907897505e-01
9.656793057918549028e-01
9.899677932262420654e-01
9.629724562168121560e-01
9.763579666614532471e-01
9.855432987213135210e-01
9.746533691883086936e-01
9.927519500255584939e-01
9.440601885318755659e-01
9.745969235897063987e-01
9.522201120853424072e-01
9.590473532676696555e-01
9.956723928451538530e-01
9.688548862934112105e-01
9.272890686988830566e-01
9.094660282135009766e-01
9.471841454505920410e-01
9.398842573165893111e-01
9.236082792282104270e-01
9.904838740825653298e-01
9.773208141326904519e-01
9.553524196147918923e-01
9.582368016242981401e-01
9.575611770153045210e-01
1.012675017118453979e+00
1.011394292116165161e+00
9.690179049968719038e-01
9.448234915733337846e-01
9.611370265483856201e-01
9.697113454341887984e-01
9.644427895545959473e-01
9.361857295036315474e-01
9.174147427082062212e-01
9.915467917919158491e-01
1.012371236085891635e+00
9.644615709781646506e-01
9.716630041599273460e-01
9.501273751258849654e-01
9.808866441249847190e-01
9.708922982215881792e-01
9.770213603973388894e-01
9.347893238067627175e-01
9.551267087459563987e-01
9.362941086292266846e-01
9.579205453395843728e-01
9.718086779117584006e-01
9.799962639808654785e-01
9.497577250003814697e-01
9.547279238700866477e-01
9.817963838577270508e-01
9.890153110027313232e-01
9.504296123981476052e-01
9.560967266559601274e-01
9.591161131858825240e-01
9.821422815322875532e-01
9.980030000209808572e-01
1.015206390619277865e+00
9.921817958354950395e-01
9.713676810264587624e-01
9.651051342487335649e-01
9.726172029972076638e-01
9.958185076713561568e-01
9.809117794036865678e-01
9.693797290325164573e-01
9.741161584854125532e-01
9.581350207328795943e-01
9.850433647632599321e-01
9.594864130020142046e-01
9.574497044086456299e-01
9.564479231834411843e-01
9.728352069854736550e-01
9.822329461574554887e-01
9.705754160881042703e-01
9.526619076728820579e-01
9.450985789299011230e-01
9.432986021041870339e-01
9.505591690540313721e-01
9.579633533954620139e-01
9.424061059951782671e-01
9.573985874652862771e-01
9.846379637718201128e-01
9.757290720939636453e-01
9.483206450939178911e-01
9.883347034454346147e-01
9.889890670776366743e-01
1.011835509538650424e+00
9.679499804973602517e-01
1.008070766925811768e+00
1.007408875226974532e+00
9.883519828319549116e-01
9.786057710647583230e-01
9.827612042427062988e-01
9.957114577293395552e-01
9.842808425426483598e-01
9.869942426681518333e-01
9.858897924423217773e-01
9.695851922035216841e-01
9.580402314662933572e-01
9.573383092880248801e-01
9.430381536483765093e-01
9.447485208511352539e-01
9.598726511001587358e-01
9.937901198863983154e-01
9.676959574222564475e-01
9.634664773941039595e-01
9.599674880504608376e-01
1.011112433671951250e+00
1.003573548793792680e+00
9.933897018432616965e-01
9.725644648075103538e-01
9.675181269645690696e-01
9.768140494823456255e-01
9.840018391609192117e-01
9.634544074535369429e-01
9.620573639869689497e-01
9.532587230205535889e-01
9.495134651660919189e-01
9.525037527084350142e-01
9.449249088764191118e-01
9.405000329017638716e-01
9.451992690563202348e-01
9.470398604869842973e-01
9.573710680007934126e-01
9.674332082271576150e-01
9.580212771892547829e-01
9.635316610336304155e-01
9.550548076629639116e-01
9.626590251922607644e-01
9.330370724201202393e-01
9.326317608356475830e-01
9.320806205272674783e-01
9.263770043849944846e-01
9.448057889938354936e-01
9.785611808300018755e-01
9.712722420692443404e-01
9.744428217411040816e-01
9.831685125827789307e-01
9.726326823234557883e-01
9.995309889316559282e-01
1.012422299385070890e+00
1.011959791183471680e+00
1.010115855932235629e+00
9.826571285724640115e-01
9.674301862716674361e-01
9.474112391471862793e-01
9.496402084827423318e-01
9.960211813449859619e-01
9.690377891063690630e-01
9.808000266551971658e-01
9.693966984748840776e-01
9.592440962791443093e-01
9.582234263420105203e-01
9.737580716609954834e-01
9.597048580646514448e-01
9.570944190025330034e-01
9.437152743339538574e-01
9.549249410629272461e-01
9.771141469478606956e-01
9.679511845111846702e-01
9.738608241081238015e-01
9.606085360050201638e-01
9.474910616874694380e-01
9.724397420883178489e-01
9.731515467166900191e-01
9.722067117691040039e-01
9.822200179100036843e-01
9.639201819896697776e-01
9.492923915386199951e-01
9.650803029537200484e-01
9.765541613101959006e-01
9.554563462734222412e-01
9.563622176647186279e-01
9.451161921024322510e-01
9.568781018257140891e-01
9.645668625831603782e-01
9.650062441825866255e-01
9.587275505065917525e-01
9.602144598960876687e-01
9.650672614574432595e-01
9.813811480998992920e-01
9.685877203941345437e-01
9.730030059814452903e-01
9.679219603538513628e-01
9.630899250507354292e-01
9.550082981586456299e-01
9.440424680709839089e-01
9.422739148139953613e-01
9.460532844066620317e-01
9.545392513275146040e-01
9.476945698261260986e-01
9.414902687072753684e-01
9.570082902908325639e-01
9.705693900585175005e-01
9.749472796916961448e-01
9.590419232845306396e-01
9.584666430950165017e-01
9.631137728691101518e-01
9.764759421348572221e-01
9.541068017482757790e-01
9.625620186328888161e-01
9.505051970481872559e-01
9.601770937442779541e-01
9.603454947471619096e-01
9.569705069065094216e-01
9.824180126190185103e-01
9.749505460262298806e-01
9.623259246349334939e-01
9.534411191940307395e-01
9.474300444126129150e-01
9.481983542442321555e-01
9.456350505352020264e-01
9.416374146938324419e-01
9.444972038269042747e-01
9.312415897846222368e-01
9.360547363758087158e-01
9.254844903945922407e-01
9.215234458446502908e-01
9.196812212467193604e-01
9.115670204162598100e-01
9.133818745613098145e-01
9.340945780277252197e-01
9.253346741199492964e-01
9.103740870952605757e-01
9.083259642124176247e-01
9.242030620574951394e-01
9.434162676334381104e-01
9.408394157886504905e-01
9.343798756599426270e-01
9.371030926704406738e-01
9.666651487350463867e-01
9.864607274532317671e-01
9.422578334808349165e-01
9.281646549701690896e-01
9.651529967784882036e-01
9.503636002540588601e-01
9.285754978656768355e-01
9.261688172817230669e-01
9.098702847957611528e-01
9.293518841266632524e-01
9.225404739379883257e-01
9.213940143585205300e-01
9.103824853897094505e-01
9.130443751811980757e-01
9.421340405941009966e-01
9.531678318977355735e-01
9.569582879543304665e-01
9.268290519714355025e-01
9.476575911045074241e-01
9.600022315979004350e-01
9.551714777946471724e-01
9.262604176998138206e-01
9.368364512920379639e-01
9.404771625995635986e-01
9.487211644649505837e-01
9.223105192184448686e-01
9.261529684066772683e-01
9.416680932044982910e-01
9.142226755619049516e-01
9.165693461894989236e-01
9.469580769538878950e-01
9.162463963031768355e-01
9.209310591220856157e-01
9.105303049087524192e-01
9.401884317398071511e-01
9.063432931900023970e-01
9.492246031761168990e-01
9.311124384403228760e-01
9.208744585514068159e-01
9.074151217937469482e-01
9.399794280529022439e-01
9.710278570652007835e-01
9.306322813034058061e-01
9.337041258811951128e-01
9.080337882041931152e-01
9.313470542430877241e-01
9.168714046478271262e-01
9.124837040901183638e-01
8.987284660339355247e-01
8.987855195999145952e-01
9.343725621700287309e-01
9.329905748367309792e-01
9.069977223873137984e-01
9.162999451160430686e-01
9.475749313831329790e-01
9.306734681129456010e-01
9.913597583770752397e-01
9.686557650566101074e-01
9.381302058696746604e-01
1.018100851774215609e+00
9.871215641498565230e-01
9.587551832199097124e-01
9.933771073818207231e-01
9.609054446220397505e-01
9.582072079181671587e-01
9.663618981838226762e-01
9.517370104789734109e-01
9.317150533199309859e-01
9.121019780635833962e-01
9.250477492809295876e-01
9.437441468238830788e-01
9.262393593788147417e-01
9.300527155399322954e-01
9.445105135440826638e-01
9.458994925022125022e-01
9.127576708793639915e-01
9.370836913585662842e-01
9.184060692787170410e-01
9.059823393821716531e-01
8.910183012485504150e-01
8.929537951946258101e-01
9.259671330451965110e-01
9.329467892646789995e-01
9.346442639827727827e-01
9.211411476135253906e-01
9.204827725887299028e-01
9.136717855930328591e-01
9.349059760570526123e-01
9.150305151939391868e-01
8.973496317863464133e-01
9.044552743434906006e-01
8.920780837535857710e-01
8.756354868412017378e-01
8.716304123401641402e-01
8.897081911563873291e-01
8.878112196922302024e-01
8.945817887783050759e-01
9.241608977317810059e-01
9.752007246017455611e-01
9.235930144786834717e-01
8.886034190654754639e-01
8.795753240585326704e-01
8.672119498252868208e-01
8.640245437622070535e-01
8.565509915351867676e-01
8.649755239486693892e-01
8.863011837005615456e-01
9.773115694522858110e-01
9.279473543167113814e-01
9.047431051731109619e-01
8.971295058727264404e-01
8.697739720344543901e-01
8.614226162433624712e-01
8.542220413684844527e-01
8.537561357021331565e-01
8.514704048633575661e-01
8.486879408359527810e-01
8.644041359424591286e-01
9.544766068458556685e-01
9.145237743854522927e-01
9.046846866607666238e-01
9.425057291984557661e-01
9.069593191146850808e-01
8.762768685817718950e-01
8.645259320735931841e-01
8.429352462291717085e-01
8.409494876861571822e-01
8.632621765136718750e-01
8.889502167701721635e-01
9.101844608783722368e-01
8.941991388797759788e-01
8.711872696876525879e-01
8.672863125801086870e-01
8.787841379642487016e-01
8.511098802089691606e-01
8.500113248825073020e-01
8.490179896354674849e-01
8.494557499885558860e-01
8.503999233245849165e-01
8.403401553630829302e-01
8.307430803775787131e-01
8.846977174282073531e-01
8.503474771976471391e-01
8.440258979797363725e-01
8.372652947902678999e-01
8.529664218425750954e-01
8.288311243057251421e-01
8.247869610786437988e-01
8.375699281692504661e-01
8.584879517555237260e-01
8.447032868862152100e-01
8.322251200675964133e-01
8.388200521469115767e-01
8.234971821308135764e-01
8.161773979663848877e-01
8.209822475910186768e-01
8.058555185794830100e-01
8.178345024585723655e-01
8.183909237384796587e-01
8.859951674938202348e-01
8.573984622955321822e-01
8.146000981330872026e-01
8.085191488265991433e-01
8.276667773723602739e-01
8.345747888088226318e-01
8.158662736415862593e-01
8.940304577350616233e-01
8.412150740623474121e-01
8.204828262329101340e-01
8.600279450416564719e-01
8.268751084804535356e-01
8.214305102825164573e-01
8.111400067806243674e-01
8.088291883468627930e-01
8.093680441379547119e-01
7.992360949516296165e-01
8.054455339908599409e-01
8.110186636447906938e-01
8.755484819412231445e-01
8.315114676952362061e-01
8.602002978324889693e-01
8.373271048068999800e-01
8.526596188545226829e-01
8.368295907974243608e-01
7.964020490646361861e-01
8.010323226451874223e-01
7.915616810321808305e-01
7.829807519912719282e-01
7.817176342010497825e-01
7.807052373886108620e-01
7.886392176151275635e-01
7.995611727237701416e-01
7.862940967082977517e-01
7.822242736816406028e-01
7.794010996818542258e-01
7.775798678398132546e-01
7.912034213542937788e-01
8.064227163791656272e-01
7.958504199981689675e-01
8.088352560997009721e-01
7.900456547737121360e-01
7.808747589588165283e-01
7.738729953765869363e-01
7.747738540172577348e-01
7.805493652820587602e-01
7.890564024448394331e-01
8.010085523128509521e-01
8.021466851234435591e-01
7.886218309402466264e-01
8.088101983070373757e-01
7.890265524387359841e-01
8.155887007713318315e-01
8.112985670566559282e-01
7.803107857704162376e-01
7.784279227256775124e-01
7.749891400337218794e-01
7.738465428352355735e-01
7.714672625064850076e-01
7.804008126258850098e-01
7.783115327358245406e-01
8.205986440181731734e-01
7.914225697517395242e-01
7.933326542377472368e-01
7.829528152942657471e-01
7.856514275074004683e-01
7.724268674850464089e-01
7.735042750835419145e-01
7.698667466640471968e-01
7.826346993446350320e-01
7.724251925945282427e-01
7.825517356395721436e-01
7.903540015220642534e-01
7.992029249668121116e-01
8.151078164577484353e-01
8.004983603954315408e-01
8.202858388423919234e-01
7.850755393505096658e-01
7.760111451148986594e-01
7.701392889022826704e-01
7.642842173576355203e-01
7.612518489360808882e-01
7.597143352031707764e-01
7.673604726791382058e-01
7.846854984760284202e-01
7.716315686702728271e-01
7.652246832847595659e-01
7.691734313964844194e-01
7.707262277603149636e-01
7.566843807697296587e-01
7.509396255016327348e-01
7.720363378524780495e-01
7.647573232650757280e-01
7.538416147232055442e-01
7.620092391967773215e-01
7.744587361812591553e-01
7.808314979076385054e-01
7.639455974102020708e-01
7.595724880695342573e-01
7.592334449291229248e-01
7.554585099220275657e-01
7.534958362579345925e-01
7.479531168937683105e-01
7.554145395755768044e-01
7.548509180545807107e-01
7.445094227790832742e-01
7.470127165317534956e-01
7.461218237876892090e-01
7.483647048473358598e-01
7.618767201900482622e-01
7.629100203514098677e-01
7.497432768344879372e-01
7.593957364559174028e-01
7.484398365020752397e-01
7.699236214160919411e-01
8.532537460327148660e-01
8.584880232810974121e-01
7.971197366714477539e-01
7.681496441364288330e-01
7.517133414745330589e-01
7.479012548923492654e-01
7.421722590923309770e-01
7.431410193443298562e-01
7.489495694637298140e-01
7.429166078567505105e-01
7.422783195972442183e-01
7.393109023571013960e-01
7.422363936901092973e-01
7.412208616733551025e-01
7.401763439178467019e-01
7.440020680427551492e-01
7.379916906356811523e-01
7.352892696857452615e-01
7.337484896183014138e-01
7.326466143131256104e-01
7.331044614315033181e-01
7.313818335533142090e-01
7.332273602485657182e-01
7.331672966480254905e-01
7.391499340534209983e-01
7.505996882915496604e-01
7.562382102012634721e-01
7.627918720245361328e-01
7.534804165363311323e-01
7.343503773212433083e-01
7.317203044891357200e-01
7.296723604202270952e-01
7.301505506038665771e-01
7.301275134086608887e-01
7.309418857097625954e-01
7.297725737094878928e-01
7.291274785995482954e-01
7.274486958980560525e-01
7.315406560897826926e-01
7.286728203296661821e-01
7.312359869480132835e-01
7.367239356040954368e-01
7.313992619514465554e-01
7.377020180225372092e-01
7.573220610618591753e-01
7.302666604518890381e-01
7.293887734413146973e-01
7.298565387725830522e-01
7.362642407417296919e-01
7.315295040607452393e-01
7.379524171352386253e-01
7.282106697559356245e-01
7.277885138988494651e-01
7.272676765918731911e-01
7.259800612926483598e-01
7.304953098297118919e-01
7.348907172679901567e-01
7.257700741291046587e-01
7.263922989368438721e-01
7.373069941997527632e-01
7.282488465309142622e-01
7.343123197555542214e-01
7.255902886390686035e-01
7.308665573596954124e-01
7.254909157752991167e-01
7.294037997722625510e-01
7.370444893836974876e-01
7.230935156345367210e-01
7.222551107406616211e-01
7.212678551673888938e-01
7.219479441642761008e-01
7.195713460445404275e-01
7.234421491622924361e-01
7.218909800052643044e-01
7.343830466270446777e-01
7.690781116485595481e-01
7.695656120777130127e-01
7.750721633434295432e-01
8.026315450668335405e-01
7.694878816604614480e-01
7.488692343235016091e-01
7.323170721530913863e-01
7.361283123493194136e-01
7.341831862926483376e-01
7.300497412681579146e-01
7.225299656391144243e-01
7.188584625720977339e-01
7.180125653743744119e-01
7.209792554378509077e-01
7.213313698768615279e-01
7.190664470195770042e-01
7.176501095294952615e-01
7.152908265590667281e-01
7.156569778919219527e-01
7.177257061004638228e-01
7.242303252220153587e-01
7.238388299942016824e-01
7.276281058788299783e-01
7.480464696884154829e-01
7.377203226089477095e-01
7.664185643196106401e-01
7.975626528263092263e-01
7.607803285121917947e-01
7.363129913806915061e-01
7.259535729885101540e-01
7.214919388294219749e-01
7.189918279647826704e-01
7.169762015342712180e-01
7.163170933723449485e-01
7.138040125370025413e-01
7.139720141887664351e-01
7.136915385723113792e-01
7.127779722213745117e-01
7.113831102848052756e-01
7.118520855903625044e-01
7.120554268360137495e-01
7.125108480453491433e-01
7.130645871162414329e-01
7.111728370189667192e-01
7.110469937324523926e-01
7.106407999992370161e-01
7.117722392082214133e-01
7.114837825298309104e-01
7.118370413780212846e-01
7.108358740806579590e-01
7.100672960281372292e-01
7.095010459423065630e-01
7.091221094131470171e-01
7.107643842697143333e-01
7.113391876220702681e-01
7.100826084613800493e-01
7.124915242195128950e-01
7.089122116565704790e-01
7.111559748649597390e-01
7.106131076812743919e-01
7.114816009998321533e-01
7.092092692852020042e-01
7.079905986785888228e-01
7.076577544212341309e-01
7.076245367527007613e-01
7.073595404624939409e-01
7.077777206897735152e-01
7.075361371040344016e-01
7.077227890491485374e-01
7.079649806022644265e-01
7.067488431930541992e-01
7.067958354949951394e-01
7.088742077350616011e-01
7.065552473068237305e-01
7.060131967067718728e-01
7.068079471588134544e-01
7.070912122726440430e-01
7.093988299369812234e-01
7.087085306644439475e-01
7.070994973182678223e-01
7.105019330978393777e-01
7.085308611392975298e-01
7.069067060947418213e-01
7.059832632541656050e-01
7.074745237827301247e-01
7.070882856845855935e-01
7.111727714538573775e-01
7.071465373039245161e-01
7.076737582683563232e-01
7.085788547992706299e-01
7.076245069503783736e-01
7.077378988265990989e-01
7.071965515613556352e-01
7.059493243694305864e-01
7.058035194873809592e-01
7.074708044528961182e-01
7.049237251281738059e-01
7.034135639667511430e-01
7.054817259311676469e-01
7.035421490669250266e-01
7.042832672595977783e-01
7.030252158641815408e-01
7.034347712993621604e-01
7.033489108085632102e-01
7.034017145633697510e-01
7.031058490276336226e-01
7.041294813156128152e-01
7.031523466110229936e-01
7.016813039779663530e-01
7.025829017162322776e-01
7.046736955642700639e-01
7.016128063201904075e-01
7.048318624496460183e-01
7.068712592124939409e-01
7.061447203159332275e-01
7.027512371540070024e-01
7.011677443981170210e-01
7.010768890380859597e-01
7.006041467189788596e-01
7.017195045948028120e-01
7.023108899593353271e-01
7.036754846572875755e-01
7.008572578430175559e-01
6.999353706836700661e-01
7.010426402091980425e-01
7.007425069808960183e-01
7.025465607643127663e-01
7.022127628326415572e-01
7.057901859283447488e-01
7.045513451099395530e-01
