1.736515512069066458e-01
1.483126282691955566e-01
8.377621074517567490e-02
8.929058661063511704e-02
4.961970013876756264e-02
5.276739224791526794e-02
4.804187516371408867e-02
4.237199450532595085e-02
4.122069602211316658e-02
3.785591572523117065e-02
4.000116450091203285e-02
3.832856938242912292e-02
4.549016058444976807e-02
3.809478506445884705e-02
3.832232082883516716e-02
3.530975927909215523e-02
3.761157020926475525e-02
4.004753877719243599e-02
4.412072648604711128e-02
4.375008245309194160e-02
4.250288133819898201e-02
3.777239099144935608e-02
5.494885767499605583e-02
5.420622105399767326e-02
4.398715496063232422e-02
4.497068996230760979e-02
3.980535268783569336e-02
4.429095114270845818e-02
4.671510805686315132e-02
5.179147049784660339e-02
4.442240794499715401e-02
4.044257352749506401e-02
4.694040368000666069e-02
4.301231106122335029e-02
4.041355351607004570e-02
3.965446849664052559e-02
4.189650714397430420e-02
3.649259420732656883e-02
3.917353848616281914e-02
3.380493385096391273e-02
3.634409606456756592e-02
3.561284579336643219e-02
3.629293168584505486e-02
3.997748966018358635e-02
3.204017318785190582e-02
3.180057493348916603e-02
3.806029011805852486e-02
4.060150807102521492e-02
4.134660648802915978e-02
4.130322548250357079e-02
4.827588672439257073e-02
3.708558281262715889e-02
4.274088889360427856e-02
4.770531381169954704e-02
4.347237075368563103e-02
4.144278665383657051e-02
4.474485913912455010e-02
3.859905153512954712e-02
3.904247035582860542e-02
3.867683559656143188e-02
5.683689812819162773e-02
4.463152711590131355e-02
3.668463230133056641e-02
3.660816575090090202e-02
5.132557948430379463e-02
4.533381511767705513e-02
4.558581983049710823e-02
4.556927457451820374e-02
4.873874659339586662e-02
4.527216901381810737e-02
3.853002376854419708e-02
4.187678545713424683e-02
4.600800325473149849e-02
4.675659164786338806e-02
4.148111554483572411e-02
3.642500999073187279e-02
2.795225133498509609e-02
4.158856719732284546e-02
5.734939997394879890e-02
4.922305171688397957e-02
4.494379460811614990e-02
4.210159555077552795e-02
4.594150185585021973e-02
4.918932542204856873e-02
4.538517569502194954e-02
4.172872131069501472e-02
3.658663605650266243e-02
3.786415730913480354e-02
3.440917283296585083e-02
3.096483275294303894e-02
4.403792197505632805e-02
4.182441905140876770e-02
5.860264475146929192e-02
5.001158639788627625e-02
4.668091361721356941e-02
4.738732924064000679e-02
3.612778708338737488e-02
3.395232868691285683e-02
5.345868319272994995e-02
5.079880108435948921e-02
4.383251816034317017e-02
4.498151565591494011e-02
3.923748061060905457e-02
3.974707797169685364e-02
4.051674902439117432e-02
3.568050265312194824e-02
5.294936895370483398e-02
4.046935091416040825e-02
3.883855665723482536e-02
4.547244434555371834e-02
3.942978506286939216e-02
3.347993331650892662e-02
3.407642369469007088e-02
3.088869340717792511e-02
3.093040113647778713e-02
5.826298395792642998e-02
5.287721504767736030e-02
4.154479876160621643e-02
4.336894551912943291e-02
4.687432944774627686e-02
4.083575494587421417e-02
4.140048225720723701e-02
3.410627258320649696e-02
5.694741879900296760e-02
5.402226994434992241e-02
5.293375253677368164e-02
5.188594137628873421e-02
5.586209893226623535e-02
5.889088908831278252e-02
5.563762908180554939e-02
5.257600794235865044e-02
5.069873730341593193e-02
5.052017668883005547e-02
6.019786621133486199e-02
5.300674214959144592e-02
4.826788852612177300e-02
4.696887110670407844e-02
4.372308775782585144e-02
5.759979784488677979e-02
5.527270336945851875e-02
5.700090403358141350e-02
5.536687622467676567e-02
5.561536053816477226e-02
5.612985913952191902e-02
5.503039807081222534e-02
5.802328015367189812e-02
5.462483068307241035e-02
5.549945558110872673e-02
5.338750034570693970e-02
5.075272296865781380e-02
5.603573347131411003e-02
5.738948906461397576e-02
5.339177573720613884e-02
5.993262554208437370e-02
5.285968507329622673e-02
5.188082034389177727e-02
5.312825739383697510e-02
5.223029976089795662e-02
5.003359603385130333e-02
5.488751828670501709e-02
5.511335656046867371e-02
5.105698729554811882e-02
5.035092433293660713e-02
5.098622788985570503e-02
4.982174560427665710e-02
4.558039456605911255e-02
5.154937257369359566e-02
4.984592646360397339e-02
5.039918671051660942e-02
4.670619467894236015e-02
4.993639265497525764e-02
5.121531585852304863e-02
5.040008698900540901e-02
5.265254278977712227e-02
5.116356164216995239e-02
5.048132066925366951e-02
5.143854394555091858e-02
5.180411164959271980e-02
5.074477071563402580e-02
5.210559815168380737e-02
5.376747498909632134e-02
5.322808275620142388e-02
5.282237256566683220e-02
5.134037385384241509e-02
4.824499910076459480e-02
5.427284538745880127e-02
5.404711266358693672e-02
4.950990031162897514e-02
5.318224926789601875e-02
5.066200469930966926e-02
5.213526760538419319e-02
4.962923874457677437e-02
5.082542200883229805e-02
5.139218394954999519e-02
5.163129170735677315e-02
5.278916905323664116e-02
5.043622975548108650e-02
4.898441086212793755e-02
4.737804705897966789e-02
4.686776424447695183e-02
4.706551507115364075e-02
4.358140130837758613e-02
5.016352981328964233e-02
4.812704523404439522e-02
5.364741881688436104e-02
4.841278493404388428e-02
4.954220230380693840e-02
5.214406425754228996e-02
5.108648290236791206e-02
4.876971741517385078e-02
4.694092025359471870e-02
4.903739939133325981e-02
4.879274467627207207e-02
5.159923930962880684e-02
5.037021636962890625e-02
4.791140804688135552e-02
4.843456794818242622e-02
4.904550686478614807e-02
4.685080672303835320e-02
5.297889932990074158e-02
5.282027150193849968e-02
4.971038550138473511e-02
4.961644609769185615e-02
4.861438646912574768e-02
4.821253567934036255e-02
5.126501247286796570e-02
5.184134344259897637e-02
4.960648467143376900e-02
4.908094927668571472e-02
4.870638748009999824e-02
5.098562066753705574e-02
5.463061109185218811e-02
5.281805619597434998e-02
5.399872610966364311e-02
5.079851299524307251e-02
4.849168037374814583e-02
4.625327885150909424e-02
4.749852915604909492e-02
5.257813756664594246e-02
5.233844493826230598e-02
4.566331021487712860e-02
4.985945050915082527e-02
5.318031335870424675e-02
4.634778884549935890e-02
4.805776725212732720e-02
5.789238587021827698e-02
5.502416690190633369e-02
5.489151800672213005e-02
5.214696750044822693e-02
5.453467741608619690e-02
5.354544023672739433e-02
5.375665177901586128e-02
5.250236267844835686e-02
5.147775759299596382e-02
5.374953399101892876e-02
5.485623950759569573e-02
5.307124803463617729e-02
5.013904782632986473e-02
5.286270876725514961e-02
5.142119651039441658e-02
5.033669372399648262e-02
4.948183769981066155e-02
4.940712327758470940e-02
5.595566704869270325e-02
5.149998019138971733e-02
5.079931269089380669e-02
5.109559372067451477e-02
5.414585396647453308e-02
5.063896005352338386e-02
5.211749672889709473e-02
5.032787472009658813e-02
5.147411798437436653e-02
5.208635330200195312e-02
4.929085200031598640e-02
4.903193190693855286e-02
5.422516539692878723e-02
5.441169689098993706e-02
5.435675755143165588e-02
5.179959411422411369e-02
5.187040070692697930e-02
5.521013711889585091e-02
5.187021195888519287e-02
5.846375723679860664e-02
5.492148920893669128e-02
5.583903069297472405e-02
5.583713327844937874e-02
5.071409046649932861e-02
5.366830279429753853e-02
5.251330261429151131e-02
5.214994152386983467e-02
5.432204653819402290e-02
5.487504228949546814e-02
5.136732012033462524e-02
5.165881166855493950e-02
4.826114699244499207e-02
5.100445076823234558e-02
5.371702710787455010e-02
5.108575274546941353e-02
4.860663786530494690e-02
4.870217417677243782e-02
4.626714189847310615e-02
5.102121084928512573e-02
4.819752648472785950e-02
5.412300055225690437e-02
4.844806840022405220e-02
4.747704789042472839e-02
4.725854595502217842e-02
4.549345622460047173e-02
4.862141236662864685e-02
4.659815380970636772e-02
5.205658450722694397e-02
5.335393920540809631e-02
4.640324662129084038e-02
4.605787123243013786e-02
4.646499082446098328e-02
4.824923599759737419e-02
5.122962097326914238e-02
5.245653043190637993e-02
4.858357335130373406e-02
4.749703407287597656e-02
5.027195687095323967e-02
4.981754099329312874e-02
4.855051885048548149e-02
4.808177302281061577e-02
5.051774904131889343e-02
5.330650632580121590e-02
5.334099382162094116e-02
4.992718125383058952e-02
4.759656141201654839e-02
5.053274209300676750e-02
4.825379078586896492e-02
4.674810916185379028e-02
4.735435172915458679e-02
4.829032098253568245e-02
4.494084107379118370e-02
4.639789213736852241e-02
4.904629786809285713e-02
5.359813322623570991e-02
4.813723141948381828e-02
4.847816253701845574e-02
5.455946301420529915e-02
5.124033614993095398e-02
5.074603358904520439e-02
4.731618737181027962e-02
4.925668115417162346e-02
4.950944582621256279e-02
5.021553734938303398e-02
5.227129285534223152e-02
5.353604132930437492e-02
5.266782020529111458e-02
5.248286202549934387e-02
4.981730257471402717e-02
5.163957426945368218e-02
5.316039671500524116e-02
5.124954879283905029e-02
5.221950262784957886e-02
5.025483543674150871e-02
5.020074422160784172e-02
5.099695920944213867e-02
4.947131872177124023e-02
4.918188229203224182e-02
4.902982711791992188e-02
5.145599320530891418e-02
5.062645922104517388e-02
5.038970212141672539e-02
5.204530929525693489e-02
5.074952666958173347e-02
4.855000848571459221e-02
4.657439514994621277e-02
4.757444187998771667e-02
4.675965880354245735e-02
4.950971777240435051e-02
5.013055478533109260e-02
5.106237779060999321e-02
4.654639338453610969e-02
5.219344670573870110e-02
5.260445674260457588e-02
5.343588565786679817e-02
5.037342384457588196e-02
4.915504405895868706e-02
5.492037534713745117e-02
5.515933906038602424e-02
5.368428925673166680e-02
5.266952017943064140e-02
5.160937830805778503e-02
5.487652122974395752e-02
5.276667575041452812e-02
5.444230015079180168e-02
5.474488809704780579e-02
5.057420333226522041e-02
5.004651968677838875e-02
4.924265791972478462e-02
5.116466308633486199e-02
5.250079308946927620e-02
5.612947419285774231e-02
5.375266944368680549e-02
5.066042393445968628e-02
5.593316753705342842e-02
5.121712510784467293e-02
5.394784485300382210e-02
4.936870808402697014e-02
5.271361271540323662e-02
5.526192858815193176e-02
5.517748370766639709e-02
5.345154429475466179e-02
4.998467241724332405e-02
4.981124152739842964e-02
4.640251708527406288e-02
5.000579978028932976e-02
5.216232314705848694e-02
5.304200078050295281e-02
5.090847363074620796e-02
5.060848842064539360e-02
5.175470188260078430e-02
5.051493520538011955e-02
4.910355930527051521e-02
4.830586413542429375e-02
4.967474316557248665e-02
5.297193055351575447e-02
4.950075099865595268e-02
4.744761933883031441e-02
5.307447910308837891e-02
4.745758324861526489e-02
4.872625693678855896e-02
5.073597282171249390e-02
4.696590701738993096e-02
4.884721090396245552e-02
5.081939324736595154e-02
5.360878507296244072e-02
4.856222122907638550e-02
5.470373729864756035e-02
5.256767570972442627e-02
5.746112515528997017e-02
5.520411332448323799e-02
5.206384137272834778e-02
5.131950353582700325e-02
5.546244482199350762e-02
5.050643285115560127e-02
5.312896147370338440e-02
5.661137526233991218e-02
4.962956657012303902e-02
5.089546119173368049e-02
5.464193721612294746e-02
5.003120750188827515e-02
5.263821780681610107e-02
5.383374541997909546e-02
5.125470211108525825e-02
5.357367172837257385e-02
5.201156064867973328e-02
4.981721068421999382e-02
5.226724719007810188e-02
5.269944295287132263e-02
5.025935421387354302e-02
5.101421723763147759e-02
5.035576100150743889e-02
5.359267940123876167e-02
5.139671017726262642e-02
5.369699373841285706e-02
4.971882452567418648e-02
4.919042438268661499e-02
5.264919872085253166e-02
5.274705961346626282e-02
5.276546751459439827e-02
5.308115358153978752e-02
5.497979372739791870e-02
5.473542834321657585e-02
5.080105612675348686e-02
5.193460235993067192e-02
5.129840349157651497e-02
5.150523036718368530e-02
5.387793853878974915e-02
4.946678380171457695e-02
5.157623440027236938e-02
5.413839966058731079e-02
4.994838684797286987e-02
5.172293260693550110e-02
5.175131683548291756e-02
4.765140203138192726e-02
4.876570900281270576e-02
5.271077031890551018e-02
5.079778283834457397e-02
5.069372306267420220e-02
4.868820557991663384e-02
5.193477123975753784e-02
5.217279245456060005e-02
4.937862356503804756e-02
4.909370963772138191e-02
5.304004251956939697e-02
5.369711667299270630e-02
4.753855367501576973e-02
4.986037313938140869e-02
5.281091605623563362e-02
5.093138044079145027e-02
5.101190631588300300e-02
5.050168683131536079e-02
5.349192395806312561e-02
5.065313354134559631e-02
5.110593512654304504e-02
5.151370043555895256e-02
5.004088580608367920e-02
5.371989682316780090e-02
5.058084676663080620e-02
4.960766186316808296e-02
5.126270651817321777e-02
4.874175041913986206e-02
4.944595322012901306e-02
4.920200134317079949e-02
5.078543846805890633e-02
4.749784246087074280e-02
4.834518209099769592e-02
4.955397918820381165e-02
4.649700472752252983e-02
5.027388284603754448e-02
4.981649915377298760e-02
4.894162714481353760e-02
4.469972538451353478e-02
4.858440284927686287e-02
4.977938160300254822e-02
4.926297565301259590e-02
4.828972121079763008e-02
4.738289241989453865e-02
4.708327973882357048e-02
4.813730468352635933e-02
4.858455310265222954e-02
4.855101928114891052e-02
5.158460761109987663e-02
4.927887643376985954e-02
4.513529750208059715e-02
5.073858549197515083e-02
4.809706906477610039e-02
4.667316252986589836e-02
4.506234203775724007e-02
4.871416216095288826e-02
4.967816546559333801e-02
5.036645879348119331e-02
4.791979367534319328e-02
4.779329523444175720e-02
4.802100732922554016e-02
4.847764844695726799e-02
4.875661805272102356e-02
4.640812675158182549e-02
4.340974800288677216e-02
4.855753108859062195e-02
4.974290852745374275e-02
4.549929375449816155e-02
4.313794088860353065e-02
4.768418272336324287e-02
4.690790797273317742e-02
4.574643447995185852e-02
4.659476752082506584e-02
4.475761080781618523e-02
4.590674117207527161e-02
4.761204744378725456e-02
4.785093665122985840e-02
4.537139957149823738e-02
4.369472898542881012e-02
4.818560928106307983e-02
4.608682667215665413e-02
4.899515832463900017e-02
4.644121478001276421e-02
4.704660053054491448e-02
4.837069163719812798e-02
4.817400376001993584e-02
4.581416398286819458e-02
4.806092878182729317e-02
4.651351273059844971e-02
4.637667412559191155e-02
4.492371032635370659e-02
4.815117145578066277e-02
5.026618142922719551e-02
4.590502505501111580e-02
4.384667177995046211e-02
4.415421684583028389e-02
4.923884198069572449e-02
4.313050086299578117e-02
4.653701186180114746e-02
4.648745184143384529e-02
4.675608252485593391e-02
4.835787539680799080e-02
4.874594509601593018e-02
4.770948862036069466e-02
4.958717400828997063e-02
5.105131367842356133e-02
5.021277442574501038e-02
4.866382852196693420e-02
4.815572251876195503e-02
4.464814749856790138e-02
4.465438053011894226e-02
4.380085008839765953e-02
4.530731712778409553e-02
4.524676625927289558e-02
4.784928510586420464e-02
4.337648302316665649e-02
4.874024167656898499e-02
4.654821008443832397e-02
4.769489044944445061e-02
4.378039017319679260e-02
4.712490861614545418e-02
4.548523947596549988e-02
4.600786045193672180e-02
4.611478870113690925e-02
4.251529959340890480e-02
4.702123254537582397e-02
4.621929302811622620e-02
4.449579119682312012e-02
4.380243644118309021e-02
4.765261958042780327e-02
4.877646764119466377e-02
4.770032006005445885e-02
4.347371185819307732e-02
4.555667812625566887e-02
4.508934666713079048e-02
4.646351933479309082e-02
4.062669910490512848e-02
4.551384970545768738e-02
4.577926297982534004e-02
4.258394117156664299e-02
4.278882096211115288e-02
5.133403092622756958e-02
4.618978252013524605e-02
4.523634786407152580e-02
4.698122541109720635e-02
4.446392754713694023e-02
4.399331410725911690e-02
4.086863125363985466e-02
4.478890324632326531e-02
4.336458817124366760e-02
4.357006276647249626e-02
4.904488970836003853e-02
4.442262897888819145e-02
4.329115400711695122e-02
4.360678667823473381e-02
4.269763578971227241e-02
4.347475493947664665e-02
4.349150260289510322e-02
4.380823795994123054e-02
4.075436169902483391e-02
4.041420978804429603e-02
4.250477254390716553e-02
4.467231904466947151e-02
4.701899240414301323e-02
4.096560925245285034e-02
4.428853094577789307e-02
4.192530736327171326e-02
4.256007696191469597e-02
4.070974762241045403e-02
4.259069139758745598e-02
4.131106659770011902e-02
4.037248777846495079e-02
4.310446977615356445e-02
4.785220076640447212e-02
4.175117363532384468e-02
4.440438374876976013e-02
4.379333307345708443e-02
4.185155654946962761e-02
4.038073370854059624e-02
4.312863945960998535e-02
4.116854816675186157e-02
4.545540114243825508e-02
4.186095545689264702e-02
4.142545536160469055e-02
4.278855522473653389e-02
4.559695906937122345e-02
4.050513356924057007e-02
4.340522860487302376e-02
4.088399683435758186e-02
3.750863360861936974e-02
4.241495455304781365e-02
3.978176787495613098e-02
3.999241068959236145e-02
3.850691082576910423e-02
3.980032851298650337e-02
3.931107744574546814e-02
4.136904329061508179e-02
3.901430219411849976e-02
4.351726919412612915e-02
3.858647247155507637e-02
3.831095248460769653e-02
4.004192973176638054e-02
3.947384345034758019e-02
4.168718556563059258e-02
3.998235799372196198e-02
3.602488525211811066e-02
3.916491009294986725e-02
4.168499757846196724e-02
4.039013634125391411e-02
3.997056124111016823e-02
4.089068745573361946e-02
4.065301517645517754e-02
4.097835967938105034e-02
3.939488033453623222e-02
4.038387537002563477e-02
3.951906909545262886e-02
3.889595468839009834e-02
4.094030149281024933e-02
3.829024856289228035e-02
3.747887164354324341e-02
3.780545294284820557e-02
3.857024013996124268e-02
3.923089678088823723e-02
3.726449732979138924e-02
3.793738409876823425e-02
3.973062088092168403e-02
4.149660343925157951e-02
3.801677376031875610e-02
3.820682068665822578e-02
3.954289170602957176e-02
3.843914220730463432e-02
3.889639116823673248e-02
3.630555296937624382e-02
3.777403881152471138e-02
4.019677142302195000e-02
3.775166347622871399e-02
3.581453052659829689e-02
3.501458403964837623e-02
3.790545587738355232e-02
3.564199494818846153e-02
3.707185635964075493e-02
4.001396025220552849e-02
3.639880257348219322e-02
3.590197550753752159e-02
3.808944796522458626e-02
3.854716941714286804e-02
3.615234419703483582e-02
3.799985225001970696e-02
3.854912643631299568e-02
3.669812530279159546e-02
3.606170540054639412e-02
3.753184651335080696e-02
4.022097649673620628e-02
3.923286249240239693e-02
3.761853029330571724e-02
4.014176999529203010e-02
3.705629085501035286e-02
3.491686594982942177e-02
3.536875049273172783e-02
3.322064938644567894e-02
3.813355478147665428e-02
3.263598711540301872e-02
3.889730634788671898e-02
3.551484954853852821e-02
3.760048436621824669e-02
3.720652622481187416e-02
3.684479370713233948e-02
3.583344568808873726e-02
3.514045290648937225e-02
3.569179152448972298e-02
3.682973856727281975e-02
3.694783026973406242e-02
4.034197951356569695e-02
3.480810858309268951e-02
3.739030907551447319e-02
3.634871666630109383e-02
3.836397454142570496e-02
3.615175808469454216e-02
3.642420843243598938e-02
3.727393845717111992e-02
3.654367973407109810e-02
3.710302275915940834e-02
3.277226972083250450e-02
3.427090620001157356e-02
3.699420082072416710e-02
3.745630135138829780e-02
3.728131825725237297e-02
3.857658058404922485e-02
3.613220527768135071e-02
3.435379825532436371e-02
3.726923031111558510e-02
3.672243965168794227e-02
3.726568383475144935e-02
3.497011587023735046e-02
3.768721843759218620e-02
3.792693776388963295e-02
3.644234004120031761e-02
3.582083682219187187e-02
3.582316761215528084e-02
3.741297684609889984e-02
3.521327053507169319e-02
3.684185072779655457e-02
3.503669363756974769e-02
3.552528657019138336e-02
3.269636941452821327e-02
3.446568300326665474e-02
3.646093296507994103e-02
3.588085932036241127e-02
3.315210528671741486e-02
3.616071989138921333e-02
3.539873038729032112e-02
3.664876458545526100e-02
3.385618639489015175e-02
3.492464373509088921e-02
3.467562918861707283e-02
3.655804010728994774e-02
3.352615113059679436e-02
3.408386061588922905e-02
3.408917598426342010e-02
3.487136773765087128e-02
3.565426046649614739e-02
3.659763187170028687e-02
3.271733721097310615e-02
3.524522855877876282e-02
3.583699402709802223e-02
3.445307351648807526e-02
3.474479230741659569e-02
3.315026871860027313e-02
3.301118997236093117e-02
3.499101909498373436e-02
3.258094998697439598e-02
3.494950508077939583e-02
3.525991489489873482e-02
3.150732442736625671e-02
3.431596172352632118e-02
3.344566871722539497e-02
3.416644657651583122e-02
3.394306326905886101e-02
3.439440329869588447e-02
3.446374957760175300e-02
3.512635392447312904e-02
3.282001800835132599e-02
3.324835809568563866e-02
3.295100666582584381e-02
3.420955191055933403e-02
3.417317320903142525e-02
3.421078808605670929e-02
3.467311523854732513e-02
3.240800462663173676e-02
3.297439465920130180e-02
3.448502905666828156e-02
3.366611649592717720e-02
3.573429584503173828e-02
3.446007209519545006e-02
3.429985170563062263e-02
3.299504332244396210e-02
3.437726696332295967e-02
3.523277367154756951e-02
3.434504941105842590e-02
3.293070942163467407e-02
3.296165789167086052e-02
3.091320147116978848e-02
3.153052926063537598e-02
3.338835574686527252e-02
3.449486320217450691e-02
3.153670703371366096e-02
3.206111614902814461e-02
3.173807822167873383e-02
3.313820436596870422e-02
3.386045619845390320e-02
3.293151967227458954e-02
3.411138989031314850e-02
3.326032248636087013e-02
3.138401048878828453e-02
3.247909185787042213e-02
3.345657947162786888e-02
3.376830182969570160e-02
3.301303212841352058e-02
3.300749013821283745e-02
3.431683095792929100e-02
3.280475238958994316e-02
3.053354223569234097e-02
3.139007029434045387e-02
3.027358775337537014e-02
3.166605842610200477e-02
3.267023836572965217e-02
3.381582908332347870e-02
3.343103763957818580e-02
3.355359161893526482e-02
3.106863982975482941e-02
3.114891735215981686e-02
3.198064615329106880e-02
3.273546261092027260e-02
3.587879550953706337e-02
3.277891191343466210e-02
3.598346188664436340e-02
3.242110895613829064e-02
3.127697544793287682e-02
3.116763321061928951e-02
3.163731098175048828e-02
3.211042347053686546e-02
3.316685681541760994e-02
3.091168776154518127e-02
3.385662597914537025e-02
3.169234531621138024e-02
3.065235416094462192e-02
3.119604537884394443e-02
3.097044366101424015e-02
3.394774782160917687e-02
3.281281329691410065e-02
3.226246684789657593e-02
3.467463205258051323e-02
3.195225509504476952e-02
3.070290635029475010e-02
3.739137202501296997e-02
3.096245042979717255e-02
3.208296621839205193e-02
3.414511556426683830e-02
3.230603908499082161e-02
3.349705909689267708e-02
3.303753398358821869e-02
3.148913569748401642e-02
3.217835786441961693e-02
3.110731331010659420e-02
2.982344292104244232e-02
3.034242615103721619e-02
3.193791210651397705e-02
3.201871116956075264e-02
3.303051367402076721e-02
2.915335446596145630e-02
3.144143025080362724e-02
3.229620556036631035e-02
3.184836544096469879e-02
3.251581080257892609e-02
3.063399096330006802e-02
3.169092970589796471e-02
3.324650848905245232e-02
3.352789146204789711e-02
3.254271484911441803e-02
3.338053946693738533e-02
3.148554575939973427e-02
3.211240346233049797e-02
3.204987818996111321e-02
3.116398118436336517e-02
3.278981583813826012e-02
3.217863850295543671e-02
3.483125753700733185e-02
3.070561401546001434e-02
3.079358798762162411e-02
3.334366902709007263e-02
3.080840532978375637e-02
3.259891519943872856e-02
3.246410563588142395e-02
3.076767424742380894e-02
3.138365348180135322e-02
3.147066508730252815e-02
3.216632331411043572e-02
3.225839945177236961e-02
3.157293858627478050e-02
3.022055824597676479e-02
3.045280712346236027e-02
2.998239733278751373e-02
3.119794341425101078e-02
3.369399035970369743e-02
3.297113130489984917e-02
3.241374343633651733e-02
3.195275863011678291e-02
3.147867135703563690e-02
3.117444179952144623e-02
3.190006253619988991e-02
3.256106376647949219e-02
3.173019985357920097e-02
3.217961204548677040e-02
3.250230414172013832e-02
2.886716462671756744e-02
3.203546317915121483e-02
3.293968675037225319e-02
3.164831859370072914e-02
3.347488430639108253e-02
2.991611386338869846e-02
3.081640352805455410e-02
2.961572694281737125e-02
3.239665925502777100e-02
3.151213253537813591e-02
2.818087581545114517e-02
3.056141982475916660e-02
3.091390430927276611e-02
3.329730903108914924e-02
3.182816691696643829e-02
3.178411598006884026e-02
3.004586572448412693e-02
2.982604503631591797e-02
2.918095203737417973e-02
2.942741538087527073e-02
3.170781210064888000e-02
2.876373442510763920e-02
3.155797968308130669e-02
3.054979443550109863e-02
3.103238592545191563e-02
3.118777461349964142e-02
3.148849494755268097e-02
3.169753402471542358e-02
2.972735029955704891e-02
2.913510240614414215e-02
3.136316748956839012e-02
3.301777131855487823e-02
3.100069363911946499e-02
3.361793234944343567e-02
3.051263093948364258e-02
3.332965634763240814e-02
3.135594415167967247e-02
3.086356756587823116e-02
3.164768901964028908e-02
3.121192442874113834e-02
3.242380296190579964e-02
3.013335540890693665e-02
2.961501106619834900e-02
3.158958815038204193e-02
3.026330346862475193e-02
3.125907294452190399e-02
3.005659766495227814e-02
3.005797415971755981e-02
3.169225094219049049e-02
