8.008011877536773404e-02
6.939933560788631717e-02
5.433238632977008958e-02
4.397949986159801344e-02
3.158097658306360106e-02
1.889182971790432861e-02
1.090128393843770027e-02
8.792076352983712803e-03
1.013820061925798689e-02
1.031806506216526031e-02
2.127470551058650156e-02
1.315679918043315480e-02
1.142616374418139492e-02
8.004402182996273388e-03
8.001387119293212891e-03
8.941666316241025578e-03
8.350846031680703510e-03
9.372329339385032654e-03
7.877238886430859219e-03
8.392454660497605107e-03
8.050708391238003969e-03
9.096329426392912518e-03
7.449069549329579223e-03
7.337881624698639263e-03
7.571623427793383598e-03
6.927650561556220402e-03
6.639880104921757828e-03
8.083348628133535385e-03
5.577056761831044804e-03
8.363976469263434063e-03
8.853701036423444401e-03
5.347024253569543535e-03
4.934349434915929859e-03
4.750401340425014149e-03
4.869174771010875355e-03
3.265509882476180879e-03
3.418375935871153983e-03
4.066134849563240831e-03
4.477052530273794954e-03
2.157373377121984872e-03
2.154900936875492508e-03
2.003152295947074803e-03
1.826869044452905612e-03
2.350975177250802517e-03
2.485069469548761758e-03
2.483161247801035556e-03
2.507247030735015869e-03
2.197294495999813080e-03
1.890377595555037303e-03
2.567633264698088256e-03
3.290959645528346474e-03
2.205493231303990061e-03
1.769304799381643534e-03
1.613398262998089281e-03
1.405663305195048408e-03
1.698170485906302972e-03
2.642431773710996086e-03
1.994097942952066486e-03
1.413567271083593412e-03
1.944159518461674408e-03
1.599656278267502871e-03
1.913530728779733268e-03
2.293902158271521330e-03
1.240175717975944367e-03
2.164531860034912998e-03
3.444460511673241854e-03
2.540485019562765782e-03
1.881783560384064826e-03
2.208163624163717205e-03
1.538687839638441844e-03
3.590026067104190761e-03
2.141437225509434852e-03
1.398231054190546361e-03
1.262711250456050125e-03
1.105144037865102291e-03
1.125851747929118574e-03
1.117315809824503915e-03
1.167170520056970504e-03
1.353710592957213434e-03
1.890614081639796582e-03
3.276037843897938815e-03
1.347809156868606806e-03
1.141315262066200289e-03
9.516336722299456596e-04
1.278291054768487898e-03
9.969802835257724795e-04
1.069752726471051487e-03
1.689194486243650361e-03
1.916113402694463817e-03
1.939163985662162391e-03
4.471075651235878294e-03
4.732267593499273235e-03
2.580055530415847898e-03
1.460262975888326677e-03
1.807411381741985765e-03
1.194129485520534304e-03
8.837591914925724702e-04
8.438538730842992880e-04
7.815975928679108837e-04
8.794473716989160018e-04
7.464358117431401990e-04
7.659253344172612266e-04
7.721394940745085478e-04
7.268927787663414858e-04
7.955961860716343143e-04
8.192291628802194975e-04
8.201357733923942284e-04
9.208574047079309821e-04
8.421375969192013144e-04
7.917675276985392408e-04
7.635919319000095129e-04
7.086608151439577124e-04
6.888950418215244575e-04
7.431399601045996384e-04
1.004569575889035973e-03
1.205153757473453793e-03
1.025412406306713820e-03
9.466066025197505734e-04
7.396410248475149708e-04
6.966899120016023950e-04
6.885849346872418902e-04
7.184142014011740685e-04
7.330775144509971575e-04
6.884261747472919524e-04
7.871773530496283932e-04
7.520562823629007177e-04
6.803581753047182722e-04
6.405692445696331127e-04
6.154929709737188897e-04
6.530851998832077222e-04
6.816857465310021801e-04
6.742257639416493909e-04
5.960626702290027900e-04
6.129361965577118532e-04
5.645262950565666177e-04
6.270977988606319048e-04
6.135314877610653205e-04
9.555292577715590813e-04
7.731580815743654533e-04
6.910884869284928279e-04
6.134580457000992975e-04
5.992471531499176784e-04
5.552960850764065764e-04
5.966571072349325256e-04
5.322891665855422616e-04
5.573741902480833666e-04
5.345686207874677858e-04
5.259015189949423508e-04
7.755504600936546488e-04
1.015834481222555041e-03
1.382820593426003965e-03
1.320746270357631060e-03
9.923314763000234528e-04
6.518996466184035160e-04
6.987965520238503597e-04
7.553281524451449297e-04
6.345208792481571002e-04
7.887777523137628815e-04
9.498246072325855494e-04
7.487550930818543272e-04
5.484352383064106324e-04
5.715329185477458157e-04
7.500651176087558053e-04
7.824108004570006891e-04
7.318280579056591229e-04
6.064797227736562924e-04
5.721109802834690051e-04
4.713001893833279393e-04
5.136931460583582954e-04
6.538957124575972991e-04
9.840721468208357692e-04
8.476301649352535389e-04
5.664565251208841801e-04
5.325470789102837660e-04
6.064722721930593686e-04
4.829253724892623506e-04
4.682648868765681982e-04
5.080398448626510365e-04
4.062956097186542939e-04
4.068742520757950734e-04
4.594787984387949326e-04
5.239215854089707570e-04
4.172365443082526326e-04
4.104107632883824191e-04
3.991634075646288693e-04
6.467602375778369822e-04
7.266581000294536135e-04
6.111243623308837197e-04
4.942321567796171145e-04
3.949555844883434691e-04
5.000398261472583251e-04
5.073933032690546973e-04
4.447273880941793106e-04
3.660945934825576625e-04
3.681807313114404570e-04
3.969783050706609867e-04
3.529779183736536869e-04
3.912248997949063561e-04
4.370313195977360227e-04
3.837534008198417506e-04
3.813063551206141602e-04
3.615289271692745279e-04
4.030135547509417155e-04
3.822242200840264342e-04
3.727668576175346754e-04
3.564284284948371568e-04
3.412511425267439227e-04
3.633299493230879307e-04
3.401962138013914336e-04
3.404120798222720623e-04
3.293833608040586006e-04
3.299326112028211138e-04
3.374380175955593586e-04
3.538714780006557811e-04
3.291720538982190300e-04
3.562249446986243237e-04
3.495446799206547439e-04
3.444175657932646356e-04
4.287968535209074400e-04
3.393553401110693596e-04
3.234472213080152978e-04
3.252556634834036231e-04
3.257352043874561895e-04
3.172576150973327566e-04
3.253397051594220210e-04
3.291381144663318992e-04
3.845351937343366553e-04
3.509551897877827287e-04
3.268641041358932744e-04
3.133224250632338443e-04
3.569470718502998352e-04
3.962933798902667950e-04
3.497597863315604627e-04
3.107202675892040025e-04
3.064804332097992301e-04
3.306113110738806535e-04
3.570291963114868958e-04
3.900178649928420999e-04
3.573388967197388411e-04
3.532961083692498397e-04
4.136726551223546050e-04
3.428779644309543182e-04
3.278416697867214680e-04
3.382989802048541389e-04
3.411922472878359150e-04
3.752325792447663844e-04
3.201834348146803894e-04
2.943675601272843670e-04
2.836820051015820246e-04
3.085611511778552302e-04
3.048086968192364804e-04
2.751358682871795974e-04
2.773196712951175760e-04
2.742096017755102583e-04
2.864426700398325703e-04
3.152129938825964928e-04
3.185824331012554684e-04
2.965059233247302256e-04
2.903381988289766230e-04
3.443544061155989983e-04
2.777577690721955259e-04
2.937363722594454993e-04
2.827719305059872784e-04
3.353675492689944804e-04
2.921545936260372509e-04
3.178710161591879807e-04
3.049045568332076290e-04
4.141385856200940690e-04
4.121273130294866968e-04
3.506173219648189626e-04
3.247982851462438594e-04
2.767022990155964981e-04
2.780501497909426798e-04
2.666724882146809467e-04
2.542221533076372214e-04
2.597663544293027263e-04
2.677212694834452231e-04
2.838784159393980991e-04
3.335459274239838340e-04
3.074896449106745422e-04
3.880403965013101697e-04
3.737781706149689962e-04
3.044744837097823511e-04
2.634734351886436560e-04
3.004176833201199770e-04
4.526989607256837081e-04
3.354650238179601512e-04
2.883698158257175454e-04
2.754576402367092452e-04
2.548746815591584891e-04
2.667589928023516915e-04
2.895960031310096492e-04
3.006793762324377678e-04
2.866775685106404126e-04
2.910715644247830131e-04
2.564535447163507125e-04
2.543444861657917500e-04
2.811621190630830716e-04
2.598750717879738550e-04
2.727976374444551549e-04
2.490726510586682707e-04
2.451475920679513365e-04
2.468527920427732061e-04
2.475904911989346147e-04
2.489897618943359486e-04
2.472963926265947412e-04
2.456139358400832645e-04
2.457507063809316497e-04
2.517072607588488609e-04
2.488218196958769113e-04
2.505192416720092188e-04
2.457810027408413372e-04
2.500856382539495717e-04
2.520517438824754100e-04
2.424303864245303084e-04
2.447146791382692646e-04
2.580333675723522902e-04
2.483682394085917513e-04
2.459407289279624711e-04
2.566318464232608568e-04
2.593729645013808987e-04
2.610143295896705023e-04
2.461663549183868089e-04
2.449613137287087847e-04
2.384696068475022858e-04
2.754120214376598597e-04
2.661208309291396290e-04
2.427073115541133921e-04
2.393091228441335152e-04
2.402769547188654488e-04
2.399751843768171912e-04
2.617866055516060550e-04
2.383427636232227087e-04
2.429889646009542048e-04
2.375521311478223706e-04
2.373052899201866185e-04
2.369342058955226148e-04
2.380834557698108256e-04
2.375820164161268567e-04
2.377409189648460705e-04
2.406310668447986245e-04
2.408356041996739696e-04
2.928275542217306901e-04
2.463928583892993737e-04
2.335686956939753253e-04
2.336717334401328117e-04
2.427665407594759071e-04
2.394390448898775503e-04
2.503784562577493489e-04
2.584438676421996423e-04
2.445378151605836939e-04
2.532735517888795476e-04
2.473473985446617116e-04
2.745586658420507082e-04
2.730786662141326923e-04
2.628356669447384775e-04
2.404634033155161887e-04
2.333767195523250956e-04
2.506656419427599758e-04
2.301458676811307614e-04
2.320470681297592765e-04
2.296064936672337299e-04
2.407014450000133311e-04
2.467256461386568953e-04
2.364316598686855178e-04
2.546670089941472032e-04
2.353021489398088415e-04
2.415336770354770178e-04
2.401240322797093486e-04
2.312445234565530027e-04
2.454700152156874537e-04
2.559928601840510748e-04
2.471305502695031681e-04
2.380348640144802738e-04
2.272606045153224732e-04
2.241144131403416287e-04
2.202437688538339097e-04
2.362016297411173636e-04
2.450343112286645702e-04
2.395936753600835800e-04
2.384546933171804994e-04
2.253049293358344530e-04
2.232281498436350430e-04
2.216715147369541228e-04
2.252870472148060799e-04
2.267445881443563740e-04
2.227801138360518908e-04
2.204683863965328837e-04
2.373640309087932110e-04
2.384002735198009868e-04
2.239554814877919853e-04
2.206177370680961649e-04
2.257884196296800036e-04
2.263344649691134691e-04
2.306277121533639621e-04
2.402929654635954594e-04
2.216107925050891827e-04
2.224060015578288693e-04
2.221652226580772495e-04
2.242112277599517256e-04
2.231718470284249742e-04
2.205319113272708018e-04
2.211106482718605657e-04
2.165022771805524718e-04
2.173930981371085982e-04
2.195441520598251373e-04
2.181883741286583299e-04
2.160168958653230328e-04
2.192006140830926597e-04
2.176040638005361015e-04
2.216734734247438555e-04
2.203419797297101576e-04
2.247894997708499540e-04
2.159767478588037139e-04
2.156500231649260968e-04
2.181707786803599447e-04
2.242941198346670825e-04
2.236471809737849981e-04
2.198266498453449404e-04
2.173048349504824836e-04
2.191489140386693071e-04
2.184268247219733840e-04
2.153802881366573166e-04
2.171562977309804464e-04
2.249443285109009702e-04
2.175073845137376392e-04
2.139359159627929221e-04
2.167924445529933965e-04
2.142668890883214772e-04
2.186650228395592313e-04
2.174243592889979373e-04
2.158381124900188351e-04
2.164583653211593574e-04
2.197390233050100397e-04
2.250623030704446029e-04
2.178819449909497052e-04
2.124368351360317374e-04
2.202581024903338511e-04
2.159869545721448958e-04
2.178658862248994302e-04
2.154455709387548322e-04
2.170149033190682476e-04
2.147551058442331851e-04
2.109458844643086303e-04
2.293477424245793318e-04
2.152112763724289943e-04
2.139806128980126232e-04
2.136847149813547839e-04
2.114981216436717659e-04
2.161904543754644746e-04
2.159531235520262325e-04
2.103100494423415620e-04
2.153035580704454278e-04
2.117016098054591512e-04
2.143682650057598948e-04
2.145257698430214131e-04
2.177968090109061450e-04
2.244476592750288438e-04
2.185275174269918407e-04
2.267481082526501214e-04
2.097730270179454291e-04
2.152351647964678759e-04
2.094378251058515161e-04
2.108675573254004012e-04
2.110089386405888891e-04
2.140530974429566359e-04
2.102601974911522120e-04
2.130845867213793207e-04
2.086623229843098724e-04
2.185444558563176597e-04
2.116063005814794451e-04
2.080384292639791965e-04
2.116585616022348350e-04
2.095558826113119667e-04
2.108315340592525791e-04
2.097328768286388476e-04
2.099406498018652146e-04
2.180347495595924610e-04
2.076656135614030172e-04
2.128283776983153075e-04
2.108449203660711592e-04
2.098562261380720992e-04
2.134947091690264534e-04
2.089302710373885984e-04
2.089282264932990128e-04
2.073792442388366962e-04
2.097981792758218890e-04
2.121080775395967012e-04
2.095178300805855597e-04
2.243576302134897451e-04
2.090684516588225907e-04
2.057147030427586287e-04
2.378585188125725727e-04
2.145309168554376757e-04
2.037705518887378167e-04
2.069258669507689882e-04
2.048733535048086250e-04
2.341691586480010409e-04
2.084253297653049176e-04
2.055000550171826035e-04
2.080075370031408911e-04
2.080664577079005485e-04
2.044124914391431849e-04
2.025848079938441515e-04
2.016343409195542390e-04
2.035914185398723930e-04
2.056418401480186785e-04
2.028317241638433080e-04
2.027316426392644698e-04
2.045197485131211525e-04
2.037249192653689479e-04
2.035095414612442147e-04
2.034972218098118847e-04
2.037764541455544640e-04
2.050078612228389721e-04
2.038182159594725872e-04
2.043333483015885631e-04
2.056124176306184381e-04
2.037088885117554983e-04
2.061044615402352065e-04
2.021783468080684434e-04
2.052478223049547415e-04
2.046339679509401213e-04
2.042994543444365209e-04
2.032318108831532191e-04
2.035846249782480354e-04
2.053719232208095437e-04
2.027171212830580771e-04
2.022825552558060681e-04
2.057222962321248014e-04
2.026667563768569272e-04
2.059248930891044492e-04
2.021889617026317919e-04
2.006027541938237954e-04
2.045253379037603628e-04
2.045647343038581312e-04
2.020565538259688819e-04
2.066498243948444833e-04
2.025709800363983959e-04
2.030258903687354069e-04
2.041262756392825341e-04
2.026769165240693892e-04
2.033724085777066648e-04
2.028103248449042494e-04
2.011085067351814305e-04
2.012786557315848822e-04
2.031002815783722218e-04
2.011920019867829924e-04
2.036297817539889474e-04
2.023783774347975742e-04
2.027967471804004108e-04
2.009937597904354334e-04
2.027692840783856755e-04
2.019856408878695328e-04
2.022580985794775080e-04
2.036011901509482414e-04
2.001868400839157457e-04
2.019065344939008409e-04
1.999769330723211061e-04
2.010272452025674229e-04
2.015677950112149174e-04
2.008565061260014772e-04
2.015534344536718090e-04
2.012421377003192956e-04
2.028292416071053540e-04
2.009768759307917207e-04
2.009764248214196414e-04
2.015451726038009037e-04
2.005553702474571710e-04
1.998224106500856578e-04
2.002268243813887184e-04
2.026264141022693420e-04
2.005921502131968682e-04
2.004234338528476655e-04
1.984779839403927218e-04
2.015735437453258674e-04
1.998409075895324295e-04
2.019488143560010886e-04
2.009225274377968054e-04
1.990453114558477009e-04
2.021943488216493225e-04
1.975762927031610053e-04
1.995931743294931948e-04
1.996149709157179987e-04
1.998725740122608732e-04
2.003148911171592772e-04
1.990253309486433809e-04
2.003943838644772660e-04
1.997666469833347838e-04
1.987954528885893524e-04
1.977233703655656536e-04
1.979278669750783484e-04
2.001148051931522678e-04
1.964080787729471976e-04
1.967041680472902954e-04
2.051922623650170917e-04
1.982614601729437817e-04
1.973522514163050692e-04
2.001139888307079619e-04
1.971908615814754631e-04
1.978732972929719727e-04
1.977859370526857620e-04
1.967781150597147589e-04
1.962568603630643338e-04
1.989021708141080981e-04
1.980281042051501464e-04
1.968414740986190682e-04
1.968139433301985155e-04
1.990517783269751925e-04
1.971147670701611841e-04
1.970542984054191092e-04
1.980746710614766926e-04
1.967527190572582239e-04
1.985070877708494555e-04
1.961983005458023508e-04
1.958568063855636865e-04
1.988415177038405199e-04
1.977075698960106820e-04
1.973106351215392297e-04
1.961206071428023279e-04
1.963071837963070612e-04
1.986887669772840982e-04
1.966084200830664486e-04
1.956885098479688168e-04
1.974323713511694223e-04
1.975970015337225158e-04
1.966710202395915931e-04
1.963310220162384158e-04
1.978111700736917501e-04
1.976047657080925947e-04
1.956910022272495607e-04
1.963138885912485312e-04
1.960588044312316816e-04
1.958476059371605515e-04
1.972288649994880015e-04
1.960884241270832772e-04
1.956236021214863177e-04
1.963043723662849516e-04
1.998285319132264758e-04
1.953987855813466121e-04
1.953791106643620878e-04
1.969365068362094353e-04
1.953341139596886879e-04
1.965447248949203694e-04
1.947646596818231046e-04
1.954333049070555608e-04
1.962855189049150849e-04
1.960624220373574753e-04
1.958417371497489404e-04
1.953554987267125452e-04
1.975922277779318392e-04
1.960509565833490396e-04
1.948360586538910866e-04
1.952318438270594979e-04
1.955857875145738890e-04
1.950128375028725768e-04
1.951482336153276265e-04
1.952168051502667259e-04
1.941655784321483116e-04
1.948110111698042601e-04
1.951908016053494066e-04
1.955582927621435482e-04
1.958684573764912838e-04
1.949833582330029404e-04
1.955966617970261723e-04
1.965956224012188722e-04
1.943719646078534316e-04
1.939638314070180058e-04
1.970756224181968773e-04
1.940093305165646706e-04
1.937142762471921634e-04
1.948477343830745613e-04
1.953793122083879953e-04
1.943088398547843207e-04
1.958462242328096290e-04
1.943195500643923987e-04
1.933987601660191959e-04
1.945036448887549232e-04
1.946776108525227864e-04
1.938293098646681756e-04
1.961989866686053466e-04
1.947299504536204148e-04
1.938971625349950154e-04
1.934791114763356854e-04
1.963779592188075131e-04
1.936595974257215749e-04
1.926307428220752572e-04
1.936015985847916562e-04
1.945120318850968141e-04
1.930123427882790457e-04
1.950100369867868613e-04
1.935854848852613887e-04
1.931312130182050223e-04
1.940405105415265953e-04
1.938387293193955083e-04
1.939452529768459607e-04
1.932614315592218082e-04
1.926515586092136909e-04
1.937017899763304794e-04
1.927932502439944128e-04
1.926180637383367975e-04
1.921847106132190675e-04
1.919303897011559348e-04
1.931049751874525046e-04
1.928894351294729967e-04
1.921469349326798584e-04
1.927726458234246766e-04
1.930164326040539891e-04
1.928548037540167462e-04
1.925213669892400449e-04
1.922914561873767525e-04
1.920700444316025715e-04
1.926847871800418943e-04
1.933991872647311430e-04
1.931128805154003149e-04
1.925138349179178476e-04
1.920028895256109481e-04
1.919961083331145292e-04
1.927988763782195801e-04
1.928534562466666048e-04
1.929199912410695052e-04
1.927124714711680900e-04
1.920191745739430081e-04
1.924842290463857353e-04
1.922934330650605207e-04
1.919217982504051287e-04
1.925703367305686752e-04
1.922351395478472005e-04
1.917970235808752423e-04
1.918649148137774427e-04
1.922559626109432483e-04
1.927304561831988340e-04
1.919128771987743676e-04
1.917159657750744318e-04
1.919093308970332254e-04
1.926109824125887935e-04
1.932082290295511538e-04
1.923177158460021127e-04
1.912330131744965857e-04
1.915328073664568473e-04
1.926242774061393101e-04
1.921583840157836621e-04
1.911645249492721632e-04
1.925722703163046444e-04
1.927919278386980349e-04
1.916942303068935763e-04
1.913755259010940790e-04
1.915583190566394370e-04
1.917562920425552983e-04
1.918591951834969223e-04
1.920188558869995285e-04
1.920073533256072497e-04
1.917199260788038373e-04
1.910472557938191931e-04
1.917412402690388154e-04
1.917651279654819518e-04
1.915177766932174618e-04
1.923561088915448690e-04
1.916888897540047656e-04
1.909874114062404206e-04
1.906681522086728418e-04
1.915244454721687470e-04
1.922445590025745332e-04
1.910230857902206481e-04
1.908461548737250323e-04
1.909585611429065520e-04
1.909882055770140250e-04
1.920307920954655964e-04
1.916903340315911810e-04
1.912455067213159109e-04
1.909764530864777152e-04
1.910117731313221102e-04
1.910960076202172840e-04
1.915105865919031311e-04
1.910857412440236712e-04
1.906545199744868969e-04
1.904026918055023944e-04
1.908913218358065933e-04
1.907107009174069281e-04
1.905936514958739281e-04
1.922790870594326407e-04
1.913339292514137924e-04
1.907905592815950567e-04
1.903647455037571381e-04
1.905664568766951453e-04
1.911358573124743944e-04
1.908887272293213646e-04
1.911939700221409913e-04
1.913000909553375149e-04
1.904345204820856398e-04
1.903982287331018651e-04
1.908949954668059837e-04
1.904339063912630135e-04
1.897619731607846916e-04
1.914168155053630525e-04
1.905020202684681917e-04
1.892260290333069753e-04
1.897236408694879975e-04
1.911129176733083915e-04
1.907572346681263244e-04
1.900401999591849690e-04
1.901864467072300559e-04
1.902585499919950962e-04
1.900022958579938805e-04
1.898574962979182709e-04
1.899300448712892939e-04
1.906457728182431310e-04
1.904976659716339890e-04
1.898845992400311042e-04
1.894084103696513867e-04
1.899640548799652498e-04
1.905396486108656864e-04
1.903033029520884210e-04
1.896123423648532372e-04
1.896968547953292673e-04
1.897392146929632981e-04
1.898327762319240828e-04
1.903193791804369593e-04
1.900387076602783163e-04
1.902790390886366367e-04
1.900330455100629370e-04
1.897212874609976953e-04
1.901446114061400186e-04
1.903581774968188202e-04
1.897334670502459522e-04
1.894543631351552795e-04
1.893808912427630275e-04
1.903769545606337379e-04
1.901155090308748294e-04
1.898399947094730979e-04
1.899364357086596956e-04
1.898731381515972208e-04
1.895934910862706602e-04
1.898154652735683959e-04
1.899050032079685371e-04
1.896314563055056970e-04
1.896369787573348622e-04
1.902041578432544957e-04
1.899525654152967090e-04
1.896534799016080851e-04
1.898372986033791568e-04
1.896554953418672139e-04
1.894482869829516912e-04
1.893463915621396046e-04
1.896451976790558547e-04
1.896638153993990326e-04
1.893130145617760826e-04
1.895075321954209249e-04
1.898856797197368104e-04
1.897743059089407325e-04
1.894335568067617769e-04
1.891696752863936072e-04
1.893720582302194089e-04
1.896283560199663097e-04
1.894589440780691803e-04
1.892967156891245395e-04
1.898427100968547057e-04
1.896122361358720863e-04
1.893928587378468419e-04
1.896327485155779868e-04
1.896038622362539064e-04
1.897481015475932509e-04
1.894141430966556181e-04
1.892209002107847482e-04
1.893147025839425732e-04
1.894786488264799064e-04
1.895354158477857655e-04
1.892094129289034700e-04
1.893223321530967897e-04
1.894267654279246818e-04
1.897438043670263033e-04
1.896113426482770592e-04
1.892479020170867552e-04
1.888143124233465642e-04
1.889775019662920494e-04
1.892405140097252970e-04
1.893079475848935490e-04
1.895681190944742303e-04
1.889318744360935051e-04
1.885736550320871229e-04
1.887752943730447333e-04
1.890088336949702406e-04
1.889791452413191965e-04
1.887493272079154849e-04
1.888820079329889268e-04
1.893437474791426212e-04
1.892406595288775807e-04
1.889160492282826562e-04
1.892047075671143830e-04
1.894253153295721967e-04
1.892915774078574086e-04
1.888007675006519895e-04
1.886309903056826334e-04
1.888555292680393959e-04
1.893783504783641601e-04
1.889286475488916148e-04
1.885734513052739257e-04
1.885958037746604424e-04
1.885746525658760111e-04
1.889889521407894844e-04
1.889719365863129442e-04
1.887302274553803673e-04
1.888816404971294105e-04
1.888047769170952907e-04
1.885416684672236551e-04
1.888618411612697000e-04
1.887943726615048945e-04
1.886462952825240682e-04
1.885142541141249294e-04
1.886943951831199175e-04
1.888111226435285170e-04
1.887769372842740213e-04
1.888587117718998289e-04
1.886539961560629362e-04
1.887178077595308423e-04
1.886448677396401709e-04
1.886214078695047538e-04
1.887240017822478021e-04
1.887147769593866488e-04
1.886798643681686480e-04
1.886621335870586281e-04
1.887174781586509144e-04
1.885127858258783817e-04
1.884907862404361259e-04
1.885385354398749769e-04
1.885254358057864119e-04
1.884917011921061094e-04
1.885724108433350975e-04
1.884327699372079169e-04
1.884330471511930281e-04
1.884951845568138998e-04
1.886044992716051638e-04
1.886914855276700163e-04
1.884460325527470559e-04
1.885358382423874045e-04
1.885483674413990284e-04
1.887494239781517590e-04
1.886245176137890721e-04
1.885038152977358658e-04
1.884770386823220124e-04
1.884640339994803179e-04
1.884573393908794969e-04
1.883796321635600179e-04
1.885614750790409798e-04
1.886831283627543544e-04
1.885838013549801016e-04
1.883171134977601469e-04
1.882834909338271191e-04
1.883731580164749121e-04
1.883108670881483704e-04
1.882616910734213943e-04
1.882178876257967204e-04
1.884675293695181608e-04
1.885413628770038594e-04
1.882993805338628644e-04
1.882214062788989503e-04
1.882495758763980066e-04
1.882191681943368167e-04
1.881668074929621179e-04
1.884104734926950241e-04
1.885624362330417972e-04
1.885252400825265741e-04
1.885587094875518178e-04
1.884363213321194107e-04
1.882079639472067465e-04
1.881453237729146968e-04
1.880389703728724325e-04
1.881674987089354653e-04
1.885482630314072540e-04
1.885371901153121252e-04
1.883149809145834189e-04
1.883764562080614269e-04
1.881983364000916373e-04
1.880719340988434905e-04
1.880294403235893697e-04
1.880520219856407602e-04
1.881801981653552502e-04
1.882535470940638334e-04
1.883167373307514990e-04
1.883938646642491330e-04
1.884500285086687600e-04
1.883155666291713606e-04
1.880028292362112660e-04
1.881191416032379439e-04
1.881515679997392107e-04
1.881749383755959679e-04
1.880091302155051489e-04
1.878470735391601866e-04
1.879229123005643379e-04
1.878661958471639190e-04
1.879095623735338558e-04
1.881474599940702319e-04
1.881355237856041640e-04
1.881169700936879963e-04
1.879957708297297359e-04
1.881320727989077514e-04
1.881990741821937317e-04
1.882243988802656423e-04
1.880168307252461036e-04
1.878624927485361587e-04
