1.496289813518524081e+00
1.302204805612564131e+00
9.832785844802856001e-01
9.487525165081024392e-01
9.572184205055236372e-01
5.856414437294006348e-01
4.408516198396682517e-01
3.783685177564620750e-01
4.087213516235351785e-01
6.059481501579284668e-01
9.994010686874389426e-01
1.029265034198761031e+00
8.222166866064071211e-01
5.459235906600952148e-01
4.059338271617889404e-01
4.098399266600608604e-01
3.594717577099800221e-01
5.185676515102386475e-01
4.360030472278594860e-01
3.896614566445350536e-01
3.227216258645057567e-01
4.061506956815719716e-01
4.030299484729766846e-01
3.506219267845153698e-01
4.259688347578048928e-01
4.324559673666953930e-01
3.329972311854362266e-01
6.386680841445923074e-01
4.630843490362167580e-01
6.869233727455139604e-01
8.142272621393203957e-01
5.198708981275558250e-01
2.717664182186126931e-01
2.189547315239906422e-01
4.233696028590202554e-01
2.464734613895416260e-01
3.026559531688690075e-01
3.913080632686615212e-01
6.708258941769600359e-01
2.118372723460197338e-01
2.312468260526657216e-01
1.793501697480678614e-01
2.016903311014175415e-01
3.361081853508949280e-01
3.902295485138893016e-01
4.088972240686416515e-01
3.773891150951385609e-01
3.975359864532947429e-01
2.929272376000880973e-01
4.219300389289856179e-01
4.366359725594520791e-01
2.872697085142135731e-01
2.188651606440544239e-01
2.467445373535156194e-01
2.272288531064987072e-01
2.518492132425308450e-01
4.606791198253631370e-01
3.250942915678024514e-01
1.903035804629325811e-01
3.161938026547431724e-01
2.026404097676277050e-01
2.877549722790718190e-01
3.488328829407691956e-01
2.022928580641746577e-01
3.504031956195831077e-01
4.923275306820869557e-01
4.384840056300163269e-01
3.275960013270378113e-01
3.761511623859405407e-01
2.243053019046783447e-01
5.272072732448578325e-01
3.714046582579612621e-01
1.754198901355266682e-01
1.624992713332176208e-01
1.543199427425861470e-01
1.681601576507091578e-01
2.000148162245750372e-01
2.118495628237724304e-01
3.134543314576149209e-01
3.906437888741493003e-01
5.042814478278160317e-01
2.152529969811439459e-01
1.379390642046928461e-01
1.413303680717944988e-01
2.235813945531845148e-01
1.967439018189907074e-01
2.027955830097198375e-01
3.935050003230571858e-01
3.896759718656540028e-01
2.597769170999527089e-01
7.248686432838440385e-01
5.710944816470145957e-01
2.925963103771209717e-01
2.204893976449966431e-01
3.974900133907794952e-01
2.808600142598152161e-01
1.352196797728538458e-01
1.321021772921085469e-01
1.346428401768207661e-01
1.759144984185695704e-01
1.181302972137927981e-01
1.131010964512824957e-01
1.407948538661003002e-01
1.171154066920280512e-01
1.214669249951839392e-01
1.458242096006870381e-01
1.655166931450366974e-01
1.872424006462097279e-01
1.824454970657825581e-01
1.806575231254100855e-01
1.556835748255252783e-01
1.203199170529842404e-01
1.178595177829265539e-01
1.317364640533923992e-01
2.589429117739200370e-01
2.976544931530952232e-01
2.600851692259311676e-01
2.268916860222816578e-01
1.439019702374935150e-01
1.152789600193500491e-01
1.186798475682735443e-01
1.345111317932605743e-01
1.650604195892810822e-01
1.209663711488246918e-01
1.943359822034835815e-01
1.657959982752799932e-01
1.224871583282947513e-01
1.222096860408782987e-01
1.140801616013050052e-01
1.284318350255489460e-01
1.320426419377326854e-01
1.334247805178165325e-01
9.632263779640197476e-02
1.073433101177215521e-01
9.303426593542099554e-02
1.182307772338390406e-01
1.239761404693126706e-01
2.417431429028510936e-01
1.911872498691082056e-01
1.602856852114200592e-01
1.173086598515510615e-01
1.178707249462604550e-01
1.140866629779338781e-01
1.104672946035862025e-01
1.133232720196247073e-01
1.144952915608882932e-01
1.116461455821990967e-01
9.786108285188674372e-02
1.918582089245319255e-01
2.792119666934013145e-01
2.711652666330337524e-01
3.051664844155311807e-01
2.539693884551524894e-01
1.427152238786220662e-01
1.625390470027923695e-01
1.902770832180976923e-01
1.301986008882522472e-01
1.893566891551017872e-01
2.209873251616954748e-01
1.796124055981636047e-01
1.038669265806674985e-01
1.376231350004673004e-01
2.092640951275825389e-01
1.590341627597808838e-01
1.745181709527969249e-01
1.592575281858444325e-01
1.236444532871246310e-01
9.753878563642501276e-02
1.234472736716270419e-01
1.776929244399070851e-01
2.738293781876564026e-01
2.065680548548698425e-01
1.117874257266521509e-01
1.481308795511722676e-01
1.703004427254199982e-01
1.144702337682247106e-01
1.210483953356742831e-01
1.435967437922954504e-01
9.470138065516948978e-02
7.995671294629573544e-02
1.466420106589794159e-01
1.548913978040218353e-01
8.872533589601516724e-02
1.043950077146291733e-01
1.051903091371059473e-01
2.170409709215164185e-01
2.390344552695751190e-01
1.682184644043445698e-01
1.134995169937610682e-01
1.027907915413379669e-01
1.695028051733970531e-01
1.335231803357601055e-01
1.162148784846067373e-01
9.174373336136340540e-02
9.639208242297173101e-02
1.091239832341670962e-01
8.705596625804901123e-02
1.090114206075668279e-01
1.365172438323497828e-01
8.642530366778373996e-02
1.112944815307855551e-01
1.043358799070119858e-01
1.119743503630161313e-01
1.082692988216877039e-01
1.063020065426826533e-01
8.001329451799392423e-02
8.275975212454796115e-02
1.016434106975793866e-01
9.627948030829429349e-02
8.803301714360714514e-02
7.466130256652832309e-02
7.613569423556328097e-02
9.427627585828304846e-02
1.101164042949676486e-01
7.549761161208153049e-02
9.991890080273151120e-02
9.619098752737045843e-02
8.362358435988426208e-02
1.426847651600837708e-01
8.936732411384581964e-02
8.513598702847957611e-02
9.086155928671360571e-02
7.979021221399307251e-02
7.388302236795425693e-02
7.732335887849331457e-02
9.328899681568145197e-02
1.239176228642463740e-01
1.064523506909608869e-01
8.382866382598877508e-02
7.592316605150699338e-02
9.975649714469909946e-02
1.346427753567695507e-01
9.445946775376797000e-02
8.340841084718704501e-02
7.220242954790592749e-02
9.883687347173690518e-02
1.077446397393941879e-01
1.316094439476728495e-01
1.046198569238185883e-01
1.248133961111307089e-01
1.256449475884437450e-01
9.807524941861629764e-02
1.006335560232400894e-01
1.066595692187547739e-01
9.782104194164276123e-02
1.203643519431352588e-01
8.413420580327510279e-02
7.250365205109118860e-02
8.224341794848441523e-02
8.750581517815589350e-02
8.230464383959770758e-02
6.921260207891463678e-02
6.854148209095001221e-02
7.319546639919280451e-02
8.256851322948932648e-02
1.101065818220376968e-01
8.820019774138927737e-02
8.165438249707221430e-02
7.878496423363685885e-02
1.190457750111818258e-01
7.216742523014545163e-02
8.798046261072159369e-02
7.935356609523296079e-02
1.061850901693105753e-01
8.511285819113253992e-02
1.047574236989021329e-01
7.890524491667746942e-02
1.461626790463924352e-01
1.539387792348861639e-01
1.071733832359313965e-01
1.157939583063125610e-01
7.977150119841099063e-02
8.051135204732418060e-02
6.989755332469940741e-02
6.889342330396175385e-02
7.484461627900600156e-02
7.865923866629601080e-02
8.956464082002639493e-02
1.148000016808509854e-01
7.900808192789554596e-02
1.507929779589176067e-01
1.348781622946262360e-01
8.709132224321365634e-02
8.793327361345290583e-02
1.111636925488710403e-01
1.676640354096889385e-01
1.163534171879291590e-01
8.675008416175841730e-02
7.077079713344573697e-02
7.799781635403632563e-02
8.346969597041606348e-02
9.156958572566509247e-02
1.072772160172462408e-01
1.026766788214445170e-01
9.030088335275650302e-02
7.252122089266777039e-02
8.698703944683075506e-02
9.097194634377955835e-02
7.311799786984921057e-02
9.118283689022063654e-02
6.712207235395908911e-02
6.893208734691143313e-02
6.518693268299102783e-02
6.890550442039966583e-02
6.567082218825817663e-02
6.874879412353038233e-02
6.973887979984283447e-02
6.936246342957019806e-02
7.185256555676459989e-02
7.380913086235522946e-02
7.298109680414199829e-02
6.774799823760986606e-02
7.109765559434891302e-02
6.969927996397018433e-02
6.903562247753143588e-02
7.689015604555607397e-02
7.959336526691913882e-02
7.373305261135101873e-02
7.316872775554657260e-02
7.644875235855579099e-02
9.074374288320541382e-02
8.562336228787899295e-02
6.840446852147578916e-02
6.383472010493278226e-02
6.675857752561568936e-02
1.025726988911628695e-01
9.634433314204216003e-02
6.923634521663188379e-02
6.677562482655048648e-02
6.698293238878250122e-02
7.759115807712077539e-02
9.603723734617233831e-02
6.521815434098243713e-02
7.184258550405502042e-02
6.720220260322093409e-02
7.496868595480918329e-02
6.739379018545151034e-02
6.607001908123492917e-02
6.668566241860389432e-02
6.419671066105366031e-02
7.308476306498050412e-02
7.331732138991356451e-02
1.136639498174190493e-01
6.945121102035045624e-02
6.501551568508148748e-02
6.457654125988483707e-02
6.819353289902210791e-02
6.974561102688311975e-02
8.818648494780063907e-02
9.375263936817646027e-02
7.839167863130569458e-02
8.683937080204487402e-02
9.369235225021839419e-02
9.484711363911628446e-02
1.062350489199161557e-01
7.944656759500504095e-02
8.328268341720104773e-02
8.107278347015381414e-02
8.582981862127780914e-02
7.262841649353504736e-02
6.821774467825889032e-02
7.701449394226074496e-02
7.651181146502494812e-02
8.617911823093890589e-02
8.427777364850044806e-02
8.363246917724609375e-02
7.506174631416798193e-02
7.677230201661586206e-02
8.758151195943356115e-02
7.810486368834972104e-02
8.101985082030296881e-02
1.078323978930711691e-01
8.515310250222682398e-02
8.469893820583820898e-02
7.031487599015236178e-02
6.572268046438693723e-02
6.616437286138535101e-02
7.793735638260841647e-02
9.664339236915112097e-02
8.334420286118984778e-02
7.911875508725643713e-02
6.815071403980255127e-02
6.504692360758781988e-02
6.350693590939045230e-02
6.821805424988269806e-02
7.356928624212741297e-02
6.194576732814312259e-02
6.743610464036464691e-02
8.042440526187419336e-02
8.267525136470794955e-02
6.736141443252563477e-02
6.432381160557269772e-02
6.099693924188613614e-02
7.216302230954170505e-02
8.244896270334720056e-02
7.508542239665985663e-02
6.532054282724857053e-02
6.344840452075004023e-02
7.059873975813388269e-02
7.193408347666263580e-02
6.360345594584941586e-02
6.953211799263954440e-02
6.161417439579963684e-02
6.064746417105197629e-02
6.234693378210067610e-02
6.209887415170669417e-02
6.209761202335357944e-02
6.269734017550945837e-02
6.156968697905540466e-02
6.305691674351691922e-02
6.751577407121658880e-02
7.044180519878864843e-02
6.885295920073986053e-02
6.046577580273151259e-02
6.202287450432777266e-02
6.610237695276736936e-02
6.541592478752136786e-02
7.229134701192378720e-02
6.533089354634284696e-02
6.941285692155360620e-02
6.050366237759589871e-02
6.206022650003432950e-02
6.171284578740596910e-02
6.741614751517772952e-02
6.948964595794678012e-02
6.431835703551769257e-02
6.029731631278991560e-02
6.219542995095252852e-02
6.454044803977013189e-02
6.026856228709220886e-02
7.036333866417407434e-02
6.397699490189552585e-02
5.990038067102432251e-02
7.841498143970966617e-02
6.758040450513362607e-02
8.049338907003403265e-02
6.481853090226649683e-02
6.660566143691540320e-02
7.294910214841365814e-02
6.251829229295254031e-02
6.137592755258083205e-02
6.349501125514507571e-02
6.270213164389133731e-02
6.374748311936855039e-02
7.581687867641448419e-02
6.301923990249633234e-02
6.457797884941100797e-02
6.245737001299857954e-02
6.411651149392127991e-02
6.136694252490997037e-02
6.452636979520320892e-02
6.080362871289253512e-02
6.297102048993111212e-02
6.468471214175224027e-02
6.006705127656460086e-02
5.826010219752788405e-02
6.940459161996841153e-02
7.287785187363624018e-02
7.136822566390037259e-02
7.200552597641944608e-02
7.132607102394103449e-02
6.404519826173782349e-02
6.087859831750393191e-02
6.145218908786773820e-02
6.680822148919104975e-02
6.196662932634353776e-02
6.853734664618968409e-02
6.192743629217147688e-02
6.549541614949702661e-02
6.761404871940612793e-02
5.812140218913555006e-02
6.334317922592162808e-02
6.144652292132377763e-02
7.054252922534942627e-02
5.696009509265422682e-02
6.837513856589794159e-02
6.442391760647296628e-02
6.830840036273003180e-02
6.483865007758141119e-02
6.444856375455856878e-02
7.280173711478710175e-02
6.407746933400630673e-02
6.877517402172088345e-02
7.086048908531665524e-02
6.570657454431057254e-02
6.112276613712310652e-02
6.338185630738735199e-02
6.294535920023917874e-02
6.947246938943862915e-02
7.407894730567932129e-02
5.947556383907794814e-02
6.193272806704044203e-02
8.520713001489639560e-02
7.323549650609492701e-02
5.882048122584819516e-02
5.949142426252364974e-02
6.627891287207603177e-02
8.752099946141242426e-02
6.153717376291752139e-02
6.341693289577961246e-02
5.832920894026756564e-02
7.773967273533344269e-02
6.006955392658710341e-02
6.044833511114120622e-02
6.062765643000602583e-02
6.115134321153163632e-02
6.029167175292968889e-02
6.052862517535686354e-02
5.948475226759910445e-02
6.046289987862109999e-02
5.987291932106018205e-02
5.929642058908939084e-02
6.050803400576114377e-02
6.205078065395355086e-02
5.900707505643367629e-02
6.214906871318817000e-02
5.992735214531421523e-02
5.925468467175960818e-02
6.175480186939239641e-02
6.262872703373431604e-02
6.223731450736522813e-02
6.170592606067657609e-02
6.069676391780376434e-02
5.948028080165386478e-02
6.243464127182960649e-02
5.931893102824688235e-02
6.072267703711986542e-02
5.953264012932777544e-02
6.144432388246059279e-02
6.231909058988094330e-02
6.244540773332118988e-02
6.589792706072331030e-02
6.361966505646705905e-02
5.799229852855205397e-02
5.941680744290352145e-02
7.129532136023045141e-02
5.683657452464103976e-02
6.281478404998779019e-02
5.948872752487659177e-02
6.227162964642048160e-02
6.026325561106204987e-02
5.937486365437507491e-02
6.123368777334690233e-02
5.935435891151428361e-02
5.934079959988593916e-02
6.006537452340125760e-02
5.936512425541877469e-02
6.186678335070609769e-02
6.169122271239757538e-02
5.926365517079830447e-02
5.981253758072853366e-02
6.179875172674655776e-02
5.953293591737747470e-02
6.113370582461356839e-02
5.920419730246066770e-02
5.906369723379611969e-02
6.111614629626273970e-02
6.164774484932422638e-02
6.030642427504062653e-02
6.077293939888477048e-02
5.947694927453994751e-02
5.940039940178394595e-02
5.921268947422504703e-02
6.117172352969646454e-02
6.004413515329361239e-02
6.451470069587231237e-02
5.938750021159648618e-02
6.108820289373397688e-02
6.153234168887138089e-02
6.301320381462574560e-02
5.895737782120704512e-02
6.245079562067985812e-02
5.855166688561439653e-02
6.007187403738498827e-02
5.864469483494758745e-02
5.919021740555763245e-02
6.247561313211917600e-02
6.109040714800358096e-02
6.655433624982834417e-02
5.840369239449501315e-02
5.994714759290218492e-02
5.859526805579662323e-02
6.167835928499698639e-02
6.091658547520637651e-02
5.934513136744499345e-02
5.945320501923560819e-02
5.948656760156154771e-02
5.973173305392265320e-02
6.357237920165062506e-02
5.961743518710136552e-02
5.994874835014343123e-02
5.906607881188392917e-02
6.083367392420768738e-02
6.133511587977409640e-02
5.852729864418506484e-02
6.434188112616538724e-02
5.768639370799064775e-02
6.038747504353523393e-02
5.971253141760825972e-02
6.071343421936035295e-02
5.915648266673088213e-02
5.916438400745391984e-02
6.226988472044468065e-02
5.815977752208709856e-02
5.879824794828891754e-02
5.792846791446208676e-02
5.942123606801032881e-02
5.863053612411021909e-02
5.951322913169861117e-02
5.913310907781123976e-02
5.907897017896175662e-02
5.880711600184440613e-02
5.890093483030796329e-02
5.917367301881313463e-02
5.940470583736896792e-02
5.956328064203262468e-02
5.943623259663581571e-02
5.972658060491085191e-02
5.883845426142216006e-02
5.902408808469772339e-02
5.834355689585209170e-02
5.890340134501457353e-02
5.994890555739403049e-02
5.852031409740447720e-02
5.893589965999126296e-02
5.945285409688949585e-02
5.860509164631366730e-02
5.908493958413600644e-02
5.908152163028716763e-02
5.785073973238467893e-02
5.872688926756382266e-02
5.953362286090850553e-02
5.883336998522281647e-02
5.850221104919910153e-02
5.847497396171093265e-02
5.841372683644294878e-02
5.943234115839004378e-02
5.860508307814597806e-02
6.012086756527423859e-02
5.942587666213512698e-02
5.908183678984642306e-02
5.887942872941494266e-02
5.886210203170776090e-02
6.079750284552574296e-02
5.910705551505088945e-02
5.943386442959308624e-02
5.810834057629108568e-02
5.819826349616050859e-02
5.827856287360191206e-02
5.974032282829284946e-02
6.096674688160419464e-02
5.785180367529392520e-02
5.931278020143508634e-02
5.793496258556842665e-02
5.792835652828216830e-02
5.900849848985671720e-02
5.805845931172370911e-02
5.799751356244087219e-02
5.915717259049415450e-02
5.763451382517814636e-02
5.880050361156463623e-02
5.846417881548404694e-02
5.808049477636813979e-02
6.191071718931197981e-02
5.928707085549831529e-02
5.906901657581329484e-02
5.988484509289264401e-02
5.858332365751266202e-02
5.906023271381855011e-02
5.919858776032924791e-02
5.844574794173240662e-02
5.761720761656761308e-02
5.846105590462684354e-02
5.860985666513442854e-02
5.927955359220504761e-02
5.923876948654651503e-02
5.770587362349033356e-02
5.830465219914913316e-02
5.900207757949828963e-02
5.860296152532100400e-02
6.243966184556484084e-02
5.707634165883064548e-02
5.905983224511146545e-02
5.753723122179508348e-02
6.082636378705501279e-02
5.682783760130405426e-02
5.921283736824989319e-02
5.954329483211040497e-02
5.840138867497444292e-02
5.916271284222603122e-02
6.066213622689246854e-02
6.068646684288978715e-02
5.863905623555183688e-02
5.873021148145198683e-02
5.829473622143268446e-02
5.799851156771183153e-02
5.774729177355766158e-02
5.842874646186828336e-02
5.904889404773712436e-02
5.811598189175128798e-02
5.834945663809776306e-02
5.804363973438739915e-02
5.796259082853794098e-02
5.850635431706905504e-02
5.826509967446327071e-02
5.787486620247363905e-02
5.834683030843734741e-02
5.754302479326724867e-02
5.791092477738857269e-02
5.767094194889068465e-02
5.751418322324752808e-02
5.848337784409522733e-02
5.772023387253284732e-02
5.774922147393226485e-02
5.758996047079563418e-02
5.764748938381671767e-02
5.850700139999389510e-02
5.734659582376479964e-02
5.747051574289798598e-02
5.807956755161285123e-02
5.798410438001155853e-02
5.765014588832854947e-02
5.771765448153019090e-02
5.792924873530864993e-02
5.780699215829372684e-02
5.799936465919017931e-02
5.750407092273235321e-02
5.784060060977935791e-02
5.778678543865680556e-02
5.745934396982192716e-02
5.774281993508338651e-02
5.750918202102184296e-02
5.887564904987811765e-02
5.735312961041927338e-02
5.767017155885696689e-02
5.822066701948643008e-02
5.756624750792980333e-02
5.761233754456043105e-02
5.904193259775638442e-02
5.771106518805026869e-02
5.768553130328655382e-02
5.808737203478812894e-02
5.818528681993484497e-02
5.867471210658550124e-02
5.786565057933330813e-02
5.791012123227119723e-02
5.777043253183365007e-02
5.812551714479922971e-02
5.778092332184314728e-02
5.825189203023910245e-02
5.806263275444507876e-02
5.750057138502597670e-02
5.764661282300949374e-02
5.791185423731803894e-02
5.822336971759796420e-02
5.879015773534775058e-02
5.788628049194812636e-02
5.750633813440799574e-02
5.769799984991550584e-02
5.777923315763473788e-02
5.747639760375022888e-02
5.811819583177566667e-02
5.772766210138798038e-02
5.879300124943256239e-02
5.898429043591022630e-02
5.779210589826107303e-02
5.747166499495506148e-02
5.780274309217929563e-02
5.762167237699031969e-02
5.733406729996204376e-02
5.749734863638877869e-02
5.738993696868419786e-02
5.756264105439186374e-02
5.803033038973808011e-02
5.738204419612884244e-02
5.777603387832641602e-02
5.740106590092182437e-02
5.768876299262046953e-02
5.838640965521335602e-02
5.737729631364345273e-02
5.881325639784336368e-02
5.848006606101989469e-02
5.759034231305122653e-02
5.790001302957534929e-02
5.741208866238593778e-02
5.736853145062923570e-02
5.732035227119922777e-02
5.754149705171585083e-02
5.735037550330161771e-02
5.841673873364925523e-02
5.795179046690464297e-02
5.765215344727039198e-02
5.811136253178119521e-02
5.791833736002445499e-02
5.933935716748237749e-02
5.780936665832996091e-02
5.768910571932792802e-02
5.701326541602611681e-02
5.732418969273567200e-02
5.784109197556972642e-02
5.723375938832760135e-02
5.724534727632999559e-02
5.717408806085586687e-02
5.719021745026111464e-02
5.728321373462676863e-02
5.734006687998771667e-02
5.763443373143672943e-02
5.710978992283344269e-02
5.785312466323375841e-02
5.719691067934036532e-02
5.751045197248459001e-02
5.742102637887001176e-02
5.749085545539855957e-02
5.736500732600689073e-02
5.729346424341201505e-02
5.715309344232082089e-02
5.730230472981930057e-02
5.739869736135005951e-02
5.712686106562614441e-02
5.718758627772331515e-02
5.747972428798675537e-02
5.725321546196937561e-02
5.731208957731723924e-02
5.740524157881736478e-02
5.724494531750679016e-02
5.780441053211689273e-02
5.731796137988567214e-02
5.753507204353809634e-02
5.736483931541443149e-02
5.712526850402355194e-02
5.741422101855277876e-02
5.723413601517677446e-02
5.727495476603507857e-02
5.727979838848114291e-02
5.715834833681583682e-02
5.761383175849914273e-02
5.724344700574875155e-02
5.728895552456379076e-02
5.720971636474132815e-02
5.728123635053634921e-02
5.738477706909179965e-02
5.722064264118671695e-02
5.719530954957008362e-02
5.731333047151565552e-02
5.747845061123370985e-02
5.729043148458003859e-02
5.788363814353943149e-02
5.744902081787586073e-02
5.727041512727737427e-02
5.710832253098487715e-02
5.715098083019256453e-02
5.715331211686134477e-02
5.714205056428909441e-02
5.730329640209674835e-02
5.743190273642539978e-02
5.717538483440876007e-02
5.730260685086250444e-02
5.775332823395729065e-02
5.717983879148959975e-02
5.711133256554603438e-02
5.715227164328098158e-02
5.742780715227126936e-02
5.744416676461696486e-02
5.710480958223342757e-02
5.719033144414424619e-02
5.708134025335311751e-02
5.710949264466762265e-02
5.733977332711219510e-02
5.714174062013625821e-02
5.720600038766861239e-02
5.753524675965308866e-02
5.706824958324432234e-02
5.708724372088909427e-02
5.710400938987732211e-02
5.721322745084762851e-02
5.719889141619205475e-02
5.713262483477592191e-02
5.734642818570136885e-02
5.761314295232296268e-02
5.711614824831486026e-02
5.707757659256458560e-02
5.715317279100418091e-02
5.727761946618557115e-02
5.701886005699634274e-02
5.719273388385772566e-02
5.723599158227443695e-02
5.744837597012519836e-02
5.728175975382328311e-02
5.760693401098251204e-02
5.720612518489361087e-02
5.700654946267604689e-02
5.717274509370327135e-02
5.709256194531917711e-02
5.721030160784721513e-02
5.730342864990234375e-02
5.734520480036735257e-02
5.707669630646705627e-02
5.717657171189784865e-02
5.712858624756336073e-02
5.720688365399837633e-02
5.722612254321575442e-02
5.711277984082698683e-02
5.716529488563537598e-02
5.730195157229900360e-02
5.698919929563998898e-02
5.738863646984100619e-02
5.704800561070442338e-02
5.704255849123000821e-02
5.699683241546153745e-02
5.700885020196437558e-02
5.701570436358451704e-02
5.701581835746764859e-02
5.701099596917628964e-02
5.708989240229130069e-02
5.708380304276942929e-02
5.713067986071109633e-02
5.701592750847339630e-02
5.708441324532032013e-02
5.701570287346839627e-02
5.701440535485744615e-02
5.697248578071593961e-02
5.703607238829135756e-02
5.713683590292930464e-02
5.699294805526733398e-02
5.698488540947437009e-02
5.701667107641696791e-02
5.697303675115108351e-02
5.697126649320125719e-02
5.721336565911770006e-02
5.710769444704055786e-02
5.702250115573406081e-02
5.719242729246616641e-02
5.714755952358245572e-02
5.702054388821124753e-02
5.719171911478042325e-02
5.693921111524104933e-02
5.718529820442199568e-02
5.692822746932506284e-02
5.702411867678165713e-02
5.708445869386195859e-02
5.695812031626701355e-02
5.701737739145755490e-02
5.699017234146595140e-02
5.707277990877628049e-02
5.702004209160804749e-02
5.691735036671161790e-02
5.725502111017703732e-02
5.706552751362323900e-02
5.700064636766910553e-02
5.694947242736816267e-02
5.697853453457355638e-02
5.706060193479060849e-02
5.741388425230979642e-02
5.694394446909427365e-02
5.713952109217643877e-02
5.702254474163055697e-02
5.693185031414031705e-02
5.700328275561332425e-02
5.692933388054370603e-02
5.728829056024551530e-02
5.693497508764266968e-02
5.697225518524647037e-02
5.698643364012241641e-02
5.697949342429638186e-02
5.699675008654594283e-02
5.716602317988872528e-02
5.699248388409614702e-02
5.701307915151119371e-02
5.703780874609946927e-02
5.692006573081016818e-02
5.695579349994659563e-02
5.706835538148880005e-02
5.712130889296531538e-02
5.691232867538929124e-02
5.702128186821937839e-02
5.704343393445014676e-02
5.689886994659900527e-02
5.688315257430076599e-02
5.695647448301315030e-02
5.696120709180831770e-02
5.704052522778511186e-02
5.688183531165123125e-02
5.696245990693569322e-02
5.697491988539695601e-02
5.693264454603195329e-02
5.695230290293693681e-02
5.711778290569782118e-02
5.692650564014911652e-02
5.692429654300212860e-02
5.706013441085815152e-02
5.688814334571361264e-02
5.696495734155178348e-02
5.696129612624645233e-02
5.693083964288234849e-02
5.696514621376991272e-02
5.704266801476478438e-02
5.691311024129390439e-02
5.691691860556602478e-02
5.697023235261440555e-02
5.697029493749141554e-02
