9.756051103274027136e-01
1.131258030732472664e+00
8.845129807790120813e-01
9.189110000928243371e-01
7.233051856358846399e-01
5.944618185361226770e-01
4.131165246168772565e-01
4.154609342416127338e-01
3.426660497983296527e-01
4.613302946090698242e-01
8.165558377901712683e-01
1.005744516849517822e+00
3.809020320574442731e-01
4.609205822149912701e-01
3.282503883043925152e-01
4.231954813003540039e-01
4.965672592322031842e-01
4.275666872660319195e-01
3.316907385985056744e-01
3.597424626350402832e-01
3.800804217656453265e-01
3.437220156192779541e-01
3.528300523757934570e-01
3.598305483659108295e-01
5.114029943943023682e-01
4.408937096595764160e-01
8.008877933025360107e-01
3.990491032600402832e-01
6.531986991564432410e-01
1.159044702847798591e+00
7.368534008661905554e-01
3.293490807215372906e-01
2.573012957970301495e-01
4.665672381718953265e-01
2.284525136152903146e-01
2.543231397867202759e-01
2.605808377265930176e-01
1.234740555286407471e+00
3.438999205827713013e-01
2.229794859886169434e-01
3.904569844404856549e-01
2.167159567276636667e-01
2.104458113511403494e-01
5.077543059984842566e-01
2.793289224306742535e-01
6.463298002878824500e-01
2.171870172023773193e-01
2.788124829530715942e-01
4.474699298540751324e-01
4.403269986311594830e-01
2.507696251074473248e-01
2.703250696261723651e-01
2.334487587213516235e-01
2.291485766569773264e-01
2.804294327894846783e-01
6.762248873710632324e-01
2.099516789118448801e-01
2.640107373396555768e-01
2.019245127836863107e-01
4.364657898743947162e-01
2.080868532260259085e-01
5.467409193515777588e-01
2.331210871537526541e-01
2.515073319276173724e-01
6.086821754773458215e-01
3.551740696032841815e-01
2.837002128362655640e-01
3.425236642360687256e-01
2.125819077094396048e-01
5.458092292149862024e-01
7.240804334481557580e-01
2.580148428678512573e-01
2.427128007014592581e-01
2.094747523466745920e-01
2.172523885965347290e-01
3.664379268884658813e-01
2.349589119354883737e-01
3.312487800916035785e-01
5.103465219338735315e-01
3.082801997661590576e-01
4.677833020687103271e-01
2.309945027033487863e-01
2.049627105394999094e-01
3.477413604656855450e-01
2.271470725536346436e-01
3.121494650840759277e-01
4.774811069170634137e-01
5.045714477698007849e-01
2.055096377929051810e-01
7.588197390238443640e-01
8.063586453596750525e-01
2.864423493544260846e-01
3.635395119587580548e-01
4.590356647968292236e-01
2.392164518435796194e-01
3.564981073141098022e-01
1.962448408206304007e-01
2.161106467247009277e-01
1.838620354731877737e-01
1.936101367076238089e-01
1.853056599696477347e-01
2.463251004616419382e-01
2.511307199796040668e-01
1.801707247893015451e-01
1.813767453034718924e-01
1.779435376326242990e-01
2.432058354218800955e-01
3.296614785989125385e-01
1.963569422562917166e-01
2.056840757528940744e-01
1.759326507647832327e-01
1.853708525498708182e-01
2.057044704755147391e-01
3.486153781414031982e-01
2.975065608819325580e-01
4.147309462229410992e-01
2.315295040607452393e-01
2.466152111689249582e-01
1.819839626550674438e-01
1.752503166596094675e-01
2.031183044115702219e-01
2.296351095040639334e-01
1.786886304616928101e-01
3.754334946473439349e-01
2.069921344518661499e-01
2.137579023838043213e-01
1.689466387033462524e-01
1.787939816713333130e-01
1.793068349361419678e-01
1.796099642912546701e-01
2.354691376288731985e-01
1.862405141194661551e-01
1.917734891176223755e-01
1.736828138430913382e-01
2.280760308106740408e-01
1.768815567096074515e-01
2.812557866175969257e-01
3.765501528978347778e-01
1.891181419293085642e-01
1.742181579271952219e-01
2.706287900606791363e-01
1.799743920564651489e-01
1.996028174956639700e-01
1.853120823701222830e-01
2.369159609079360962e-01
2.003593991200129099e-01
1.867068707942962646e-01
1.935363511244455881e-01
3.787064800659815655e-01
2.795109053452809467e-01
7.096056838830312463e-01
5.289055109024047852e-01
2.572001119454701556e-01
2.347285896539688110e-01
2.619159221649169922e-01
2.373320062955220633e-01
2.880829224983851300e-01
3.630823294321696149e-01
4.688853323459625244e-01
1.700053314367930002e-01
2.008692423502604074e-01
4.231239010890324725e-01
1.734913190205892020e-01
3.498153189818064557e-01
1.930323839187622070e-01
2.192553778489430838e-01
1.942438334226608276e-01
2.490494052569071359e-01
1.916992962360382080e-01
3.023485292991002216e-01
4.070900579293568744e-01
1.830789695183435983e-01
1.855746954679489136e-01
2.672717571258544922e-01
1.772258480389913016e-01
2.505242427190144672e-01
2.837195942799250470e-01
1.883798688650131226e-01
1.624541630347569876e-01
2.423886011044184274e-01
2.717437048753102435e-01
1.998302588860193796e-01
1.620529939730962210e-01
1.698927978674570627e-01
2.899018277724583759e-01
3.558338135480880737e-01
1.968739132086435861e-01
2.363651394844055176e-01
1.811205744743347168e-01
1.696141064167022705e-01
1.881819417079289847e-01
2.093217025200525827e-01
1.550567249457041330e-01
1.632981201012929373e-01
2.440196722745895386e-01
1.551844527324040823e-01
1.918348520994186401e-01
2.387304703394571848e-01
1.581069727738698416e-01
1.584064513444900513e-01
2.426694631576538086e-01
1.545142233371734619e-01
1.603275785843531198e-01
2.077554762363433838e-01
1.629636883735656738e-01
1.677499910195668631e-01
1.944944312175115042e-01
1.643753846486409598e-01
1.563539355993270874e-01
1.644110530614852905e-01
1.590513239304224558e-01
1.714064578215281076e-01
1.786812146504720145e-01
1.592095543940862112e-01
1.733340422312418527e-01
1.621789435545603342e-01
1.639722287654876709e-01
2.116097410519917899e-01
1.631235331296920776e-01
1.589143325885137015e-01
1.560342858235041208e-01
1.549904098113377982e-01
1.761310100555419922e-01
1.536992887655893869e-01
1.621711005767186575e-01
2.769895394643147601e-01
1.826939781506856375e-01
1.601109951734542847e-01
1.592716425657272339e-01
1.918894499540328979e-01
1.733383188645044870e-01
2.291740427414576120e-01
1.630914608637491769e-01
1.552738944689432687e-01
1.695788999398549490e-01
1.694160997867584229e-01
2.248241056998570853e-01
2.061065336068471365e-01
1.713605225086212158e-01
2.448723812898000174e-01
1.815256476402282715e-01
1.710453331470489502e-01
1.902170032262802124e-01
1.575852086146672659e-01
2.242988497018814087e-01
1.883553663889566965e-01
1.656235059102376395e-01
1.745359599590301514e-01
1.866873751084009714e-01
1.542858133713404245e-01
1.638090660174687796e-01
1.567905892928441458e-01
1.562223434448242188e-01
1.594623972972234183e-01
2.255513866742452078e-01
1.637491136789321899e-01
1.633284787336985178e-01
2.001475542783737183e-01
2.765125284592310773e-01
1.686831464370091849e-01
1.568653831879297800e-01
1.680117150147756033e-01
2.170290996630986624e-01
1.680823961893717355e-01
2.434996217489242554e-01
1.565053810675939017e-01
2.022221138079961233e-01
2.923208127419154034e-01
1.752804915110270090e-01
2.722642024358113422e-01
1.482970217863718576e-01
1.931068152189254761e-01
1.665375481049219675e-01
1.535017887751261301e-01
1.506127119064331055e-01
1.615846604108810425e-01
1.686940242846806937e-01
1.888850529988606863e-01
1.770061453183492117e-01
2.302303363879521780e-01
2.458490480979283743e-01
1.692631294329961233e-01
1.738646576801935739e-01
1.995341430107752390e-01
1.753442833820978708e-01
2.745140095551808490e-01
1.712387402852376395e-01
1.542333066463470459e-01
1.575632741053899222e-01
1.614671200513839722e-01
1.550358484188715524e-01
1.529570370912551880e-01
2.060055136680603027e-01
1.827211777369181223e-01
1.584312866131464548e-01
1.703315377235412598e-01
1.536032209793726511e-01
1.553731461366017752e-01
1.534759352604548044e-01
1.574512968460718698e-01
1.673921495676040649e-01
1.535125424464543753e-01
1.612431605656941824e-01
1.586049646139144897e-01
1.600860506296157837e-01
1.658321122328440256e-01
1.609275043010711670e-01
1.513607601324717111e-01
1.507231642802556448e-01
1.607511887947718210e-01
1.640142003695169992e-01
1.499693741401036673e-01
1.695853372414906912e-01
1.512121210495630808e-01
1.529175241788228445e-01
2.051618347565332956e-01
1.572855710983276367e-01
1.744591891765594482e-01
1.523438245058059692e-01
1.594938486814498901e-01
1.838560799757639475e-01
1.610505382219950266e-01
1.634235630432764597e-01
1.659750888744989938e-01
1.783336450656255179e-01
1.833858937025070190e-01
1.716035703818003244e-01
1.593272934357325143e-01
1.591191242138544626e-01
1.588563521703084402e-01
1.686607996622721262e-01
1.552839924891789847e-01
1.672149896621704102e-01
1.557077815135320120e-01
1.610238750775655203e-01
1.616385976473490305e-01
1.565303554137547903e-01
1.574556231498718262e-01
1.577892005443572998e-01
1.591244240601857596e-01
1.532387286424636841e-01
1.506025244792302542e-01
1.564386934041976929e-01
1.491666734218597412e-01
1.570408791303634644e-01
1.600233664115270071e-01
1.513088891903559274e-01
1.826973110437393188e-01
1.677303016185760498e-01
1.717821756998697824e-01
1.544067561626434326e-01
1.721441199382146292e-01
1.890957603851954050e-01
1.819763531287511282e-01
1.871346036593119211e-01
1.664916624625523978e-01
1.588845352331797189e-01
1.543864210446675711e-01
1.573778788248697824e-01
1.602884133656819754e-01
1.551643311977386475e-01
1.702352464199066162e-01
1.495726853609085083e-01
1.612568547328313284e-01
1.504680166641871042e-01
1.789002964893976755e-01
1.663613617420196533e-01
1.591804275910059518e-01
1.635869691769281931e-01
1.535728424787521362e-01
1.731197188297907419e-01
1.935820331176122122e-01
1.735647618770599365e-01
1.563732425371805734e-01
1.523936092853546143e-01
1.523833473523457938e-01
1.577400515476862497e-01
1.589193542798360281e-01
2.270860274632771902e-01
1.581322302420934134e-01
1.553010294834772653e-01
1.530025055011113577e-01
1.572286387284596854e-01
1.699777493874231882e-01
1.651087949673334665e-01
1.606910278399785452e-01
1.562922994295755930e-01
1.499690612157185965e-01
1.510177602370580130e-01
1.560773005088170462e-01
1.488568286101023264e-01
1.671623786290486746e-01
1.488383014996846609e-01
1.667295147975285941e-01
1.881608217954635620e-01
1.531433413426081247e-01
1.557070116202036447e-01
1.495493948459625244e-01
1.793567339579264230e-01
1.538605292638142996e-01
1.550948868195215768e-01
1.489626467227935791e-01
1.543248146772384644e-01
1.512178877989450998e-01
1.557218184073766165e-01
1.577788442373275757e-01
1.535854736963907785e-01
1.559635549783706665e-01
1.610481639703114920e-01
1.535085141658782959e-01
1.492059032122294016e-01
1.554853767156600952e-01
1.541776557763417654e-01
1.565975000460942679e-01
1.542275746663411551e-01
1.511073162158330374e-01
1.755659580230712891e-01
1.490403314431508475e-01
1.559956520795822144e-01
1.500274191300074167e-01
1.589257766803105765e-01
1.508343170086542673e-01
1.554307887951532907e-01
1.503465821345647269e-01
1.671178787946701050e-01
1.509185185035069876e-01
1.565467913945516043e-01
1.545297106107076102e-01
1.588387538989385062e-01
1.621460070212682181e-01
1.607196281353632517e-01
1.628051747878392630e-01
1.675396064917246408e-01
1.509595264991124564e-01
1.592225780089696341e-01
1.554118146498998099e-01
1.520767410596211844e-01
1.583220263322194510e-01
1.544410735368728638e-01
1.558875838915506906e-01
1.537896841764450073e-01
1.523939172426859445e-01
1.540143390496571951e-01
1.523656000693639212e-01
1.608078628778457642e-01
1.495488931735356741e-01
1.563438822825749808e-01
1.559847593307495117e-01
1.529652724663416452e-01
1.532459209362665720e-01
1.542203327020009451e-01
1.504863748947779245e-01
1.568645785252253122e-01
1.519878208637237549e-01
1.588058123985926218e-01
1.489375084638595581e-01
1.790637075901031494e-01
1.930371522903442383e-01
1.760063370068868094e-01
1.622994045416513986e-01
1.607805242141087942e-01
1.540658771991729736e-01
1.509575098752975464e-01
1.528233538071314401e-01
1.528818507989247732e-01
1.574773738781611032e-01
1.580716470877329416e-01
1.528732577959696359e-01
1.550292571385701590e-01
1.547580957412719727e-01
1.474427580833435059e-01
1.600206096967061453e-01
1.500572015841802054e-01
1.626792897780736380e-01
1.502485722303390503e-01
1.588877836863199777e-01
1.499475836753845215e-01
1.580605457226435251e-01
1.532575041055679321e-01
1.505255550146102905e-01
1.575268755356470651e-01
1.513677835464477539e-01
1.555967479944229126e-01
1.539305150508880615e-01
1.569488197565078735e-01
1.653748005628585815e-01
1.572108765443166190e-01
1.619940449794133597e-01
1.586765398581822806e-01
1.709874023993810110e-01
1.603890806436538696e-01
1.624284386634826660e-01
1.717582245667775565e-01
1.653670122226079398e-01
1.634849607944488525e-01
1.511776794989903860e-01
1.510997414588928223e-01
1.675006101528803415e-01
1.496263394753138132e-01
1.678749223550160818e-01
1.551650563875834055e-01
1.501954942941665649e-01
1.555960128704706735e-01
1.515022218227386475e-01
1.545528570810953684e-01
1.534297615289688110e-01
1.552505691846211844e-01
1.498058090607325143e-01
1.572852333386739188e-01
1.525776286919911795e-01
1.530914853016535349e-01
1.573225657145182199e-01
1.554187039534250803e-01
1.553069055080413818e-01
1.535989095767339163e-01
1.541870385408401489e-01
1.585347255071004324e-01
1.517020066579183035e-01
1.547653973102569580e-01
1.551831662654876709e-01
1.512400557597478323e-01
1.554094453652699881e-01
1.533865382273991995e-01
1.552646160125732422e-01
1.478108565012613840e-01
1.614203304052352905e-01
1.527282794316609793e-01
1.514054040114084787e-01
1.529530286788940430e-01
1.539952605962753296e-01
1.565642307202021188e-01
1.558551937341690063e-01
1.524345527092615671e-01
1.575312515099843436e-01
1.485377351442972726e-01
1.471847544113794870e-01
1.573474705219268799e-01
1.542890220880508423e-01
1.531793077786763602e-01
1.525361686944961548e-01
1.597910175720850534e-01
1.515750040610631399e-01
1.534348279237747192e-01
1.513222505648930960e-01
1.531864951054255075e-01
1.558602501948674612e-01
1.490374108155568533e-01
1.494392305612564087e-01
1.544466714064280100e-01
1.580454558134078979e-01
1.500285963217417307e-01
1.510756760835647583e-01
1.580811689297358102e-01
1.511035760243733816e-01
1.594257255395253592e-01
1.532117774089177542e-01
1.493094414472579956e-01
1.588994612296422415e-01
1.527685970067977905e-01
1.535787930091222220e-01
1.558942943811416626e-01
1.557563294967015677e-01
1.512467712163925171e-01
1.538903266191482544e-01
1.555691262086232596e-01
1.502138922611872263e-01
1.561439037322998047e-01
1.489682892958323068e-01
1.562071392933527536e-01
1.563181728124618530e-01
1.618861258029937744e-01
1.490524013837178641e-01
1.521254678567250662e-01
1.512445012728373117e-01
1.548437128464380808e-01
1.563600500424703055e-01
1.507560908794403076e-01
1.640669206778208322e-01
1.491020321846008301e-01
1.563836336135864258e-01
1.590163658062616892e-01
1.473049769798914499e-01
1.550770799318949289e-01
1.495554298162460327e-01
1.564974884192148752e-01
1.514382312695185251e-01
1.514622171719869070e-01
1.583936562140782767e-01
1.503697286049524851e-01
1.580439656972885132e-01
1.537042011817296439e-01
1.530030866463979178e-01
1.541837950547536307e-01
1.496703674395879202e-01
1.540077676375707083e-01
1.536341110865274973e-01
1.517290771007537842e-01
1.518701165914535522e-01
1.563391039768854684e-01
1.525402863820393973e-01
1.558070381482442313e-01
1.570052951574325562e-01
1.548847506443659372e-01
1.516469369331995554e-01
1.544387986262639456e-01
1.505635480086008615e-01
1.571766585111618042e-01
1.513156195481618338e-01
1.544376711050669260e-01
1.528380910555521555e-01
1.556305835644404001e-01
1.517642488082250052e-01
1.530087689558664865e-01
1.506942510604858398e-01
1.517080068588256836e-01
1.540114631255467825e-01
1.573898345232009888e-01
1.523066908121109009e-01
1.594005276759465628e-01
1.539896776278813773e-01
1.540176520744959421e-01
1.568354417880376273e-01
1.537466744581858225e-01
1.513001620769500732e-01
1.606036374966303415e-01
1.587385485569635934e-01
1.570585370063781738e-01
1.520026475191116333e-01
1.534864604473114014e-01
1.509183098872502737e-01
1.529255161682764597e-01
1.575632592042287283e-01
1.503503521283467703e-01
1.533738027016321726e-01
1.506490210692087717e-01
1.506808549165725708e-01
1.567896455526351929e-01
1.566259612639745169e-01
1.541491498549779349e-01
1.498028089602788382e-01
1.569704661766687936e-01
1.536829123894373483e-01
1.492858727773030691e-01
1.546156009038289481e-01
1.569114675124486380e-01
1.574616134166717529e-01
1.518271118402481079e-01
1.553694258133570261e-01
1.530279070138931274e-01
1.534362733364105225e-01
1.549928834040959769e-01
1.532562822103500366e-01
1.512433588504791260e-01
1.531701286633809500e-01
1.548317025105158395e-01
1.543822338183720999e-01
1.553253879149754935e-01
1.509284625450769968e-01
1.514637966950734549e-01
1.533720940351486206e-01
1.581582079331080026e-01
1.537969261407852173e-01
1.564628978570302420e-01
1.512904167175292969e-01
1.560148100058237619e-01
1.544450720151265555e-01
1.486315280199050903e-01
1.559584488471349173e-01
1.538283030192057199e-01
1.491066366434097290e-01
1.500692963600158691e-01
1.562314977248509817e-01
1.524669975042343140e-01
1.538069993257522583e-01
1.574354370435079031e-01
1.555464814106623239e-01
1.508441269397735596e-01
1.559440692265828543e-01
1.513284246126810617e-01
1.552244126796722412e-01
1.562337279319763184e-01
1.500190695126851492e-01
1.527497520049413138e-01
1.540344903866449899e-01
1.555562466382980347e-01
1.507976551850636893e-01
1.485152691602706909e-01
1.576134612162908011e-01
1.525725722312927246e-01
1.513598759969075613e-01
1.591254472732543945e-01
1.524990648031234741e-01
1.551842093467712402e-01
1.553310354550679617e-01
1.549014002084732056e-01
1.517377297083536691e-01
1.518391420443852835e-01
1.498803893725077219e-01
1.565978328386942453e-01
1.515185286601384573e-01
1.555026471614837646e-01
1.501845270395278931e-01
1.501738826433817453e-01
1.631681472063064575e-01
1.518168449401855469e-01
1.509994169076283865e-01
1.549971501032511301e-01
1.525563746690750122e-01
1.564983427524566650e-01
1.550112664699554443e-01
1.519795755545298166e-01
1.545114467541376657e-01
1.523360808690389090e-01
1.554770668347676688e-01
1.515000065167745047e-01
1.518662919600804739e-01
1.511388371388117380e-01
1.535811225573221750e-01
1.578534195820490427e-01
1.519568065802256174e-01
1.531197627385457449e-01
1.545378615458806448e-01
1.491358081499735422e-01
1.565159410238265991e-01
1.523808538913726807e-01
1.521569142738977976e-01
1.541449079910914011e-01
1.534097145001093454e-01
1.553649952014287405e-01
1.536415368318557739e-01
1.522873193025588989e-01
1.529354949792226248e-01
1.522637357314427786e-01
1.500730464855829782e-01
1.574755211671193533e-01
1.536869059006372995e-01
1.508873552083969116e-01
1.499161173899968558e-01
1.509469300508499146e-01
1.561453789472579956e-01
1.534637610117594309e-01
1.507372558116912842e-01
1.527373592058817453e-01
1.583304504553476877e-01
1.541993618011474609e-01
1.519124756256739206e-01
1.517970214287439890e-01
1.513129423062006540e-01
1.561617056528727121e-01
1.506888171037038260e-01
1.556603064139684134e-01
1.516714543104171753e-01
1.536052127679189139e-01
1.553211410840352469e-01
1.530876706043879099e-01
1.525347232818603516e-01
1.522371868292490549e-01
1.508721063534418649e-01
1.532705078522364206e-01
1.520924220482508249e-01
1.530130157868067331e-01
1.558820853630701608e-01
1.540732880433400565e-01
1.521595567464828491e-01
1.563870161771774292e-01
1.502184619506200247e-01
1.533349752426147461e-01
1.558077633380889893e-01
1.538431495428085327e-01
1.545911431312561035e-01
1.525505781173706055e-01
1.535594562689463205e-01
1.555439531803131104e-01
1.542400916417439871e-01
1.508420606454213553e-01
1.509983738263448172e-01
1.490015238523483276e-01
1.555355836947759085e-01
1.507452030976613455e-01
1.506867508093515939e-01
1.553085893392562866e-01
1.565655171871185303e-01
1.538650393486022949e-01
1.485820710659027100e-01
1.559745818376541138e-01
1.537249783674875803e-01
1.525126596291860037e-01
1.523667424917221069e-01
1.521953195333480835e-01
1.525025665760040283e-01
1.516432066758473807e-01
1.511833717425664358e-01
1.504631688197453909e-01
1.518321533997853690e-01
1.535178224245707101e-01
1.515160401662190848e-01
1.548610826333363943e-01
1.527368972698847360e-01
1.559419383605321341e-01
1.569350312153498239e-01
1.501734604438146048e-01
1.547654767831166678e-01
1.547178626060485840e-01
1.511303534110387259e-01
1.556015660365422659e-01
1.538909922043482370e-01
1.524508893489837646e-01
1.556030760208765573e-01
1.567953129609425955e-01
1.537309487660726004e-01
1.557956288258234567e-01
1.525299300750096732e-01
1.495236357053121024e-01
1.503039648135503226e-01
1.529011329015096121e-01
1.532217959562937326e-01
1.505004415909449167e-01
1.539219915866851807e-01
1.569040815035502023e-01
1.533213555812835693e-01
1.561670700709024973e-01
1.519994338353475027e-01
1.524949421485265189e-01
1.532786935567855835e-01
1.575780808925628662e-01
1.491244783004125052e-01
1.533651401599248343e-01
1.527121712764104300e-01
1.542709569136301584e-01
1.544369012117385864e-01
1.542720297972361154e-01
1.518058627843856812e-01
1.553674985965093069e-01
1.516517251729965210e-01
1.500794490178426199e-01
1.550736476977666312e-01
1.527431557575861520e-01
1.554170896609624319e-01
1.521595269441604614e-01
1.497486184040705270e-01
1.530987968047460013e-01
1.543798496325810843e-01
1.541593968868255615e-01
1.524741152922312326e-01
1.526828060547510690e-01
1.526089111963907785e-01
1.523829748233159476e-01
1.513312508662541800e-01
1.526747991641362601e-01
1.529879719018936157e-01
1.550270368655522757e-01
1.530017306407292776e-01
1.542237102985382080e-01
1.540898581345876150e-01
1.553470393021901541e-01
1.540580242872238159e-01
1.522131760915120535e-01
1.508824874957402640e-01
1.520949552456537790e-01
1.520541260639826364e-01
1.548732022444407053e-01
1.510286579529444284e-01
1.545317570368448801e-01
1.507680217425028391e-01
1.529520153999328613e-01
1.515841136376062936e-01
1.545331627130508423e-01
1.533796836932500296e-01
1.569649229447046823e-01
1.507105926672617502e-01
1.509734541177749634e-01
1.509437809387842722e-01
1.514551937580108643e-01
1.523222525914510184e-01
1.510048657655715942e-01
1.502867937088012695e-01
1.513048907121022635e-01
1.553083558877309256e-01
1.531544824441274100e-01
1.538036564985910959e-01
1.520586063464482718e-01
1.525087803602218628e-01
1.541291723648706979e-01
1.525167226791381836e-01
1.563113530476888113e-01
1.512259244918823242e-01
1.517173151175180978e-01
1.534971048434575491e-01
1.564865559339523315e-01
1.584970504045486450e-01
1.541100541750589914e-01
1.513799677292505808e-01
1.523244827985763550e-01
1.521015663941701346e-01
1.531522075335184641e-01
1.519734114408493042e-01
1.564029057820638113e-01
1.510767390330632620e-01
1.530456542968750000e-01
1.542036533355712891e-01
1.534440616766611643e-01
1.573592325051625662e-01
1.537722696860631399e-01
1.508119602998097830e-01
1.550964713096618652e-01
1.507747521003087454e-01
1.520698169867197580e-01
1.542402456204096384e-01
1.536206801732381277e-01
1.508577913045883179e-01
1.518410444259643555e-01
1.549468437830607004e-01
1.520609209934870309e-01
1.512782871723175049e-01
1.525174627701441354e-01
1.534401327371597290e-01
1.521661579608917236e-01
1.560373753309249878e-01
1.512766381104787283e-01
1.514683365821838379e-01
1.538944194714228220e-01
1.557586242755254202e-01
1.529962122440338135e-01
1.533904472986857004e-01
1.518529603878656931e-01
1.555933306614557809e-01
1.553292920192082816e-01
1.512935608625411987e-01
1.538182944059371948e-01
1.526560187339782715e-01
1.536370664834976196e-01
1.505278299252192087e-01
1.522955348094304495e-01
1.507697552442550659e-01
1.529322514931360788e-01
1.514786531527837210e-01
1.525148600339889526e-01
1.540524015823999948e-01
1.514324198166529245e-01
1.514667222897211618e-01
1.552235633134841919e-01
1.532528201738993234e-01
1.552579899628957205e-01
1.567435016234715872e-01
1.529668519894281931e-01
1.511266281207402640e-01
1.539498815933863229e-01
1.516493509213129587e-01
1.542728692293167114e-01
1.538319935401280814e-01
1.526003877321878976e-01
1.537741074959436960e-01
1.531404058138529367e-01
1.564692457516988211e-01
1.533760080734888620e-01
1.539570887883504324e-01
1.558868438005447388e-01
1.552757670481999808e-01
1.526393493016560965e-01
1.581313709417978830e-01
1.548096587260564261e-01
1.533491164445877075e-01
1.516829331715901785e-01
1.579473863045374460e-01
1.559475660324096680e-01
1.509314924478530884e-01
1.525406738122304373e-01
1.514689028263092041e-01
1.523201614618301392e-01
1.525792181491851807e-01
1.532635142405827933e-01
1.568649262189865112e-01
1.540759007136026926e-01
1.527289648850758963e-01
1.525855511426925659e-01
1.517274677753448486e-01
1.513188878695169992e-01
1.559545944134394235e-01
1.555645763874053955e-01
1.541848679383595877e-01
1.556051721175511771e-01
1.535352220137914114e-01
1.514765918254852295e-01
1.527843823035558157e-01
1.531792084376017160e-01
1.524805625279744559e-01
1.512801051139831543e-01
1.532532076040903635e-01
1.505867044130961008e-01
1.529356390237808228e-01
1.496957838535308838e-01
1.535040438175201416e-01
1.524982055028279715e-01
1.546806395053863525e-01
1.525804350773493356e-01
1.546058555444081717e-01
1.575990468263626099e-01
1.512366632620493478e-01
1.530680358409881592e-01
1.523566444714864188e-01
