5.341577529907226562e-02
4.724905391534169746e-02
4.186644094685713219e-02
3.722095737854639458e-02
2.600591195126374447e-02
1.563578875114520275e-02
6.793094022820393534e-03
4.035679701094825773e-03
5.226468201726675034e-03
4.440875879178444834e-03
1.162151775012413603e-02
6.215891335159540176e-03
3.974748232091466875e-03
6.510366530468066244e-03
4.504941559086243601e-03
5.971773061901330948e-03
4.081620601937174797e-03
5.653537344187498093e-03
4.431737586855888367e-03
4.121421448265512495e-03
4.586602483565608950e-03
4.825327545404434204e-03
3.512290694440404430e-03
4.164672999953229933e-03
4.208979740117986708e-03
5.140320708354313879e-03
5.174928732837240190e-03
4.313235636800527573e-03
5.594193935394287109e-03
1.283884731431802172e-02
9.313307702541351318e-03
3.496909203628698840e-03
3.995125414803624153e-03
4.214078808824221582e-03
2.825904249524076924e-03
2.962574052313963428e-03
2.693198310832182422e-03
1.009044703096151352e-02
2.361836493946611881e-03
2.823787974193692207e-03
2.613397392754753575e-03
2.421638229861855507e-03
1.974655625720818982e-03
4.201694081226984949e-03
2.298728330060839653e-03
3.541140041003624454e-03
2.161630274107058988e-03
2.182541880756616592e-03
2.833319517473379626e-03
3.435875599582990155e-03
2.388608331481615558e-03
2.394921611994504929e-03
1.829730734849969618e-03
1.796528697013854980e-03
2.232916459130743995e-03
3.503410766522089496e-03
1.906602216574053042e-03
1.945850711005429499e-03
2.153866963150600448e-03
2.353757387027144432e-03
1.876846809561053984e-03
4.205323755741119385e-03
2.059818711131811142e-03
1.758888945914804935e-03
3.213766651848951831e-03
2.130308498938878522e-03
2.091315885384877667e-03
2.652424775684873118e-03
1.592011035730441339e-03
2.930363717799385533e-03
4.100238826746742220e-03
1.970790520620842919e-03
2.174859284423291683e-03
2.277576519797245517e-03
1.788363597976664774e-03
2.543028987323244557e-03
1.858504954725503922e-03
2.579162518183390155e-03
3.268272150307893753e-03
2.420383272692561150e-03
2.661818871274590492e-03
1.402038110730548627e-03
1.448389763633410208e-03
1.407901911685864203e-03
1.428261903735498660e-03
1.448833189594249003e-03
1.857100947139163740e-03
2.926695936669906125e-03
2.046216007632513986e-03
6.888901193936665564e-03
7.154662938167651205e-03
3.156626829877495766e-03
2.385672414675354958e-03
2.357770145560304179e-03
1.740188182642062433e-03
1.996350047799448028e-03
1.418718020431697369e-03
1.652689146188398130e-03
1.573694093773762457e-03
1.620859489776194096e-03
1.538580632768571377e-03
1.534310324738423102e-03
1.581264077685773373e-03
1.508193362193803065e-03
1.491418108344078064e-03
1.389238828172286279e-03
1.308881619479507208e-03
2.006859518587589264e-03
1.671714126132428646e-03
1.416381603727738135e-03
1.407886700083812006e-03
1.417071403314669855e-03
1.506157723876337283e-03
2.198059655105074391e-03
1.793171240327258832e-03
2.280494896695017815e-03
1.576776073003808730e-03
1.469154260121285915e-03
1.247749062410245411e-03
1.252747373655438423e-03
1.556930908312400110e-03
1.480974295797447436e-03
1.254881887386242621e-03
1.745516861168046720e-03
1.793807217230399377e-03
1.444302305268744700e-03
1.380473336515327222e-03
1.337998546659946442e-03
1.352704712189733982e-03
1.361590887730320222e-03
1.592317246831953526e-03
1.567348333386083372e-03
1.603978802450001240e-03
1.331024376365045779e-03
1.463293524769445188e-03
1.377070167412360437e-03
1.469024418232341535e-03
1.787932085183759458e-03
1.502432821628947980e-03
1.670801856865485437e-03
1.677149945559601061e-03
1.387096631030241721e-03
1.377177191898226738e-03
1.215198853363593347e-03
1.339409345140059717e-03
1.309133794469137914e-03
1.159927458502352238e-03
1.341435903062422998e-03
2.088880438047150626e-03
1.886898806939522498e-03
3.222919457281629100e-03
2.577224203074971690e-03
1.594622114983697660e-03
1.593468206313749082e-03
1.518159483869870431e-03
1.676075432139138453e-03
1.605004033384223707e-03
1.877850503660738468e-03
2.132860361598432064e-03
1.556286433090766199e-03
1.261083913656572573e-03
1.663836340109507315e-03
1.753258363654216058e-03
1.489407538125912421e-03
1.322277511159579031e-03
1.346618441554407351e-03
1.435071656790872343e-03
1.567020352619389765e-03
1.494515182760854490e-03
1.586112581814328902e-03
2.217193366959691048e-03
1.809649402275681496e-03
1.478666051601370103e-03
1.622109557501971722e-03
1.302706038889785535e-03
1.481720168764392607e-03
1.779787863294283621e-03
1.534321422999103792e-03
1.218812190927565098e-03
1.278044655919075012e-03
1.297478370058039896e-03
1.214323526558776624e-03
1.172063134921093710e-03
1.182882697321474552e-03
1.558880088850855827e-03
1.615116527924935095e-03
1.440122374333441257e-03
1.321731678520639665e-03
1.112043314302961104e-03
1.174398038225869410e-03
1.288240620245536096e-03
1.273207017220556736e-03
1.072075373182694190e-03
1.140407635830342770e-03
1.346872226955990069e-03
1.304025218511621230e-03
1.324811950325965881e-03
1.316545414738357067e-03
1.257323039074738748e-03
1.225747012843688257e-03
1.306848251260817051e-03
1.216436076598862879e-03
1.197783858515322208e-03
1.292282909465332754e-03
1.253150442304710619e-03
1.263924253483613260e-03
1.203193794935941696e-03
1.157459822328140266e-03
1.325446278012047284e-03
1.198137004394084215e-03
1.167786307632923126e-03
1.197516840572158568e-03
1.376869603215406411e-03
1.185470454705258138e-03
1.183006252783040278e-03
1.091961554872493021e-03
1.131776002390931122e-03
1.315967529080808163e-03
1.183710022208591230e-03
1.177874510176479816e-03
1.240279040454576485e-03
1.143204397521913052e-03
1.238582461761931651e-03
1.154394180048257113e-03
1.142590267894168623e-03
1.326371294756730325e-03
1.271001955804725416e-03
1.223721463854114287e-03
1.071007883486648328e-03
1.157067657914012671e-03
1.254932799686988123e-03
1.364845239246885054e-03
1.131405394213895075e-03
1.164758888383706338e-03
1.124005163243661396e-03
1.172621928465862997e-03
1.336591318249702454e-03
1.293809851631522179e-03
1.184359503289063699e-03
1.355633411246041529e-03
1.171441147259126179e-03
1.239716463411847823e-03
1.106056132509062760e-03
1.122398903438200481e-03
1.343551169460018404e-03
1.165892501982549899e-03
1.179016777314245701e-03
1.232494522506992094e-03
1.184371144821246393e-03
1.077789405826479197e-03
1.221016592656572588e-03
1.165958703495562077e-03
1.094655036771049030e-03
1.173039160979290731e-03
1.207587328584243782e-03
1.191974113074441679e-03
1.220703280220429175e-03
1.128765230532735586e-03
1.283612684346735477e-03
1.144365679162244074e-03
1.228802449380357988e-03
1.143474248237907887e-03
1.232363555269936793e-03
1.164013306455065734e-03
1.287190165991584532e-03
1.164250871321807377e-03
1.285331983429690130e-03
1.492844545282423496e-03
1.267313375137746334e-03
1.342829627295335062e-03
1.165417488664388657e-03
1.245220055958877079e-03
1.257723507781823404e-03
1.150238056046267278e-03
1.074531270811955206e-03
1.140079072987039812e-03
1.210249378345906734e-03
1.300192438066005707e-03
1.214849801423649065e-03
1.235699242291351087e-03
1.414407781946162455e-03
1.271281391382217407e-03
1.350133291756113298e-03
1.183669044015308149e-03
1.229439687449485064e-03
1.509119523689150810e-03
1.257559750229120255e-03
1.195624121464788914e-03
1.211492771593232877e-03
1.149420277215540409e-03
1.111787802074104548e-03
1.099693491899718769e-03
1.263476558960974216e-03
1.337375569467743166e-03
1.266950741410255432e-03
1.285759848542511463e-03
1.186607444348434679e-03
1.102750150797267683e-03
1.079229929018765688e-03
1.056629912151644700e-03
1.118993114990492590e-03
1.127623739497115142e-03
1.147517779221137292e-03
1.093161816243082285e-03
1.083188864868134260e-03
1.135257887654006481e-03
1.270296905810634367e-03
1.112892428257812984e-03
1.142748282290995121e-03
1.097987813409417868e-03
1.222015533130615950e-03
1.177969427468876116e-03
1.232781874326368101e-03
1.189039049980540998e-03
1.170137819523612730e-03
1.198251188422242873e-03
1.161132201862831838e-03
1.131262319783369772e-03
1.153646425033609145e-03
1.136542550132920272e-03
1.116388652008026838e-03
1.124827695700029604e-03
1.086071502262105472e-03
1.164732035249471664e-03
1.229926128871738911e-03
1.126727710167567008e-03
1.157423985811571352e-03
1.215772742095093005e-03
1.093951577786356211e-03
1.124589199510713346e-03
1.173340211001535184e-03
1.158466310395548813e-03
1.217742411730190046e-03
1.212072558701038361e-03
1.156189207298060186e-03
1.183489880835016496e-03
1.134214922785758972e-03
1.085556655501325853e-03
1.197714280957977049e-03
1.091171269460270874e-03
1.119386559973160498e-03
1.135328202508389950e-03
1.174316314669946902e-03
1.107002530867854826e-03
1.200559878877053730e-03
1.116955711040645838e-03
1.063721254467964172e-03
1.217068522237241268e-03
1.096797757782042027e-03
1.197783276438713074e-03
1.110208764051397569e-03
1.121028132426242106e-03
1.278408764240642316e-03
1.210649653027455084e-03
1.289605939139922388e-03
1.128553083011259563e-03
1.091746865616490371e-03
1.096576976124197245e-03
1.146363094449043274e-03
1.097028803390761144e-03
1.147480409902830846e-03
1.189665752463042736e-03
1.140724595946570165e-03
1.114879540788630717e-03
1.129467932817836530e-03
1.120578381232917309e-03
1.172581144298116438e-03
1.187326386570930481e-03
1.193962098720173113e-03
1.184371552274872787e-03
1.148562179878354073e-03
1.224340560535589926e-03
1.208617740000287764e-03
1.111195733149846323e-03
1.161843441271533496e-03
1.135563439068694837e-03
1.133741772112746961e-03
1.107317007457216508e-03
1.130796212237328291e-03
1.096294862994303234e-03
1.118144136853516102e-03
1.098480580064157717e-03
1.117958357402433879e-03
1.121192646678537130e-03
1.116242647791902297e-03
1.151049820085366495e-03
1.150413144690294988e-03
1.189442700706422329e-03
1.112329637786994450e-03
1.164615309486786597e-03
1.113785818840066664e-03
1.114602026063948870e-03
1.134796960589786298e-03
1.114830917989214189e-03
1.221996770861248248e-03
1.177525264210999012e-03
1.129111682530492544e-03
1.069524441845715046e-03
1.129914191551506519e-03
1.181433093734085560e-03
1.120612102871139772e-03
1.208135528334726818e-03
1.226058074583609827e-03
1.213836561267574556e-03
1.094094302970916033e-03
1.168220614393552072e-03
1.139959786087274551e-03
1.118995676127572782e-03
1.050015736836940050e-03
1.100957102607935667e-03
1.063445214337358944e-03
1.114608622932185657e-03
1.185109877648452990e-03
1.206942678739627130e-03
1.260840353400756843e-03
1.073092493849496119e-03
1.099145408564557560e-03
1.126179083560903795e-03
1.126779126934707165e-03
1.206158349911371939e-03
1.083960349205881357e-03
1.100361405406147242e-03
1.201474437645326130e-03
1.157350760574142210e-03
1.100804385108252294e-03
1.105196463565031760e-03
1.149870338849723339e-03
1.118707470595836639e-03
1.098158749906967156e-03
1.126918980541328661e-03
1.101862716798980959e-03
1.095523689097414486e-03
1.054005192903180845e-03
1.269843642755101197e-03
1.074139921305080183e-03
1.119086169637739658e-03
1.169439948474367387e-03
1.160524339259912498e-03
1.150956513204922206e-03
1.103817562883098848e-03
1.155479772326846845e-03
1.141053197594980471e-03
1.088591544733693130e-03
1.170884313372274168e-03
1.188559884515901334e-03
1.132686622440814972e-03
1.142008850971857779e-03
1.130663401757677324e-03
1.181369395150492661e-03
1.129246607888489962e-03
1.067964806376646035e-03
1.166177564300596714e-03
1.129370609608789213e-03
1.126788498368114233e-03
1.184901688247919083e-03
1.132607983890920877e-03
1.165676241119702585e-03
1.067043049260973930e-03
1.178973082763453252e-03
1.129518457067509420e-03
1.167793797018627398e-03
1.062588669204463489e-03
1.213358094294865854e-03
1.175062498077750206e-03
1.176634240740289218e-03
1.101389236282557249e-03
1.049768897549559600e-03
1.159626486090322263e-03
1.101843159024914033e-03
1.085193400892118685e-03
1.176168773478518002e-03
1.221839357943584449e-03
1.138151991957177646e-03
1.163520656215647929e-03
1.098416512832045555e-03
1.140128510693709128e-03
1.130212913267314434e-03
1.156234648078680038e-03
1.149670337326824665e-03
1.156609000948568113e-03
1.126963761635124683e-03
1.091836214375992544e-03
1.080807395434628003e-03
1.238039170857518911e-03
1.033513845565418475e-03
1.114958082325756550e-03
1.100071376034368999e-03
1.053689726783583634e-03
1.138326052265862696e-03
1.125500692675511115e-03
1.134123265122373827e-03
1.136539077075819247e-03
1.164784771390259266e-03
1.171592487177501194e-03
1.136081351432949305e-03
1.117213318745295279e-03
1.120677159633487463e-03
1.087582534334311955e-03
1.086797254780928366e-03
1.132605500364055164e-03
1.024425553623586893e-03
1.220205255473653548e-03
1.157982895771662466e-03
1.159317092970013618e-03
1.136862711670498126e-03
1.181308897988249786e-03
1.130756339989602566e-03
1.084762023917088978e-03
1.105133036617189646e-03
1.141803804785013199e-03
1.091336909060676820e-03
1.067263753308604233e-03
1.082508611337592132e-03
1.121917467874785192e-03
1.111620571464300156e-03
1.066937208330879681e-03
1.127657014876604080e-03
1.199804886709898710e-03
1.118583488278090954e-03
1.129209878854453564e-03
1.146808324847370386e-03
1.192163559608161449e-03
1.146162394434213638e-03
1.149146119132637978e-03
1.141098444350063801e-03
1.159104829033215768e-03
1.131008320953696966e-03
1.153679719815651648e-03
1.183753600344061852e-03
1.110786300462980993e-03
1.192222989629954100e-03
1.121258207907279260e-03
1.164388416024545901e-03
1.075937470886856318e-03
1.125867459146926873e-03
1.159966147194306128e-03
1.094737730454653502e-03
1.237935056754698284e-03
1.128693926148116589e-03
1.163070419958482258e-03
1.085376114739726059e-03
1.153543009422719479e-03
1.202187539699177020e-03
1.191841147374361753e-03
1.066302395580957406e-03
1.146241983709235914e-03
1.116854061062137358e-03
1.190960717697938211e-03
1.216501133361210353e-03
1.114870479796081781e-03
1.216982103263338335e-03
1.196277715886632674e-03
1.105360803194344044e-03
1.087676035240292549e-03
1.040371794564028509e-03
1.111020159441977739e-03
1.154477611028899677e-03
1.092703489121049643e-03
1.085692531584451668e-03
1.173342190062006242e-03
1.140668483761449583e-03
1.077262432469676011e-03
1.118429490209867485e-03
1.158250262960791588e-03
1.184490160085260868e-03
1.158598616408805125e-03
1.095002206663290732e-03
1.170831926477452047e-03
1.157592477587362058e-03
1.074407075066119432e-03
1.168615805606047385e-03
1.224190520588308573e-03
1.173935597762465477e-03
1.097310043405741453e-03
1.148338817680875533e-03
1.125934242736548185e-03
1.144854157852629893e-03
1.117222981217006915e-03
1.162659085821360350e-03
1.122355596938480861e-03
1.057112705893814564e-03
1.112152705900371075e-03
1.126950839534401894e-03
1.136846529940764182e-03
1.093097496777772903e-03
1.189172675367444754e-03
1.086139605225374229e-03
1.140976673923432827e-03
1.201648032292723656e-03
1.117188017815351486e-03
1.084215046527485125e-03
1.087367631650219433e-03
1.155960140749812126e-03
1.170552820743371971e-03
1.150850555859506130e-03
1.172767175982395880e-03
1.172615253987411730e-03
1.199132044954846375e-03
1.157780236098915339e-03
1.175049731197456591e-03
1.078889763448387384e-03
1.045789394993335009e-03
1.085962324092785590e-03
1.167374857080479391e-03
1.132903601198146813e-03
1.151593731871495717e-03
1.129449966053168051e-03
1.106596862276395090e-03
1.110076011779407732e-03
1.201420944804946654e-03
1.122510856172690861e-03
1.174309019309778936e-03
1.096738774018983118e-03
1.192226055233428948e-03
1.059407290692130797e-03
1.098955244136353262e-03
1.137543605485310085e-03
1.174780928219358199e-03
1.026748582565536029e-03
1.178304140921682119e-03
1.102869709332783945e-03
1.119709263245264761e-03
1.085085891342411511e-03
1.081952417735010386e-03
1.129840034991502762e-03
1.022790655648956768e-03
1.099946365381280653e-03
1.128762417162458174e-03
1.116683803653965466e-03
1.164533566528310306e-03
1.052850100677460432e-03
1.101882119352618926e-03
1.122827370030184515e-03
1.191932106545815937e-03
1.139760987522701495e-03
1.195143714236716502e-03
1.133131018529335730e-03
1.132104196585714817e-03
1.192312648830314405e-03
1.146739542794724233e-03
1.103926139573256247e-03
1.077315498453875310e-03
1.094498690993835456e-03
1.105708652175962925e-03
1.028420034951220028e-03
1.141443266533315182e-03
1.140687381848692894e-03
1.101171287397543662e-03
1.103728776797652245e-03
1.069579370475063794e-03
1.118785779302318819e-03
1.156547029192249052e-03
1.116020993019143813e-03
1.166802171307305567e-03
1.133520078534881346e-03
1.112183167909582384e-03
1.088053822362174518e-03
1.160067350914080865e-03
1.090183757090320118e-03
1.112102142845590837e-03
1.065768670135488040e-03
1.081014769927908905e-03
1.070180694417407043e-03
1.070357160642743111e-03
1.142023014836013317e-03
1.075161582169433363e-03
1.096032443456351757e-03
1.101492962334305048e-03
1.131391676608473063e-03
1.087334841334571369e-03
1.113931920068959467e-03
1.186304900329560041e-03
1.190743195669104583e-03
1.110267204542954690e-03
1.118247009192903764e-03
1.119646787022550828e-03
1.167633240887274272e-03
1.141535506273309462e-03
1.022502275494237669e-03
1.112829932632545702e-03
1.216821062068144553e-03
1.129732389623920195e-03
1.123389306788643129e-03
1.160055340733379126e-03
1.170139138897259958e-03
1.135504882161815889e-03
1.149421150330454111e-03
1.098271110095083714e-03
1.167374546639621258e-03
1.196247021046777494e-03
1.131440241200228460e-03
1.076495410719265468e-03
1.168668580551942117e-03
1.127986877691000700e-03
1.135248186377187498e-03
1.128015457652509212e-03
1.144804836561282404e-03
1.205741524851570599e-03
1.096163061447441578e-03
1.154759704756240122e-03
1.137888369460900552e-03
1.108635527392228372e-03
1.220694704291721113e-03
1.027392650333543546e-03
1.255259771520892851e-03
1.151205525578310020e-03
1.155745063442736864e-03
1.099323388189077377e-03
1.084835559595376253e-03
1.100391537571946852e-03
1.126044895499944687e-03
1.061085010102639668e-03
1.150018302723765373e-03
1.136026810854673386e-03
1.092949552306284435e-03
1.125876520139475591e-03
1.136159136270483263e-03
1.064373878762125969e-03
1.067483506631106138e-03
1.113584594956288807e-03
1.135515864007174969e-03
1.176070906997968681e-03
1.161148034346600301e-03
1.087189360987395048e-03
1.090979184179256432e-03
1.092628284823149443e-03
1.126241423965742118e-03
1.128103564648578637e-03
1.079665264114737511e-03
1.051067432854324579e-03
1.102331016833583586e-03
1.104083416673044436e-03
1.066603659031291730e-03
1.189533000191052682e-03
1.102935600404937990e-03
1.125421763087312453e-03
1.137903076596558094e-03
1.072102866601198912e-03
1.085570877573142521e-03
1.110275722264001839e-03
1.135453969861070387e-03
1.113429471539954417e-03
1.055914345973481662e-03
1.063923661907513864e-03
1.112298807129263878e-03
1.110623610050727851e-03
1.107182411942631006e-03
1.122369430959224701e-03
1.093516494923581607e-03
1.121663566057880647e-03
1.114493740412096255e-03
1.064926579905052908e-03
1.114857809928556211e-03
1.118858732903997176e-03
1.107236157016207702e-03
1.076496594275037520e-03
1.185332890599966049e-03
1.153496714929739706e-03
1.135334876986841433e-03
1.168643434842427499e-03
1.155468363625307806e-03
1.152616867329925299e-03
1.121433451771736145e-03
1.152669176614532940e-03
1.031899669518073328e-03
1.129258307628333569e-03
1.159270294010639191e-03
1.083112845662981272e-03
1.134938599231342547e-03
1.048320225284745224e-03
1.125155113792667859e-03
1.095558536083747871e-03
1.074662276854117639e-03
1.105647340106467478e-03
1.180567584621409647e-03
1.110941171646118164e-03
1.179217884782701731e-03
1.121853284227351420e-03
1.111987570766359568e-03
1.135840216496338375e-03
1.140936840480814450e-03
1.087025215383619070e-03
1.118333389361699350e-03
1.136249280534684658e-03
1.096467875565091841e-03
1.146202363694707625e-03
1.117570830198625796e-03
1.097665342967957258e-03
1.186960143968462944e-03
1.078706486926724441e-03
1.108233370662977226e-03
1.093194528948515654e-03
1.073067891411483288e-03
1.134838870105643995e-03
1.158089687426884897e-03
1.106895312356452219e-03
1.044247551665951736e-03
1.085041246066490881e-03
1.084280937599639170e-03
1.112657249905169010e-03
1.197024791811903245e-03
1.112125658740599878e-03
1.073107666646440752e-03
1.160992872125158780e-03
1.090800409050037391e-03
1.127740717492997646e-03
1.086788989293078654e-03
1.100845867767930031e-03
1.224559615366160870e-03
1.110739423893392086e-03
1.148695630642275088e-03
1.108807589237888582e-03
1.194856440027554758e-03
1.156524716255565412e-03
1.104988118944068677e-03
1.130113533387581580e-03
1.179849690136810072e-03
1.128726289607584476e-03
1.124220395771165617e-03
1.102945612122615106e-03
1.081606450801094301e-03
1.132515899371355772e-03
1.155789495290567405e-03
1.192578230984508991e-03
1.026923574196795695e-03
1.238324795849621296e-03
1.132725621573626995e-03
1.082554847622911208e-03
1.103070719788471930e-03
1.093883610640962846e-03
1.054165943060070276e-03
1.124950630279878848e-03
1.089473449004193075e-03
1.190916247045000322e-03
1.187618395003179781e-03
1.031404147700716980e-03
1.115158200263977051e-03
1.096066902391612530e-03
1.146023763188471324e-03
1.215793056568751805e-03
1.047823325886080735e-03
1.076829794328659773e-03
1.096423773560672998e-03
1.111578855973978765e-03
1.099405965457360022e-03
1.191122767825921304e-03
1.175119017716497183e-03
1.101734582334756851e-03
1.155255886260420084e-03
1.123781820448736422e-03
1.126286612513164751e-03
1.115468291876216657e-03
1.071861945092678070e-03
1.091600279323756695e-03
1.075149727209160798e-03
1.109513260113696330e-03
1.151553044716517203e-03
1.157098566181957722e-03
1.158452903230984933e-03
1.117308779309193366e-03
1.103504017616311781e-03
1.154009213981529005e-03
1.047331199515610933e-03
1.086897760008772142e-03
1.184069357501963847e-03
1.088731514755636454e-03
1.092653275312234886e-03
1.126400718931108713e-03
1.076435223997880943e-03
1.128066525173683889e-03
1.150659615329156392e-03
1.169886944505075686e-03
1.083064669122298486e-03
1.151674989766130917e-03
1.129086905469496973e-03
1.135645861116548307e-03
1.114292361307889223e-03
1.118925671714047663e-03
1.108749187551438808e-03
1.096770438986520045e-03
1.119136810302734375e-03
1.060638518538326025e-03
1.048882976950456626e-03
1.057974606131513841e-03
1.055333627543101780e-03
1.099880086258053780e-03
1.099312018292645686e-03
1.116891663211087458e-03
1.082751608919352293e-03
1.073783244161556237e-03
1.128411463772257097e-03
1.206764000623176568e-03
1.139724510721862316e-03
1.163422770332545042e-03
1.133804985632498987e-03
1.078305086897065170e-03
1.125126223390300996e-03
1.181914315869410760e-03
1.150694229484846122e-03
1.148695766460150480e-03
1.069350963613639348e-03
1.078388517877707951e-03
1.140422304160892963e-03
1.130995495865742438e-03
1.074828964192420244e-03
1.118617597967386246e-03
1.146342100886007078e-03
1.076483885602404602e-03
1.129950357911487348e-03
1.190133955484877102e-03
1.130838296376168728e-03
1.142056057384858601e-03
1.191221817862242460e-03
1.180545892566442490e-03
1.130002065716932290e-03
1.070208886327842944e-03
1.182200755768765934e-03
1.029538824999084003e-03
1.146976312156766653e-03
1.169297242692361348e-03
1.116335935269792802e-03
1.059585018083453178e-03
1.103205955587327480e-03
1.106051184857885115e-03
1.157023905155559309e-03
1.125716934135804646e-03
1.150410040281713009e-03
1.086456914587567322e-03
1.138189147847394221e-03
1.171404495835304260e-03
1.152293873019516468e-03
1.175139681436121464e-03
1.117922443275650270e-03
1.177023203733066790e-03
1.152801540835450165e-03
1.096150915448864229e-03
1.178380683995783329e-03
1.120569106812278502e-03
1.127362173671523802e-03
1.179732750946034915e-03
1.051911230509479768e-03
1.133408009385069139e-03
1.086479479757447965e-03
1.054719109864284523e-03
1.090066701484223135e-03
1.133723766542971134e-03
1.137971761636435986e-03
1.120059207702676527e-03
1.103885627041260474e-03
1.137155884255965478e-03
1.209490175824612379e-03
1.127613242715597153e-03
1.119284036879738100e-03
1.057710886622468703e-03
1.126127666793763638e-03
1.144258324832965858e-03
1.121220411732792854e-03
1.086743994771192543e-03
1.110371881319830887e-03
1.036881294567137957e-03
1.094937615562230349e-03
1.091651017001519673e-03
1.147599871425579064e-03
1.021686223490784638e-03
1.103366337095697649e-03
1.139026833698153496e-03
1.052451727446168661e-03
1.108838710933923721e-03
1.147292049912114866e-03
1.132704104141642578e-03
1.144277979619801044e-03
1.063340770391126401e-03
1.086191875704874523e-03
1.143816819724937208e-03
1.087859758020689018e-03
1.154204364866018295e-03
1.124872088742752798e-03
1.133933469342688792e-03
1.111643621698021889e-03
1.081235862026612036e-03
1.091000915039330721e-03
1.126991158040861361e-03
1.204064174089580774e-03
1.162121906721343524e-03
1.126417696165541880e-03
1.062831142917275429e-03
1.164840786562611587e-03
1.139816110177586548e-03
1.161060761660337448e-03
1.185638946481049061e-03
1.178263900025437348e-03
1.063827231215934031e-03
1.078271190635859966e-03
1.071288133971393108e-03
1.141769462265074253e-03
1.116798259317874908e-03
1.091216302787264116e-03
1.176634822816898353e-03
1.111533958464860916e-03
1.131731725763529539e-03
