6.002848207950591819e-01
5.698627650737762007e-01
5.621395558118820190e-01
5.258908629417419212e-01
4.832522511482238992e-01
5.086590141057968362e-01
4.812837272882461437e-01
4.684612452983856201e-01
4.518600642681122048e-01
4.383338123559951671e-01
4.359239816665649303e-01
4.400417655706405640e-01
4.347425818443298451e-01
4.436962097883224709e-01
4.353266209363937378e-01
4.326402157545089500e-01
4.419960916042328103e-01
4.450658857822418213e-01
4.405117273330688699e-01
4.556165963411331066e-01
4.412029504776001088e-01
4.354383498430252075e-01
4.314350336790084839e-01
4.369770526885986550e-01
4.376054048538208230e-01
4.328261613845825195e-01
4.358372017741203308e-01
4.391325742006301769e-01
4.431288689374923706e-01
4.330817431211471669e-01
4.297637373208999523e-01
4.261577248573303334e-01
4.178727090358734242e-01
4.205705910921097024e-01
4.285188332200050576e-01
4.263036042451858743e-01
4.301715284585952981e-01
4.228041112422943337e-01
4.255202680826187245e-01
4.150440692901611328e-01
4.174166262149811013e-01
4.150049239397048950e-01
4.123719811439514049e-01
4.079352796077728160e-01
4.091148361563682334e-01
3.999019563198089600e-01
4.052384972572326549e-01
3.894785538315773121e-01
4.005662798881530762e-01
3.824814409017562866e-01
3.870452463626861683e-01
3.711001694202423207e-01
3.673809528350829856e-01
3.608114674687385448e-01
4.018288642168045266e-01
3.876666426658630371e-01
4.060638546943664551e-01
4.011427879333496205e-01
4.162941247224807850e-01
3.995047956705093384e-01
4.345947891473770364e-01
4.203174561262130737e-01
3.973963499069214089e-01
4.078979045152664185e-01
3.933699429035186768e-01
3.648411720991134866e-01
3.861065283417701721e-01
3.789081826806068309e-01
3.534423828125000111e-01
3.533278569579124673e-01
4.193835586309432872e-01
4.012194365262985452e-01
3.955792814493179210e-01
4.246645659208297952e-01
4.136600703001022117e-01
3.844704732298850902e-01
4.205628156661987416e-01
3.919233262538909801e-01
3.607325658202171215e-01
3.488223731517791637e-01
3.740169137716293224e-01
3.843064621090889199e-01
3.794392868876457214e-01
3.447926506400108559e-01
3.331928893923759571e-01
3.326401993632316367e-01
3.005035862326622120e-01
3.040742918848991505e-01
4.027670145034790150e-01
3.776633828878402932e-01
4.206573754549026711e-01
3.930378794670105203e-01
3.704271599650382774e-01
3.415133953094482422e-01
3.306521251797676086e-01
3.120255023241043091e-01
3.193595722317695840e-01
2.888108491897583008e-01
2.688020005822181480e-01
2.709825977683067433e-01
2.728731021285056846e-01
2.632899887859821431e-01
2.626912366598844750e-01
2.455236881971359364e-01
2.299166247248649597e-01
2.420638315379619598e-01
2.614620447158813588e-01
2.223657794296741430e-01
2.117076762020587977e-01
2.147641688585281428e-01
2.662817753851413616e-01
2.606715410947799683e-01
2.185382395982742310e-01
2.127627000212669317e-01
2.041210979223251343e-01
2.691251657903194205e-01
3.095163702964782715e-01
2.236929219216108322e-01
2.198999039828777313e-01
2.160742044448852595e-01
2.011572469025850185e-01
2.269089616835117396e-01
1.994624100625514984e-01
2.010464951395988520e-01
1.979276055470108875e-01
1.939365230500698090e-01
1.939820805564522743e-01
2.261860623955726513e-01
2.047407940030097906e-01
1.906826436519622747e-01
1.875774428248405401e-01
1.901093304157256969e-01
1.988340497016906627e-01
2.038537316024303381e-01
2.085463702678680420e-01
1.956111185252666362e-01
1.946728821843862478e-01
2.332301840186118969e-01
2.600673004984855874e-01
1.933217227458953746e-01
1.870670922100544087e-01
1.848206317052245029e-01
1.890472013503313176e-01
1.812405720353126581e-01
1.824717514216899761e-01
1.874342598021030426e-01
2.519063368439674599e-01
2.017069935798644909e-01
1.822719812393188421e-01
1.823968224227428547e-01
1.854607105255126898e-01
1.803209853358566650e-01
1.821940552443265804e-01
1.970824528485536631e-01
1.847176557406783048e-01
1.763326734304428156e-01
1.882988136261701528e-01
1.781083900481462423e-01
1.830041520297527313e-01
1.783351773396134321e-01
1.776314906775951497e-01
1.762376938015222660e-01
1.788566304370760862e-01
1.792287327349185999e-01
1.826711259782314301e-01
1.789869634434580747e-01
1.748107420280575752e-01
1.796563692390918676e-01
1.800262935459613911e-01
1.832653861492872238e-01
1.752854129299521446e-01
1.793732684105634745e-01
1.717706531286239680e-01
1.683502419851720389e-01
1.741180345416069031e-01
1.848162770271301325e-01
1.723463939037173931e-01
2.266200192272663227e-01
1.969917558133602031e-01
1.784422703087329976e-01
1.718579791486263275e-01
1.672735918313264791e-01
1.698625549674034063e-01
1.745353236794471852e-01
1.696333631873130909e-01
1.701996634714305345e-01
1.713861383497715107e-01
1.816459298133850098e-01
1.774755105376243647e-01
1.682277277112007030e-01
1.783568188548088074e-01
1.718361957930028550e-01
1.718713164329528920e-01
1.691779432818293627e-01
1.677875522524118479e-01
1.762889638543128912e-01
1.829113999381661304e-01
1.860084667801857050e-01
1.691056858748197500e-01
1.656255858018994276e-01
1.660771897993981727e-01
1.679993905127048492e-01
1.656536728143692128e-01
1.670912576839327923e-01
1.680171336978673879e-01
1.713655400089919567e-01
1.696608863770961706e-01
1.635395202785730473e-01
1.662601694464683477e-01
1.693340629339218084e-01
1.694442261010408457e-01
1.671159580349922125e-01
1.641229285858571418e-01
1.671588666737079676e-01
1.748320236802101135e-01
1.690632693469524273e-01
1.669417236000299565e-01
1.624361805617809407e-01
1.626744508743286077e-01
1.653216370381414835e-01
1.621513923630118481e-01
1.659007590264081899e-01
1.628121732734143789e-01
1.705658420920372065e-01
1.625327523797750473e-01
1.629444722086191288e-01
1.623249862343073002e-01
1.617578539997339138e-01
1.616493273526430074e-01
1.630346596240997425e-01
1.628881532698869816e-01
1.634139284491538946e-01
1.635161951184272711e-01
1.644275267608463764e-01
1.641496036201715580e-01
1.644028667360544205e-01
1.654995934106409661e-01
1.643655439373105653e-01
1.648933969438076130e-01
1.632671926170587429e-01
1.624377801548689548e-01
1.615692269057035502e-01
1.596164065413177013e-01
1.618589643388986532e-01
1.607941962778568212e-01
1.629983738064765819e-01
1.605961538851261028e-01
1.610608838498592266e-01
1.605124138295650482e-01
1.628076054155826458e-01
1.619555577635765076e-01
1.612931355834007208e-01
1.613120831549167689e-01
1.616781043820083030e-01
1.627538815140724127e-01
1.602120265364646856e-01
1.627179451286792644e-01
1.650229930877685491e-01
1.623411826789379064e-01
1.641896955668926128e-01
1.605943292379379272e-01
1.602775074541568645e-01
1.601640261709690038e-01
1.586936365813017003e-01
1.607301753014326040e-01
1.631309963762760107e-01
1.585796845145523437e-01
1.590996570885181427e-01
1.588635509600862805e-01
1.600071337074041311e-01
1.579540968872606699e-01
1.625400811433792003e-01
1.606269242241978590e-01
1.625101681798696573e-01
1.608588664792477974e-01
1.582953543402254581e-01
1.589395193383097704e-01
1.610412783920764923e-01
1.614630797412246466e-01
1.583194591570645515e-01
1.559688404202461132e-01
1.578269998542964347e-01
1.582188971340656169e-01
1.564894585870206245e-01
1.579848187509924062e-01
1.597804637625813429e-01
1.584872607141733225e-01
1.735935539007186779e-01
1.605477483943104633e-01
1.624605834484100231e-01
1.559659719467162975e-01
1.579260911792516597e-01
1.618716014549136106e-01
1.576850779354572185e-01
1.554967886768281460e-01
1.559175491333007757e-01
1.540908291935920715e-01
1.557080939412117115e-01
1.554491411428898517e-01
1.550730116665363367e-01
1.570389907807111796e-01
1.556119777262210957e-01
1.554353195708245150e-01
1.564749982208013535e-01
1.560162402689456995e-01
1.546348017640411798e-01
1.555678956210613251e-01
1.557350717484951019e-01
1.564756728708744105e-01
1.581671692430973164e-01
1.563813228160143010e-01
1.551465567201376072e-01
1.558909747749566976e-01
1.542644484899938218e-01
1.563921604305505697e-01
1.557975962758064159e-01
1.549770034849643763e-01
1.554182838648557607e-01
1.536519929766654857e-01
1.547535075340419897e-01
1.577660486102104298e-01
1.547351708635687773e-01
1.550227925181388855e-01
1.551008902490139119e-01
1.533894206862896625e-01
1.536674566566944011e-01
1.544792486354708561e-01
1.541384782642126194e-01
1.549214422702789307e-01
1.551605276763439178e-01
1.550811138004064560e-01
1.550221917219460066e-01
1.557526908814907129e-01
1.541258630342781655e-01
1.568186157848686091e-01
1.543856404721736797e-01
1.544001482427120320e-01
1.539060583338141552e-01
1.540971275418996922e-01
1.540293918922543415e-01
1.533695444464683588e-01
1.541070612147450447e-01
1.533323052339255754e-01
1.549978110007941834e-01
1.549687672406435124e-01
1.545820333063602503e-01
1.536900497972965296e-01
1.541681975126266424e-01
1.533219821751117817e-01
1.532548375427723042e-01
1.544135894626378902e-01
1.540259774774312973e-01
1.545939639210701100e-01
1.540602179476991407e-01
1.538261078298091833e-01
1.545896362513303757e-01
1.541553247720003073e-01
1.532642590813338701e-01
1.532876618206500952e-01
1.522743914974853396e-01
1.540883233770728167e-01
1.544027186930179707e-01
1.530304096639156231e-01
1.570782287977635916e-01
1.580585576593875885e-01
1.602145131677389089e-01
1.651375778019428253e-01
1.541063688695430700e-01
1.532918517477810383e-01
1.542118925601244084e-01
1.519620157778263092e-01
1.518015433102846146e-01
1.529468238353729193e-01
1.532300665974616893e-01
1.533286496996879578e-01
1.513073075562715586e-01
1.524498846381902584e-01
1.535910774022340719e-01
1.523605518043041340e-01
1.523889105767011753e-01
1.524317972362041473e-01
1.523279882967472076e-01
1.535688944160938374e-01
1.546598732471466120e-01
1.523132560774684008e-01
1.527270391583442632e-01
1.511939221993088833e-01
1.523732062429189738e-01
1.513495351187884863e-01
1.533672272693365757e-01
1.566551275551319178e-01
1.534698113799095043e-01
1.522180851548910197e-01
1.524131938815116993e-01
1.531557366251945496e-01
1.547558389604091755e-01
1.519784269621595740e-01
1.579308450222015325e-01
1.512655563652515467e-01
1.511120870709419250e-01
1.508346563670784346e-01
1.516124693676829394e-01
1.516219859942793957e-01
1.521327422931790241e-01
1.527872523292899132e-01
1.512079309672117178e-01
1.518956311047077179e-01
1.516090096905827467e-01
1.517482976429164465e-01
1.521278969943523351e-01
1.511242803186178263e-01
1.524566352367401068e-01
1.521081279963255040e-01
1.524304792284965626e-01
1.517344633117318209e-01
1.505470465868711527e-01
1.508948816452175268e-01
1.520185925066471211e-01
1.517254568636417500e-01
1.511642910540103857e-01
1.519714688882231601e-01
1.507608868181705419e-01
1.521031796932220403e-01
1.517080692574381828e-01
1.519094269722700008e-01
1.511328887194395010e-01
1.517492249608039800e-01
1.515551466494798605e-01
1.518560504540800993e-01
1.516162231564521790e-01
1.513434957712888607e-01
1.520275650545954704e-01
1.515302039682865087e-01
1.513713248074054774e-01
1.512687407433986608e-01
1.518299333751201574e-01
1.518087096512317768e-01
1.510890232399106081e-01
1.516926504671573528e-01
1.527607357129454613e-01
1.510801479220390264e-01
1.509015940129757039e-01
1.516804069280624501e-01
1.509577764198183902e-01
1.509985823184251674e-01
1.512613624334335216e-01
1.520079877227544785e-01
1.519289277493953705e-01
1.521567888557910919e-01
1.513074014335870632e-01
1.518513780087232534e-01
1.511424276977777481e-01
1.507657316513359436e-01
1.515523217618465479e-01
1.509746897965669743e-01
1.502925351262092701e-01
1.514191452413797268e-01
1.514727104455232676e-01
1.511480413377284948e-01
1.510454360395669937e-01
1.506841413676738850e-01
1.517756458371877781e-01
1.515691626816987880e-01
1.510379443410783951e-01
1.521897666156291906e-01
1.513285999651998170e-01
1.514970691874623354e-01
1.514741573482751846e-01
1.507287759333849064e-01
1.509799517691135518e-01
1.509782217442989238e-01
1.516006038524210509e-01
1.514597332105040439e-01
1.508498595096171013e-01
1.507235113531351089e-01
1.520681973546743337e-01
1.498532491736113970e-01
1.517837986350059620e-01
1.509507451206445749e-01
1.508013449609279522e-01
1.507980373688042053e-01
1.506977269425988086e-01
1.508781459182500784e-01
1.508964069187641033e-01
1.506457308307290188e-01
1.506142894737422522e-01
1.516014471650123652e-01
1.504440004937350750e-01
1.510807771235704311e-01
1.506963007152080647e-01
1.511441322043537983e-01
1.498496113345026970e-01
1.513574928045272883e-01
1.517072713933885209e-01
1.508915291167795547e-01
1.500886172056198065e-01
1.517177700996398815e-01
1.513310130685567856e-01
1.503976438194513376e-01
1.502209033817052952e-01
1.514276726637035497e-01
1.510779593139886801e-01
1.499745238572359196e-01
1.508453270420432035e-01
1.506196405738592092e-01
1.509782642126083485e-01
1.505239598220214359e-01
1.504908628761768286e-01
1.510076689999550470e-01
1.505416613072156906e-01
1.496191330254078022e-01
1.503223754465579931e-01
1.507129229605198018e-01
1.503131300210952814e-01
1.502587318420410267e-01
1.514742165803909246e-01
1.500860597938299124e-01
1.508702985942363684e-01
1.502459865063428823e-01
1.506692505441606100e-01
1.507507905364036671e-01
1.507622830569744221e-01
1.503943465650081635e-01
1.506515488959848936e-01
1.513574067503213882e-01
1.513266909867524990e-01
1.504628963768482319e-01
1.500590380281209835e-01
1.503738906234502737e-01
1.503877723589539528e-01
1.505392223596572765e-01
1.502842448651790508e-01
1.503902584314346369e-01
1.504854026250541099e-01
1.505259685218334198e-01
1.506909064948558918e-01
1.505713082849979290e-01
1.498830154538154658e-01
1.500988937914371490e-01
1.510243464261293300e-01
1.504452571272850148e-01
1.503561104647815339e-01
1.503866686485707815e-01
1.503384858369827271e-01
1.503347594290971867e-01
1.505491562187671606e-01
1.509023189544677623e-01
1.513181820511818043e-01
1.507147271186113358e-01
1.509377721697092167e-01
1.507000401616096497e-01
1.511099860072135925e-01
1.508700769394636099e-01
1.503654651343822590e-01
1.500737128313630875e-01
1.504842989146709387e-01
1.500776357948780115e-01
1.502915350720286369e-01
1.501622850075364224e-01
1.505973625928163639e-01
1.501318751834332943e-01
1.505356503650546185e-01
1.507020168006420191e-01
1.506103254854679052e-01
1.500536317005753406e-01
1.506064333021640833e-01
1.504004489514045306e-01
1.497859623283147867e-01
1.503043990582227651e-01
1.505040120333433207e-01
1.503089301288128010e-01
1.509890723973512650e-01
1.504252716898918096e-01
1.506459809839725550e-01
1.499053206294775065e-01
1.502268459647893850e-01
1.503335006535053142e-01
1.504732292145490591e-01
1.503102052956819534e-01
1.497548043727874867e-01
1.504133533686399515e-01
1.508270323276519886e-01
1.502152327448129654e-01
1.494755249470472447e-01
1.498686160426586922e-01
1.505666575394570827e-01
1.504098936915397589e-01
1.498523247428238392e-01
1.502944698557257541e-01
1.498601831495761927e-01
1.503834612667560577e-01
1.505734853446483723e-01
1.507100980728864614e-01
1.504086190834641457e-01
1.507806964218616486e-01
1.503386263735592421e-01
1.499832315370440428e-01
1.498382142744958401e-01
1.500266971066594179e-01
1.503257784061133862e-01
1.500833783298730906e-01
1.502934988588094656e-01
1.498960372060537394e-01
1.499888466671109311e-01
1.500728646991774384e-01
1.500314015895128361e-01
1.501393105369061287e-01
1.499264176934957393e-01
1.500911973416805267e-01
1.502399593591690063e-01
1.498959504067897686e-01
1.499437868595123180e-01
1.501933287829160801e-01
1.502029769122600611e-01
1.501291498541831859e-01
1.497600278351455816e-01
1.501071486622095053e-01
1.496927082538604681e-01
1.502657060394994859e-01
1.499190557748079355e-01
1.501944310963153895e-01
1.500395968556404169e-01
1.496900387108325847e-01
1.503665179014205822e-01
1.504650475922972019e-01
1.504270147532224544e-01
1.506673641502857264e-01
1.497888342477381174e-01
1.499075828585773595e-01
1.499345098622143213e-01
1.504104029387235697e-01
1.502484278229530845e-01
1.499787237495184000e-01
1.499591760337352642e-01
1.501862168312072809e-01
1.500117283314466587e-01
1.501547947525977977e-01
1.499394159764051437e-01
1.503311842679977417e-01
1.498983738478273098e-01
1.503768447786569540e-01
1.506541308015584835e-01
1.497491948306560461e-01
1.504222072660922893e-01
1.499927714467048645e-01
1.500450350344181005e-01
1.500288896262645666e-01
1.501767340116202942e-01
1.498888064175844248e-01
1.500816671992652174e-01
1.502957832068204935e-01
1.500981636345386505e-01
1.500292223878204878e-01
1.502554826438426971e-01
1.503668775781989153e-01
1.503212671726942007e-01
1.501545317471027485e-01
1.502996621653437670e-01
1.501437455415725597e-01
1.497441489249467794e-01
1.504493009299039952e-01
1.505488865077495575e-01
1.501001195050775949e-01
1.503291275352239553e-01
1.505638769362121765e-01
1.503028277307748850e-01
1.502258399967104086e-01
1.500295558711513821e-01
1.498976889066398199e-01
1.501414499245584122e-01
1.499884046614169963e-01
1.503270924091339167e-01
1.501641750335693248e-01
1.500385403633117676e-01
1.501348774880170711e-01
1.499791953712701909e-01
1.501760797575116269e-01
1.501494824886321910e-01
1.499090813100338038e-01
1.501173935364931711e-01
1.499018155038356892e-01
1.504551518708467372e-01
1.501608126214705463e-01
1.501127649098634720e-01
1.497855670750141144e-01
1.501938702538609394e-01
1.505492801778018364e-01
1.498943090438842884e-01
1.503085307776927948e-01
1.501061653718352429e-01
1.500100592151284162e-01
1.501314036548137554e-01
1.499569613486528286e-01
1.500851240009069554e-01
1.501418635249137934e-01
1.499884516000747625e-01
1.496925003826618250e-01
1.504528690129518509e-01
1.502881169319152943e-01
1.502424597740173451e-01
1.503679796122014412e-01
1.501128353178501074e-01
1.500094649381935596e-01
1.497757807374000549e-01
1.501918721944093815e-01
1.497788634151220322e-01
1.499072457896545585e-01
1.501525610685348622e-01
1.500057920813560597e-01
1.500800460577011164e-01
1.499202221632003895e-01
1.502085391432047001e-01
1.501184165477752741e-01
1.499370833858847674e-01
1.498767454177141190e-01
1.500084351748228184e-01
1.500139571726322174e-01
1.497037157416343800e-01
1.502618882805109024e-01
1.497283115983009394e-01
1.499335087835788616e-01
1.504296236671507359e-01
1.502345826476812474e-01
1.500234675593674072e-01
1.500267881900071987e-01
1.499764509499073029e-01
1.499621368944644983e-01
1.500545360147952922e-01
1.501339884474873487e-01
1.497061282861977816e-01
1.500335112214088440e-01
1.504502292722463552e-01
1.496065080165863148e-01
1.501485343556851204e-01
1.500177983194589670e-01
1.502456821501255146e-01
1.499404095113277546e-01
1.501301227137446515e-01
1.498004361987113897e-01
1.498004067689180374e-01
1.502417288254946359e-01
1.499572705477476009e-01
1.501618050038814600e-01
1.499079837463796194e-01
1.501624195836484543e-01
1.500538453459739630e-01
1.500808000564575195e-01
1.498430460691451971e-01
1.502551265060901586e-01
1.499750792980193981e-01
1.497941398061811979e-01
1.500769659876823314e-01
1.502046920359134674e-01
1.498638857156038284e-01
1.500239130109548569e-01
1.502425905317067989e-01
1.500132337212562450e-01
1.497203405946493093e-01
1.502179543953388874e-01
1.498521152883768026e-01
1.498899871483445057e-01
1.501439131796359905e-01
1.499326735734939631e-01
1.500855457037687246e-01
1.500509856268763542e-01
1.499783289618790150e-01
1.498784251511096899e-01
1.497465370222926251e-01
1.502579407766461428e-01
1.506960054859519116e-01
1.495090074837207850e-01
1.503571573644876536e-01
1.500196505337953456e-01
1.502234343439340647e-01
1.500102974474430140e-01
1.499226450920105036e-01
1.502235595136880986e-01
1.497840281575918142e-01
1.501231726258993038e-01
1.502764612436294500e-01
1.499207008630037419e-01
1.498473495244979914e-01
1.498942699283361546e-01
1.500258199870586340e-01
1.499744396656751688e-01
1.499845229089259990e-01
1.500307006295770462e-01
1.497938096523284968e-01
1.498175755143165699e-01
1.502028875052928980e-01
1.500225489959120806e-01
1.500935770571231731e-01
1.500006770715117399e-01
1.498673409223556519e-01
1.502188518643379211e-01
1.497432146221399363e-01
1.499756217002868597e-01
1.498541060835122951e-01
1.498354230076074656e-01
1.497482504229992739e-01
1.502025842666626088e-01
1.497321927919983975e-01
1.497305344790220150e-01
1.501669593155384175e-01
1.500267419032752514e-01
1.500315798446535953e-01
1.500850789248943384e-01
1.498967071063816436e-01
1.500395871698856354e-01
1.497734431177377701e-01
1.499932808801531792e-01
1.499717984348535593e-01
1.500047008739784360e-01
1.499491848051547893e-01
1.497552904591429868e-01
1.500917042605579010e-01
1.498882000683806892e-01
1.499118869192898329e-01
1.499060288071632496e-01
1.499750755727290996e-01
1.498865853995084707e-01
1.501292049884796198e-01
1.499832555651664789e-01
1.499269116669893209e-01
1.500762563198804744e-01
1.498117864131927601e-01
1.500213691964745466e-01
1.497683902271091938e-01
1.500710241496562847e-01
1.500425317324697860e-01
1.498631093651056345e-01
1.497050013393163570e-01
1.500258583575487248e-01
1.498183514922857285e-01
1.501591145992278997e-01
1.498571691103279535e-01
1.500263168476521913e-01
1.498698269948363360e-01
1.502282746136188452e-01
1.495827596634626278e-01
1.501198142766952404e-01
1.497808543965220562e-01
1.500304792076349314e-01
1.500488465651869663e-01
1.498236164450645336e-01
1.500002671033144053e-01
1.500622372142970673e-01
1.499027224257588331e-01
1.499473553150892369e-01
1.500324904918670654e-01
1.497940897941589244e-01
1.500861237756908051e-01
1.497191563248634338e-01
1.502713304362259805e-01
1.500182796269655117e-01
1.499417327344417517e-01
1.498616080265492145e-01
1.499068321660161074e-01
1.499438885599374827e-01
1.499924736097454914e-01
1.499188896268606186e-01
1.499011918902397045e-01
1.499823855236172565e-01
1.498775247484445683e-01
1.499216392636299189e-01
1.499309860169887598e-01
1.498882601037621609e-01
1.499852158129215129e-01
1.500131268054246958e-01
1.498737241141498144e-01
1.500255685299634878e-01
1.500035040080547333e-01
1.500095173716545216e-01
1.498790606856346130e-01
1.499447938054800089e-01
1.499316748231649399e-01
1.499563127756118885e-01
1.499082587659358867e-01
1.498748332262039296e-01
1.500488757155835629e-01
1.498627626104280242e-01
1.499718938022852055e-01
1.499866247177124023e-01
1.499684426933526882e-01
1.497597195208072718e-01
1.499560896307229885e-01
1.496449142694473156e-01
1.500655501149594784e-01
1.502812627702951320e-01
1.496658599935472012e-01
1.499946281313896124e-01
1.500468458980321884e-01
1.499580107629299164e-01
1.498216995503753313e-01
1.500622667372226715e-01
1.497429645154625122e-01
1.496438607573509216e-01
1.498311996459960882e-01
1.499550975859165192e-01
1.502221710979938507e-01
1.496633388102054651e-01
1.501919928938150461e-01
1.498619835823774282e-01
1.498049369081854709e-01
1.500883832573890742e-01
1.498977255076169857e-01
1.499112095683813040e-01
1.499639123445376809e-01
1.498960538767278305e-01
1.499534759670496098e-01
1.498764283955097143e-01
1.499842077493667714e-01
1.499794147908687647e-01
1.498726960271596909e-01
1.499710839241742977e-01
1.497817996889352909e-01
1.499151654541492351e-01
1.500003993511200007e-01
1.498184185475111008e-01
1.499849099665880314e-01
1.499283075332641657e-01
1.499420352280139979e-01
1.498972788453102056e-01
1.498450100421905573e-01
1.499655760824680217e-01
1.499499952420592364e-01
1.498485850170254707e-01
1.499120183289051056e-01
1.498549919575452860e-01
1.501480098813772202e-01
1.497998489532619826e-01
1.500277422368526403e-01
1.497740861028432902e-01
1.499540925025940052e-01
1.499540127813815960e-01
1.498679336160421427e-01
1.500156387686729376e-01
1.497994504868984111e-01
1.500108830630779155e-01
1.498980732634663526e-01
1.498851969838142506e-01
1.499548351159319393e-01
1.498088747262954767e-01
1.501725882291793934e-01
1.497360028326511494e-01
1.500692686997354142e-01
1.497529320418834742e-01
1.499908997677266709e-01
1.498760078102350235e-01
1.499184165149927139e-01
1.500247083604335785e-01
1.498584363609552494e-01
1.498345371335744747e-01
1.499371886253356989e-01
1.499173674732446615e-01
1.498812340199947302e-01
1.500010393792763352e-01
1.497455198317766134e-01
1.500312745571136530e-01
1.499037060886621586e-01
1.498659113422036171e-01
1.500018112361431177e-01
1.498440368101000841e-01
1.500931642949581146e-01
1.498161930590868052e-01
1.499833694659173378e-01
1.497077770531177465e-01
1.500296495854854528e-01
1.499770924448967091e-01
1.498613967327400986e-01
1.498434342443943079e-01
1.498024631291627884e-01
1.499280114658176899e-01
1.499338783323764801e-01
1.498707503080368153e-01
1.499590717256069072e-01
1.497878674417734146e-01
1.499365408904850538e-01
1.499672454781830200e-01
1.499218963086605128e-01
1.497442743740975968e-01
1.500131352804601192e-01
1.497752778232097626e-01
1.502124629914760590e-01
1.496866013854742106e-01
1.500260602682828848e-01
1.498923882842063959e-01
1.498335931450128500e-01
1.499954603612422832e-01
1.497596189379692133e-01
1.500047086738049984e-01
1.497811283916234970e-01
1.500437790062278398e-01
1.495185628533363398e-01
1.501829221844673268e-01
1.498205766081809887e-01
1.499918498098850306e-01
1.498297862708568573e-01
1.498301843181252535e-01
1.499627570505253915e-01
