2.472611653804778875e+00
1.902566564083099321e+00
1.891412711143493741e+00
1.493866336345672563e+00
1.301954495906829878e+00
1.556494200229644687e+00
1.373880898952484220e+00
1.145202636718750000e+00
1.093612563610076860e+00
1.120383882522582919e+00
1.110749709606170699e+00
1.080608654022216841e+00
1.052550923824310258e+00
1.113068884611129850e+00
1.020885419845581010e+00
1.029649227857589722e+00
1.083950948715209917e+00
1.185401058197021573e+00
1.064032107591629028e+00
1.049883449077606112e+00
1.028444159030914351e+00
1.026962620019912675e+00
1.037280380725860596e+00
1.063183552026748746e+00
1.011934411525726274e+00
1.023137456178665250e+00
1.051925241947174072e+00
1.068168532848358110e+00
1.027289599180221558e+00
9.931835114955902544e-01
9.764221191406250444e-01
9.759590864181518777e-01
1.016717821359634399e+00
9.693315863609314187e-01
1.054489099979400546e+00
9.997471272945404053e-01
9.867032170295715332e-01
9.897966086864471436e-01
9.812988042831420898e-01
9.900660395622253862e-01
9.872642219066619651e-01
9.786200940608977827e-01
9.366422533988952859e-01
9.632209479808807595e-01
9.724148333072661909e-01
9.574305057525634988e-01
9.862549066543578880e-01
9.332554697990417258e-01
9.612849235534668413e-01
9.474913001060485396e-01
9.344216525554657204e-01
9.188055276870727983e-01
9.020680010318755659e-01
9.435783207416534868e-01
1.030383294820785611e+00
1.017600834369659424e+00
1.003203445672988803e+00
9.795880317687988281e-01
1.040296268463134721e+00
9.721073865890502708e-01
1.080794501304626509e+00
1.004472243785858199e+00
9.233889877796173096e-01
9.983360528945922630e-01
9.635005950927734153e-01
8.697562158107757790e-01
9.686330258846282959e-01
9.351813733577728494e-01
9.074994683265685813e-01
9.260394513607025369e-01
1.031276780366897627e+00
9.825477182865143266e-01
1.025961315631866544e+00
1.077498137950897217e+00
1.003948283195495561e+00
9.818686962127685103e-01
1.025954818725586026e+00
9.702555537223815918e-01
8.895287990570068803e-01
9.528283774852752686e-01
1.007740920782089322e+00
9.694142878055572732e-01
9.676998972892760786e-01
9.327595472335815652e-01
9.079222261905670610e-01
8.529103457927703635e-01
8.119595050811767578e-01
7.457197189331055132e-01
1.077034723758697465e+00
9.535265386104583296e-01
1.131132590770721480e+00
9.854057252407073531e-01
9.622475862503051536e-01
8.902140259742736816e-01
9.064448952674866167e-01
8.249479591846465842e-01
8.840903818607330766e-01
7.363831341266632302e-01
6.848167419433593972e-01
6.964946568012237993e-01
7.063395798206328902e-01
6.753732681274413618e-01
6.643523335456847922e-01
6.400133192539214644e-01
5.769947618246078491e-01
6.325839191675186601e-01
6.546979486942291482e-01
5.154657065868377686e-01
4.740973591804504284e-01
4.830102652311324962e-01
6.869376897811889648e-01
7.041017830371856245e-01
5.535588443279266802e-01
5.037916213274001853e-01
4.481169432401657104e-01
7.150810450315475686e-01
7.907173395156860130e-01
5.896311432123184648e-01
5.497750818729401079e-01
5.430446743965149370e-01
4.648536980152130349e-01
6.021657586097717285e-01
4.724914520978927834e-01
4.344901114702224842e-01
4.377577692270279153e-01
4.375381857156753762e-01
4.441350936889648660e-01
6.113886207342147383e-01
5.299557834863662942e-01
4.043414294719696045e-01
3.863043785095214844e-01
3.993660122156142966e-01
4.883001416921615712e-01
4.739188194274902566e-01
4.864764437079429626e-01
4.444708138704299705e-01
4.519733250141143577e-01
6.614353001117706521e-01
7.879186272621154785e-01
5.645348042249679343e-01
4.537308424711227195e-01
4.155789405107498391e-01
4.869084686040878185e-01
3.946891859173774497e-01
3.846738636493682861e-01
3.874759554862975963e-01
6.944777250289917436e-01
5.279001832008362038e-01
4.307134538888931496e-01
4.707608848810195812e-01
4.413529753684997670e-01
3.959236472845077404e-01
4.178655743598937988e-01
4.647316902875900380e-01
4.137266382575034984e-01
4.135569304227829091e-01
4.990101218223571555e-01
4.080940544605254905e-01
3.973798394203186257e-01
3.919009834527969471e-01
3.756954312324524148e-01
3.510889917612075584e-01
3.875568240880966076e-01
3.957989901304245217e-01
3.825640574097633473e-01
3.988045081496238708e-01
3.568741291761398093e-01
4.283620029687881248e-01
4.294812083244323730e-01
4.237936645746230857e-01
4.335558384656906239e-01
4.092854663729667553e-01
3.705119907855987660e-01
3.610282853245735391e-01
3.426513537764549477e-01
4.145710572600364574e-01
3.471183046698570474e-01
5.809375733137130959e-01
5.043632000684737937e-01
4.672842800617217907e-01
4.174028471112251060e-01
3.742863640189170726e-01
3.481671124696731345e-01
3.700376361608505027e-01
3.588897109031677357e-01
3.467357441782951133e-01
3.162339568138122781e-01
4.232494324445724709e-01
3.830006718635559082e-01
3.389642298221587913e-01
3.771123439073562622e-01
3.565859258174896018e-01
3.604181006550788990e-01
3.401020854711532815e-01
3.307357847690582386e-01
3.965969413518905529e-01
4.429940700531005970e-01
4.866771459579467551e-01
4.269494950771332009e-01
3.716304451227188110e-01
3.677452802658081055e-01
3.170829668641090282e-01
3.290644675493240578e-01
2.930271044373512490e-01
3.212627381086349265e-01
3.603549584746360557e-01
3.265794724225997703e-01
3.019660145044326671e-01
2.857176035642624012e-01
3.488126784563064797e-01
3.058540612459182961e-01
3.138081997632980458e-01
2.959692165255546348e-01
3.162864357233047263e-01
3.748908728361129983e-01
3.366620853543281777e-01
3.447651416063308716e-01
2.849599450826644786e-01
3.212065279483795055e-01
3.254808291792869457e-01
3.139046803116798401e-01
2.959204927086830361e-01
3.259963020682334900e-01
3.674006491899490245e-01
3.113930016756057961e-01
3.164343908429145813e-01
3.112913131713866965e-01
3.043010562658309826e-01
2.790708243846893311e-01
2.768869280815124401e-01
2.777902364730834850e-01
2.897979468107223511e-01
2.805577218532562256e-01
2.883417695760727151e-01
3.112078234553337097e-01
3.078929319977760093e-01
3.275625631213188171e-01
3.160746335983276589e-01
3.329229772090911976e-01
3.079188540577888489e-01
2.899851307272910961e-01
2.889788955450057761e-01
2.813308879733085743e-01
2.754282712936401145e-01
2.650868862867355458e-01
2.699811682105064392e-01
2.772485658526420704e-01
2.757307916879653820e-01
2.642163395881652610e-01
2.837619081139564625e-01
2.782207190990447776e-01
2.837383329868316539e-01
2.843136787414550781e-01
2.638908535242080466e-01
2.993420973420143349e-01
2.993967965245246665e-01
3.100954100489616283e-01
3.231504261493682861e-01
3.491384327411651833e-01
3.382181793451309315e-01
3.041171148419380410e-01
2.926300048828124889e-01
2.750151351094246022e-01
2.788325697183609009e-01
2.983630836009979470e-01
3.359719574451446311e-01
2.843382045626640098e-01
2.683925807476043590e-01
2.671256512403488159e-01
2.640018358826637379e-01
2.836535573005676270e-01
2.823985397815704235e-01
2.729578182101249917e-01
3.099984750151634216e-01
2.785579115152359009e-01
3.215130478143691795e-01
2.759237155318260415e-01
3.270947918295860068e-01
3.263746470212936512e-01
2.720240071415901406e-01
2.642872020602226035e-01
2.722996592521667591e-01
2.763655722141266091e-01
2.620066992938518413e-01
2.597515635192394479e-01
2.946058847010135651e-01
3.069787114858627541e-01
4.200760871171951294e-01
3.418254449963569752e-01
3.355694293975829967e-01
3.043948858976364136e-01
3.072425737977028115e-01
3.267885044217109791e-01
3.245476529002189747e-01
2.756496638059616200e-01
2.977636694908142312e-01
2.870724394917488209e-01
2.814207449555397034e-01
2.817644625902175903e-01
2.532552525401115529e-01
2.715639129281043895e-01
2.618824750185012595e-01
2.627929434180259483e-01
2.479778334498405346e-01
2.512459903955459595e-01
2.427591688930988423e-01
2.367945909500122070e-01
2.428509175777435192e-01
2.550730258226394653e-01
2.895471915602684243e-01
2.739442810416221619e-01
2.585307866334914939e-01
2.571087747812271229e-01
2.757065303623676411e-01
2.842146158218383789e-01
2.472072616219520569e-01
2.433398649096489008e-01
2.524355575442314148e-01
2.635798066854476707e-01
2.519859611988067849e-01
2.563392773270606884e-01
2.680068224668502586e-01
2.514821857213974110e-01
2.436777144670486395e-01
2.402898691594600733e-01
2.362912341952324025e-01
2.492868453264236450e-01
2.520856425166130288e-01
2.484481051564216558e-01
2.443992413580417522e-01
2.408358566462993622e-01
2.584303840994834900e-01
2.780269339680671581e-01
2.374655030667781885e-01
2.647705614566803201e-01
2.531241193413734658e-01
2.603903099894523399e-01
2.383945390582084545e-01
2.441303014755248912e-01
2.436078459024429432e-01
2.472076281905174200e-01
2.489588767290115412e-01
2.420500397682189830e-01
2.544228680431842582e-01
2.657312661409377830e-01
2.589790463447571023e-01
2.559829711914062278e-01
2.414619341492652838e-01
2.420522272586822510e-01
2.324813023209571783e-01
2.564749568700790405e-01
2.912571579217910767e-01
2.852422997355461010e-01
2.657152682542801014e-01
2.502436071634292492e-01
2.636980116367340088e-01
2.649019673466682656e-01
2.453182756900787465e-01
2.366054907441139110e-01
2.437670759856701008e-01
2.409108012914657482e-01
2.464871659874915966e-01
2.435277447104454152e-01
2.716993376612663047e-01
2.967145368456840515e-01
3.352586716413498147e-01
3.249126151204109192e-01
2.731982961297035328e-01
2.727493047714233398e-01
2.653156474232673534e-01
2.495025321841239929e-01
2.513270139694213645e-01
2.766233310103416443e-01
2.772824764251708984e-01
2.624164924025535472e-01
2.516356557607650757e-01
2.513662680983543285e-01
2.495266079902648815e-01
2.527011796832084878e-01
2.445326179265975841e-01
2.480000212788581737e-01
2.691375717520713695e-01
3.170570597052574380e-01
3.320704206824302562e-01
2.731282100081443565e-01
2.596591800451278909e-01
2.476537488400936127e-01
2.394504040479659979e-01
2.381881780922412983e-01
2.416915066540241130e-01
2.861447021365165488e-01
2.762661918997764698e-01
2.512559309601783974e-01
2.483541756868362371e-01
2.419594511389732416e-01
2.470099300146103016e-01
2.578720241785049661e-01
3.036619976162910350e-01
2.394738778471946772e-01
2.499783441424369701e-01
2.266705788671970478e-01
2.298952877521514837e-01
2.268733017146587483e-01
2.314709872007369995e-01
2.436180368065833934e-01
2.481340125203132518e-01
2.476033255457878168e-01
2.348068192601203974e-01
2.388423368334770258e-01
2.573211491107940674e-01
2.507114350795746072e-01
2.566718965768813865e-01
2.587440863251685985e-01
2.349989220499992260e-01
2.361398659646511133e-01
2.238339573144912664e-01
2.257741168141365051e-01
2.246365100145339966e-01
2.387850269675254877e-01
2.289051756262779347e-01
2.291674032807350103e-01
2.445870593190193065e-01
2.296621039509773310e-01
2.213301107287407032e-01
2.282249227166175953e-01
2.239843353629112355e-01
2.283701971173286438e-01
2.245357766747474726e-01
2.230411633849143926e-01
2.241923980414867457e-01
2.277596220374107361e-01
2.260686054825782887e-01
2.224262207746505737e-01
2.205905020236968994e-01
2.254524439573288019e-01
2.198300793766975458e-01
2.215151190757751465e-01
2.343024939298629650e-01
2.273505419492721502e-01
2.288782991468906458e-01
2.252284988760948070e-01
2.259555622935295049e-01
2.226015791296958868e-01
2.218061462044715881e-01
2.277633123099803980e-01
2.262493491172790638e-01
2.573602706193923728e-01
2.685807555913924949e-01
2.479495614767074640e-01
2.434564322233200018e-01
2.363453060388565063e-01
2.298519909381866455e-01
2.281674966216087341e-01
2.421794921159744207e-01
2.254891976714134272e-01
2.188696905970573536e-01
2.261413261294364929e-01
2.296882793307304382e-01
2.333542391657829340e-01
2.242017246782779805e-01
2.217124581336974987e-01
2.269398257136344965e-01
2.407696262001991216e-01
2.311955533921718486e-01
2.435729324817657582e-01
2.319994859397411235e-01
2.282083481550216675e-01
2.315567314624786266e-01
2.170530021190643366e-01
2.215030953288078253e-01
2.232783049345016535e-01
2.222267307341098674e-01
2.221646301448345073e-01
2.314817160367965698e-01
2.366094544529914745e-01
2.424686849117279053e-01
2.364773504436016027e-01
2.405108481645584217e-01
2.349972009658813366e-01
2.259422048926353344e-01
2.357327163219452015e-01
2.319295883178710826e-01
2.275395259261131231e-01
2.387029424309730641e-01
2.497528247535228674e-01
2.339609675109386444e-01
2.284157529473304638e-01
2.297888234257698115e-01
2.226751163601875250e-01
2.239565804600715526e-01
2.293227985501289368e-01
2.254693791270256098e-01
2.289580732583999523e-01
2.355761080980300903e-01
2.201745308935642298e-01
2.271529316902160534e-01
2.328596144914626964e-01
2.256886616349220165e-01
2.198079481720924266e-01
2.152655720710754395e-01
2.206551112234592382e-01
2.239815458655357305e-01
2.195065394043922424e-01
2.204127252101898138e-01
2.191267564892768749e-01
2.238716870546340887e-01
2.156920403242111317e-01
2.146401204168796595e-01
2.191681414842605591e-01
2.201892420649528559e-01
2.153068140149116405e-01
2.129068687558174078e-01
2.178282842040061840e-01
2.215530037879943903e-01
2.206609100103378296e-01
2.256819248199462835e-01
2.177125751972198431e-01
2.207467116415500752e-01
2.195410646498203167e-01
2.166252478957176320e-01
2.168111860752105768e-01
2.174434721469879206e-01
2.166972503066063038e-01
2.136393830180168263e-01
2.206516042351722717e-01
2.209188178181648310e-01
2.195185653865337483e-01
2.224537327885627858e-01
2.183564782142639049e-01
2.117655761539936066e-01
2.125218510627746582e-01
2.122562177479267176e-01
2.114851161837577875e-01
2.123040437698364147e-01
2.125180780887603871e-01
2.127809330821037181e-01
2.179012902081012837e-01
2.141121156513690893e-01
2.145309165120124761e-01
2.178941115736961476e-01
2.152840331196785029e-01
2.151877552270889393e-01
2.125144705176353344e-01
2.140892572700977270e-01
2.122523576021194402e-01
2.164709180593490656e-01
2.303372994065284729e-01
2.196691453456878773e-01
2.240940153598785511e-01
2.228867515921592601e-01
2.250123605132103022e-01
2.310468524694442860e-01
2.277818873524665721e-01
2.277794539928436335e-01
2.146600328385829815e-01
2.164835020899772700e-01
2.242067731916904394e-01
2.172957465052604564e-01
2.165735743939876667e-01
2.268265902996063343e-01
2.285047963261604420e-01
2.221005231142044178e-01
2.158054694533348139e-01
2.154739767313003651e-01
2.162146560847759136e-01
2.140125095844268854e-01
2.183162517845630701e-01
2.188250236213207245e-01
2.185070723295211848e-01
2.247798487544059864e-01
2.239244610071182140e-01
2.201302811503410284e-01
2.164446949958801214e-01
2.182388171553611700e-01
2.203041180968284551e-01
2.221067711710929815e-01
2.243511058390140478e-01
2.191851511597633362e-01
2.288295879960060009e-01
2.163459733128547668e-01
2.140652000904083307e-01
2.206317216157913097e-01
2.182409986853599548e-01
2.202398538589477595e-01
2.166991584002971594e-01
2.190405733883381001e-01
2.172106474637985341e-01
2.141623526811599620e-01
2.123394653201103321e-01
2.119247034192085211e-01
2.119498163461685236e-01
2.139645218849182129e-01
2.178945176303386799e-01
2.253114625811576954e-01
2.239659853279590551e-01
2.334185183048248236e-01
2.280691169202327673e-01
2.244264103472232708e-01
2.245262414216995239e-01
2.160032130777835846e-01
2.184440270066261292e-01
2.167738601565361023e-01
2.117970809340476990e-01
2.108051858842373005e-01
2.110369935631752070e-01
2.111256852746009882e-01
2.115237638354301453e-01
2.125848896801471599e-01
2.132250696420669445e-01
2.111865140497684590e-01
2.103405624628066906e-01
2.105731464922428187e-01
2.161786600947380177e-01
2.131209820508956909e-01
2.148004233837127741e-01
2.116658046841621288e-01
2.136412315070629064e-01
2.202270776033401489e-01
2.152409739792346954e-01
2.113961450755596216e-01
2.108236521482467762e-01
2.112828761339187733e-01
2.126880168914794811e-01
2.115093067288398854e-01
2.138541534543037526e-01
2.120011344552040211e-01
2.128350242972373851e-01
2.151863358914852253e-01
2.125033885240554810e-01
2.106771402060985676e-01
2.100577503442764282e-01
2.101749747991562001e-01
2.098127201199531666e-01
2.098452374339103699e-01
2.097689546644687653e-01
2.104207001626491602e-01
2.099578931927680858e-01
2.102374322712421417e-01
2.096487298607826177e-01
2.119892239570617676e-01
2.117945551872253418e-01
2.149352833628654369e-01
2.103820815682411194e-01
2.099605113267898615e-01
2.092466011643409618e-01
2.094927497208118328e-01
2.105350002646446117e-01
2.095135793089866749e-01
2.094661995768546947e-01
2.094396747648716028e-01
2.094191618263721577e-01
2.102690771222114618e-01
2.107281684875488281e-01
2.092562243342399597e-01
2.095480605959892384e-01
2.094157338142395020e-01
2.097179204225540217e-01
2.121534690260887257e-01
2.123605951666832081e-01
2.118659272789955028e-01
2.106140002608299366e-01
2.094334468245506176e-01
2.119549140334129333e-01
2.111438885331153870e-01
2.100928813219070379e-01
2.153208330273628235e-01
2.106061860918998774e-01
2.080725602805614527e-01
2.107212007045745905e-01
2.120199009776115306e-01
2.128245666623115595e-01
2.141674079000949749e-01
2.095556318759918268e-01
2.088574662804603688e-01
2.091669067740440369e-01
2.093469507992267720e-01
2.084439195692539271e-01
2.092074751853942871e-01
2.093837752938270680e-01
2.099059812724590190e-01
2.093110859394073375e-01
2.102912291884422302e-01
2.097077749669551960e-01
2.122425220906734578e-01
2.104227557778358404e-01
2.119480423629283850e-01
2.105573505163192694e-01
2.102827534079551586e-01
2.097043044865131434e-01
2.094321787357330267e-01
2.094545938074588720e-01
2.085990369319915827e-01
2.083618029952049311e-01
2.110403135418891796e-01
2.107192009687423595e-01
2.102648973464965876e-01
2.095361784100532587e-01
2.125475257635116577e-01
2.126308113336562999e-01
2.148124903440475353e-01
2.124012798070907537e-01
2.092198260128498022e-01
2.096319414675235637e-01
2.092165037989616450e-01
2.085977286100387518e-01
2.074975058436393793e-01
2.074216298758983501e-01
2.080337919294834026e-01
2.081406489014625549e-01
2.077545054256915991e-01
2.079100936651229747e-01
2.076956257224082947e-01
2.081301599740982000e-01
2.086167410016059875e-01
2.088629022240638677e-01
2.079826734960079082e-01
2.077871665358543285e-01
2.076425880193710216e-01
2.079667195677757374e-01
2.087652534246444702e-01
2.091764196753501948e-01
2.109729602932929882e-01
2.103794105350971222e-01
2.087458126246929113e-01
2.083798944950103760e-01
2.079532302916050068e-01
2.075813844799995478e-01
2.078286290168762096e-01
2.087005175650119837e-01
2.089504577219486181e-01
2.111091107130050604e-01
2.088305681943893322e-01
2.095751300454139765e-01
2.083763465285301264e-01
2.074393779039382935e-01
2.077396839857101329e-01
2.072487555444240681e-01
2.071653835475444905e-01
2.072939082980155834e-01
2.097215332090854589e-01
2.081235714256763347e-01
2.079622462391853277e-01
2.087991699576377813e-01
2.105052523314952795e-01
2.081573963165283259e-01
2.077517785131931249e-01
2.093988753855228480e-01
2.089229784905910492e-01
2.076221808791160472e-01
2.073506996035575922e-01
2.071443699300289099e-01
2.072061397135257776e-01
2.086916364729404505e-01
2.087972253561019842e-01
2.087514333426952473e-01
2.074327945709228405e-01
2.088302120566368214e-01
2.078995704650878906e-01
2.082740470767021068e-01
2.088612161576747783e-01
2.086168773472309168e-01
2.074682913720607702e-01
2.075343295931816046e-01
2.075114861130714361e-01
2.073592826724052485e-01
2.079335063695907648e-01
2.078403666615486201e-01
2.098057493567466736e-01
2.089504562318325043e-01
2.105680927634239197e-01
2.098672136664390675e-01
2.101539626717567333e-01
2.107062906026840321e-01
2.130698129534721319e-01
2.123753212392330281e-01
2.108350031077861897e-01
2.081755734980106354e-01
2.081152610480785370e-01
2.078297898173332159e-01
2.081709519028663580e-01
2.076777517795562744e-01
2.081104390323162134e-01
2.073299184441566578e-01
2.071570932865142711e-01
2.070249199867248424e-01
2.076512202620506287e-01
2.083292305469512939e-01
2.071100175380706787e-01
2.071708559989929310e-01
2.083155557513237111e-01
2.078798927366733440e-01
2.078798249363899286e-01
2.075001962482929119e-01
2.075837254524230957e-01
2.080735668540000805e-01
2.075351282954215892e-01
2.075030907988548168e-01
2.082352072000503429e-01
2.069883145391941126e-01
2.071712501347064972e-01
2.080882027745246943e-01
2.071795918047428242e-01
2.080586530268192236e-01
2.077363163232803234e-01
2.068254083395004161e-01
2.066664882004261017e-01
2.066513270139694325e-01
2.070004612207412831e-01
2.065467745065689142e-01
2.069108985364437048e-01
2.065159097313880865e-01
2.065814465284347423e-01
2.065112665295600891e-01
2.067613929510116466e-01
2.072486992925405558e-01
2.075071983039379064e-01
2.065156843513250295e-01
2.063683174550533239e-01
2.064739458262920269e-01
2.067099705338478199e-01
2.070457294583320507e-01
2.066707164049148560e-01
2.068712040781974792e-01
2.064802773296832983e-01
2.067580789327621571e-01
2.073468104004859980e-01
2.068605281412601582e-01
2.063497669994830974e-01
2.067622922360897175e-01
2.064963869750499614e-01
2.063261754810810089e-01
2.071551494300365448e-01
2.068971917033195496e-01
2.072280526161193737e-01
2.080175220966339056e-01
2.064454309642314855e-01
2.065370216965675410e-01
2.063992023468017578e-01
2.068792760372161754e-01
2.076515547931194194e-01
2.075463727116584889e-01
2.063825063407421223e-01
2.066948086023330799e-01
2.073161110281944164e-01
2.068527385592460743e-01
2.066212117671966664e-01
2.063862562179565319e-01
2.063632927834987696e-01
2.064685404300689586e-01
2.063264861702918951e-01
2.066713958978652899e-01
2.063049107789993175e-01
2.065474569797515758e-01
2.071331422775983810e-01
2.073295734822750147e-01
2.066322281956672613e-01
2.064175143837928827e-01
2.063472993671894018e-01
2.064608328044414409e-01
2.062101393938064464e-01
2.063764780759811401e-01
2.066660612821578924e-01
2.069791123270988409e-01
2.061813339591026251e-01
2.065081246197223719e-01
2.061123669147491566e-01
2.063991539180278778e-01
2.062547266483306940e-01
2.063235700130462702e-01
2.065004646778106634e-01
2.067395478487014659e-01
2.064251720905304066e-01
2.073156893253326472e-01
2.062901958823203930e-01
2.066443309187889210e-01
2.063000723719596863e-01
2.069823458790779058e-01
2.063822358846664484e-01
2.065396413207054027e-01
2.062126494944095667e-01
2.067003391683101543e-01
2.062330424785613903e-01
2.065379098057746887e-01
2.062168717384338379e-01
2.067826852202415411e-01
2.073445148766040746e-01
2.077615052461624090e-01
2.073121689260006006e-01
2.073283679783344269e-01
2.071287088096141760e-01
2.061510637402534374e-01
2.066344000399112646e-01
2.067596137523651234e-01
2.066066421568393818e-01
2.062676958739757538e-01
2.070043943822383881e-01
2.068088598549366053e-01
2.071842573583126124e-01
2.063859567046165411e-01
2.082134515047073253e-01
2.070330291986465510e-01
2.066561438143253437e-01
2.060651436448097118e-01
2.061488792300224249e-01
2.062355056405067444e-01
2.059551864862441961e-01
2.059754028916359059e-01
2.059576474130153656e-01
2.060769945383071899e-01
2.059667669236660004e-01
2.061047464609146174e-01
2.058584511280059925e-01
2.059545472264289745e-01
2.061296060681342968e-01
2.059389658272266499e-01
2.062218695878982599e-01
2.062367491424083599e-01
2.061713829636573903e-01
2.064078941941261403e-01
2.060729630291461834e-01
2.058885924518108479e-01
2.059780225157737676e-01
2.059104613959789332e-01
2.060134977102279774e-01
2.059081807732582037e-01
2.059050045907497295e-01
2.059338770806789509e-01
2.059217415750026758e-01
2.059802740812301525e-01
2.063665613532066345e-01
2.064004875719547272e-01
2.059751570224762074e-01
2.061090975999832209e-01
2.059090644121170099e-01
2.059772528707980999e-01
2.059086486697196960e-01
2.059146106243133489e-01
2.064100176095962635e-01
2.059127844870090596e-01
2.058990098536014612e-01
2.059220746159553528e-01
2.059004478156566675e-01
2.060283623635768835e-01
2.064337372779846136e-01
2.064482830464839935e-01
2.060574613511562403e-01
2.061381995677948054e-01
2.059038817882537786e-01
2.058672897517681011e-01
2.059120409190654810e-01
2.062698133289813940e-01
2.060193784534931072e-01
2.060936912894248962e-01
2.058543592691421398e-01
2.058403201401233784e-01
2.058341503143310547e-01
2.059512592852115742e-01
2.060295604169368744e-01
2.060259342193603571e-01
2.060606926679611206e-01
2.057604677975177765e-01
2.060469344258308300e-01
2.057774648070335444e-01
2.063797764480113928e-01
2.061037972569465526e-01
2.058752298355102650e-01
2.059960186481475941e-01
2.058448225259780773e-01
2.059387519955634960e-01
2.060120850801467896e-01
2.059221968054771312e-01
2.061311408877372631e-01
2.058690004050731659e-01
2.057841628789901789e-01
2.058424942195415386e-01
2.059076398611068837e-01
2.059784859418868908e-01
2.057659171521663555e-01
2.058379597961902674e-01
2.058252498507499584e-01
2.059071712195873205e-01
2.057883456349372808e-01
2.059537038207054083e-01
2.070624634623527416e-01
2.062463179230689947e-01
2.058190010488033239e-01
2.057917840778827612e-01
2.057516165077686310e-01
2.058438800275325664e-01
2.059350520372390803e-01
2.057306900620460566e-01
2.061470873653888647e-01
2.060307495296001545e-01
2.066243402659893036e-01
2.062129452824592590e-01
2.057845145463943481e-01
2.059574849903583471e-01
2.056800305843353160e-01
2.058084033429622706e-01
2.058317586779594421e-01
