1.516406059265136719e+00
1.741736888885498047e+00
1.241869727770487541e+00
1.150234699249267578e+00
1.261657118797302246e+00
1.334287166595458984e+00
1.115483959515889412e+00
1.050986866156260247e+00
9.955808520317077637e-01
1.039222657680511475e+00
9.866873820622762414e-01
9.685593644777933386e-01
1.033562938372294182e+00
9.921206037203470496e-01
9.590562582015991211e-01
9.569151798884073523e-01
1.135332942008972168e+00
9.862400492032369348e-01
1.016599734624226814e+00
9.527940154075622559e-01
9.607384999593099328e-01
9.501912395159403113e-01
1.006704906622568840e+00
9.931460618972778320e-01
9.536080360412597656e-01
9.828368822733560828e-01
9.945987860361734656e-01
9.904025793075561523e-01
9.631547530492147180e-01
9.470518628756204871e-01
9.526176055272420617e-01
9.312357306480407715e-01
9.335550467173258093e-01
9.812372525533040735e-01
9.817397793134053918e-01
9.278863469759622840e-01
9.546653827031453821e-01
9.147144357363382605e-01
9.374658465385437012e-01
9.183297952016195032e-01
9.298023780186971399e-01
9.074649413426717492e-01
9.440442919731140137e-01
8.755942781766256067e-01
9.269433021545410156e-01
8.672608931859334680e-01
9.029663403828939172e-01
9.033866524696350098e-01
8.620891968409220008e-01
8.707269827524820593e-01
9.054647882779439660e-01
8.443705240885416297e-01
8.587338328361511230e-01
8.237045804659525183e-01
9.398957093556722375e-01
9.802440603574117395e-01
8.774895866711934778e-01
9.391739368438720703e-01
9.065206646919250488e-01
9.764502247174581262e-01
1.006912012894948250e+00
8.845591346422830847e-01
7.980540792147318152e-01
9.067320426305135461e-01
8.041999936103820801e-01
8.466849724451700476e-01
9.457411170005798340e-01
7.917925119400024414e-01
8.097901542981466028e-01
7.508727113405863074e-01
1.012887239456176758e+00
8.164483110109964636e-01
1.008567631244659424e+00
1.001464565594990974e+00
8.788535793622335168e-01
1.030316650867462158e+00
9.660068949063619348e-01
8.122298320134481164e-01
8.109932740529378625e-01
8.153220812479654578e-01
9.166361689567565918e-01
8.715023597081502649e-01
8.205909331639608117e-01
8.400145967801412317e-01
7.775851488113403320e-01
6.946017344792684289e-01
6.382433573404947547e-01
8.379160364468892785e-01
7.779214580853780481e-01
1.086605350176493401e+00
9.416409532229105261e-01
8.516686558723449707e-01
7.865031361579895020e-01
7.417227228482564660e-01
7.851426998774210242e-01
7.047596573829650879e-01
7.402110099792480469e-01
6.143236557642618445e-01
6.060103376706441614e-01
4.719386994838714600e-01
6.192609469095865515e-01
6.600192586580911902e-01
6.183431148529052734e-01
4.604749480883280621e-01
4.534318447113037109e-01
7.051776647567749023e-01
4.110585550467173444e-01
3.929428557554880963e-01
3.470488687356312885e-01
4.380775193373362408e-01
6.695296168327331543e-01
3.759986758232116699e-01
3.385622302691141949e-01
3.655366698900858746e-01
3.908466299374898090e-01
6.435686349868774414e-01
6.727840503056844446e-01
4.519079327583312988e-01
5.619795918464660645e-01
4.466079572836558209e-01
5.588467915852864953e-01
3.511799275875091553e-01
3.902429242928822650e-01
3.168320953845977783e-01
3.164566258589426861e-01
3.298627138137817383e-01
2.663221061229705811e-01
5.376907587051391602e-01
3.619510829448699951e-01
3.089524308840433942e-01
3.018608093261718750e-01
3.149832834800084247e-01
2.616148442029953003e-01
3.445169428984324322e-01
4.019770522912343158e-01
3.412828445434570312e-01
5.223788022994995117e-01
8.642553488413492468e-01
4.551355640093485699e-01
3.550266822179158344e-01
2.776291420062382831e-01
4.369601607322692871e-01
2.996551891167958392e-01
2.827422320842742920e-01
2.668835769097010480e-01
3.889630337556203021e-01
4.019251565138499127e-01
2.995347827672958374e-01
3.225122292836506976e-01
3.419462839762369977e-01
2.799723794062932147e-01
3.318661451339721680e-01
2.820818126201629639e-01
3.827411731084187640e-01
2.941495329141616821e-01
3.072711378335952759e-01
2.455112288395563669e-01
3.038129707177479877e-01
2.561211436986923218e-01
2.859133978684743060e-01
2.631715089082717896e-01
2.916098535060882568e-01
4.600088894367218018e-01
2.839903930823008404e-01
2.791521350542704449e-01
2.826561480760574341e-01
2.354738612969716482e-01
2.639687259991963519e-01
2.813149740298588886e-01
3.123592634995778217e-01
3.642148375511169434e-01
2.712378303209940777e-01
2.798339674870173321e-01
2.656970818837483539e-01
4.037653803825378418e-01
2.615971813599268780e-01
3.093406061331431256e-01
3.294268349806467877e-01
3.638553917407989502e-01
2.513571629921595441e-01
2.786836276451746808e-01
2.504754612843195782e-01
2.646743257840474262e-01
2.368613680203755789e-01
2.423058400551477976e-01
2.390331774950027466e-01
3.457646369934082031e-01
3.394928773244221820e-01
3.064446051915486469e-01
2.994176050027211322e-01
2.322926620642344064e-01
2.821502238512039185e-01
2.097067733605702811e-01
2.806701163450877057e-01
3.130171994368235455e-01
3.636869688828786029e-01
3.770876030127207623e-01
3.109665910402933942e-01
2.857341667016347064e-01
2.856253683567047119e-01
2.536199341217676984e-01
2.025189648071924753e-01
2.802284856637318744e-01
2.499317824840545654e-01
2.787115126848220825e-01
2.678072750568389893e-01
1.863627309600512094e-01
2.176895936330159598e-01
2.623715649048487530e-01
2.132409314314524240e-01
2.219441880782445364e-01
2.590196579694747925e-01
2.515431692202885761e-01
3.214770853519439697e-01
2.566566765308380127e-01
3.018133342266082764e-01
2.089120000600814819e-01
2.115550736586252756e-01
2.255073289076487131e-01
2.070329686005910330e-01
2.183160881201426096e-01
2.070641467968622751e-01
3.494880100091298236e-01
1.977865844964981079e-01
2.183001339435577393e-01
2.599648982286453247e-01
2.659211605787277222e-01
2.352472245693206787e-01
2.582205136617024555e-01
1.961431254943211966e-01
2.400423238674799509e-01
2.356233646472295218e-01
2.745047658681869507e-01
2.133149554332097464e-01
2.248495966196060181e-01
2.012842545906702585e-01
2.597686300675074444e-01
2.082259158293406076e-01
1.761174326141675406e-01
2.305549085140228271e-01
2.321725040674209595e-01
2.462370544672012329e-01
2.218480805555979318e-01
1.807886958122253418e-01
2.501958608627319336e-01
1.744054829080899649e-01
2.228798270225524902e-01
2.303019315004348755e-01
2.203488200902938843e-01
2.213322023550669260e-01
1.859751542409261160e-01
2.059100220600763864e-01
2.435696423053741455e-01
2.036716689666112357e-01
2.086097498734792166e-01
1.996070096890131540e-01
3.256194293498992920e-01
2.833712846040725708e-01
2.782358576854069843e-01
2.573638955752055035e-01
3.039983510971069336e-01
2.579374661048253192e-01
2.545778403679530011e-01
1.944688558578491211e-01
2.430234948794046945e-01
2.771854797999064313e-01
2.066660225391387939e-01
2.417892515659332275e-01
1.976910630861918039e-01
2.144328653812408447e-01
2.236077487468719482e-01
2.645703007777531757e-01
2.943059206008911133e-01
2.574423750241597308e-01
2.238899668057759695e-01
2.157088716824849539e-01
2.013143052657445364e-01
3.199534813563029156e-01
2.075486232837041312e-01
2.102791766325632639e-01
2.123851577440897531e-01
2.045348584651947021e-01
1.834017634391784668e-01
2.237621396780014038e-01
1.875599622726440430e-01
2.006178448597590036e-01
1.933222562074661255e-01
3.797019521395365582e-01
2.050227969884872437e-01
2.361241281032562256e-01
2.618879228830337524e-01
2.862452367941538678e-01
1.967731962601343698e-01
2.257039099931716919e-01
2.288939952850341797e-01
2.272824645042419434e-01
2.032679518063863211e-01
2.141326566537221365e-01
2.055207242568334036e-01
2.231905261675516672e-01
2.132226576407750540e-01
2.382951627175013132e-01
1.971457848946253366e-01
1.824254741271336966e-01
2.477024396260579520e-01
1.990234603484471732e-01
1.821693678696950369e-01
2.237035234769185477e-01
1.820959920684496469e-01
2.824630240599314557e-01
1.796342382828394479e-01
2.033055722713470459e-01
2.084926764170328684e-01
2.530787040789921893e-01
2.053503344456354684e-01
2.164019991954167776e-01
2.293873578310012817e-01
1.917870988448460989e-01
1.881331255038579398e-01
2.370151182015736990e-01
1.939443945884704590e-01
2.572579383850097656e-01
1.724138160546620779e-01
1.956537465254465646e-01
2.095388521750768118e-01
1.830920701225598746e-01
1.796507537364959717e-01
2.121974329153696603e-01
2.021624495585759573e-01
1.783144374688466482e-01
2.325788140296936035e-01
2.668378353118896484e-01
1.921516458193461008e-01
1.901136885086695261e-01
2.341468234856923514e-01
1.656624327103296823e-01
2.299014578262964792e-01
2.242925266424814768e-01
2.081773181756337576e-01
2.264727751413981027e-01
1.962662239869435721e-01
1.938943465550740652e-01
2.130273580551147461e-01
2.160363992055257254e-01
1.924618184566497803e-01
2.224886814753214426e-01
1.898242731889089041e-01
2.222277522087097168e-01
2.056053131818771362e-01
2.034582346677780151e-01
2.183592468500137329e-01
2.134619802236557007e-01
2.049624770879745483e-01
1.932236105203628540e-01
2.046389530102411813e-01
2.708515971899032593e-01
1.985637346903482980e-01
2.024382799863815308e-01
1.983853379885355539e-01
2.245491047700246268e-01
2.407597402731577463e-01
2.049483408530553274e-01
2.182682802279790335e-01
2.129595428705215454e-01
2.977332224448521747e-01
3.328158954779307233e-01
2.138831516106923514e-01
1.809435536464055472e-01
2.282892465591430664e-01
1.822053144375483102e-01
2.361531009276708060e-01
2.058044721682866507e-01
2.257478435834248953e-01
2.206348081429799490e-01
2.268875241279602051e-01
1.888309766848882132e-01
2.146242931485176086e-01
1.926705141862233572e-01
2.028951744238535471e-01
2.303861776987711496e-01
1.926296353340148926e-01
2.347610046466191702e-01
3.009645988543828143e-01
1.892612874507904053e-01
2.249516397714614868e-01
1.686310619115829468e-01
2.172392408053080148e-01
1.791293223698934012e-01
2.044088393449783325e-01
2.058709909518559866e-01
1.992119650046030588e-01
2.331747015317281180e-01
1.961055546998977661e-01
2.261868069569269724e-01
1.892190525929133005e-01
2.044675449530283518e-01
2.827023863792419434e-01
2.029091318448384695e-01
2.366494933764139719e-01
1.606163159012794495e-01
2.313167154788970947e-01
1.990994115670522147e-01
1.756542474031448364e-01
2.209990769624710083e-01
2.000370224316914969e-01
1.731901839375495911e-01
1.676829258600870676e-01
2.404797673225402832e-01
2.025359471638997488e-01
1.931160191694895334e-01
2.199499309062957764e-01
2.311751445134480887e-01
2.148746401071548462e-01
1.984434276819229126e-01
1.726179271936416626e-01
1.928420513868331909e-01
1.978834668795267648e-01
1.836576958497365408e-01
1.922157406806945801e-01
2.267436931530634470e-01
1.749678552150726318e-01
1.928207675615946359e-01
2.033489843209584647e-01
1.903901000817616873e-01
2.089469780524571829e-01
2.029832651217778616e-01
2.049191643794377737e-01
1.893103669087091989e-01
1.975903858741124564e-01
1.813848316669464111e-01
2.129208395878473825e-01
1.795923213164011545e-01
1.880454570055007935e-01
2.086240003506342477e-01
1.932705789804458618e-01
1.884416788816452026e-01
2.118940552075704031e-01
1.733659108479817801e-01
2.396863500277201242e-01
1.765941977500915527e-01
1.789617811640103751e-01
1.911157121260960989e-01
1.955513308445612497e-01
2.059308240811029977e-01
1.919197291135787964e-01
2.036522279183069772e-01
2.022957851489385062e-01
2.062851190567016602e-01
2.164827088514963693e-01
2.111270924409230643e-01
1.786085416873296194e-01
1.949311693509419852e-01
1.734304179747899466e-01
1.766204635302225656e-01
1.934004724025726318e-01
1.804457356532414847e-01
2.019256601730982370e-01
2.016158451636632376e-01
1.814691474040349417e-01
1.723700513442357474e-01
2.016220291455586844e-01
1.883709877729415894e-01
1.650515024860700064e-01
2.049326052268346243e-01
1.843973596890767508e-01
1.679486806193987436e-01
1.886299451192220145e-01
1.698838075002034598e-01
2.106191068887710571e-01
2.136732041835784912e-01
1.758997539679209299e-01
1.837985416253407889e-01
1.672986124952634268e-01
1.794566710789998465e-01
2.460945198933283395e-01
1.881212343772252493e-01
1.699672614534696036e-01
2.258843829234441214e-01
1.802982985973358154e-01
2.236780772606531686e-01
1.874234626690546579e-01
1.951968669891357422e-01
2.071537574132283621e-01
2.087743977705637521e-01
2.256171603997548514e-01
1.873019586006800241e-01
1.880865395069122314e-01
1.864809741576512747e-01
1.904473950465520316e-01
2.000110844771067209e-01
1.782373140255610056e-01
2.101814895868301392e-01
2.014350692431131906e-01
1.815917243560155325e-01
2.014669080575307303e-01
2.128161241610845023e-01
2.205407569805780954e-01
1.834500183661778860e-01
1.737137883901596069e-01
2.098384052515029907e-01
1.798752397298812866e-01
1.834982385238011771e-01
2.101387530565261841e-01
1.807095160086949759e-01
2.201391855875650949e-01
1.906285335620244437e-01
1.753595297535260611e-01
1.804167032241821289e-01
1.745320310195287161e-01
1.799910068511962891e-01
1.905525525410970145e-01
1.983529031276702881e-01
1.824114521344502859e-01
1.621356954177220755e-01
1.857922176520029611e-01
1.631320342421531677e-01
2.050186817844708853e-01
1.899248808622360229e-01
1.936018963654836111e-01
2.096682091554006033e-01
2.047903140385945731e-01
2.022945980230967111e-01
1.787646909554799490e-01
2.062124113241831369e-01
1.843089858690897531e-01
1.950633277495702200e-01
1.969021260738372803e-01
1.737830936908721924e-01
1.924889783064524240e-01
1.944186190764109201e-01
1.959199706713358469e-01
2.159616748491922922e-01
1.924121379852294922e-01
1.916468689839045114e-01
1.819372971852620535e-01
1.950570692618688040e-01
1.739307194948196411e-01
1.859112679958343506e-01
1.937786142031351633e-01
2.069825728734334402e-01
1.926371008157730103e-01
1.915803203980127878e-01
1.913876235485076904e-01
1.915726214647293091e-01
2.027107328176498413e-01
2.166114946206410818e-01
2.306983967622121268e-01
2.108444273471832275e-01
1.972527851661046439e-01
2.028479625781377249e-01
2.259689768155415945e-01
2.046453058719635010e-01
1.897385418415069580e-01
1.922987004121144705e-01
1.849137147267659598e-01
2.065753340721130371e-01
1.985731522242228098e-01
1.939820448557535715e-01
2.127058158318201608e-01
2.005890558163324899e-01
1.796106348435083933e-01
2.179502695798873901e-01
2.120355765024820871e-01
1.967387994130452566e-01
1.959799230098724365e-01
1.868920127550760812e-01
1.666040420532226562e-01
1.669938812653223581e-01
1.844658454259236746e-01
1.791303008794784546e-01
2.031688243150711060e-01
2.126856694618860788e-01
2.045433123906453543e-01
2.049525578816731863e-01
2.130947957436243601e-01
1.891611268122991019e-01
1.828385541836420602e-01
1.903939843177795410e-01
1.799384703238805228e-01
1.866891831159591675e-01
1.982272118330001831e-01
1.907083839178085327e-01
1.810075541337331229e-01
1.780017018318176270e-01
2.029387652873992920e-01
2.000243614117304392e-01
1.904201606909433908e-01
1.880087554454803467e-01
1.750617697834968567e-01
1.797666450341542654e-01
1.846969823042551584e-01
1.932817300160726004e-01
2.060939073562622070e-01
2.024955799182256155e-01
1.978506296873092651e-01
2.118279238541921072e-01
2.065906822681427002e-01
1.798222263654073172e-01
1.840570122003555298e-01
1.771030873060226440e-01
1.995237767696380615e-01
1.868470013141632080e-01
1.868388752142588205e-01
1.921039372682571411e-01
1.932579626639684134e-01
1.852455735206604004e-01
2.003787805636723929e-01
1.936909208695093698e-01
1.838361322879791260e-01
1.945985853672027588e-01
2.243912667036056519e-01
2.093764394521713257e-01
2.029605607191721506e-01
1.729264135162035532e-01
1.755625456571578979e-01
2.039848168690999441e-01
2.010568877061208182e-01
2.016893575588862009e-01
2.017975201209386282e-01
1.806506514549255371e-01
2.199794898430506296e-01
2.026530255873998099e-01
1.930042256911595755e-01
1.841955433289209909e-01
1.837723354498545236e-01
1.814647962649663382e-01
1.899932821591695242e-01
2.177308897177378244e-01
2.083687186241149902e-01
1.798230310281117850e-01
2.094250172376632690e-01
1.927610486745834351e-01
1.764065424601236887e-01
1.956835786501566476e-01
1.899011830488840646e-01
1.993125776449839182e-01
1.851398795843124390e-01
1.932644645373026437e-01
1.784795324007669992e-01
1.809708774089813232e-01
1.739822228749593191e-01
1.891875664393107004e-01
2.194755524396896362e-01
1.836757759253183908e-01
1.987862735986709595e-01
1.875683516263961792e-01
1.977331489324569702e-01
1.948391000429789133e-01
1.960759063561757498e-01
1.986703326304753714e-01
1.873894631862640381e-01
1.959919581810633249e-01
1.902003486951192313e-01
1.741446132461229868e-01
2.010002831617991037e-01
1.765594383080800467e-01
1.995914379755655832e-01
1.914844016234079904e-01
2.000681807597478323e-01
2.048524022102355957e-01
1.995575428009033203e-01
1.848599165678024292e-01
2.086350520451863699e-01
1.820043077071507864e-01
2.180044353008270264e-01
1.969366818666458130e-01
1.797595570484797067e-01
1.927675207455953055e-01
1.718259354432424002e-01
1.887417410810788565e-01
1.766954213380813599e-01
1.717732573548952646e-01
1.828466802835464478e-01
1.770511915286382132e-01
1.763107478618621826e-01
1.746387680371602469e-01
1.815386116504669189e-01
1.961369017759958810e-01
1.841105967760086060e-01
1.838725507259368896e-01
1.934119661649068289e-01
1.796470632155736380e-01
2.045845290025075369e-01
1.891789138317108154e-01
1.878264000018437796e-01
1.843381424744924002e-01
1.798803061246871948e-01
1.961817344029744559e-01
1.776835868755976267e-01
1.909404049317041940e-01
1.797844320535659790e-01
1.959144026041030884e-01
1.957406202952066965e-01
1.911251942316690988e-01
2.109968115886052542e-01
1.865327556927998953e-01
2.248030404249826975e-01
2.411430726448694772e-01
2.189741084973017282e-01
1.963463972012201852e-01
1.883803606033325195e-01
1.956063409646352225e-01
1.925211648146311350e-01
1.871986289819081717e-01
1.780137419700622559e-01
2.017997999986012869e-01
1.755055164297421866e-01
2.053176065286000662e-01
1.794721782207489014e-01
1.807814687490463257e-01
1.847225377957026071e-01
1.908988803625106812e-01
1.890642940998077393e-01
1.835424751043319702e-01
1.915024966001510620e-01
1.800196617841720581e-01
1.879478991031646729e-01
1.790000895659128732e-01
1.932239681482315063e-01
2.005776415268580026e-01
2.003493060668309622e-01
1.715806126594543457e-01
1.852294951677322388e-01
1.848494559526443481e-01
2.006630996863047189e-01
1.975572009881337576e-01
1.961532384157180786e-01
2.045934696992238455e-01
1.800202975670496530e-01
2.073271423578262329e-01
2.019509524106979370e-01
1.856284141540527344e-01
2.189079572757085257e-01
1.981134166320165091e-01
1.829009652137756348e-01
1.979253689448038644e-01
1.979070504506429129e-01
1.927141894896825247e-01
2.008722424507141113e-01
1.938043038050333566e-01
1.836585352818171091e-01
1.857298264900843210e-01
1.935308476289113455e-01
1.894149631261825562e-01
1.820415755112965994e-01
1.884661763906478882e-01
1.999144852161407471e-01
1.979927519957224435e-01
1.803004542986551828e-01
1.802062292893727713e-01
1.984282384316126413e-01
1.886678685744603567e-01
1.908208926518758231e-01
2.138710369666417532e-01
1.765519380569458008e-01
1.753996560970942087e-01
2.175439298152923584e-01
1.823030163844426566e-01
1.732263838251431876e-01
2.031236141920089722e-01
1.981170574824015207e-01
1.768371164798736572e-01
2.022278209527333670e-01
1.808710495630899973e-01
1.929817001024881906e-01
1.847599148750305176e-01
1.893941015005111694e-01
1.836465299129486084e-01
2.023251007000605173e-01
2.137978573640187674e-01
1.932715624570846558e-01
2.074928830067316599e-01
1.791859567165374756e-01
1.885995715856552124e-01
1.879661331574122018e-01
1.829747706651687622e-01
1.825350696841875620e-01
1.798767596483230591e-01
1.918672770261764526e-01
1.777160863081614084e-01
2.012441754341125488e-01
1.922781815131505423e-01
1.907479166984558105e-01
1.842960665623346872e-01
1.886311819156011038e-01
1.755478754639625549e-01
1.811754206816355295e-01
1.826935609181722098e-01
1.854101369778315134e-01
1.754525353511174612e-01
1.800500402847925729e-01
1.891866028308868408e-01
1.891930301984151297e-01
1.929805874824523926e-01
1.769409974416097098e-01
1.791753172874450684e-01
1.889933248360951834e-01
1.984463582436243601e-01
1.856558024883270264e-01
1.761094331741333008e-01
2.045126607020696097e-01
1.878129815061887198e-01
1.918331285317738943e-01
1.936776985724767142e-01
1.838876903057098389e-01
1.822469880183537894e-01
2.078279256820678711e-01
2.128937095403671265e-01
1.792118549346923828e-01
1.978427122036615915e-01
1.851582825183868408e-01
1.864425837993621826e-01
1.912843187650044852e-01
1.980771472056706839e-01
1.859085063139597482e-01
1.779197653134663992e-01
1.972978015740712576e-01
1.978867749373117990e-01
1.996058026949564523e-01
1.761461297671000070e-01
1.862077166636784964e-01
1.899380087852478027e-01
1.816176424423853464e-01
2.107316553592681885e-01
1.914744575818379813e-01
1.881084044774373465e-01
2.084898153940836496e-01
1.996296147505442209e-01
1.815714687108993530e-01
1.979088683923085623e-01
1.889174232880274362e-01
1.896533668041229248e-01
1.899242252111434937e-01
1.904053290685017996e-01
1.796178172032038278e-01
1.863075296084086008e-01
1.779808004697163992e-01
2.006019602219263620e-01
1.935684233903884888e-01
1.893577426671981812e-01
1.895676900943120413e-01
2.031366775433222360e-01
1.920944750308990479e-01
1.957963009675343924e-01
1.825670401255289621e-01
2.116160144408543997e-01
1.954762736956278391e-01
1.994927823543548584e-01
1.827375441789627075e-01
1.778996288776397705e-01
1.994902690251668387e-01
1.943922241528829031e-01
1.871484716733296805e-01
1.780825406312942505e-01
2.082653194665908813e-01
1.831030795971552438e-01
1.833622008562088013e-01
1.926240622997283936e-01
1.787721713383992606e-01
1.981147925059000559e-01
1.973381390174230032e-01
1.998836298783620291e-01
1.942667315403620309e-01
1.950182865063349313e-01
1.798791935046513968e-01
1.986182481050491333e-01
1.778243929147720337e-01
1.993008553981781006e-01
1.949763347705205374e-01
2.048986653486887521e-01
1.844188074270884103e-01
1.920907298723856516e-01
1.929484258095423288e-01
1.920187274614969797e-01
1.861404577891031809e-01
1.773379991451899118e-01
1.966854582230249948e-01
1.989800731341044016e-01
1.962082833051681519e-01
2.063600371281305856e-01
1.855472425619761057e-01
1.950822770595550537e-01
1.947037229935328073e-01
1.963213433821996146e-01
1.908548971017201834e-01
1.703512022892633981e-01
2.050876468420028687e-01
1.787827759981155396e-01
2.064880182345708304e-01
1.822571655114491873e-01
1.811261872450510568e-01
2.122235844532648630e-01
1.987927556037902832e-01
1.825865904490152902e-01
1.786367297172546387e-01
2.039756923913955688e-01
1.749482254187265939e-01
1.874857743581136160e-01
1.895438234011332101e-01
1.818529864152272635e-01
2.059593548377355032e-01
2.000198960304260254e-01
2.063744043310483389e-01
1.985730081796646118e-01
1.959191709756851196e-01
1.812432110309600830e-01
1.824749807516733713e-01
1.965632190306981497e-01
1.837543646494547434e-01
1.832797378301620483e-01
1.949652930100758963e-01
1.961639672517776489e-01
1.800915847222010202e-01
2.131204307079315186e-01
1.819049517313639230e-01
1.854069034258524484e-01
1.951650530099868774e-01
1.973672856887181692e-01
2.094154482086499625e-01
1.826840887467066354e-01
1.797582656145095825e-01
1.941505422194798880e-01
2.090006222327550345e-01
1.823726246754328317e-01
1.845090240240097046e-01
1.811075160900751657e-01
1.822778135538101196e-01
1.950889478127161569e-01
2.094672272602716989e-01
2.124757866064707346e-01
1.948391248782475882e-01
2.118489593267440796e-01
1.810740679502487183e-01
1.848211636145909720e-01
1.933152278264363699e-01
1.966793040434519357e-01
1.827346334854761667e-01
1.826687355836232596e-01
2.111932486295700073e-01
1.938891758521398001e-01
1.970728486776351929e-01
1.968059837818145752e-01
1.849835415681203299e-01
1.817954778671264648e-01
1.977866689364115305e-01
2.083336909612019949e-01
1.989186654488245554e-01
1.960485974947611398e-01
1.962743848562240601e-01
1.950804789861043387e-01
1.961518724759419852e-01
1.823267688353856497e-01
1.813110858201980591e-01
1.977873593568801880e-01
1.941129068533579416e-01
1.804601475596427917e-01
1.787686496973037720e-01
1.954362243413925171e-01
1.964079787333806448e-01
1.966230670611063547e-01
1.804207762082417899e-01
1.806548287471135550e-01
2.094348768393198557e-01
2.116399457057317191e-01
1.939247598250707083e-01
1.783703267574310303e-01
2.122930934031804495e-01
1.968238651752471924e-01
1.797440946102142334e-01
1.825213084618250436e-01
1.966722408930460519e-01
1.801985402901967459e-01
1.826301763455072946e-01
1.955904910961786813e-01
2.068931609392166138e-01
1.970048745473226004e-01
1.823901385068893433e-01
1.815364460150400705e-01
1.953364064296086722e-01
2.211864789326985770e-01
1.966933558384577341e-01
1.826577484607696533e-01
1.951002801458040781e-01
1.951747089624404907e-01
2.083814740180969238e-01
1.819450855255126953e-01
1.964285572369893484e-01
1.962239046891530447e-01
1.944720149040222168e-01
1.814119319121042795e-01
1.953170249859491892e-01
1.852593421936035156e-01
1.797078003485997610e-01
1.831482152144114084e-01
1.929310113191604614e-01
1.965744942426681519e-01
1.961592485507329398e-01
2.067857931057612009e-01
1.809542874495188303e-01
1.968676298856735229e-01
