5.278404355049133301e-01
5.277570486068725586e-01
4.464919765790303363e-01
3.887679278850555420e-01
4.120823045571644916e-01
4.496953090031941547e-01
4.043201704819996967e-01
3.718644877274830951e-01
3.793797294298807965e-01
3.587390383084614887e-01
3.731274704138438092e-01
3.734964330991109027e-01
3.659915824731190814e-01
3.798457880814870014e-01
3.887730538845062256e-01
3.800433377424876080e-01
4.303822716077168598e-01
3.760564029216766357e-01
3.952676951885223389e-01
3.715623617172241211e-01
3.465331296126047955e-01
3.551980157693226947e-01
3.744208216667175293e-01
3.699581921100616455e-01
3.550275166829426898e-01
3.514456152915954590e-01
3.788189192612965717e-01
3.730809489885966168e-01
3.778610328833262311e-01
3.453573683897654401e-01
3.466900885105133057e-01
3.605387012163798199e-01
3.540366590023040771e-01
3.391696115334828510e-01
3.578283389409382953e-01
3.423057595888773785e-01
3.575585583845774518e-01
3.492273986339569092e-01
3.443335592746734619e-01
3.455478847026824951e-01
3.665615667899449481e-01
3.673962553342183246e-01
3.197928518056869507e-01
3.412136832873026715e-01
3.775729984045028687e-01
3.306821684042612897e-01
3.432399928569793701e-01
3.154281079769134521e-01
3.279302219549815045e-01
3.055334538221359253e-01
3.320966164271036969e-01
3.024939596652984619e-01
2.984697620073954449e-01
2.724707971016566144e-01
2.976686904827753888e-01
3.564313948154449463e-01
2.831959774096806659e-01
3.140634248654047833e-01
3.271907369295756207e-01
3.708759148915608539e-01
3.552925586700439453e-01
3.174279828866322650e-01
2.891261478265126361e-01
3.112222701311111450e-01
2.772063761949539185e-01
2.938128163417180194e-01
3.504565656185150146e-01
2.964000105857849121e-01
2.471005221207936697e-01
2.279716531435648508e-01
3.478569090366363525e-01
2.596292148033778058e-01
4.028932154178619385e-01
3.585208654403686523e-01
3.241305649280548096e-01
3.780934115250905170e-01
3.563304940859476910e-01
2.712120761473973407e-01
2.762856284777323590e-01
2.857417563597361432e-01
3.307863275210062848e-01
2.855968077977498187e-01
2.507545103629429950e-01
2.628934830427169800e-01
2.458129823207855225e-01
1.883879502614339285e-01
1.882540235916773386e-01
2.312393188476562500e-01
2.661821444829304828e-01
4.050553739070892334e-01
3.165457844734191895e-01
3.080130467812220441e-01
2.462580452362696237e-01
2.273310472567876273e-01
2.595844467480977191e-01
2.077404260635375977e-01
2.155699829260508127e-01
1.628602370619773865e-01
1.875196074446042471e-01
1.334038053949674063e-01
1.638069724043210440e-01
2.032526781161626273e-01
1.772866994142532349e-01
1.392634560664494925e-01
1.095163511733214107e-01
2.308301925659179688e-01
1.228845889369646754e-01
1.435753740370273590e-01
9.902577971418698166e-02
1.319864019751548767e-01
2.148974637190500803e-01
9.729931876063346863e-02
9.125642913083235885e-02
1.367010362446308136e-01
1.191791867216428075e-01
2.004194209973017282e-01
2.258049771189689636e-01
1.053086494406064305e-01
1.603185882170995169e-01
1.285301173726717539e-01
1.495735868811607361e-01
1.105250244339307103e-01
9.473330837984879349e-02
8.904436851541201736e-02
8.478586717198292877e-02
8.938389923423528671e-02
8.039183231691519882e-02
1.177782913049062047e-01
1.143867845336596217e-01
1.259137392044067383e-01
1.085832094152768407e-01
9.626179250578086044e-02
7.931945721308390762e-02
1.053333493570486751e-01
1.344125146667162485e-01
1.042272808651129451e-01
1.302273062368234091e-01
2.594471176465352191e-01
1.003280294438203130e-01
8.926797720293204452e-02
8.430025912821292877e-02
1.005441912760337148e-01
1.015641664465268407e-01
8.097501005977392197e-02
8.179354978104431961e-02
1.152049849430720058e-01
1.000224184244871140e-01
1.273348579804102487e-01
1.068023815751075745e-01
9.123000626762707566e-02
8.364496783663828705e-02
8.620961072544257309e-02
1.057591754943132401e-01
1.227537418405214992e-01
1.255035484209656715e-01
8.372943041225273941e-02
7.722251055141289566e-02
1.219407242412368503e-01
1.010440687338511195e-01
8.491488235692183639e-02
7.902859648068745468e-02
8.211710490286350250e-02
1.147085465490818024e-01
7.718348720421393250e-02
8.531225379556417465e-02
1.111252835641304698e-01
1.038059021035830226e-01
1.039083621775110516e-01
8.288064630081255768e-02
1.147161498665809631e-01
1.212057384351889339e-01
1.001846243937810216e-01
1.003149601941307340e-01
8.513782297571499680e-02
1.270463814338048392e-01
1.028990214690566063e-01
8.364056019733349945e-02
1.497821528464555740e-01
9.732384483019511368e-02
9.865362445513407852e-02
8.657837410767872666e-02
7.915400434285402298e-02
1.004853003347913470e-01
7.857483221838872101e-02
1.014436086018880162e-01
7.849527771274249222e-02
1.117196151365836415e-01
1.135249299307664189e-01
1.305563393980264664e-01
1.068747664491335597e-01
7.533899415284395218e-02
1.080932548890511241e-01
7.719708591078718041e-02
1.032010149210691452e-01
9.013886749744415283e-02
1.091942352553208623e-01
1.308307449022928781e-01
8.186401395748059417e-02
1.024229386821389198e-01
7.803542818874120712e-02
1.229550649101535525e-01
7.628291410704453324e-02
8.349992272754509781e-02
7.896105945110321045e-02
8.881830843165516853e-02
1.033521294593811035e-01
7.600951349983613159e-02
7.582845709597070549e-02
1.242324650908509936e-01
7.528941286727786064e-02
1.046694861724972725e-01
8.182840018222729828e-02
1.004824787378311157e-01
1.102590138713518825e-01
1.039593182504177094e-01
1.064679647485415187e-01
7.467677940924961899e-02
9.689524925003449585e-02
1.036210606495539394e-01
7.721598632633686066e-02
1.006529927253723145e-01
1.010969787215193066e-01
9.547673538327217102e-02
7.825355029975374077e-02
9.777679635832707550e-02
1.512388021995623999e-01
1.033572725330789838e-01
7.840605918318033218e-02
1.256546809648474150e-01
7.681189663708209991e-02
7.885529069850842621e-02
7.857049598048131134e-02
1.015853267163038254e-01
9.665842602650324966e-02
1.031086097160975185e-01
9.962559739748637344e-02
1.255229621504743986e-01
7.904547251140077446e-02
7.446646612758438255e-02
7.673721077541510727e-02
8.003547011564175750e-02
9.912203252315521240e-02
9.833186368147532608e-02
7.311947930914659832e-02
1.032982617616653442e-01
7.547995898251731728e-02
7.695112998286883499e-02
9.948461751143138077e-02
1.245026861627896581e-01
9.986163427432377671e-02
7.351023781423766945e-02
7.397259864956140518e-02
1.239857620870073590e-01
7.453538834427793358e-02
1.039178039257725034e-01
7.696167907367150451e-02
1.144606769084930420e-01
8.438428180913130905e-02
1.116849432388941493e-01
1.023087054491043091e-01
1.098650159935156551e-01
9.984135379393895005e-02
1.022264550750454221e-01
7.427494429672758247e-02
1.101125720888376236e-01
1.055218478043874059e-01
9.695944453900058602e-02
1.215918585658073425e-01
7.623337566231687401e-02
1.003493145108222961e-01
1.011014406879742894e-01
1.216590643549958911e-01
8.805998911460240219e-02
1.014779806137084961e-01
7.893081102520227432e-02
1.007384524370233264e-01
7.595093051592509414e-02
8.603550369540850784e-02
7.786254057039816712e-02
7.524257184316714142e-02
9.617938008159399033e-02
9.812370687723159790e-02
7.338632286215822365e-02
1.000083883603413853e-01
7.470943111305435036e-02
1.013924366173644814e-01
7.529962497452895309e-02
1.387473264088233404e-01
7.471515005454421043e-02
7.760476165761549805e-02
8.275509004791577194e-02
9.896623001744349335e-02
7.488560653291642666e-02
1.014791984731952396e-01
1.000080689166982922e-01
9.719619651635487412e-02
7.453764881938695908e-02
7.516462511072556640e-02
9.724700481941302155e-02
7.550763726855318214e-02
9.911971446126699448e-02
7.959577348083257675e-02
9.636396169662475586e-02
9.666398912668228149e-02
1.017988572518030849e-01
9.616818279027938843e-02
7.424489827826619148e-02
9.862172168989975785e-02
7.467644490922491218e-02
8.605833599964778091e-02
7.475760361800591614e-02
7.622955366969108582e-02
7.624149074157078598e-02
1.004233624165256772e-01
9.987788399060566757e-02
7.656966227417190407e-02
1.006760954235990796e-01
9.553008309255044128e-02
7.412011905883748863e-02
7.894976902753114700e-02
9.835432469844818115e-02
8.085739674667517807e-02
7.301652540142337944e-02
7.514139078557491302e-02
9.827965218573808670e-02
7.386001603056986664e-02
7.249321260799963806e-02
7.500981073826551437e-02
9.733367959658305313e-02
9.632236386338870193e-02
9.956287841002146866e-02
1.035987685124079433e-01
9.620897766823570396e-02
7.519164634868502617e-02
1.004603744174043384e-01
7.298772704477111961e-02
1.004593670368194580e-01
9.929971148570378159e-02
7.471949374303221703e-02
9.937082665661971237e-02
7.470742349202434684e-02
7.364702271297574043e-02
1.201262334361672401e-01
9.736000063518683578e-02
9.671320021152496338e-02
9.690211713314056396e-02
7.493058328206340934e-02
7.756878435611724854e-02
9.867976854244868423e-02
7.622750507046778534e-02
7.420451085393627022e-02
9.711678326129913330e-02
7.673637475818395615e-02
7.457772300889094208e-02
9.881741615633170273e-02
1.041032026211420741e-01
7.490020043527086113e-02
7.585276880611975525e-02
9.632179839536547661e-02
7.782059814780950546e-02
1.220555091276764870e-01
9.898516784111659195e-02
7.725327368825674057e-02
1.236643667022387233e-01
8.716335830589135025e-02
9.088120795786380768e-02
7.647368653366963531e-02
9.514900793631871079e-02
7.907157950103282928e-02
9.574919488901893760e-02
9.979058864216010238e-02
9.614849090576171875e-02
7.569997416188319062e-02
1.213493561372160912e-01
7.715168595314025879e-02
7.420500119527180527e-02
1.187546021925906387e-01
1.193687533183644262e-01
1.177413629678388390e-01
9.998938906937837601e-02
7.410525189091761444e-02
1.225752433141072545e-01
8.421396960814793442e-02
7.398653030395507812e-02
9.938446975623567436e-02
7.379754415402810241e-02
9.837899341558416222e-02
7.374122521529595520e-02
9.792178620894749497e-02
7.623733455936114456e-02
7.812794111669063568e-02
9.757834672927856445e-02
7.474755200867851113e-02
1.024200500299533162e-01
9.530282517274220322e-02
9.829614218324422836e-02
1.273106653243303299e-01
7.495322932178775932e-02
1.000832344094912257e-01
7.389203133061528206e-02
1.208528314406673160e-01
7.590450998395681381e-02
7.375224252852301265e-02
1.000970999399821010e-01
9.802985129257042740e-02
7.245002298926313256e-02
7.446117900932829048e-02
9.991257389386494492e-02
7.543878381450970505e-02
7.452000010137756203e-02
9.963054955005645752e-02
7.867701662083466385e-02
7.671796033779780533e-02
9.654625753561656143e-02
7.363019681846101616e-02
9.752652545770008896e-02
7.520992153634627198e-02
9.657215823729832505e-02
9.598958150794108246e-02
1.221116934902966022e-01
9.604330842072765495e-02
9.673098723093669082e-02
7.577199287091691826e-02
9.532304604848225449e-02
1.418527085334062576e-01
9.717842191457748413e-02
9.642774860064189102e-02
9.787483761707942154e-02
7.581547461450099945e-02
7.402513020982344483e-02
9.936889757712681626e-02
7.392067524294058944e-02
7.473358542968829010e-02
7.672577444463968277e-02
9.655882495765884255e-02
9.721362963318824768e-02
1.205793217134972367e-01
7.386928657069802284e-02
1.214981433004140854e-01
7.472864988570411537e-02
7.359950787698228691e-02
7.570981731017430161e-02
9.613134820635120537e-02
9.632910493140418862e-02
9.616633504629135132e-02
9.668067206318180229e-02
7.520956297715504502e-02
9.901106978456179764e-02
1.209732865293820653e-01
7.697930186986923218e-02
9.636333088080088760e-02
7.533947844058275223e-02
7.391295830408732559e-02
7.452223123982548714e-02
9.631501883268356323e-02
7.377326612671215866e-02
7.597997846702735092e-02
7.556628047799070214e-02
7.476409835120041703e-02
7.417562060678999092e-02
9.698344022035598755e-02
7.510680581132571365e-02
7.225853763520717621e-02
9.969261024768154289e-02
9.539230819791555405e-02
7.346300454810261726e-02
7.491170444215337898e-02
7.371071974436442520e-02
1.188287112551430907e-01
9.793357054392497207e-02
9.492624178528785706e-02
7.466423045843839645e-02
7.339915540069341660e-02
7.329632434993982315e-02
1.014056860779722485e-01
7.455478996659319069e-02
9.450386619816224243e-02
1.205092218394080844e-01
7.428498007357120514e-02
9.802670528491337631e-02
7.486604402462641861e-02
9.693434586127598618e-02
9.889237163588404655e-02
7.661222588891784813e-02
1.000818178678552356e-01
7.498789159581065178e-02
9.663783665746450424e-02
7.482363982126116753e-02
7.495966507121920586e-02
7.577801744143168594e-02
9.544704854488372803e-02
7.672148818771044876e-02
9.700148304303486679e-02
7.481203305845458840e-02
9.907045448198914528e-02
9.721403817335765030e-02
7.805221496770779754e-02
7.448938535526394844e-02
7.376832437391082908e-02
1.200743253963689056e-01
9.615507473548252915e-02
9.662446628014247085e-02
9.760347505410511826e-02
7.501345469305913116e-02
9.826463709274928238e-02
7.502354976410667564e-02
7.381462150563795899e-02
7.436684208611647751e-02
7.489724705616633560e-02
9.568837533394496109e-02
9.567600737015406753e-02
9.718007501214742661e-02
9.540797521670658921e-02
7.333634778236348961e-02
9.493169188499450684e-02
7.359939642871420051e-02
1.182963905545572486e-01
9.791198729847867821e-02
9.796557327111561631e-02
9.742161336665351723e-02
9.705962783967454766e-02
9.699676185846328735e-02
7.405262844016154145e-02
9.905910538509488106e-02
7.466941000893712044e-02
9.651574539020657539e-02
7.489717689653237198e-02
7.417358908181388710e-02
9.788268664851784706e-02
9.729704369480411674e-02
9.625737912332017754e-02
1.209223548260827813e-01
9.660208225250244141e-02
9.630119055509567261e-02
7.477308530360460281e-02
9.672940429300069809e-02
7.462273444980382919e-02
9.713244934876759384e-02
7.504876035576064919e-02
9.785007933775584366e-02
7.489462988451123238e-02
9.628970874473452568e-02
9.783279383555054665e-02
9.635483271752794121e-02
9.771778170640270378e-02
7.748524503161509369e-02
9.990148525685071945e-02
9.994299461444218491e-02
7.582938593501846458e-02
7.616111356765031815e-02
9.863557511319716309e-02
7.530094403773546219e-02
7.457602722570300102e-02
9.716846110920111801e-02
7.473238557577133179e-02
7.604528420294325020e-02
9.831822911898295547e-02
7.513939620306094025e-02
1.208261822660764012e-01
9.691603233416874741e-02
7.405382099871833657e-02
9.872169047594070435e-02
9.788191566864649917e-02
9.649021473402778770e-02
7.567054995646078919e-02
7.489108232160408829e-02
7.389207882806658745e-02
7.336128704870741035e-02
7.476309593766927719e-02
7.468630373477935791e-02
7.595733894656102325e-02
9.989218320697546005e-02
7.682228988657395508e-02
9.718534459049503471e-02
9.933806055535872315e-02
7.462058604384462501e-02
7.456469396129250526e-02
7.548365571225683357e-02
7.420919975265860558e-02
7.464853534474968910e-02
7.569371148323018883e-02
7.506238824377457763e-02
7.419232496370871399e-02
7.469083275645971298e-02
9.857605630531907082e-02
9.753671940416097641e-02
9.781198203563690186e-02
9.596695005893707275e-02
7.393748468408982422e-02
7.437999655182163383e-02
9.713830829908449982e-02
1.194238578900694847e-01
7.625468478848536347e-02
7.644371346880991791e-02
7.524124408761660721e-02
9.802564342195789482e-02
9.778471291065216064e-02
7.443869176010291244e-02
9.581850329414010048e-02
7.340085335696737434e-02
9.723942928637067940e-02
7.543100727101166580e-02
7.462022003407280113e-02
9.831021524344880913e-02
9.632371195281545784e-02
7.483249328409631584e-02
9.864533195892970230e-02
7.580783280233542587e-02
7.465527625754475594e-02
9.895190348227818344e-02
1.425605506325761385e-01
9.719362637648980285e-02
1.186587337094048705e-01
7.378863325963418152e-02
7.413835280264417793e-02
9.888415535291035507e-02
7.598499891658623551e-02
7.586725599442918633e-02
9.730384002129237320e-02
7.450098978976409103e-02
1.194856750468413081e-01
9.723843882481257583e-02
9.640646477540333603e-02
7.489753607660531998e-02
9.583982328573863174e-02
7.437743122378985550e-02
7.527044788002967834e-02
1.204607452576359067e-01
9.791497311865289543e-02
7.439251570031046867e-02
1.191713428124785423e-01
9.633400322248537873e-02
7.398374859864513542e-02
9.701074023420612480e-02
9.797338489443063736e-02
9.676708420738577843e-02
7.474968318517009880e-02
9.829608304426074028e-02
7.458727573975920677e-02
9.581682085990905762e-02
7.391012040898203850e-02
9.656501809755961563e-02
1.208863874586919990e-01
7.446523538480202820e-02
9.680926163370411064e-02
7.500275581454236840e-02
9.707230329513549805e-02
9.644055614868800308e-02
9.823866483444969322e-02
9.866218486179907654e-02
7.480605862413843010e-02
7.580323641498883103e-02
7.511393586173653603e-02
7.388551509939134121e-02
9.684614588816960190e-02
7.410859332109491493e-02
7.588248001411557198e-02
7.509291575600703095e-02
7.595094153657555580e-02
9.764184306065241958e-02
9.693062305450439453e-02
7.478800897176067497e-02
9.771277755498886108e-02
7.454032932097713615e-02
9.823486767709255219e-02
7.571192489316065644e-02
7.467753564318020676e-02
9.674468884865443374e-02
7.426684132466714050e-02
9.680982849871118401e-02
7.446567434817552567e-02
7.397461201374729012e-02
7.458373966316382553e-02
7.442520000040531158e-02
7.395910518243908882e-02
7.398724664623539116e-02
7.467985618859529495e-02
9.693384170532226562e-02
7.481227023527026176e-02
7.456216464440028335e-02
7.556888321414589882e-02
7.426898134872317314e-02
9.758274241661031578e-02
7.550316210836172104e-02
7.514233561232686043e-02
7.467750490953524445e-02
7.492938234160344269e-02
9.645091043785214424e-02
7.441956658537189628e-02
7.554924891640742157e-02
7.457512027273575927e-02
9.841923772667844628e-02
9.852425257364909317e-02
7.521326870967944001e-02
1.193574019707739353e-01
7.488342917834718560e-02
1.215461214693884101e-01
1.442817334706584520e-01
1.216498936216036525e-01
9.720434745152790879e-02
9.590002102777361870e-02
9.630645563205082749e-02
7.543367178489764069e-02
7.534991453091303970e-02
7.413881489386160706e-02
9.735418266306321289e-02
7.428524751837055351e-02
9.697051082427303459e-02
7.482890256990988587e-02
7.431456306949257851e-02
7.475466591616471146e-02
9.656719863414764404e-02
9.760173161824543808e-02
7.507866652061541413e-02
7.531319092959165573e-02
7.452766892189781334e-02
7.506612548604607582e-02
7.434679474681615829e-02
9.801276819780468941e-02
9.868742851540446281e-02
9.715218096971511841e-02
7.404916842157642509e-02
7.511548356463511322e-02
7.449425260225932266e-02
9.737017129858334397e-02
9.724860622858007286e-02
9.828128588075439598e-02
1.203366080299019814e-01
7.467153994366526604e-02
9.811953206857045029e-02
1.191161548097928319e-01
9.575032442808151245e-02
1.211963649839162827e-01
9.676770369211833145e-02
7.433770822050671245e-02
9.762724147488673065e-02
9.700288871924082901e-02
9.679698199033737183e-02
9.692343324422836304e-02
9.674878371879458427e-02
7.502033282071352005e-02
9.594909163812796737e-02
7.577965315431356430e-02
7.511875235165159370e-02
7.446977046007911827e-02
7.502977084368467331e-02
9.903026729201276634e-02
9.704890769595901634e-02
7.480121000359456207e-02
7.470427500084042549e-02
9.670105824867884781e-02
9.809815386931101944e-02
7.506945791343848373e-02
1.207865108735859394e-01
7.402877338851492073e-02
7.423784940813978050e-02
1.199339282078047547e-01
7.476836148028571938e-02
7.373740997475881909e-02
9.752140659838914871e-02
9.842574642971158028e-02
7.425743124137322571e-02
9.921428111071388389e-02
7.479247575004895066e-02
9.720987578233082627e-02
7.506269744286934997e-02
7.514470815658569336e-02
7.486359821632504463e-02
1.183117950956026759e-01
1.207258561626076698e-01
7.606450126816828583e-02
1.199862010156114850e-01
7.444826513528823853e-02
7.459361354509989883e-02
7.502303629492719506e-02
7.472705142572522163e-02
7.461856538429856300e-02
7.455935872470338677e-02
9.629820038874943589e-02
7.457856632148225640e-02
9.777000624065597389e-02
7.563977284977833893e-02
9.625952442487080429e-02
7.478988372410337593e-02
9.635499166324734688e-02
7.394875741253296997e-02
7.426046611120303009e-02
7.453287361810605194e-02
7.480688563858468865e-02
7.424077096705634926e-02
7.451669126749038696e-02
9.616011381149291992e-02
7.527589797973632812e-02
9.821104258298873901e-02
7.407291155929367210e-02
7.422377634793519974e-02
9.592929963643352653e-02
9.688113133112589981e-02
7.465549915408094261e-02
7.399219134822487831e-02
9.904337426026661728e-02
9.782997813696663048e-02
7.547516096383333206e-02
9.821165973941485550e-02
7.458353259911139344e-02
7.448705130567152832e-02
1.206969693303108215e-01
1.203189242320756164e-01
7.458955670396487381e-02
9.894010471180081367e-02
7.513309440885980461e-02
7.501819139967362549e-02
9.809112797180812027e-02
9.748658941437800263e-02
7.506317226216197014e-02
7.437582888330022957e-02
9.697165836890538071e-02
9.715833965068061684e-02
9.748392164086301659e-02
7.414918284242351387e-02
7.509711834912498329e-02
9.664460225030779839e-02
7.449307975669701432e-02
1.187968955685694966e-01
9.646291782458622788e-02
7.461549869428078796e-02
1.207761025677124705e-01
9.747140606244404648e-02
7.468056554595629837e-02
9.855315337578456070e-02
9.763098321855068207e-02
7.545782035837571289e-02
9.840310364961624146e-02
7.542026042938232422e-02
7.491091111054022644e-02
7.503669833143551682e-02
7.443683672075469826e-02
9.747503946224848892e-02
9.650819624463717605e-02
7.527282849575082924e-02
9.768516321976979111e-02
9.924091150363285874e-02
9.824181177342931892e-02
9.844179699818293716e-02
7.502773574863870476e-02
1.209727342550953183e-01
9.666330864032109116e-02
9.666213144858677719e-02
7.458555853615204956e-02
7.467515332003434037e-02
9.724579254786173965e-02
9.644954434285561706e-02
7.517893457164366577e-02
7.468339304129283096e-02
1.187905937743683610e-01
7.475151664887864922e-02
7.525912051399548386e-02
9.816953446716070175e-02
7.429697473223011162e-02
9.751905764763553475e-02
9.653333745275934075e-02
9.877166152000427246e-02
9.665192523971199989e-02
9.642521400625507499e-02
7.432192579532663490e-02
9.891584003344178200e-02
7.405412903365989064e-02
9.917798312380909920e-02
9.842403729756672714e-02
1.185752272916336808e-01
7.464562651390831138e-02
9.641646888727943565e-02
9.833320090547204018e-02
9.611328691244125366e-02
7.513968770702679489e-02
7.462534122169017792e-02
9.726142883300781250e-02
9.778010798618197441e-02
9.713512659072875977e-02
1.205164520069956779e-01
7.532962846259276535e-02
9.681830399980147217e-02
9.703133255243301392e-02
9.616752962271372940e-02
7.539359852671623230e-02
7.368284510448575020e-02
9.749230494101841782e-02
7.454975399499137734e-02
1.203597265606125150e-01
7.495599643637736176e-02
7.436323367680112983e-02
1.209823961059252467e-01
9.757548182581861351e-02
7.484698295593261719e-02
7.469979875410596992e-02
9.790681054194767807e-02
7.395490926379959251e-02
7.487330709894497727e-02
9.796154995759327744e-02
7.457374952112634514e-02
1.186032008069256988e-01
9.876515576615929604e-02
1.199185483468075547e-01
9.745349983374278213e-02
9.736901413028438423e-02
7.454580316940943863e-02
7.453472850223381851e-02
9.722528358300526474e-02
7.489595081036289070e-02
7.470773905515670776e-02
9.833753885080416535e-02
9.824430694182713364e-02
7.443162348742286827e-02
1.214420373241106715e-01
7.503600992883245613e-02
7.520849599192540313e-02
9.646909932295481827e-02
9.646097322305043076e-02
1.211784956200669255e-01
7.466260530054569244e-02
7.463148981332778931e-02
9.675801048676173355e-02
1.190457783328990188e-01
7.428848991791407730e-02
7.495967329790194367e-02
7.489731969932715561e-02
7.483168846617142822e-02
9.630471964677174423e-02
1.187810242796937671e-01
1.193613032810389996e-01
9.640056577821572159e-02
1.210368950851261616e-01
7.496641886730988358e-02
7.488955293471614982e-02
9.826077769200007583e-02
9.676612835998336937e-02
7.433854873913030292e-02
7.499236954996983673e-02
1.209734415945907388e-01
9.695790211359660293e-02
9.680995841821034287e-02
9.857814759016036987e-02
7.537111391623814438e-02
7.456148151929180290e-02
9.728636452928185463e-02
1.190282537912328992e-01
9.737174709637959336e-02
9.691567967335383560e-02
9.649054783706863259e-02
9.836623817682266235e-02
9.686636924743652344e-02
7.516495976597070694e-02
7.481887284666299820e-02
9.662678589423497055e-02
9.839782118797302246e-02
7.443743990734219551e-02
7.450789632275700569e-02
9.686677188922961090e-02
9.867026129116614197e-02
9.868036955595016479e-02
7.491116768990953301e-02
7.456353586167097092e-02
1.202192103179792609e-01
1.208067221256593909e-01
9.830656259631116722e-02
7.418763994549711083e-02
1.212551115701595988e-01
9.678870687882105972e-02
7.435247302055358887e-02
7.447108440101146698e-02
9.870674709479014541e-02
7.444663392379879951e-02
7.482713119437296723e-02
9.716148426135380600e-02
1.204290793587764058e-01
9.863237198442220688e-02
7.481842736403147842e-02
7.449904410168528557e-02
9.685914218425750732e-02
1.424866449087858200e-01
9.717545006424188614e-02
7.475070981308817863e-02
9.704264082635442878e-02
9.652438759803771973e-02
1.207823666433493343e-01
7.460759580135345459e-02
9.824056380117933418e-02
9.707885483900706436e-02
9.665863215923309326e-02
7.496677789216239784e-02
9.843097161501646042e-02
7.532418984919786453e-02
7.460382534191012383e-02
7.498715786884228851e-02
9.644220396876335144e-02
9.772219695150852203e-02
9.870719909667968750e-02
1.203516484238207340e-01
7.451309884587924148e-02
9.690771748622258042e-02
