4.018899154663086115e+00
3.289554023742675692e+00
2.352953433990478516e+00
1.781342434883117720e+00
1.703261160850524814e+00
1.391694235801696822e+00
1.720403289794921964e+00
1.412609982490539595e+00
1.154122638702392623e+00
1.186695992946624756e+00
1.108400952816009477e+00
1.368593788146972745e+00
1.182625651359558105e+00
1.288835585117340088e+00
1.127698934078216642e+00
1.050290906429290683e+00
1.147340452671051114e+00
9.368088841438293457e-01
9.763511538505553755e-01
9.023686051368713379e-01
1.020918512344360263e+00
8.761514067649841531e-01
1.289707195758819536e+00
1.477684402465820224e+00
1.151167488098144620e+00
1.246376061439514071e+00
1.115288186073303267e+00
9.764025092124939409e-01
1.121097838878631681e+00
9.235383033752441184e-01
9.458335041999816895e-01
8.372349023818970171e-01
8.146795153617858443e-01
6.948909044265747514e-01
6.394179940223694292e-01
6.268904566764831321e-01
7.087499439716339333e-01
6.223425328731536643e-01
9.823803782463074175e-01
1.020583653450012118e+00
8.430971741676330788e-01
8.465477108955383745e-01
8.138425946235656738e-01
6.677640557289123979e-01
6.401591658592223899e-01
6.375653982162475808e-01
5.700439035892486128e-01
5.228450596332550049e-01
6.239414870738982932e-01
5.665302872657775879e-01
5.705793440341949685e-01
6.317801117897033913e-01
6.426787912845611794e-01
6.763804912567138450e-01
7.221534550189971924e-01
5.867696166038512962e-01
5.363156497478485107e-01
7.080312848091125932e-01
9.156114459037780762e-01
7.299234628677367942e-01
6.247342228889465332e-01
5.923874318599701150e-01
5.389620721340179221e-01
8.399158596992493120e-01
8.366672515869140181e-01
7.538877844810485396e-01
9.536772012710571511e-01
9.070881247520446999e-01
7.270326375961303489e-01
6.062161386013030784e-01
8.641823410987854448e-01
6.201773345470428245e-01
5.710102856159210427e-01
4.634822487831115612e-01
5.532823741436004861e-01
5.385828137397765669e-01
5.244077801704406516e-01
8.067501544952392356e-01
9.055518150329590066e-01
9.307135105133056419e-01
7.824209332466125488e-01
7.638078331947326660e-01
8.685775518417357954e-01
9.602423429489135298e-01
8.099674999713897261e-01
5.508962273597717285e-01
7.640227019786834939e-01
6.053741216659546120e-01
4.795942187309265026e-01
3.846922516822814941e-01
3.597073674201965443e-01
4.655726611614227073e-01
7.114885866641997847e-01
6.269271969795227051e-01
6.710371196269988570e-01
4.641273260116577370e-01
5.111652791500091997e-01
9.121425867080688032e-01
7.872552871704101562e-01
9.362255334854125977e-01
6.645196318626404031e-01
4.946976184844970592e-01
4.650434851646423340e-01
4.028305530548095814e-01
3.501277327537536399e-01
3.186137527227401733e-01
3.016447216272354348e-01
2.619868636131286732e-01
3.300937443971633800e-01
3.192158281803131326e-01
3.146730989217758068e-01
2.885864913463592751e-01
3.959623098373413197e-01
3.328911870718002097e-01
4.345786124467849731e-01
3.809688925743103249e-01
3.088741093873977883e-01
2.786918550729751698e-01
2.734038561582565197e-01
3.209658950567245705e-01
3.331344991922378651e-01
3.875163644552230835e-01
3.579140603542327881e-01
2.985619217157363670e-01
3.939662814140320046e-01
5.871430695056915061e-01
6.070488810539245161e-01
5.420576930046081543e-01
4.871501803398132213e-01
4.561621338129043801e-01
5.757117390632628950e-01
4.146192014217376931e-01
3.800968855619430431e-01
3.141089379787445068e-01
2.930309236049651878e-01
2.835530877113342507e-01
2.841276973485946655e-01
2.882399231195449940e-01
4.271403610706329124e-01
3.666145861148834006e-01
3.586982488632202148e-01
3.257937818765640481e-01
3.257543951272964255e-01
2.737075239419937134e-01
2.923564493656158336e-01
2.915931999683379905e-01
3.595304846763610618e-01
3.348301798105239868e-01
3.111313700675964466e-01
3.203245401382446289e-01
3.202314436435699241e-01
3.279763847589493020e-01
4.593757927417755349e-01
3.660938590764999390e-01
3.032420754432678112e-01
3.918945223093032726e-01
2.855103671550750510e-01
2.942141324281692394e-01
2.826938360929489025e-01
3.165374785661697610e-01
3.112107127904891746e-01
3.569437414407730103e-01
2.880873650312423817e-01
3.371202111244201438e-01
2.963368088006973489e-01
3.484600186347961426e-01
3.024135380983352661e-01
2.964489549398422463e-01
2.608953356742859109e-01
3.706091642379760742e-01
4.143881857395171897e-01
3.938280791044235229e-01
3.572382986545562522e-01
3.289420515298843162e-01
4.694398939609527588e-01
4.794170677661895863e-01
4.365054428577422874e-01
4.519339203834533691e-01
3.874779284000396951e-01
7.060519218444823997e-01
4.203631103038787953e-01
3.866341531276702992e-01
3.236190944910049549e-01
3.423936039209365956e-01
2.684151530265808105e-01
2.952468216419220082e-01
2.962982684373855480e-01
2.892480880022049172e-01
3.059529215097427368e-01
3.041018754243850486e-01
3.025938004255294689e-01
3.361157000064849965e-01
4.940558075904846191e-01
3.429582923650741355e-01
3.470257431268691795e-01
3.563944131135940441e-01
3.145557314157486073e-01
3.212635546922683605e-01
2.960911005735397117e-01
2.449500620365142878e-01
2.375629633665084783e-01
2.137106627225875966e-01
1.842123299837112316e-01
1.877898037433624323e-01
1.965121477842330933e-01
2.573980093002319336e-01
2.509803503751754650e-01
2.689140468835830577e-01
2.426965922117233221e-01
2.904288470745086670e-01
2.938729137182235496e-01
2.369060933589935414e-01
3.237552672624587902e-01
4.202615171670913696e-01
3.018981814384460449e-01
2.976651608943939320e-01
2.340710103511810247e-01
1.681405097246169988e-01
1.675049275159835871e-01
1.610009670257568359e-01
1.393151566386222895e-01
1.280244737863540649e-01
1.408667922019958552e-01
1.620507806539535633e-01
2.405918478965759222e-01
2.308313310146331843e-01
2.538850009441375732e-01
2.821584135293960793e-01
3.108476728200912365e-01
2.903549343347549549e-01
2.255566507577896063e-01
2.092095255851745550e-01
2.449580579996109009e-01
2.516167283058166615e-01
1.964924171566963251e-01
2.012240767478942760e-01
1.865847647190093939e-01
1.910449191927909851e-01
1.960813671350479237e-01
1.747593000531196539e-01
1.510558128356933594e-01
1.388886570930480957e-01
1.374158769845962580e-01
1.337411895394325367e-01
1.912469878792762701e-01
1.638464525341987721e-01
1.810747668147087153e-01
1.604493021965026911e-01
3.021112561225891002e-01
3.016830980777740479e-01
2.295277953147888128e-01
2.285318613052368109e-01
3.403104782104492410e-01
3.624383121728896873e-01
3.813893049955368042e-01
4.367605745792388916e-01
4.428385198116302490e-01
3.585450083017349132e-01
3.543764442205429299e-01
4.443676710128784402e-01
2.618366926908493042e-01
2.354436695575714000e-01
2.806759089231490867e-01
2.387715369462966863e-01
3.237692594528198131e-01
3.220977902412414662e-01
2.507352530956268311e-01
2.063723295927047674e-01
2.182935237884521540e-01
2.560872405767440907e-01
1.976304218173026983e-01
1.703024268150329645e-01
1.868378952145576533e-01
1.594331622123718317e-01
2.081046342849731390e-01
1.925719201564788929e-01
1.843314975500106867e-01
1.985686779022216852e-01
1.602243945002555792e-01
1.647353857755660955e-01
1.507519841194152888e-01
1.577524200081825145e-01
1.596763715147972162e-01
1.469701364636421259e-01
1.308684617280960194e-01
1.369726225733756964e-01
1.623184442520141657e-01
1.954900503158569225e-01
2.016274467110633906e-01
2.254116147756576594e-01
2.030314072966575567e-01
2.138925939798355103e-01
2.014953196048736572e-01
1.926558583974838368e-01
1.654446750879287609e-01
1.978387624025344793e-01
1.525004446506500189e-01
1.661909759044647161e-01
2.348821759223937988e-01
2.532297909259796365e-01
1.778587833046913202e-01
1.469279214739799555e-01
1.514515206217765808e-01
1.222698271274566678e-01
1.461429476737975963e-01
1.321217149496078380e-01
1.435423597693443187e-01
1.445021331310272217e-01
1.368069231510162242e-01
1.406456470489501898e-01
1.308345645666122437e-01
1.178534612059593256e-01
1.048647791147232083e-01
1.063883170485496465e-01
1.146449282765388544e-01
1.112758979201316778e-01
1.625149056315421947e-01
1.236363261938095148e-01
1.012997969985008212e-01
1.048470616340637235e-01
1.150672659277915955e-01
1.185911312699317877e-01
1.127315685153007507e-01
1.382931873202323803e-01
1.357960671186447255e-01
1.243699967861175565e-01
1.235625907778739874e-01
1.184503361582756042e-01
1.439092084765434265e-01
1.338563397526741083e-01
1.574500069022178594e-01
1.275513768196105957e-01
1.221806690096855219e-01
1.207503244280815069e-01
1.248551741242408808e-01
1.051771178841590937e-01
1.004491075873374939e-01
9.752296358346938809e-02
1.058857157826423590e-01
1.138259410858154241e-01
1.128503546118736212e-01
1.196727171540260259e-01
1.255720123648643438e-01
1.134204894304275540e-01
1.591671243309974726e-01
1.418559014797210749e-01
1.172683387994766235e-01
1.137744680047035190e-01
1.499880880117416271e-01
1.532420754432678167e-01
1.812388584017753657e-01
1.555794119834899847e-01
1.575745195150375366e-01
1.228912010788917597e-01
1.313151061534881536e-01
1.335209384560585022e-01
1.391973525285720714e-01
1.232423469424247797e-01
1.026457056403160123e-01
1.159383028745651217e-01
1.254574522376060430e-01
1.134052693843841525e-01
1.023335546255111639e-01
9.559283554553985041e-02
1.113364025950431824e-01
9.812996238470077237e-02
9.404505044221878052e-02
1.013540983200073298e-01
1.068064570426940918e-01
1.251476779580116272e-01
1.303226381540298351e-01
1.350688964128494152e-01
1.780950635671615656e-01
1.758383825421333257e-01
1.497509181499481201e-01
1.394811257719993647e-01
1.379963412880897411e-01
1.476291805505752508e-01
1.330049529671669117e-01
1.417509824037551935e-01
1.189254179596900968e-01
1.343337550759315380e-01
1.294467896223068237e-01
1.578375190496444647e-01
1.515092492103576605e-01
1.721464276313781627e-01
1.319337204098701422e-01
1.159203186631202753e-01
1.295609399676322937e-01
1.576299563050270192e-01
1.492482572793960571e-01
1.402622401714324896e-01
1.230257764458656256e-01
1.115394800901412936e-01
1.219690278172493036e-01
1.196834236383438055e-01
1.194968998432159452e-01
1.190415322780609131e-01
1.152982220053672818e-01
1.102936938405036926e-01
1.002236992120742742e-01
1.072952374815940857e-01
1.128325924277305548e-01
1.401203095912933461e-01
1.261841654777526855e-01
9.810125976800918024e-02
9.445835798978804987e-02
8.909335583448410589e-02
9.328239411115646362e-02
9.738790988922119141e-02
8.920374512672424316e-02
1.029050305485725431e-01
1.032154276967048590e-01
9.914836138486862738e-02
1.075352862477302607e-01
1.000196799635887090e-01
8.960177451372146329e-02
9.076938182115554254e-02
9.212829321622847956e-02
1.006694719195365961e-01
9.992406517267227173e-02
1.014290168881416265e-01
1.010575562715530368e-01
9.273098707199096957e-02
8.750285506248474399e-02
9.433438330888747891e-02
8.819675743579864780e-02
8.468299210071564276e-02
9.811034053564071655e-02
1.062282904982566889e-01
1.001626834273338373e-01
9.446173906326293945e-02
9.702309668064117154e-02
9.787036776542663852e-02
8.780404925346374512e-02
9.129771292209624967e-02
9.322145730257033747e-02
9.376148879528045654e-02
9.080534577369689386e-02
1.247172757983207730e-01
1.353878453373908997e-01
1.304299905896186829e-01
1.399128422141075190e-01
1.921713978052139171e-01
1.949482932686805725e-01
1.958915278315544184e-01
2.144878387451171764e-01
1.709594592452049200e-01
1.622321143746376093e-01
1.164110809564590510e-01
1.104799807071685791e-01
1.066562667489051874e-01
1.075053200125694330e-01
1.019473701715469388e-01
1.297311246395111139e-01
1.492658913135528620e-01
1.246027186512947138e-01
1.577622607350349371e-01
1.286730825901031550e-01
1.170680895447731018e-01
9.962533265352249701e-02
1.087117642164230347e-01
9.967961609363555631e-02
9.920110553503036499e-02
8.937816917896271307e-02
8.905382454395294189e-02
9.197473824024200717e-02
9.020678550004959662e-02
9.538433253765106479e-02
9.482773542404174250e-02
1.261570602655410767e-01
1.463284969329833873e-01
1.880322158336639460e-01
1.700677156448364147e-01
1.649285599589347950e-01
1.524016872048377935e-01
1.176444068551063538e-01
1.125509053468704279e-01
1.166860997676849310e-01
1.000315845012664795e-01
9.167886227369308194e-02
8.632566183805465143e-02
8.550638407468795499e-02
8.424637317657471258e-02
8.790330588817596436e-02
9.583313316106796542e-02
9.244405925273894986e-02
9.806865155696868619e-02
9.456561803817749301e-02
1.030656740069389316e-01
9.757420420646667480e-02
9.738498777151108343e-02
9.275593459606171209e-02
9.592418372631072998e-02
8.755659759044646939e-02
8.696893155574798862e-02
8.723787069320679266e-02
1.085740536451339777e-01
1.051684781908988897e-01
9.924745708703994196e-02
8.957179188728332797e-02
8.235274255275726318e-02
8.078516870737076361e-02
7.932075560092925748e-02
7.908719480037688931e-02
7.904599457979202826e-02
8.159237056970596036e-02
8.511198759078979215e-02
8.785713613033294123e-02
1.027268663048744174e-01
1.081660807132720920e-01
1.091211020946502713e-01
1.042118966579437256e-01
9.040677696466445368e-02
8.432435542345047275e-02
8.546241670846939364e-02
8.420070409774779718e-02
8.346710503101348322e-02
8.144628554582596103e-02
8.171374648809433261e-02
9.027543067932128351e-02
8.692823946475983221e-02
8.664448410272598822e-02
8.738229572772979181e-02
8.673516809940337580e-02
9.065030664205550592e-02
8.739137798547744196e-02
9.171052277088165283e-02
8.841924518346785944e-02
8.633698672056197565e-02
8.742990046739577970e-02
9.616011679172516147e-02
9.162997901439666470e-02
8.710330128669738214e-02
8.313511013984679898e-02
8.073470294475555697e-02
7.983183711767197210e-02
8.287167772650719244e-02
8.748513162136077603e-02
8.886729925870895386e-02
9.144061207771300714e-02
8.498192429542542059e-02
8.235560506582259577e-02
8.034309297800064364e-02
7.821434885263442438e-02
7.713778913021088202e-02
7.648793309926986417e-02
7.764707505702972412e-02
8.155730366706848145e-02
7.972007244825363159e-02
8.709259033203124722e-02
9.563883990049362738e-02
9.287506192922592718e-02
1.045630156993865995e-01
1.170837655663490295e-01
1.179232418537139865e-01
1.205014914274215726e-01
9.654947370290756226e-02
9.614935517311096191e-02
1.135054022073745672e-01
1.093541413545608548e-01
1.012089490890502874e-01
1.160618200898170527e-01
9.991295188665390292e-02
9.235285669565200528e-02
8.760795444250106534e-02
8.666925579309463223e-02
8.035692125558853427e-02
7.882378697395324429e-02
7.745422869920730313e-02
8.003205657005310614e-02
8.322836309671402533e-02
8.734326511621474942e-02
8.344726264476776123e-02
8.012117296457291205e-02
8.464897125959396085e-02
8.390876948833465854e-02
8.098948448896407803e-02
7.816430479288101474e-02
7.899838089942931574e-02
7.640825062990189154e-02
7.777326703071593683e-02
7.725276350975036899e-02
7.575695216655731201e-02
7.574231028556824286e-02
7.809987515211105902e-02
7.905464023351668756e-02
8.024911880493164340e-02
7.942530661821364801e-02
8.498487025499343317e-02
8.107513934373855591e-02
8.778436034917831698e-02
8.193447142839431485e-02
8.498054444789886197e-02
8.542111217975616178e-02
8.500407487154007513e-02
8.265897110104561407e-02
9.049766212701797208e-02
9.644919931888580600e-02
9.113481342792510709e-02
8.713615536689758856e-02
8.179623931646347323e-02
7.946990877389907559e-02
7.746917009353637695e-02
7.960901558399199884e-02
7.871818989515304288e-02
7.897708266973495206e-02
7.794743776321411133e-02
7.503998428583144586e-02
7.476461678743362427e-02
7.422092705965041559e-02
7.460269480943679254e-02
7.444538176059722900e-02
7.697505652904509943e-02
7.553645074367523748e-02
7.639034986495971125e-02
7.644388675689697821e-02
7.430597692728042880e-02
7.578173130750656683e-02
7.813763767480849665e-02
7.458289116621016901e-02
7.520672380924224576e-02
7.707870751619338989e-02
8.146088793873787481e-02
8.131827116012572965e-02
7.963642925024032315e-02
8.459207415580749512e-02
7.760878354310989102e-02
7.515934109687805176e-02
7.468813061714171808e-02
7.529099732637405118e-02
7.728816568851470947e-02
7.603672742843628485e-02
7.820899039506912231e-02
7.856311053037642878e-02
7.520102858543395441e-02
7.520091533660888672e-02
7.422015368938446322e-02
7.569009065628051758e-02
7.507392019033432007e-02
7.411832064390182218e-02
7.384923547506332120e-02
7.399130463600159247e-02
7.384351044893264215e-02
7.453871592879295072e-02
7.498278766870498935e-02
7.740319818258285800e-02
7.368775308132172186e-02
7.597625851631165106e-02
7.533790096640587131e-02
7.410658150911331177e-02
7.543112486600875299e-02
7.458495870232581537e-02
7.386036664247512540e-02
7.329049408435821256e-02
7.410454601049423773e-02
7.423546016216278631e-02
7.327577173709869107e-02
7.504449486732482633e-02
7.563266977667808255e-02
7.458259090781212131e-02
7.447815239429474155e-02
7.582599073648452204e-02
7.614957615733146390e-02
7.478815466165542047e-02
7.489742636680603305e-02
7.786184251308440885e-02
7.737348824739456732e-02
7.469903528690338690e-02
7.438622713088989535e-02
7.627832889556884766e-02
7.546058967709541598e-02
7.456137165427208224e-02
7.884722501039505282e-02
7.653947621583938321e-02
7.679991126060485562e-02
8.022194355726242065e-02
7.499630600214005072e-02
7.432710006833076477e-02
7.770982980728149969e-02
7.616162821650504511e-02
7.447062507271766385e-02
7.392281070351600092e-02
7.286168113350868780e-02
7.274798601865768710e-02
7.325020581483840387e-02
7.276735752820968905e-02
7.265872657299041193e-02
7.613082453608513434e-02
7.630901634693146307e-02
7.622927129268645963e-02
7.604085057973861139e-02
7.617514431476593573e-02
7.364833056926727017e-02
7.770126610994339267e-02
7.485312968492507935e-02
7.366180717945099155e-02
7.281855791807174960e-02
7.670121639966964722e-02
7.506177723407744806e-02
7.479660511016845981e-02
7.327121943235397061e-02
7.392802014946937839e-02
7.324839159846305292e-02
7.341424524784087580e-02
7.294802516698836725e-02
7.314909324049949368e-02
7.217590361833572943e-02
7.256189435720443448e-02
7.205526530742645264e-02
7.257062643766402921e-02
7.163237780332565308e-02
7.319843471050262174e-02
7.289828062057494840e-02
7.307368442416191379e-02
7.166926339268683832e-02
7.337706238031387052e-02
7.480281144380569736e-02
7.256772518157958429e-02
7.241392880678176880e-02
7.330350503325462619e-02
7.208273708820342462e-02
7.209960669279098788e-02
7.224125713109970370e-02
7.242743894457817633e-02
7.242230549454689581e-02
7.191163599491119662e-02
7.315246462821960172e-02
7.304428517818450928e-02
7.188537567853928167e-02
7.243803441524505893e-02
7.197947204113006037e-02
7.202228009700775702e-02
7.197577282786368769e-02
7.191314920783042908e-02
7.285629808902741034e-02
7.220361381769180298e-02
7.209148854017258246e-02
7.175571471452713013e-02
7.186046466231346685e-02
7.152898013591765802e-02
7.165363803505897522e-02
7.273045852780342380e-02
7.151508256793022433e-02
7.170260846614837091e-02
7.143973857164383212e-02
7.188506424427032471e-02
7.292672991752624512e-02
7.335543781518935602e-02
7.350643426179885587e-02
7.557634562253952304e-02
7.397444993257522305e-02
7.307269126176833829e-02
7.254704684019089300e-02
7.262563556432724554e-02
7.175126522779465277e-02
7.265365049242973605e-02
7.284218147397041043e-02
7.447078078985214233e-02
7.174704894423485080e-02
7.528050392866134088e-02
7.372467815876007635e-02
7.363991066813468933e-02
7.262070029973984042e-02
7.289960235357284546e-02
7.525547891855240146e-02
7.361890301108360568e-02
7.343961745500564298e-02
7.260321229696273249e-02
7.267906069755554477e-02
7.232303768396378119e-02
7.342636659741401395e-02
7.286272197961807251e-02
7.309636026620865146e-02
7.373372465372085571e-02
7.198911756277084906e-02
7.439585775136947632e-02
7.476310878992080411e-02
7.415129020810126703e-02
7.655951529741286676e-02
7.434332221746445257e-02
7.303138226270675104e-02
7.307545691728592474e-02
7.339888140559196195e-02
7.377313226461409967e-02
7.440206259489060003e-02
7.355057746171951572e-02
7.277010604739189703e-02
7.218458727002144415e-02
7.241176515817641934e-02
7.195536345243454257e-02
7.180967926979064941e-02
7.113682553172111234e-02
7.205308601260185242e-02
7.155671119689940851e-02
7.215916514396666925e-02
7.172161936759949286e-02
7.153767198324204046e-02
7.267618849873543063e-02
7.303331941366195124e-02
7.317385077476501465e-02
7.176912724971770685e-02
7.133699730038642328e-02
7.143908515572547357e-02
7.085585817694664557e-02
7.157437056303024570e-02
7.100229412317275723e-02
7.173403054475784024e-02
7.123366668820381442e-02
7.102686315774917047e-02
7.169664651155471802e-02
7.150358408689498624e-02
7.101625055074692328e-02
7.074243724346160334e-02
7.086696177721023282e-02
7.107819765806197565e-02
7.077831774950027466e-02
7.067030221223831454e-02
7.079906463623046597e-02
7.126637697219848078e-02
7.070596069097519198e-02
7.087677419185638150e-02
7.082258760929108221e-02
7.071457281708717901e-02
7.079055979847907742e-02
7.074713036417960843e-02
7.093084752559661310e-02
7.076423987746238708e-02
7.077976465225219171e-02
7.103703469038009921e-02
7.089035809040070135e-02
7.071717530488967618e-02
7.069778516888618192e-02
7.062135040760039728e-02
7.082389369606971463e-02
7.092113569378852289e-02
7.142850011587142944e-02
7.071758806705474854e-02
7.107977941632270813e-02
7.114143222570419589e-02
7.096067667007446844e-02
7.071017771959305087e-02
7.091424837708473761e-02
7.095408961176871698e-02
7.069856598973274509e-02
7.071842253208160400e-02
7.064660787582396906e-02
7.124107629060745517e-02
7.083374559879303256e-02
7.081820368766784946e-02
7.097470983862877447e-02
7.056986093521118442e-02
7.110378965735435208e-02
7.065810710191726407e-02
7.079567760229110718e-02
7.057318389415741244e-02
7.085635215044021329e-02
7.057255655527114313e-02
7.129918932914733332e-02
7.051968798041344244e-02
7.077807635068893155e-02
7.062387764453888217e-02
7.060394138097762784e-02
7.054148986935615540e-02
7.049936503171920499e-02
7.070643827319145203e-02
7.063198387622833530e-02
7.035484388470650274e-02
7.053349092602730075e-02
7.039159312844275873e-02
7.060578092932701111e-02
7.040786147117614191e-02
7.062982246279717047e-02
7.054933309555053156e-02
7.102710381150245667e-02
7.036911547183991034e-02
7.061369121074675959e-02
7.052362859249114435e-02
7.106648236513138372e-02
7.034546658396720331e-02
7.159309983253478449e-02
7.207890450954437811e-02
7.166045159101486206e-02
7.103572338819504062e-02
7.072428092360497076e-02
7.053215652704239447e-02
7.067708298563957214e-02
7.062303349375724515e-02
7.056854367256164273e-02
7.085976749658584595e-02
7.049188613891602118e-02
7.162251621484756747e-02
7.068132236599922180e-02
7.077743411064148227e-02
7.038161978125571927e-02
7.046988904476166049e-02
7.097146138548851568e-02
7.046262770891190130e-02
7.050794959068298895e-02
7.068012952804565707e-02
7.027788013219833652e-02
7.043685764074325562e-02
7.033700123429298401e-02
7.029543668031693060e-02
7.037063166499138434e-02
7.029385119676589966e-02
7.023962885141372958e-02
7.031338512897492010e-02
7.019520103931427280e-02
7.022151052951812467e-02
7.022003978490828913e-02
7.018703520298004428e-02
7.056805938482284268e-02
7.073908448219298761e-02
7.017635256052016934e-02
7.019853293895721158e-02
7.020356506109237671e-02
7.043801769614219110e-02
7.017542868852615079e-02
7.022844180464744845e-02
7.065003663301468173e-02
7.052049487829208096e-02
7.021371573209762851e-02
7.020828574895858487e-02
7.063923627138138372e-02
7.038876935839652460e-02
7.021831497550010126e-02
7.039044946432113092e-02
7.086232304573059082e-02
7.047797441482543668e-02
7.011860460042954046e-02
7.051269710063934326e-02
7.030464410781860074e-02
7.015962600708007535e-02
7.011867612600326816e-02
7.071382254362106046e-02
7.030668109655380249e-02
7.047949805855750760e-02
7.017725706100463867e-02
7.020292803645133972e-02
7.011761665344237726e-02
7.012677863240242282e-02
7.010080292820930481e-02
7.019370198249816339e-02
7.018183693289756220e-02
7.006879001855850775e-02
7.008746713399886807e-02
7.014398425817489069e-02
7.005822286009788513e-02
7.014448493719101230e-02
7.021147608757019598e-02
7.004928886890411655e-02
7.003904283046721857e-02
7.020990848541260043e-02
7.019009739160537997e-02
7.030216231942176819e-02
7.005814984440802973e-02
7.008332461118697843e-02
7.007974758744239807e-02
7.003589272499084750e-02
7.020816728472709101e-02
7.003658860921860296e-02
7.009807974100112915e-02
7.003068923950195312e-02
7.014170587062835971e-02
7.004672810435294550e-02
7.000736072659492770e-02
7.002876400947570523e-02
7.062270939350127896e-02
6.997109353542327326e-02
7.003036811947822848e-02
7.005848437547683438e-02
7.002662122249603271e-02
7.007691040635108393e-02
7.018779218196868896e-02
7.006179839372635165e-02
7.046457901597022455e-02
7.004975527524948120e-02
7.014961987733840665e-02
7.043612897396087091e-02
7.061500549316405972e-02
7.010568827390670221e-02
7.000664249062538147e-02
7.012549266219139654e-02
7.012282311916351318e-02
7.014573514461516779e-02
6.999775618314743597e-02
6.998977437615394592e-02
7.000733092427254001e-02
6.995070353150367737e-02
7.018933296203613836e-02
7.001499384641647616e-02
6.999498605728149414e-02
7.002553939819336493e-02
7.023343890905379971e-02
6.998117417097091120e-02
6.994403004646301825e-02
7.005388736724853238e-02
7.003816962242126465e-02
6.999838203191757757e-02
