2.440687060356140081e-01
1.955070197582244873e-01
1.483835026621818654e-01
1.114014238119125366e-01
1.056601375341415378e-01
1.068659931421279963e-01
1.066022410988807650e-01
8.889478147029876431e-02
9.630931466817856113e-02
8.596665710210800448e-02
8.831607401371002752e-02
8.059497550129890442e-02
8.423215001821518499e-02
6.578959375619888861e-02
6.419498920440673551e-02
5.466445386409759383e-02
5.996443033218383512e-02
5.292782410979270796e-02
5.155865699052810530e-02
5.081053227186203142e-02
4.605178013443946700e-02
4.451073855161667009e-02
5.627194494009017667e-02
5.743997544050216675e-02
4.973229989409446578e-02
4.669524356722831726e-02
5.277891382575035373e-02
4.870504513382911682e-02
4.037357158958911757e-02
4.109803810715675215e-02
4.797154515981674056e-02
4.231196045875549455e-02
3.697029538452625136e-02
3.509241379797458510e-02
3.569765016436576843e-02
3.065016455948352952e-02
3.244257718324661255e-02
2.807015106081962516e-02
2.974892929196357866e-02
3.969535380601883073e-02
2.967660427093505790e-02
3.164683766663074771e-02
2.743708938360214095e-02
2.561020646244287560e-02
2.762474492192268372e-02
2.267651334404945443e-02
2.350165210664272378e-02
2.085043229162692954e-02
1.858272999525070052e-02
1.733254212886094908e-02
1.671638209372759004e-02
1.630281880497932295e-02
1.664327420294284959e-02
1.711075119674205711e-02
1.785553190857171874e-02
1.630155965685844283e-02
1.475087776780128514e-02
1.842309646308422019e-02
2.381786666810512682e-02
2.301592342555523057e-02
1.755398698151111603e-02
1.521856468170881306e-02
1.494955066591501305e-02
1.934186834841966629e-02
1.897326428443193297e-02
1.676805689930915833e-02
1.836169231683015823e-02
2.294316440820693900e-02
1.727037727832794051e-02
1.698796637356281281e-02
1.689983569085597853e-02
1.548632830381393467e-02
1.360748410224914620e-02
1.216122787445783615e-02
1.191739290952682426e-02
1.105575151741504739e-02
1.190936919301748345e-02
2.016161289066076279e-02
2.823924496769904952e-02
2.563086114823818346e-02
2.457358911633491377e-02
1.836245656013488908e-02
2.490682378411292891e-02
1.903495397418737342e-02
1.841160655021667480e-02
1.326242517679929699e-02
1.720468327403068542e-02
1.613130997866392066e-02
1.626561377197504113e-02
1.332041937857866322e-02
1.245011817663907970e-02
1.172655485570430790e-02
2.202268289402127197e-02
1.603086832910776208e-02
1.574006211012601852e-02
1.332638021558523247e-02
1.434604395180940663e-02
1.715519130229949812e-02
2.291559930890798430e-02
2.297818362712860177e-02
1.713288873434066703e-02
1.442421860992908547e-02
1.153778191655874252e-02
1.160506224259734084e-02
1.062896791845560109e-02
1.022805385291576316e-02
9.449844807386397968e-03
9.201247617602348675e-03
9.053847659379244198e-03
9.506820235401391983e-03
8.793549984693527569e-03
8.649764582514762878e-03
9.160433895885944366e-03
8.386257290840148232e-03
8.454398997128010490e-03
8.306588139384984623e-03
7.744218781590461384e-03
7.380554266273975199e-03
7.613534107804298401e-03
7.267377618700265711e-03
7.353523280471563339e-03
7.326109800487756729e-03
7.488045468926429402e-03
6.743786297738552440e-03
7.098373956978321075e-03
9.766183048486708901e-03
8.995559532195329666e-03
1.536727808415889671e-02
1.013590265065431560e-02
9.863894246518612602e-03
8.081252872943877480e-03
1.011735852807760239e-02
7.771463412791490381e-03
8.065843535587192276e-03
6.795513909310102463e-03
6.603430397808552135e-03
5.965190567076205860e-03
6.045844964683055531e-03
7.315848628059029926e-03
8.662607148289680134e-03
6.733844056725502014e-03
6.421411409974098206e-03
5.559576861560344870e-03
5.833413545042276036e-03
5.829078005626797329e-03
5.601798463612794703e-03
5.308818118646740740e-03
5.312410695478319948e-03
5.227078311145305287e-03
5.272765923291444605e-03
5.320874787867069071e-03
5.194065812975168402e-03
6.935288570821285595e-03
7.194982003420591007e-03
5.779420956969261169e-03
5.716804647818207741e-03
6.505930796265602112e-03
5.608197906985879291e-03
5.280247423797845840e-03
4.960225615650415594e-03
5.292800115421414028e-03
5.071917548775672913e-03
5.026589287444949497e-03
5.951441638171672648e-03
5.465529719367622982e-03
5.598946986719965761e-03
5.387570476159453392e-03
5.009857378900051464e-03
4.804458469152450562e-03
5.113227339461445635e-03
5.598067771643400192e-03
5.045510642230510538e-03
5.086548766121268619e-03
5.120255844667553555e-03
5.622360110282898123e-03
9.732669871300458214e-03
8.480850141495466232e-03
5.503169260919094086e-03
6.087546981871127909e-03
8.453310932964086533e-03
7.144296634942292820e-03
5.410768976435065443e-03
5.088136019185185606e-03
5.313020152971148664e-03
4.946896480396390308e-03
4.822494275867938822e-03
4.869146412238479008e-03
4.615773400291800672e-03
4.641886497847735708e-03
4.508199822157621557e-03
4.550431203097104853e-03
4.734568903222680439e-03
5.910500558093190540e-03
5.380214052274822842e-03
4.883626988157629793e-03
5.052716471254825592e-03
4.887050297111272638e-03
5.127022182568908085e-03
5.070658354088664228e-03
4.517848649993538683e-03
4.379984596744180073e-03
4.218020662665367300e-03
4.011616948992014278e-03
4.098512232303619385e-03
3.886335529386997223e-03
4.198544193059206009e-03
4.008238809183240284e-03
4.221491096541285341e-03
4.090422578155994242e-03
4.095467575825751001e-03
4.150635423138737332e-03
4.076658422127366413e-03
4.002488218247890472e-03
5.471942899748683149e-03
4.050367744639515877e-03
4.466872243210673159e-03
3.845310909673571500e-03
4.131742566823959177e-03
3.622722439467907039e-03
3.667748346924781626e-03
3.530139103531837463e-03
3.456225525587797078e-03
3.510811226442456332e-03
3.421077039092779160e-03
3.499286109581589786e-03
3.887920686975121325e-03
4.264548188075423241e-03
4.061824781820178379e-03
4.360696440562606205e-03
4.453384969383478338e-03
3.848655079491436308e-03
3.469372820109129125e-03
3.522232081741094502e-03
3.476475272327661428e-03
3.547108336351812059e-03
3.495372645556926554e-03
3.191438829526305285e-03
3.129465691745281393e-03
3.344861743971705610e-03
3.250670526176690969e-03
3.172267717309296044e-03
2.968294220045208844e-03
3.101202519610524264e-03
3.009742754511534994e-03
3.323057433590292931e-03
2.915849559940397739e-03
3.084701183252036398e-03
3.172735893167555419e-03
3.694386593997478398e-03
4.074162524193525488e-03
3.788405703380703839e-03
2.966494904831051740e-03
4.003351833671331232e-03
5.245928466320037668e-03
5.695659387856722052e-03
5.426368303596973072e-03
4.484431352466344833e-03
4.559093900024890726e-03
4.623265890404582197e-03
4.576602345332502972e-03
3.967058937996625553e-03
3.423648187890648842e-03
4.231089260429143906e-03
3.710837103426456451e-03
3.906765021383762360e-03
4.294128576293587858e-03
4.602584661915898670e-03
3.204206121154129505e-03
3.431364288553595630e-03
3.441428253427148039e-03
3.601291636005044157e-03
2.925254497677087871e-03
2.986969496123492891e-03
3.027665195986628532e-03
2.894333470612764272e-03
3.118365723639726812e-03
2.950408915057778532e-03
3.110895724967122165e-03
2.762268669903278264e-03
2.800883073359727686e-03
2.792229480110109026e-03
2.692322595976293087e-03
2.889681421220302408e-03
2.682060375809669408e-03
2.622757945209741506e-03
2.595765842124819842e-03
2.675206633284687996e-03
3.037800197489559650e-03
2.595146046951413241e-03
3.218499803915619937e-03
2.813259325921535665e-03
2.890172088518738660e-03
2.790571842342615301e-03
2.701525553129613486e-03
2.384240971878170967e-03
2.560903108678758058e-03
2.438529673963784998e-03
2.637749072164297104e-03
2.694605570286512548e-03
2.829133998602628708e-03
2.399112866260111505e-03
2.498525008559226816e-03
2.295573265291750344e-03
2.412774949334561825e-03
2.326528145931661302e-03
2.329981443472206506e-03
2.355150924995541399e-03
2.296447311528026971e-03
2.391111105680465698e-03
2.293978468514978886e-03
2.245363616384566004e-03
2.280361251905560493e-03
2.186496241483837279e-03
2.268560836091637525e-03
2.183017693459987554e-03
2.208386617712676699e-03
2.320162556134164507e-03
2.219144301488995379e-03
2.247524308040738193e-03
2.131148858461529103e-03
2.238634508103132248e-03
2.181090624071657744e-03
2.193381311371922493e-03
2.192923496477305716e-03
2.155548078007996082e-03
2.128409571014344692e-03
2.165809762664139184e-03
2.093008602969348431e-03
2.211511321365833456e-03
2.186234924010932446e-03
2.258065866772085602e-03
2.046583336777985096e-03
2.058103866875171835e-03
2.030403725802898320e-03
2.057137154042720968e-03
2.093540062196552667e-03
2.030051732435822660e-03
2.034182334318756970e-03
2.042025025002658194e-03
2.028290275484323588e-03
2.073417068459093571e-03
2.029878587927669373e-03
2.139951824210584077e-03
2.054578624665737152e-03
2.208745584357530052e-03
1.940521865617483898e-03
2.026203752029687079e-03
1.934017194435000333e-03
2.106988243758678350e-03
2.289539366029202765e-03
2.282311231829225930e-03
2.038030186668038368e-03
2.122837537899613554e-03
1.948717772029340180e-03
1.949210360180586576e-03
1.951760298106819478e-03
1.965036289766430768e-03
1.942168921232223511e-03
1.944138156250119166e-03
1.891253318171948281e-03
1.941610791254788550e-03
1.893120864406228109e-03
1.891324715688824610e-03
1.900755381211638494e-03
1.896281586959958163e-03
1.882744231261313048e-03
1.850430481135845271e-03
1.886117528192698869e-03
1.900094724260270639e-03
1.901156397070735650e-03
1.923526311293244275e-03
1.848926837556064086e-03
1.986514776945114136e-03
1.897494238801300569e-03
1.897959189955145207e-03
1.821682299487292853e-03
1.907880359794944525e-03
1.914221397601067976e-03
1.848969794809818224e-03
1.858599903061985926e-03
1.841017347760498480e-03
1.944737695157527880e-03
1.926241989713162097e-03
2.023004018701612863e-03
1.912599662318825722e-03
1.839260477572679433e-03
1.831045909784734206e-03
1.750451244879513892e-03
1.851756335236132232e-03
1.807853905484080401e-03
1.865112537052482280e-03
1.881418703123927073e-03
1.713509834371507211e-03
1.804496278055012226e-03
1.713313208892941518e-03
1.717966701835393862e-03
1.725761173292994456e-03
1.721862098202109424e-03
1.732424215879291209e-03
1.721706637181341691e-03
1.761115225963294463e-03
1.746209291741251902e-03
1.724737696349620819e-03
1.886784587986767205e-03
1.755598105955869003e-03
1.669423119165003343e-03
1.654123933985829397e-03
1.672788627911359115e-03
1.654838537797331897e-03
1.671389653347432700e-03
1.680956990458071188e-03
1.720161549746990117e-03
1.677683671005070210e-03
1.729212887585163073e-03
1.751313614659011407e-03
1.644068700261414008e-03
1.684161653975024733e-03
1.635736192110925956e-03
1.692147762514650778e-03
1.668634463567286773e-03
1.644377969205379399e-03
1.766117732040584174e-03
1.645965524949133309e-03
1.680269045755267057e-03
1.740883919410407543e-03
1.627404638566076799e-03
1.674298476427793546e-03
1.648934790864586830e-03
1.663132151588797613e-03
1.669185422360897021e-03
1.647933246567845431e-03
1.636226940900087400e-03
1.653987355530261907e-03
1.639138697646558198e-03
1.620082580484449907e-03
1.631288300268352118e-03
1.609279855620115909e-03
1.638262951746582942e-03
1.658736239187419501e-03
1.619351748377084689e-03
1.777156209573149638e-03
1.664192136377096133e-03
1.809633243829011830e-03
1.800658088177442464e-03
2.127909427508711902e-03
1.773537229746580211e-03
2.086179889738559810e-03
1.898657903075218114e-03
1.703903917223215016e-03
1.625496707856655164e-03
1.609963458031416026e-03
1.543645234778523402e-03
1.568038156256079587e-03
1.581248419824987650e-03
1.682703685946762518e-03
1.631272234953940001e-03
1.718580606393516064e-03
1.664155931212007956e-03
1.677454879973083648e-03
1.559258764609694568e-03
1.664502418134361549e-03
1.571226364467292937e-03
1.572226022835820827e-03
1.636300887912511782e-03
1.562041044235229536e-03
1.570569921750575347e-03
1.604090444743633270e-03
1.570825418457388835e-03
1.574687531683594032e-03
1.618805620819330259e-03
1.580732490401714953e-03
1.748243346810340881e-03
1.732014189474284606e-03
1.731684873811900702e-03
1.724778220523148732e-03
1.632118888664990664e-03
1.656545128207653848e-03
1.619654602836817460e-03
1.524176879320293578e-03
1.574480219278484540e-03
1.522640453185886188e-03
1.509076112415641503e-03
1.524136890657246026e-03
1.513061230070888996e-03
1.529067312367260369e-03
1.540552149526774797e-03
1.556735439226031260e-03
1.552737201564013958e-03
1.608786848373711196e-03
1.546472113113850442e-03
1.602910348447039810e-03
1.585772540420293851e-03
1.503111456986516671e-03
1.584609667770564599e-03
1.531269657425582322e-03
1.517729205079376654e-03
1.568483002483844800e-03
1.572438399307429790e-03
1.552357361651956948e-03
1.611388102173805280e-03
1.544417021796107205e-03
1.547688012942671863e-03
1.534097664989530997e-03
1.536095177289098458e-03
1.528976263944059567e-03
1.507364935241639527e-03
1.515891565941274209e-03
1.507881702855229291e-03
1.522606983780860944e-03
1.584766677115112500e-03
1.534209516830742403e-03
1.533538475632667455e-03
1.542080298531800552e-03
1.514666830189526081e-03
1.499708113260567145e-03
1.538533577695489016e-03
1.476311916485428897e-03
1.502851000986993400e-03
1.509008812718093395e-03
1.506589888595044570e-03
1.505687204189598517e-03
1.504194631706923246e-03
1.532846689224243251e-03
1.514026976656168613e-03
1.463095843791961627e-03
1.534442184492945671e-03
1.496942818630486770e-03
1.520595140755176631e-03
1.491048466414213267e-03
1.494135090615600261e-03
1.523907715454697566e-03
1.531960716238245325e-03
1.560581545345485254e-03
1.485396211501211015e-03
1.491035963408649011e-03
1.500618620775640098e-03
1.504797511734068307e-03
1.487982500111684160e-03
1.474973291624337391e-03
1.518032781314104882e-03
1.491517806425690694e-03
1.492426358163356868e-03
1.480633858591318130e-03
1.459606201387941924e-03
1.480368897318840027e-03
1.475203107111155900e-03
1.465813803952187213e-03
1.472201198339462280e-03
1.482377899810671720e-03
1.478750631213188085e-03
1.481769070960581346e-03
1.486790133640170097e-03
1.546898763626813802e-03
1.493111625313758763e-03
1.581183203961700288e-03
1.572561147622764154e-03
1.469219580758362965e-03
1.503189129289239732e-03
1.474245334975421429e-03
1.540831651072949128e-03
1.456797891296446280e-03
1.476064627058803992e-03
1.447952119633555412e-03
1.548391196411102967e-03
1.419805898331105796e-03
1.491795782931148919e-03
1.454519247636198911e-03
1.458059845026582393e-03
1.447771186940372077e-03
1.444012473803013476e-03
1.450588717125356111e-03
1.437844766769558191e-03
1.450410648249089674e-03
1.476833154447376641e-03
1.452147937379777518e-03
1.447815494611859365e-03
1.464342337567359252e-03
1.447161473333835645e-03
1.455165375955402894e-03
1.437609083950519562e-03
1.447965088300406976e-03
1.430812006583437410e-03
1.446035038679838224e-03
1.440212433226406531e-03
1.440289011225104375e-03
1.449932710966095372e-03
1.444967207498848525e-03
1.454187289346009406e-03
1.470102358143776612e-03
1.457329478580504699e-03
1.432962552644312338e-03
1.451097847893834071e-03
1.487552328035235318e-03
1.445460761897265954e-03
1.452173711732029828e-03
1.454571960493922234e-03
1.427970646182075056e-03
1.501773425843566656e-03
1.433918299153447195e-03
1.402030210010707465e-03
1.475110393948853103e-03
1.427879557013511658e-03
1.444238820113241673e-03
1.419196557253599124e-03
1.404626516159623905e-03
1.434530771803110838e-03
1.430559426080435558e-03
1.417871029116213365e-03
1.422898366581648632e-03
1.425858773291110949e-03
1.426708151120692405e-03
1.420286018401384354e-03
1.422963838558644143e-03
1.420942321419715838e-03
1.427850732579827352e-03
1.427637063898146152e-03
1.410100178327411500e-03
1.422980567440390587e-03
1.437388465274125381e-03
1.412403513677418319e-03
1.423134398646652742e-03
1.429962203837931243e-03
1.433768973220139655e-03
1.428036851575598164e-03
1.422800659202039198e-03
1.432861661305650982e-03
1.422164845280349255e-03
1.414807373657822696e-03
1.420125039294361981e-03
1.429231755901128140e-03
1.425214984919875860e-03
1.409349183086305943e-03
1.425821625161916018e-03
1.407652941998094234e-03
1.438531954772770448e-03
1.420364296063780828e-03
1.415818207897245971e-03
1.418574689887464133e-03
1.416954910382628441e-03
1.436321821529418230e-03
1.422153098974376874e-03
1.414531865157186898e-03
1.410455582663416776e-03
1.419491297565400644e-03
1.420831808354705659e-03
1.412486645858734889e-03
1.422437315341085196e-03
1.416584290564060255e-03
1.401376025751233144e-03
1.426494389306753874e-03
1.419177115894854025e-03
1.418787706643342928e-03
1.412809430621564345e-03
1.428580668289214373e-03
1.429417636245489120e-03
1.404688577167689800e-03
1.412961271125823303e-03
1.421103160828351888e-03
1.413610018789768176e-03
1.411286077927797989e-03
1.413669448811560826e-03
1.419842336326837626e-03
1.407011208357289433e-03
1.411554601509123954e-03
1.414988411124795719e-03
1.410226197913289157e-03
1.417371077695861415e-03
1.403348613530397502e-03
1.399803278036415534e-03
1.417942834086716088e-03
1.413840975146740675e-03
1.405219652224332138e-03
1.423393574077635917e-03
1.406968082301318732e-03
1.426722446922212839e-03
1.421162742190063000e-03
1.398610777687281327e-03
1.418025733437389222e-03
1.418508857022971002e-03
1.402286614757031289e-03
1.407386863138526635e-03
1.426217250991612716e-03
1.410254952497780410e-03
1.403343956917524425e-03
1.402424485422670798e-03
1.409649127162993041e-03
1.407325908076018095e-03
1.409498450811952353e-03
1.393921975977718787e-03
1.395550346933305177e-03
1.420904183760285378e-03
1.403464307077228980e-03
1.390796713531017390e-03
1.397263410035520879e-03
1.412190659902989908e-03
1.394514832645654592e-03
1.397782564163208095e-03
1.407192717306315942e-03
1.400982518680393609e-03
1.396080560516565951e-03
1.382197963539510922e-03
1.393962232396006628e-03
1.395454292651265816e-03
1.398999756202101751e-03
1.396573823876679030e-03
1.389275933615863367e-03
1.385187602136284156e-03
1.390153612010180907e-03
1.395356317516416311e-03
1.391399838030338244e-03
1.386837125755846414e-03
1.388080464676022573e-03
1.398197526577860204e-03
1.386304001789539966e-03
1.382317335810512304e-03
1.390883733984083024e-03
1.402858135406859219e-03
1.384523510932922407e-03
1.381512405350804242e-03
1.392380439210683151e-03
1.392253657104447441e-03
1.393201446626335469e-03
1.396560156717896505e-03
1.390761742368340536e-03
1.392521272646263285e-03
1.390135462861508044e-03
1.386836275923997207e-03
1.396188663784414617e-03
1.385792111977934794e-03
1.389166180160827935e-03
1.395490358117967887e-03
1.386995776556432247e-03
1.388389966450631618e-03
1.388060685712844133e-03
1.385339547414332585e-03
1.394131814595311837e-03
1.385978481266647577e-03
1.386936078779399308e-03
1.387078640982508746e-03
1.391617767512798266e-03
1.387796388007700357e-03
1.384637888986617370e-03
1.382863952312618537e-03
1.391228486318141135e-03
1.392716995906084819e-03
1.390976516995579091e-03
1.381594548001885501e-03
1.388102793134748849e-03
1.387231959961354819e-03
1.391276950016617775e-03
1.378225872758775906e-03
1.389309228397905870e-03
1.379856932908296672e-03
1.383294741390272932e-03
1.386192394420504570e-03
1.386363431811332616e-03
1.385639305226504803e-03
1.375472592189907984e-03
1.387676806189119816e-03
1.379879435990005688e-03
1.376046135555952874e-03
1.393124379683286038e-03
1.385550561826676044e-03
1.384592766407877294e-03
1.386196550447493705e-03
1.370570808649063067e-03
1.401403825730085286e-03
1.393283018842339516e-03
1.377942808903753714e-03
1.388059428427368316e-03
1.387976983096450567e-03
1.371122378623113123e-03
1.380052999593317509e-03
1.374706136994063941e-03
1.394663169048726602e-03
1.382749818731099367e-03
1.370853662956506101e-03
1.394823601003736258e-03
1.393990858923643914e-03
1.366722164675593376e-03
1.383435248862952081e-03
1.379701297264546199e-03
1.379680086392909202e-03
1.388013793621212157e-03
1.393573021050542550e-03
1.373153296299278736e-03
1.381367479916662065e-03
1.374470791779458436e-03
1.379081374034285632e-03
1.375576388090848836e-03
1.374999666586518201e-03
1.378373475745320320e-03
1.372090284712612716e-03
1.368134235963225321e-03
1.383629883639514360e-03
1.384294359013438225e-03
1.369036291725933465e-03
1.368106971494853540e-03
1.378880045376718088e-03
1.379395998083055063e-03
1.379090745467692700e-03
1.365589327178895473e-03
1.368685998022556218e-03
1.375952217495068994e-03
1.373742381110787305e-03
1.366064080502837853e-03
1.368523226119577885e-03
1.376763195730745879e-03
1.375489484053105029e-03
1.374787441454827699e-03
1.369601965416222897e-03
1.366530603263527155e-03
1.371850247960537715e-03
1.371029810979962392e-03
1.368598046246915969e-03
1.364945003297180024e-03
1.369397272355854511e-03
1.371524343267083211e-03
1.376480341423302846e-03
1.371047960128635255e-03
1.370941125787794547e-03
1.371717709116637750e-03
1.368911936879158020e-03
1.367848060908727348e-03
1.365864637773484035e-03
1.366784214042127132e-03
1.371144060976803390e-03
1.374459103681147185e-03
1.369149889796972275e-03
1.371405750978737983e-03
1.367878320161253301e-03
1.367408398073166522e-03
1.369668554980307904e-03
1.368925324641168118e-03
1.366968668298795733e-03
1.367185066919773904e-03
1.371300499886274294e-03
1.372161845210939646e-03
1.366954680997878400e-03
1.363987976219505072e-03
1.370873616542667064e-03
1.371013035532087174e-03
1.365521433763206092e-03
1.367600250523537311e-03
1.367791905067861080e-03
1.366905099712312265e-03
1.367998635396361438e-03
1.373036950826644854e-03
1.368251477833837184e-03
1.365279115270823327e-03
1.366885157767683224e-03
1.365912496112287045e-03
1.362628990318626209e-03
1.365811692085117058e-03
1.372023101430386218e-03
1.368874427862465468e-03
1.364295172970742074e-03
1.364468922838568774e-03
1.369913632515817881e-03
1.367591589223593560e-03
1.363623200450092511e-03
1.363366656005382581e-03
1.363047980703413486e-03
1.365357381291687445e-03
1.366642210632562551e-03
1.366619853070005818e-03
1.368593436200171666e-03
1.364719122648239136e-03
1.363339030649512963e-03
1.364771893713623372e-03
1.362338068429380699e-03
1.364901417400687976e-03
1.368841971270740032e-03
1.365809468552470207e-03
1.369223766960203604e-03
1.364624651614576578e-03
1.359924464486539277e-03
1.358324568718671712e-03
1.367850881069898562e-03
1.365523913409560875e-03
1.360432349611073776e-03
1.369627995882183357e-03
1.365780597552657127e-03
1.358898309990763621e-03
1.363553036935627504e-03
1.364368782378733115e-03
1.360059087164699988e-03
1.361931208521127701e-03
1.364837307482957753e-03
1.361596968490630432e-03
1.364397234283387661e-03
1.356212643440812870e-03
1.358252984937280503e-03
1.364277745597064452e-03
1.365198160056024833e-03
1.360764959827065468e-03
1.358302659355103970e-03
1.361342228483408603e-03
1.365124585572630210e-03
1.366761577082797972e-03
1.363997778389602813e-03
1.359430816955864516e-03
1.357282791286706968e-03
1.358983246609568509e-03
1.360756007488816933e-03
1.362091721966862765e-03
1.362707687076181217e-03
1.361785980407148600e-03
1.360536215361207680e-03
1.361172948963940100e-03
1.360274222679436163e-03
1.359927922021597667e-03
1.362591795623302503e-03
1.360813272185623646e-03
1.360398449469357642e-03
1.360289053991436958e-03
1.359529257752001329e-03
1.361337106209248218e-03
1.360011403448879719e-03
1.359122770372778091e-03
1.357541838660836176e-03
1.358849508687853857e-03
1.361046277452260256e-03
1.359588722698390397e-03
1.362964347936212973e-03
1.358906261157244487e-03
1.355885388329625216e-03
1.356250711251050277e-03
1.359306112863123374e-03
1.362074748612940311e-03
1.359324972145259337e-03
1.356724847573786887e-03
1.355409878306090745e-03
1.357700990047305736e-03
1.358206511940807061e-03
1.363372930791229096e-03
1.362298300955444661e-03
1.357079297304153486e-03
1.356952777132391886e-03
1.357511349488049659e-03
1.357012439984828190e-03
1.359027589205652432e-03
1.358939299825578841e-03
1.357634423766285224e-03
1.357242907397449103e-03
1.357522886246442882e-03
1.358902093488722996e-03
1.358967612031847282e-03
1.357514539267867760e-03
1.355994096957147078e-03
1.356002525426447392e-03
1.355368376243859443e-03
1.357759837992489251e-03
1.357708335854113189e-03
1.357825240120291710e-03
1.359843567479401914e-03
1.358712906949222088e-03
1.357050403021275910e-03
1.356310222763568120e-03
1.355607062578201294e-03
1.357588591054081830e-03
1.356489374302327633e-03
1.355445082299411253e-03
1.357590733096003489e-03
1.357967336662113623e-03
1.356974116060882850e-03
1.357068226207047788e-03
1.356612751260399905e-03
1.354439603164792017e-03
1.354997046291828156e-03
1.357055705739185214e-03
1.358049677219241901e-03
1.357426203321665612e-03
1.357200823258608666e-03
1.356018322985619220e-03
1.354616251774132252e-03
1.356743555516004606e-03
1.357125351205468178e-03
1.355092914309352636e-03
1.357452059164643331e-03
1.355228095781057986e-03
1.351563259959220886e-03
1.354680722579360095e-03
1.357267668936401606e-03
1.358491904102265791e-03
1.355092355515807780e-03
1.353428722359239968e-03
1.354665274266153531e-03
1.354408042971044779e-03
1.354960317257791758e-03
1.353970309719443365e-03
1.355598773807287303e-03
1.356069487519562158e-03
1.353686023503541990e-03
1.356334285810589877e-03
1.356946374289691405e-03
1.353878073859959797e-03
1.352814072743058248e-03
1.354908331995829853e-03
1.355553674511611505e-03
