2.466678768396377563e-01
1.218653842806816101e-01
9.074169769883155823e-02
7.935213670134544373e-02
7.113539427518844604e-02
9.924840554594993591e-02
6.638482213020324707e-02
7.266797125339508057e-02
7.567305117845535278e-02
6.292569823563098907e-02
6.803489662706851959e-02
6.247075088322162628e-02
4.736861214041709900e-02
5.380680970847606659e-02
4.103288054466247559e-02
5.388715304434299469e-02
4.964184947311878204e-02
5.056237615644931793e-02
3.171780239790678024e-02
4.031743668019771576e-02
3.734396211802959442e-02
5.146761983633041382e-02
6.221188604831695557e-02
4.000562615692615509e-02
3.486300259828567505e-02
3.800035733729600906e-02
4.398227110505104065e-02
2.632407005876302719e-02
3.458075039088726044e-02
3.276676405221223831e-02
3.515472076833248138e-02
2.823057956993579865e-02
3.068050928413867950e-02
2.957254182547330856e-02
2.514603268355131149e-02
1.937805954366922379e-02
1.810810435563325882e-02
2.256157435476779938e-02
3.149038366973400116e-02
1.941440347582101822e-02
1.945249037817120552e-02
1.936259958893060684e-02
1.895219273865222931e-02
2.386330906301736832e-02
1.592202764004468918e-02
1.283586909994482994e-02
1.271618017926812172e-02
1.166710676625370979e-02
1.214278582483530045e-02
1.183177437633275986e-02
1.283566467463970184e-02
1.075278921052813530e-02
1.264381688088178635e-02
2.116525359451770782e-02
1.713448204100131989e-02
1.158505445346236229e-02
1.219026884064078331e-02
1.599836116656661034e-02
2.011351473629474640e-02
1.794758997857570648e-02
1.786667620763182640e-02
9.737042710185050964e-03
1.801843382418155670e-02
1.485734106972813606e-02
1.461919397115707397e-02
1.606917567551136017e-02
2.129689138382673264e-02
1.550198858603835106e-02
1.265750359743833542e-02
7.355735171586275101e-03
1.140939863398671150e-02
1.202178746461868286e-02
7.628250168636441231e-03
9.252118645235896111e-03
9.405514923855662346e-03
6.186945596709847450e-03
1.016940549015998840e-02
1.615421334281563759e-02
1.351419603452086449e-02
1.424599345773458481e-02
1.006305683404207230e-02
1.312369760125875473e-02
1.431668363511562347e-02
1.728613907471299171e-02
1.024828059598803520e-02
1.191165111958980560e-02
1.007899874821305275e-02
1.206973567605018616e-02
6.709521869197487831e-03
9.092361899092793465e-03
8.897475199773907661e-03
1.395931607112288475e-02
1.083259657025337219e-02
1.551844319328665733e-02
8.603529073297977448e-03
6.948666647076606750e-03
1.779479254037141800e-02
1.326702628284692764e-02
2.129635028541088104e-02
1.048257783986628056e-02
1.320330519229173660e-02
7.486836053431034088e-03
9.385725017637014389e-03
7.732991827651858330e-03
5.027537932619452477e-03
6.690618116408586502e-03
5.871560657396912575e-03
4.701424739323556423e-03
7.832220755517482758e-03
5.142877576872706413e-03
7.608173182234168053e-03
4.789334139786660671e-03
6.412137066945433617e-03
4.690468078479170799e-03
6.942467298358678818e-03
4.429735592566430569e-03
4.781730473041534424e-03
4.014250705949962139e-03
3.562415251508355141e-03
5.917184986174106598e-03
5.512244999408721924e-03
5.608220817521214485e-03
3.490616916678845882e-03
4.248909186571836472e-03
6.355528719723224640e-03
4.749065381474792957e-03
8.375234436243772507e-03
6.993516115471720695e-03
9.699992369860410690e-03
4.930788651108741760e-03
6.828794954344630241e-03
7.811573101207613945e-03
6.431948626413941383e-03
4.425843362696468830e-03
3.966193646192550659e-03
3.010831074789166451e-03
4.081659950315952301e-03
4.278009990230202675e-03
9.216249920427799225e-03
6.553437327966094017e-03
3.005426668096333742e-03
4.404937382787466049e-03
3.963808412663638592e-03
4.450469743460416794e-03
4.398046294227242470e-03
3.987041651271283627e-03
2.515022875741124153e-03
2.799788722768425941e-03
6.264150608330965042e-03
4.439813201315701008e-03
4.425951978191733360e-03
6.364504341036081314e-03
4.807081888429820538e-03
6.612767698243260384e-03
2.448683488182723522e-03
5.800518207252025604e-03
6.016508094035089016e-03
5.485504632815718651e-03
3.712878096848726273e-03
4.847838426940143108e-03
4.641614505089819431e-03
4.400261328555643559e-03
3.564421902410686016e-03
4.950989037752151489e-03
3.412187448702752590e-03
4.897670354694128036e-03
3.059542970731854439e-03
3.834151313640177250e-03
4.422209807671606541e-03
4.558036569505929947e-03
2.942285151220858097e-03
4.287199815735220909e-03
3.332604304887354374e-03
4.847849486395716667e-03
6.674207048490643501e-03
7.482768269255757332e-03
3.652853891253471375e-03
6.678646197542548180e-03
9.712499100714921951e-03
3.374599851667881012e-03
3.438463201746344566e-03
3.939466085284948349e-03
4.093817202374339104e-03
2.588528383057564497e-03
3.099943278357386589e-03
3.307131933979690075e-03
3.847427200525999069e-03
2.782825729809701443e-03
3.353948006406426430e-03
2.602398046292364597e-03
3.414374426938593388e-03
4.211384803056716919e-03
4.690279485657811165e-03
4.880092456005513668e-03
4.132561385631561279e-03
3.448848729021847248e-03
5.084664095193147659e-03
4.630102310329675674e-03
3.569502499885857105e-03
3.825070103630423546e-03
3.280771081335842609e-03
2.861853223294019699e-03
2.615132136270403862e-03
2.972419024445116520e-03
3.577398252673447132e-03
2.837351174093782902e-03
3.856453695334494114e-03
3.716952167451381683e-03
2.851681085303425789e-03
3.268001135438680649e-03
3.076381515711545944e-03
2.408411237411201000e-03
5.349011626094579697e-03
3.402112401090562344e-03
2.084091596771031618e-03
4.055465920828282833e-03
2.059985592495650053e-03
2.444231533445417881e-03
3.259296528995037079e-03
2.681965939700603485e-03
2.808238263241946697e-03
2.931620227172970772e-03
2.019319741521030664e-03
2.608670620247721672e-03
2.792359096929430962e-03
3.411739598959684372e-03
3.282069345004856586e-03
2.944732375908643007e-03
5.616306792944669724e-03
2.502601244486868382e-03
3.241213620640337467e-03
3.439400345087051392e-03
2.577602164819836617e-03
3.412398509681224823e-03
2.441345131956040859e-03
2.280809567309916019e-03
2.614005934447050095e-03
2.310710959136486053e-03
2.292643475811928511e-03
2.821561531163752079e-03
2.209148718975484371e-03
2.359502133913338184e-03
2.801358234137296677e-03
3.242958104237914085e-03
2.339855011086910963e-03
2.453504246659576893e-03
2.445137128233909607e-03
2.971459180116653442e-03
3.114011953584849834e-03
3.490659175440669060e-03
2.874738886021077633e-03
2.930140355601906776e-03
4.906208021566271782e-03
4.106341744773089886e-03
6.659338017925620079e-03
3.127890173345804214e-03
3.273858805187046528e-03
6.732813315466046333e-03
1.791998685803264380e-03
4.223785945214331150e-03
2.683311817236244678e-03
3.479398088529706001e-03
4.593655234202742577e-03
4.259651410393416882e-03
3.025883343070745468e-03
3.298979951068758965e-03
2.473451429978013039e-03
3.637206973508000374e-03
2.404554048553109169e-03
4.690603469498455524e-03
1.805792155209928751e-03
2.221026108600199223e-03
2.586447168141603470e-03
2.392390742897987366e-03
1.903538883198052645e-03
2.877968712709844112e-03
2.336720761377364397e-03
2.619609818793833256e-03
2.417074400000274181e-03
2.195728593505918980e-03
2.694337163120508194e-03
2.226692799013108015e-03
1.680409826803952456e-03
2.688327571377158165e-03
2.272349840495735407e-03
2.125663333572447300e-03
1.888634869828820229e-03
2.490946440957486629e-03
3.211918403394520283e-03
2.203192911110818386e-03
2.525401883758604527e-03
2.833132282830774784e-03
2.799260430037975311e-03
2.077032113447785378e-03
2.217017463408410549e-03
2.047211222816258669e-03
1.636704604607075453e-03
4.348457325249910355e-03
1.126151182688772678e-03
3.467464703135192394e-03
2.568433410488069057e-03
1.727316237520426512e-03
2.779885078780353069e-03
1.902434625662863255e-03
2.633217140100896358e-03
1.907901081722229719e-03
2.272841404192149639e-03
1.646524469833821058e-03
1.733780605718493462e-03
2.166948106605559587e-03
1.865979924332350492e-03
2.093813847750425339e-03
2.218541107140481472e-03
2.395405434072017670e-03
1.812824280932545662e-03
2.334248390980064869e-03
2.297728613484650850e-03
2.387906890362501144e-03
1.962233975064009428e-03
2.802701666951179504e-03
1.874387962743639946e-03
2.364629297517240047e-03
2.764885954093188047e-03
3.083822259213775396e-03
1.976684201508760452e-03
2.143661375157535076e-03
2.639959449879825115e-03
2.235155669040977955e-03
1.960297871846705675e-03
2.240237430669367313e-03
2.317548438441008329e-03
2.297338331118226051e-03
1.546949759358540177e-03
2.138682233635336161e-03
1.905029232148081064e-03
2.075434604194015265e-03
1.637891080463305116e-03
2.108618849888443947e-03
1.613757456652820110e-03
2.150173648260533810e-03
1.859761367086321115e-03
2.753965440206229687e-03
1.695001323241740465e-03
1.704105816315859556e-03
2.547767944633960724e-03
1.749899878632277250e-03
2.173567074351012707e-03
2.009227056987583637e-03
2.618222730234265327e-03
2.620851271785795689e-03
1.822631456889212132e-03
2.379096811637282372e-03
1.906010031234472990e-03
2.497844048775732517e-03
2.159963943995535374e-03
1.902801275718957186e-03
1.837183197494596243e-03
2.026874572038650513e-03
2.402093261480331421e-03
1.782119215931743383e-03
2.115766634233295918e-03
1.536939380457624793e-03
2.084916748572140932e-03
1.726921705994755030e-03
2.465434547048062086e-03
2.027370792347937822e-03
2.102650119923055172e-03
1.842179626692086458e-03
2.072889707051217556e-03
1.738627383019775152e-03
2.299632644280791283e-03
1.859072886873036623e-03
2.502938150428235531e-03
1.664232811890542507e-03
2.133281202986836433e-03
1.542596466606482863e-03
1.987548661418259144e-03
2.309018047526478767e-03
2.116662159096449614e-03
2.011533884797245264e-03
1.655359694268554449e-03
2.289221389219164848e-03
1.920010719913989305e-03
2.764455042779445648e-03
1.657281245570629835e-03
1.771204435499384999e-03
2.004011766985058784e-03
2.240960253402590752e-03
1.973029633518308401e-03
2.336071804165840149e-03
2.555092796683311462e-03
2.009691379498690367e-03
1.720773288980126381e-03
2.113432274200022221e-03
1.834551978390663862e-03
1.769014226738363504e-03
1.852117537055164576e-03
2.233498380519449711e-03
1.641023904085159302e-03
2.231891965493559837e-03
1.757576304953545332e-03
1.553938956931233406e-03
2.010713738854974508e-03
2.082847058773040771e-03
2.123064303305000067e-03
1.750404015183448792e-03
2.503545314539223909e-03
1.920931041240692139e-03
1.913775922730565071e-03
2.070997783448547125e-03
1.651267171837389469e-03
1.863102719653397799e-03
1.648180361371487379e-03
2.462118864059448242e-03
2.174982451833784580e-03
1.878687704447656870e-03
1.947147829923778772e-03
2.364656422287225723e-03
2.376509772147983313e-03
2.037844446022063494e-03
2.491298888344317675e-03
1.397658226778730750e-03
2.356877143029123545e-03
1.878919079899787903e-03
1.482527732150629163e-03
1.502247381722554564e-03
1.688860938884317875e-03
1.685311202891170979e-03
2.076962497085332870e-03
1.896350644528865814e-03
1.871206623036414385e-03
1.789868168998509645e-03
1.852014509495347738e-03
1.552369154524058104e-03
1.794822106603533030e-03
2.566104172728955746e-03
1.856842602137476206e-03
1.541008445201441646e-03
1.687543059233576059e-03
2.265504794195294380e-03
2.438975730910897255e-03
1.947147015016525984e-03
2.105444902554154396e-03
2.134662587195634842e-03
1.885199861135333776e-03
1.935512758791446686e-03
2.040411229245364666e-03
2.775215543806552887e-03
2.005915914196521044e-03
1.454313547583296895e-03
2.055483462754637003e-03
2.055370365269482136e-03
1.931687816977500916e-03
2.063015184830874205e-03
1.788661815226078033e-03
2.336966106668114662e-03
1.870276464615017176e-03
2.620404702611267567e-03
1.838323136325925589e-03
2.111490350216627121e-03
2.194909262470901012e-03
2.522536495234817266e-03
1.908653590362519026e-03
2.480734139680862427e-03
2.415785042103379965e-03
2.009207964874804020e-03
1.572077686432749033e-03
1.470790855819359422e-03
1.536309049697592854e-03
1.819800876546651125e-03
2.138036768883466721e-03
1.936634595040231943e-03
3.099803929217159748e-03
1.844858285039663315e-03
1.964506751392036676e-03
2.584942907560616732e-03
2.425640879664570093e-03
1.840406155679374933e-03
1.605990750249475241e-03
1.977015286684036255e-03
1.952278660610318184e-03
1.864856167230755091e-03
2.321442007087171078e-03
2.302765671629458666e-03
1.782782201189547777e-03
2.184504119213670492e-03
1.673005812335759401e-03
1.618838577996939421e-03
1.675627660006284714e-03
2.194318571127951145e-03
2.096652111504226923e-03
1.970102661289274693e-03
2.034873177763074636e-03
1.962132926564663649e-03
1.729979063384234905e-03
2.396897412836551666e-03
1.643354771658778191e-03
1.983544090762734413e-03
1.319900184171274304e-03
1.533753587864339352e-03
1.908764475956559181e-03
1.980676839593797922e-03
1.946029602549970150e-03
1.785238622687757015e-03
1.570306310895830393e-03
1.678811153396964073e-03
1.815769472159445286e-03
1.969079894479364157e-03
1.706872251816093922e-03
2.296892285812646151e-03
2.343283500522375107e-03
1.984020986128598452e-03
2.206052653491497040e-03
1.730899093672633171e-03
1.917485962621867657e-03
1.575436646817252040e-03
1.665518793743103743e-03
1.949890982359647751e-03
1.795710355509072542e-03
1.574769325088709593e-03
2.191714942455291748e-03
1.513078663265332580e-03
1.898749615065753460e-03
2.086675260215997696e-03
1.611864659935235977e-03
1.955579267814755440e-03
1.724965346511453390e-03
1.682931906543672085e-03
1.881884760223329067e-03
1.902918622363358736e-03
1.702485664281994104e-03
2.296907128766179085e-03
1.783254730980843306e-03
2.152478205971419811e-03
1.711606164462864399e-03
1.701625529676675797e-03
1.666918571572750807e-03
1.929492107592523098e-03
1.884856435935944319e-03
2.149026840925216675e-03
1.661172718740999699e-03
1.818862219806760550e-03
1.574026944581419230e-03
1.872854132670909166e-03
1.914667140226811171e-03
2.348201174754649401e-03
2.092027687467634678e-03
2.044359978754073381e-03
2.195070148445665836e-03
2.162764838431030512e-03
1.863831887021660805e-03
1.896566362120211124e-03
1.324542492511682212e-03
1.441384971258230507e-03
1.786834967788308859e-03
1.927047327626496553e-03
1.761095074471086264e-03
1.721331442240625620e-03
1.795367395970970392e-03
1.856408198364078999e-03
2.373605500906705856e-03
1.555092749185860157e-03
2.528608019929379225e-03
2.473767090123146772e-03
1.499356731073930860e-03
2.475078974384814501e-03
1.517429540399461985e-03
2.109887660481035709e-03
1.664969197008758783e-03
1.958845648914575577e-03
1.670280180405825377e-03
2.314133220352232456e-03
1.473266485845670104e-03
1.855022681411355734e-03
1.884748227894306183e-03
2.031017269473522902e-03
1.738939550705254078e-03
2.056343771982938051e-03
1.959552173502743244e-03
1.719999010674655437e-03
1.958008913788944483e-03
1.916384149808436632e-03
1.723256078548729420e-03
1.688581425696611404e-03
2.130501146893948317e-03
1.824885606765747070e-03
1.418668805854395032e-03
1.614132139366120100e-03
1.899403170682489872e-03
2.663791587110608816e-03
2.061008359305560589e-03
1.746216730680316687e-03
1.869798754341900349e-03
2.247387543320655823e-03
2.385680447332561016e-03
1.859806478023529053e-03
1.911871950142085552e-03
2.767692436464130878e-03
1.197244651848450303e-03
2.254217979498207569e-03
1.686818897724151611e-03
1.770137751009315252e-03
1.971122401300817728e-03
1.741048530675470829e-03
1.651531725656241179e-03
1.907085592392832041e-03
1.601907308213412762e-03
1.995505590457469225e-03
2.307496091816574335e-03
1.723658118862658739e-03
2.156544302124530077e-03
1.628749072551727295e-03
1.630110666155815125e-03
1.877357368357479572e-03
2.287008042912930250e-03
1.500410173321142793e-03
1.567874394822865725e-03
2.091969829052686691e-03
2.013731340412050486e-03
2.017895225435495377e-03
2.019051578827202320e-03
1.631716208066791296e-03
1.851241861004382372e-03
1.734706689603626728e-03
1.637271489016711712e-03
1.762974599841982126e-03
1.919485337566584349e-03
1.789661124348640442e-03
2.361584862228482962e-03
1.761315099429339170e-03
1.600741408765316010e-03
1.891403924673795700e-03
1.809066568966954947e-03
1.827787200454622507e-03
1.884169527329504490e-03
1.892030762974172831e-03
2.264211536385118961e-03
2.053001197054982185e-03
1.579280185978859663e-03
1.694152364507317543e-03
2.144327154383063316e-03
2.050891809631139040e-03
1.517762313596904278e-03
2.130712848156690598e-03
1.553823647554963827e-03
1.622272306121885777e-03
2.236166328657418489e-03
1.551088702399283648e-03
1.726404647342860699e-03
1.995225145947188139e-03
1.945336756762117147e-03
2.019845065660774708e-03
1.708147581666707993e-03
1.702008128631860018e-03
2.108339569531381130e-03
1.871197775471955538e-03
1.489744288846850395e-03
1.779780839569866657e-03
2.640646358486264944e-03
1.919340691529214382e-03
1.731414871755987406e-03
1.782791630830615759e-03
1.489021437009796500e-03
2.127996354829519987e-03
1.591183128766715527e-03
1.833113841712474823e-03
2.004291163757443428e-03
1.340278278803452849e-03
1.547472609672695398e-03
1.959998626261949539e-03
1.358216832159087062e-03
2.092498762067407370e-03
1.750508905388414860e-03
1.909114944282919168e-03
2.042655949480831623e-03
2.114258008077740669e-03
1.887162565253674984e-03
2.306497248355299234e-03
1.896697503980249166e-03
1.843215664848685265e-03
1.906549965497106314e-03
2.140229684300720692e-03
1.896104600746184587e-03
1.673485559877008200e-03
1.895283116027712822e-03
1.579138333909213543e-03
1.849466061685234308e-03
2.394434821326285601e-03
1.770381175447255373e-03
1.861733500845730305e-03
1.557488867547363043e-03
1.851773820817470551e-03
1.808967965189367533e-03
2.108107204549014568e-03
1.834823167882859707e-03
1.670227095019072294e-03
1.656851440202444792e-03
2.010632713790982962e-03
1.648878504056483507e-03
1.805743959266692400e-03
1.734066870994865894e-03
2.085094340145587921e-03
2.288414980284869671e-03
1.905066601466387510e-03
1.867950370069593191e-03
1.652973413001745939e-03
1.420237094862386584e-03
2.064302039798349142e-03
1.783331099431961775e-03
1.592645945493131876e-03
1.898806891404092312e-03
1.950918638613075018e-03
1.646937860641628504e-03
1.560712058562785387e-03
1.604410761501640081e-03
2.178490685764700174e-03
1.665554300416260958e-03
2.251461206469684839e-03
1.791314978618174791e-03
1.733715587761253119e-03
2.020316023845225573e-03
1.940189395099878311e-03
2.083827625028789043e-03
2.204117714427411556e-03
2.071357273962348700e-03
2.271059434860944748e-03
2.111546054948121309e-03
1.650646445341408253e-03
1.761271501891314983e-03
2.001742657739669085e-03
1.520763355074450374e-03
2.071879629511386156e-03
1.539073768071830273e-03
1.718543178867548704e-03
1.885535079054534435e-03
1.709637406747788191e-03
1.752307463902980089e-03
1.780349586624652147e-03
1.989024691283702850e-03
2.146199985872954130e-03
1.758428872562944889e-03
2.203384239692240953e-03
2.215960470493882895e-03
2.033998433034867048e-03
1.821915851905941963e-03
1.760294311679899693e-03
1.793323550373315811e-03
2.036982798017561436e-03
1.758749538566917181e-03
1.724999980069696903e-03
1.692041172645986080e-03
1.765616121701896191e-03
2.339469909202307463e-03
1.913639658596366644e-03
1.848094398155808449e-03
1.765736378729343414e-03
1.682470843661576509e-03
1.597617461811751127e-03
2.340868930332362652e-03
1.819016819354146719e-03
2.060907776467502117e-03
2.557106723543256521e-03
2.358483325224369764e-03
1.647818367928266525e-03
1.865348545834422112e-03
2.114109578542411327e-03
2.061007893644273281e-03
1.581842370796948671e-03
1.985391543712466955e-03
1.568641455378383398e-03
2.049279981292784214e-03
2.186954836361110210e-03
1.886427693534642458e-03
1.947062555700540543e-03
1.570558699313551188e-03
1.756589219439774752e-03
2.111135574523359537e-03
1.724596426356583834e-03
2.009137591812759638e-03
2.011684584431350231e-03
1.946590957231819630e-03
1.974714046809822321e-03
1.963235612493008375e-03
2.043244719970971346e-03
2.183739561587572098e-03
2.034846111200749874e-03
1.704761234577745199e-03
1.793828443624079227e-03
1.762517844326794147e-03
1.721297216136008501e-03
1.928835350554436445e-03
1.497886987635865808e-03
1.585054036695510149e-03
1.755047996994107962e-03
1.612527936231344938e-03
1.457913953345268965e-03
1.810194749850779772e-03
1.908016914967447519e-03
1.838828844483941793e-03
1.723920286167412996e-03
1.641859009396284819e-03
2.105364692397415638e-03
1.954953651875257492e-03
1.853351481258869171e-03
1.498600206105038524e-03
2.025535388384014368e-03
1.549596083350479603e-03
1.541055768029764295e-03
1.744731445796787739e-03
1.455052231904119253e-03
1.932007202412933111e-03
1.781498023774474859e-03
1.628575031645596027e-03
1.658364548347890377e-03
1.519156503491103649e-03
1.588963612448424101e-03
1.952945080120116472e-03
2.077375189401209354e-03
1.548181695397943258e-03
1.412464509485289454e-03
1.708463707473129034e-03
1.963886839803308249e-03
1.591148960869759321e-03
2.303658169694244862e-03
1.994810940232127905e-03
1.567230967339128256e-03
1.765740918926894665e-03
2.208419900853186846e-03
1.821381505578756332e-03
2.299584855791181326e-03
1.538457989227026701e-03
2.090855676215142012e-03
1.869423140306025743e-03
2.252266509458422661e-03
2.065089996904134750e-03
1.912945008371025324e-03
1.542275829706341028e-03
1.587879378348588943e-03
1.831378613132983446e-03
1.687217329163104296e-03
1.784043444786220789e-03
2.344587410334497690e-03
1.598755363374948502e-03
2.089069574140012264e-03
1.955597486812621355e-03
1.585880061611533165e-03
1.725765760056674480e-03
2.544199407566338778e-03
1.772281830199062824e-03
1.552847854327410460e-03
1.850447093602269888e-03
1.620366587303578854e-03
1.507964771008118987e-03
1.580870302859693766e-03
1.659937377553433180e-03
1.819278462789952755e-03
1.781246450264006853e-03
1.992438628803938627e-03
1.695285434834659100e-03
2.237970416899770498e-03
2.072041621431708336e-03
2.117601921781897545e-03
2.205173601396381855e-03
1.750260766129940748e-03
1.843890990130603313e-03
2.249023702461272478e-03
1.995589991565793753e-03
1.869351603090763092e-03
1.684229471720755100e-03
1.866395527031272650e-03
1.835739472880959511e-03
1.816771051380783319e-03
1.802924438379704952e-03
2.060567028820514679e-03
1.668322889599949121e-03
1.671339909080415964e-03
1.520171121228486300e-03
1.548835600260645151e-03
1.900395553093403578e-03
1.728603325318545103e-03
2.193128457292914391e-03
1.636318105738610029e-03
1.979086606297641993e-03
1.699024694971740246e-03
1.898112008348107338e-03
1.624986238311976194e-03
1.923371630255132914e-03
1.438981067622080445e-03
1.674638013355433941e-03
1.786957611329853535e-03
1.703912974335253239e-03
1.521792088169604540e-03
2.193786029238253832e-03
1.779748417902737856e-03
2.138153940904885530e-03
1.761171908583492041e-03
2.216131018940359354e-03
1.518718549050390720e-03
1.614206994418054819e-03
2.502174407709389925e-03
1.626800105441361666e-03
2.528329205233603716e-03
1.499784964835271239e-03
1.692461722996085882e-03
1.972127356566488743e-03
1.712322875391691923e-03
2.227722259704023600e-03
2.166595077142119408e-03
2.037534315604716539e-03
1.466848509153351188e-03
1.573925779666751623e-03
1.940390153322368860e-03
1.770089264027774334e-03
1.523981220088899136e-03
1.869241939857602119e-03
1.725469599477946758e-03
2.233457984402775764e-03
1.707410905510187149e-03
1.954253297299146652e-03
1.648544101044535637e-03
1.896300585940480232e-03
2.264864451717585325e-03
2.011798729654401541e-03
1.454279146855697036e-03
2.155906986445188522e-03
1.993207784835249186e-03
1.945337629877030849e-03
1.988086383789777756e-03
2.067473425995558500e-03
1.919390982948243618e-03
1.617573783732950687e-03
1.670319586992263794e-03
2.047240326646715403e-03
2.126593666616827250e-03
1.635250286199152470e-03
1.938891422469168901e-03
2.112925925757735968e-03
1.711599237751215696e-03
1.892494736239314079e-03
1.786826411262154579e-03
1.945539843291044235e-03
1.531864691060036421e-03
1.910920254886150360e-03
1.416789804352447391e-03
1.785241125617176294e-03
1.936736050993204117e-03
1.702411973383277655e-03
2.168981416616588831e-03
2.228529076091945171e-03
1.868959458079189062e-03
2.238365763332694769e-03
2.470419683959335089e-03
1.859361422248184681e-03
1.743605127558112144e-03
1.464508008211851120e-03
1.530509092845022678e-03
2.293992554768919945e-03
2.089888905175030231e-03
1.947259588632732630e-03
1.396636449499055743e-03
1.679734792560338974e-03
1.824239152483642101e-03
1.802018203306943178e-03
1.952179009094834328e-03
2.164806472137570381e-03
1.712040975689888000e-03
1.510911039076745510e-03
1.487935282057151198e-03
1.651524216867983341e-03
1.893138687591999769e-03
1.862872217316180468e-03
1.848029845859855413e-03
1.803277817089110613e-03
1.640112663153558969e-03
1.510830014012753963e-03
1.858224277384579182e-03
1.695482002105563879e-03
1.937147055286914110e-03
1.965242263395339251e-03
1.774720905814319849e-03
1.920378359500318766e-03
1.978986023459583521e-03
1.495025207987055182e-03
1.549072912894189358e-03
1.922743394970893860e-03
1.762591768056154251e-03
1.839292934164404869e-03
1.978956104721873999e-03
1.627884863410145044e-03
2.055656048469245434e-03
1.979518390726298094e-03
2.098611381370574236e-03
2.106647822074592113e-03
2.033707569353282452e-03
1.812824048101902008e-03
1.804548839572817087e-03
1.635724969673901796e-03
2.279802516568452120e-03
1.842911413405090570e-03
1.530930167064070702e-03
