4.738207340240478516e+00
4.592850387096405029e+00
1.757424116134643555e+00
1.514081776142120361e+00
1.196610927581787109e+00
1.813679933547973633e+00
1.255299508571624756e+00
1.280821442604064941e+00
1.122667431831359863e+00
1.302349209785461426e+00
1.552158713340759277e+00
1.106517642736434937e+00
1.190614640712738037e+00
1.323055088520050049e+00
9.414219558238983154e-01
1.013660490512847900e+00
1.273945540189743042e+00
8.531664013862609863e-01
9.700519442558288574e-01
1.312589675188064575e+00
7.868623435497283936e-01
1.326957762241363525e+00
2.102055132389068604e+00
1.894811630249023438e+00
1.778162717819213867e+00
1.009192943572998047e+00
1.154122769832611084e+00
9.780191481113433838e-01
9.323707818984985352e-01
8.893491625785827637e-01
8.307973742485046387e-01
6.870552301406860352e-01
9.091721475124359131e-01
6.388162672519683838e-01
6.908695995807647705e-01
6.607717871665954590e-01
7.558571994304656982e-01
1.219551563262939453e+00
1.195335894823074341e+00
9.996121078729629517e-01
1.051283806562423706e+00
6.221016049385070801e-01
6.432960331439971924e-01
7.065553069114685059e-01
6.077312231063842773e-01
7.485922276973724365e-01
4.484533369541168213e-01
7.508364766836166382e-01
5.107169747352600098e-01
6.538410633802413940e-01
5.437554717063903809e-01
7.578197121620178223e-01
9.793892800807952881e-01
8.312181532382965088e-01
6.284875571727752686e-01
6.092857122421264648e-01
6.145883351564407349e-01
1.319877952337265015e+00
9.931398928165435791e-01
7.442450821399688721e-01
5.964352786540985107e-01
5.229213833808898926e-01
1.260959863662719727e+00
1.040975272655487061e+00
6.971760690212249756e-01
1.335375577211380005e+00
7.295324206352233887e-01
5.466497540473937988e-01
5.543746650218963623e-01
8.804080784320831299e-01
5.267384648323059082e-01
5.485808849334716797e-01
3.832935839891433716e-01
3.592036068439483643e-01
6.876594126224517822e-01
4.353844672441482544e-01
5.853075981140136719e-01
1.955805778503417969e+00
9.935767948627471924e-01
8.136838674545288086e-01
8.835403770208358765e-01
8.109328448772430420e-01
1.777179181575775146e+00
8.402624130249023438e-01
5.025029331445693970e-01
5.898806154727935791e-01
5.574032217264175415e-01
5.818819850683212280e-01
4.403613060712814331e-01
2.997956275939941406e-01
3.794284462928771973e-01
6.986516416072845459e-01
4.128137528896331787e-01
6.746416687965393066e-01
4.552424252033233643e-01
7.100851088762283325e-01
1.723881930112838745e+00
1.459870547056198120e+00
1.082774579524993896e+00
9.876313060522079468e-01
5.585676431655883789e-01
4.341239929199218750e-01
4.788354635238647461e-01
2.863687574863433838e-01
3.943704888224601746e-01
2.614147961139678955e-01
3.522963970899581909e-01
3.837601840496063232e-01
3.534585535526275635e-01
2.502516955137252808e-01
3.730169981718063354e-01
3.213331103324890137e-01
3.279138505458831787e-01
3.974490314722061157e-01
4.109681099653244019e-01
2.414226680994033813e-01
3.949283659458160400e-01
3.018836081027984619e-01
2.320390045642852783e-01
3.296255022287368774e-01
4.249419718980789185e-01
3.697644323110580444e-01
3.143750652670860291e-01
3.343300670385360718e-01
3.589834272861480713e-01
4.673329591751098633e-01
5.189882069826126099e-01
3.874134123325347900e-01
5.623439550399780273e-01
4.688479602336883545e-01
5.009227246046066284e-01
3.399862200021743774e-01
3.675418943166732788e-01
2.459158226847648621e-01
3.340892195701599121e-01
2.534495219588279724e-01
2.685782015323638916e-01
5.950726419687271118e-01
4.170419275760650635e-01
4.703708440065383911e-01
3.822884261608123779e-01
2.877634465694427490e-01
3.313972204923629761e-01
4.217508882284164429e-01
5.567342191934585571e-01
5.326580554246902466e-01
2.091680318117141724e-01
1.900246813893318176e-01
4.249858856201171875e-01
2.854991257190704346e-01
3.323499709367752075e-01
4.009627401828765869e-01
5.043364316225051880e-01
2.884192913770675659e-01
5.624632164835929871e-01
2.988298237323760986e-01
2.839971631765365601e-01
2.948313951492309570e-01
4.433787614107131958e-01
3.152214884757995605e-01
2.870846390724182129e-01
4.088629856705665588e-01
2.363451495766639709e-01
4.986888766288757324e-01
4.972788393497467041e-01
2.736489027738571167e-01
3.074360489845275879e-01
3.323030769824981689e-01
5.707308799028396606e-01
4.314454793930053711e-01
2.719072252511978149e-01
4.615006744861602783e-01
4.528851211071014404e-01
5.035369843244552612e-01
3.706486523151397705e-01
7.745672017335891724e-01
7.398071140050888062e-01
4.024586528539657593e-01
8.986913263797760010e-01
3.714615106582641602e-01
3.739257603883743286e-01
3.663982897996902466e-01
4.467772245407104492e-01
2.720330581068992615e-01
3.530198186635971069e-01
3.005797415971755981e-01
2.743375748395919800e-01
3.270435109734535217e-01
2.955122962594032288e-01
2.260802909731864929e-01
6.113002002239227295e-01
4.274255633354187012e-01
4.116751551628112793e-01
3.143030405044555664e-01
2.708187997341156006e-01
5.414437055587768555e-01
3.667926043272018433e-01
5.860725343227386475e-01
2.668379992246627808e-01
2.309498414397239685e-01
3.010535091161727905e-01
2.296605780720710754e-01
3.138457909226417542e-01
1.792383715510368347e-01
3.490005508065223694e-01
2.735702246427536011e-01
3.157957792282104492e-01
2.485026791691780090e-01
1.808360442519187927e-01
2.155802696943283081e-01
4.998084455728530884e-01
2.665978521108627319e-01
4.270812422037124634e-01
2.748176082968711853e-01
3.773996308445930481e-01
3.222152590751647949e-01
1.972293332219123840e-01
1.914773210883140564e-01
2.281911149621009827e-01
1.962654665112495422e-01
2.043763026595115662e-01
1.871455237269401550e-01
1.381972059607505798e-01
2.812517732381820679e-01
2.272586077451705933e-01
2.670362815260887146e-01
2.982344254851341248e-01
5.156445950269699097e-01
3.545040339231491089e-01
3.536890298128128052e-01
2.772270441055297852e-01
2.212420254945755005e-01
2.588997408747673035e-01
2.879716679453849792e-01
3.852845579385757446e-01
2.290196195244789124e-01
2.291581705212593079e-01
1.999639049172401428e-01
2.074040621519088745e-01
2.623621299862861633e-01
2.165809497237205505e-01
1.762786135077476501e-01
1.758208423852920532e-01
5.423136204481124878e-01
1.914044916629791260e-01
2.260655760765075684e-01
3.779872655868530273e-01
3.515341728925704956e-01
4.153525233268737793e-01
4.039428532123565674e-01
2.799320071935653687e-01
5.568386092782020569e-01
5.649312436580657959e-01
5.300583839416503906e-01
5.262540578842163086e-01
4.652146846055984497e-01
3.835599645972251892e-01
4.268099367618560791e-01
5.885140597820281982e-01
4.065251499414443970e-01
2.423914745450019836e-01
2.573634237051010132e-01
2.827410772442817688e-01
4.552196413278579712e-01
7.160040587186813354e-01
3.140672296285629272e-01
2.233047634363174438e-01
2.953519821166992188e-01
2.919448390603065491e-01
3.042350560426712036e-01
2.599867358803749084e-01
2.021319419145584106e-01
2.068330645561218262e-01
2.149467021226882935e-01
4.267931804060935974e-01
2.647493332624435425e-01
2.464436516165733337e-01
2.050618007779121399e-01
2.111695185303688049e-01
2.138901352882385254e-01
1.972605809569358826e-01
2.205263599753379822e-01
2.241205796599388123e-01
1.745633333921432495e-01
1.782366111874580383e-01
2.075397372245788574e-01
1.939664185047149658e-01
3.031937927007675171e-01
2.465851530432701111e-01
1.738214343786239624e-01
2.306380718946456909e-01
2.889917120337486267e-01
2.747147008776664734e-01
1.886193230748176575e-01
2.425389662384986877e-01
2.113329544663429260e-01
2.101057246327400208e-01
3.255891203880310059e-01
2.472909688949584961e-01
3.127308338880538940e-01
1.893423274159431458e-01
2.926045060157775879e-01
2.033785730600357056e-01
1.679689809679985046e-01
2.140345424413681030e-01
1.463360264897346497e-01
2.294305860996246338e-01
1.830861791968345642e-01
2.323125377297401428e-01
2.263970673084259033e-01
1.550902724266052246e-01
1.491615772247314453e-01
1.534285247325897217e-01
1.806908175349235535e-01
1.944247409701347351e-01
1.978207156062126160e-01
1.925055310130119324e-01
1.766678169369697571e-01
1.389982849359512329e-01
1.784177497029304504e-01
2.133207395672798157e-01
1.912065893411636353e-01
1.776759624481201172e-01
2.038162350654602051e-01
1.704525128006935120e-01
1.782146245241165161e-01
2.088560983538627625e-01
1.814709305763244629e-01
1.807400733232498169e-01
3.867196738719940186e-01
1.344109028577804565e-01
1.770563721656799316e-01
1.752041503787040710e-01
1.650974452495574951e-01
2.603019550442695618e-01
1.660046577453613281e-01
1.436158940196037292e-01
1.844101846218109131e-01
1.719954386353492737e-01
1.731756925582885742e-01
2.111194357275962830e-01
2.015502825379371643e-01
1.676430627703666687e-01
1.442635133862495422e-01
2.264705151319503784e-01
1.705816462635993958e-01
1.750007569789886475e-01
1.462362855672836304e-01
1.875579133629798889e-01
2.537522912025451660e-01
2.767649739980697632e-01
2.094161510467529297e-01
2.059091255068778992e-01
1.919152289628982544e-01
1.887360066175460815e-01
1.873307302594184875e-01
1.665750443935394287e-01
1.630528345704078674e-01
1.565043628215789795e-01
2.037263438105583191e-01
1.992902234196662903e-01
1.786653175950050354e-01
1.455894485116004944e-01
1.548519581556320190e-01
1.565231010317802429e-01
1.745454743504524231e-01
1.459795087575912476e-01
1.314438506960868835e-01
1.700057536363601685e-01
1.526255384087562561e-01
2.652157023549079895e-01
2.014030367136001587e-01
3.263103440403938293e-01
2.387050464749336243e-01
2.160855978727340698e-01
2.179570198059082031e-01
2.451183274388313293e-01
2.255961745977401733e-01
2.401600033044815063e-01
2.486328259110450745e-01
2.214204296469688416e-01
2.173362001776695251e-01
1.433074772357940674e-01
3.723467960953712463e-01
2.360756173729896545e-01
2.581374645233154297e-01
1.504992917180061340e-01
1.788980215787887573e-01
2.772784307599067688e-01
1.722745224833488464e-01
2.956443801522254944e-01
1.803699657320976257e-01
1.912706047296524048e-01
1.798093616962432861e-01
2.250694632530212402e-01
1.532026678323745728e-01
1.448712721467018127e-01
1.935434788465499878e-01
1.421900764107704163e-01
1.444500535726547241e-01
1.648064553737640381e-01
1.741823852062225342e-01
2.424472048878669739e-01
2.742510810494422913e-01
1.457062363624572754e-01
1.541954874992370605e-01
1.605515927076339722e-01
1.656145229935646057e-01
1.636451259255409241e-01
1.389674395322799683e-01
1.606325283646583557e-01
1.401826739311218262e-01
1.387722194194793701e-01
1.693678647279739380e-01
1.538742855191230774e-01
1.407561451196670532e-01
1.395148932933807373e-01
1.615282297134399414e-01
1.513538286089897156e-01
1.549723297357559204e-01
1.584495604038238525e-01
1.632418781518936157e-01
1.589584052562713623e-01
1.595969125628471375e-01
1.713313907384872437e-01
1.523338630795478821e-01
1.535759791731834412e-01
1.407270804047584534e-01
1.871554777026176453e-01
1.422264166176319122e-01
1.808160841464996338e-01
1.746171787381172180e-01
1.894515603780746460e-01
1.419552043080329895e-01
1.658326536417007446e-01
1.587928757071495056e-01
1.637763902544975281e-01
1.437808647751808167e-01
1.960267946124076843e-01
2.053402066230773926e-01
1.593108847737312317e-01
1.726121529936790466e-01
2.141600474715232849e-01
1.701970249414443970e-01
1.506168618798255920e-01
3.387320414185523987e-01
2.996847704052925110e-01
2.628519758582115173e-01
1.641459837555885315e-01
1.638772338628768921e-01
1.530985236167907715e-01
1.930889636278152466e-01
1.415441334247589111e-01
2.025913521647453308e-01
3.461877480149269104e-01
3.333838135004043579e-01
1.929710805416107178e-01
2.028227150440216064e-01
1.435388177633285522e-01
1.530131474137306213e-01
1.568285971879959106e-01
1.606358066201210022e-01
1.443615034222602844e-01
1.592150256037712097e-01
1.445379406213760376e-01
1.809670701622962952e-01
1.430889889597892761e-01
1.686304360628128052e-01
1.758485808968544006e-01
1.616912931203842163e-01
2.158379927277565002e-01
4.194218963384628296e-01
4.216334670782089233e-01
1.962706819176673889e-01
3.155074268579483032e-01
1.769669875502586365e-01
1.730652451515197754e-01
1.600580960512161255e-01
1.313916109502315521e-01
1.611683145165443420e-01
1.528422385454177856e-01
1.506602019071578979e-01
1.500980928540229797e-01
1.504843980073928833e-01
1.341336742043495178e-01
1.455148383975028992e-01
1.638306230306625366e-01
1.698362752795219421e-01
1.674403846263885498e-01
1.761226654052734375e-01
1.592435762286186218e-01
1.523629352450370789e-01
1.596166193485260010e-01
1.411196812987327576e-01
1.548765078186988831e-01
1.584440618753433228e-01
1.326989382505416870e-01
1.945008635520935059e-01
1.502650827169418335e-01
1.474630981683731079e-01
1.470103189349174500e-01
1.540392413735389709e-01
1.425779014825820923e-01
1.452356949448585510e-01
1.558649986982345581e-01
1.426397114992141724e-01
1.478749290108680725e-01
1.543837413191795349e-01
1.761593222618103027e-01
1.528971418738365173e-01
2.611153721809387207e-01
1.781365573406219482e-01
1.714456081390380859e-01
1.453078985214233398e-01
1.391043365001678467e-01
1.593532264232635498e-01
1.441658958792686462e-01
1.579281240701675415e-01
1.473743915557861328e-01
1.516325622797012329e-01
1.774026080965995789e-01
1.637200787663459778e-01
1.454902738332748413e-01
1.669650226831436157e-01
1.404166892170906067e-01
1.649572402238845825e-01
1.338471621274948120e-01
1.748136207461357117e-01
1.409491226077079773e-01
1.728205531835556030e-01
1.654209643602371216e-01
1.639687493443489075e-01
1.489833071827888489e-01
1.638744398951530457e-01
1.489091888070106506e-01
1.519622728228569031e-01
1.455428078770637512e-01
1.481151282787322998e-01
1.442852616310119629e-01
1.661425232887268066e-01
1.306016966700553894e-01
1.511227563023567200e-01
1.361924335360527039e-01
1.447264403104782104e-01
1.432151272892951965e-01
1.522546261548995972e-01
1.489614993333816528e-01
1.429569348692893982e-01
1.436359137296676636e-01
1.858991682529449463e-01
1.393104121088981628e-01
1.710349246859550476e-01
1.571722030639648438e-01
2.463361918926239014e-01
2.791134044528007507e-01
2.127803862094879150e-01
1.522570550441741943e-01
1.696741878986358643e-01
1.416989043354988098e-01
1.439129039645195007e-01
2.214391753077507019e-01
1.418329551815986633e-01
1.685261353850364685e-01
1.597796306014060974e-01
1.326971203088760376e-01
1.825902611017227173e-01
1.292145475745201111e-01
1.584027931094169617e-01
1.406622529029846191e-01
1.489459797739982605e-01
1.511314958333969116e-01
1.578203216195106506e-01
1.642555296421051025e-01
1.533974930644035339e-01
1.430761888623237610e-01
1.732149124145507812e-01
1.367490589618682861e-01
1.422002688050270081e-01
1.522848531603813171e-01
1.383647248148918152e-01
1.414457410573959351e-01
1.553078964352607727e-01
1.416631862521171570e-01
1.415031626820564270e-01
1.475751474499702454e-01
1.538219451904296875e-01
1.279471218585968018e-01
1.447558030486106873e-01
1.591697484254837036e-01
1.528082937002182007e-01
1.569656431674957275e-01
1.389726772904396057e-01
1.625787019729614258e-01
1.450820043683052063e-01
1.830281391739845276e-01
1.436848938465118408e-01
1.371481940150260925e-01
1.745608896017074585e-01
1.238369308412075043e-01
1.689678952097892761e-01
1.450491994619369507e-01
1.352795660495758057e-01
1.506730765104293823e-01
1.363680362701416016e-01
1.462525129318237305e-01
1.570592671632766724e-01
1.400006264448165894e-01
1.434608176350593567e-01
1.499567180871963501e-01
1.431908681988716125e-01
1.484395563602447510e-01
1.487412378191947937e-01
1.408700197935104370e-01
1.420902982354164124e-01
1.563119888305664062e-01
1.431660354137420654e-01
1.387595087289810181e-01
1.504372730851173401e-01
1.450804322957992554e-01
1.423321738839149475e-01
1.494872272014617920e-01
1.360723897814750671e-01
1.562848836183547974e-01
1.512081697583198547e-01
1.517139673233032227e-01
1.645786762237548828e-01
1.629111021757125854e-01
1.520919874310493469e-01
1.453018486499786377e-01
1.490725055336952209e-01
1.439297273755073547e-01
1.482237726449966431e-01
1.489456146955490112e-01
1.442967504262924194e-01
1.506838351488113403e-01
1.416302397847175598e-01
1.493399664759635925e-01
1.502475813031196594e-01
1.387167796492576599e-01
1.484838500618934631e-01
1.448594108223915100e-01
1.426933109760284424e-01
1.499453112483024597e-01
1.456626877188682556e-01
1.453677788376808167e-01
1.377532482147216797e-01
1.527472734451293945e-01
1.348891779780387878e-01
1.460951119661331177e-01
1.478018239140510559e-01
1.403311640024185181e-01
1.484250053763389587e-01
1.391783654689788818e-01
1.476701796054840088e-01
1.444423422217369080e-01
1.429313942790031433e-01
1.408601626753807068e-01
1.449316442012786865e-01
1.536781713366508484e-01
1.409861445426940918e-01
1.521871760487556458e-01
1.471426561474800110e-01
1.459687575697898865e-01
1.511439532041549683e-01
1.377121210098266602e-01
1.509532630443572998e-01
1.489989012479782104e-01
1.465332061052322388e-01
1.450206264853477478e-01
1.497482508420944214e-01
1.483700200915336609e-01
1.454910263419151306e-01
1.438371837139129639e-01
1.369214504957199097e-01
1.579838320612907410e-01
1.404926031827926636e-01
1.386328712105751038e-01
1.550118476152420044e-01
1.381763219833374023e-01
1.479869186878204346e-01
1.475677043199539185e-01
1.467722058296203613e-01
1.463285163044929504e-01
1.414614319801330566e-01
1.456182748079299927e-01
1.408516615629196167e-01
1.490958556532859802e-01
1.489624902606010437e-01
1.501653343439102173e-01
1.431655064225196838e-01
1.513802409172058105e-01
1.381675750017166138e-01
1.497143059968948364e-01
1.589924544095993042e-01
1.393510177731513977e-01
1.473473682999610901e-01
1.411217376589775085e-01
1.423891037702560425e-01
1.408919319510459900e-01
1.497846841812133789e-01
1.411872133612632751e-01
1.465231254696846008e-01
1.475742012262344360e-01
1.408608108758926392e-01
1.478247418999671936e-01
1.358085647225379944e-01
1.415921077132225037e-01
1.472458764910697937e-01
1.424704715609550476e-01
1.405827328562736511e-01
1.451917290687561035e-01
1.453609019517898560e-01
1.430032625794410706e-01
1.373024210333824158e-01
1.438967734575271606e-01
1.484201624989509583e-01
1.438037306070327759e-01
1.409094706177711487e-01
1.445500180125236511e-01
1.443895548582077026e-01
1.437830179929733276e-01
1.460045725107192993e-01
1.490250453352928162e-01
1.440052911639213562e-01
1.471063271164894104e-01
1.447314172983169556e-01
1.466271877288818359e-01
1.450623720884323120e-01
1.392906755208969116e-01
1.456879898905754089e-01
1.444852575659751892e-01
1.442408710718154907e-01
1.451767683029174805e-01
1.410812661051750183e-01
1.423420011997222900e-01
1.444393843412399292e-01
1.407790556550025940e-01
1.434461176395416260e-01
1.473570466041564941e-01
1.467031463980674744e-01
1.412587463855743408e-01
1.477240025997161865e-01
1.448563486337661743e-01
1.478527113795280457e-01
1.428626701235771179e-01
1.461688131093978882e-01
1.411258727312088013e-01
1.552624404430389404e-01
1.403541266918182373e-01
1.454405635595321655e-01
1.395279541611671448e-01
1.491308212280273438e-01
1.451219618320465088e-01
1.448443606495857239e-01
1.468279808759689331e-01
1.459727808833122253e-01
1.385670602321624756e-01
1.412664949893951416e-01
1.502498760819435120e-01
1.552556008100509644e-01
1.418875232338905334e-01
1.543635427951812744e-01
1.499899104237556458e-01
1.437646374106407166e-01
1.422489956021308899e-01
1.440403535962104797e-01
1.493781730532646179e-01
1.380599662661552429e-01
1.460809186100959778e-01
1.423793435096740723e-01
1.437448039650917053e-01
1.461639702320098877e-01
1.438231617212295532e-01
1.448345258831977844e-01
1.425353884696960449e-01
1.481588780879974365e-01
1.419689804315567017e-01
1.507994309067726135e-01
1.393701806664466858e-01
1.506656408309936523e-01
1.476516425609588623e-01
1.476242169737815857e-01
1.416681855916976929e-01
1.462342292070388794e-01
1.510926485061645508e-01
1.442930549383163452e-01
1.437296718358993530e-01
1.423496156930923462e-01
1.445415765047073364e-01
1.387559920549392700e-01
1.483963131904602051e-01
1.367335766553878784e-01
1.437287777662277222e-01
1.376838311553001404e-01
1.451138108968734741e-01
1.384071409702301025e-01
1.423889100551605225e-01
1.465431824326515198e-01
1.513073146343231201e-01
1.358645483851432800e-01
1.448042243719100952e-01
1.443042308092117310e-01
1.451662182807922363e-01
1.479726284742355347e-01
1.387684121727943420e-01
1.439732760190963745e-01
1.398601233959197998e-01
1.418493017554283142e-01
1.433996185660362244e-01
1.393286511301994324e-01
1.435695514082908630e-01
1.445009857416152954e-01
1.436048299074172974e-01
1.401151046156883240e-01
1.397726982831954956e-01
1.410800367593765259e-01
1.430399566888809204e-01
1.466313228011131287e-01
1.411232650279998779e-01
1.377149671316146851e-01
1.425408720970153809e-01
1.463547870516777039e-01
1.403092816472053528e-01
1.465298831462860107e-01
1.426375508308410645e-01
1.418701186776161194e-01
1.431221961975097656e-01
1.456988826394081116e-01
1.414546146988868713e-01
1.467339172959327698e-01
1.393986046314239502e-01
1.447201371192932129e-01
1.446498930454254150e-01
1.459816694259643555e-01
1.450121104717254639e-01
1.421851664781570435e-01
1.427574008703231812e-01
1.403252556920051575e-01
1.406073942780494690e-01
1.419572308659553528e-01
1.465815380215644836e-01
1.466127708554267883e-01
1.395436376333236694e-01
1.473396420478820801e-01
1.436730250716209412e-01
1.396729350090026855e-01
1.418402791023254395e-01
1.511426940560340881e-01
1.421183347702026367e-01
1.407995149493217468e-01
1.446423232555389404e-01
1.408755704760551453e-01
1.384972631931304932e-01
1.412433162331581116e-01
1.438942104578018188e-01
1.427129358053207397e-01
1.435734778642654419e-01
1.434852182865142822e-01
1.472571194171905518e-01
1.457533836364746094e-01
1.439251899719238281e-01
1.450801640748977661e-01
1.465115174651145935e-01
1.421471536159515381e-01
1.431506723165512085e-01
1.472689285874366760e-01
1.452133879065513611e-01
1.419345885515213013e-01
1.416452378034591675e-01
1.442586779594421387e-01
1.415694206953048706e-01
1.441836804151535034e-01
1.448304727673530579e-01
1.443673744797706604e-01
1.425757855176925659e-01
1.413519680500030518e-01
1.380567550659179688e-01
1.408071070909500122e-01
1.448807790875434875e-01
1.410408243536949158e-01
1.441930308938026428e-01
1.446986421942710876e-01
1.462182030081748962e-01
1.403211057186126709e-01
1.472978517413139343e-01
1.402582451701164246e-01
1.417476013302803040e-01
1.391686052083969116e-01
1.428957805037498474e-01
1.405500471591949463e-01
1.432915553450584412e-01
1.369629427790641785e-01
1.467025578022003174e-01
1.407688483595848083e-01
1.454425826668739319e-01
1.428022086620330811e-01
1.431358009576797485e-01
1.443201452493667603e-01
1.403229907155036926e-01
1.521294936537742615e-01
1.419158801436424255e-01
1.470276340842247009e-01
1.389595270156860352e-01
1.425839886069297791e-01
1.440174430608749390e-01
1.432497873902320862e-01
1.475545018911361694e-01
1.473760977387428284e-01
1.440189182758331299e-01
1.402543634176254272e-01
1.405222117900848389e-01
1.427326798439025879e-01
1.445386260747909546e-01
1.393436715006828308e-01
1.430381238460540771e-01
1.420540064573287964e-01
1.472610235214233398e-01
1.423869952559471130e-01
1.449506729841232300e-01
1.407619714736938477e-01
1.426567584276199341e-01
1.463655605912208557e-01
1.454152464866638184e-01
1.386280283331871033e-01
1.461686044931411743e-01
1.445593088865280151e-01
1.424218788743019104e-01
1.426544263958930969e-01
1.461667641997337341e-01
1.443701535463333130e-01
1.403009295463562012e-01
1.403384432196617126e-01
1.431146711111068726e-01
1.455452889204025269e-01
1.411537826061248779e-01
1.450677886605262756e-01
1.463374346494674683e-01
1.403722539544105530e-01
1.420243978500366211e-01
1.427265629172325134e-01
1.431716904044151306e-01
1.417470127344131470e-01
1.459987089037895203e-01
1.384685188531875610e-01
1.430457681417465210e-01
1.439690142869949341e-01
1.437014713883399963e-01
1.460558399558067322e-01
1.479216516017913818e-01
1.422579437494277954e-01
1.462654620409011841e-01
1.461101472377777100e-01
1.435353830456733704e-01
1.434813365340232849e-01
1.386207342147827148e-01
1.411008387804031372e-01
1.460985243320465088e-01
1.439258158206939697e-01
1.441957354545593262e-01
1.375519409775733948e-01
1.413488015532493591e-01
1.432234570384025574e-01
1.426392793655395508e-01
1.431678682565689087e-01
1.460542157292366028e-01
1.423834785819053650e-01
1.403147950768470764e-01
1.394890248775482178e-01
1.408844217658042908e-01
1.436870768666267395e-01
1.430990323424339294e-01
1.435393765568733215e-01
1.425690799951553345e-01
1.417642831802368164e-01
1.388017386198043823e-01
1.437984481453895569e-01
1.430774480104446411e-01
1.441342234611511230e-01
1.443593055009841919e-01
1.428467035293579102e-01
1.458648294210433960e-01
1.426888704299926758e-01
1.392292678356170654e-01
1.416061818599700928e-01
1.431565880775451660e-01
1.416909992694854736e-01
1.423371434211730957e-01
1.435386314988136292e-01
1.412216573953628540e-01
1.461813002824783325e-01
1.445100605487823486e-01
1.454418897628784180e-01
1.479551717638969421e-01
1.427360996603965759e-01
1.435984000563621521e-01
1.433430910110473633e-01
1.407115012407302856e-01
1.461141556501388550e-01
1.445931643247604370e-01
1.407191678881645203e-01
