python .\fourier_1d.py
549569
0 2.8644214000000003 0.0005376825675632624 1007108699865.088 28144933936.64
1 1.2609290000000009 2.4102699737837963e-06 89402851192.832 37263607014.4
2 1.2595361999999994 6.168620121064783e-06 137186470539.264 14307863747.84
3 1.2629962 2.203420048046828e-06 90486709277.696 682990236.8
4 1.264175700000001 2.4430932355112844e-06 95089201790.976 2185520351.2
5 1.2647486000000008 1.6992481218558452e-06 76891493367.808 1935278998.56
6 1.2640231999999987 8.41036796570549e-06 186303478071.296 22987770567.68
7 1.265989300000001 2.082477150040312e-06 78539668851.712 2062788457.28
8 1.2890453000000015 2.0256156625285405e-06 83773474362.368 14555253406.72
9 1.2910104000000011 2.394652599850833e-06 90937577615.36 1660893343.04
10 1.2931880999999983 9.358609490242586e-07 58632361435.136 16063864606.72
11 1.2950266999999975 1.7037571503741856e-06 79262721687.552 1797499152.0
12 1.2920143000000017 8.326452894369396e-07 57085984624.64 1173856374.56
13 1.286841599999999 7.361625308144326e-07 57163084673.024 12570717871.36
14 1.289257499999998 1.2093947169061759e-06 68177861672.96 5362283738.88
15 1.2896671000000026 1.3776926996245109e-06 70911141265.408 5902987412.48
16 1.2733264999999996 1.3075363039560807e-06 67369349390.336 12980055019.52
17 1.2795641999999994 9.568046162372612e-07 59329958135.808 13077302958.08
18 1.2706869999999988 2.014238020144887e-06 92873725050.88 20252635392.0
19 1.2764321999999986 2.4993015572150057e-06 101609219219.456 17540215575.04
20 1.2842692999999983 1.2942536767102108e-06 73386568339.456 2640270149.12
21 1.2896651000000006 1.0532714831157364e-06 63393556955.136 378176188.64
22 1.2946510000000018 1.0666710352058573e-06 65400979750.912 5463284869.76
23 1.2907735000000002 7.826389788512245e-07 56979726647.296 8657733.268125
24 1.2824579999999983 2.0388978092801024e-06 85766563056.512 7732459970.56
25 1.284489199999996 1.6541231065797523e-06 83897980100.608 13118724572.16
26 1.3309132999999989 3.2224596638447468e-06 109645718141.44 11531814457.6
27 1.2740402999999958 9.96421430159572e-07 60244892487.68 4649741949.12
28 1.2859973000000053 1.0930851186774504e-06 62658485706.752 10507196392.96
29 1.2818432000000044 4.696970750382463e-07 43319489853.44 5040837249.28
30 1.2763404000000023 5.795810709818827e-07 44920224241.664 11353404701.44
31 1.2808564999999987 1.4526626189434454e-06 72302698170.368 3309296231.36
32 1.2916714999999996 1.6231697615642915e-06 79240341114.88 15331854058.24
33 1.270159899999996 5.357438548786453e-07 41760762880.0 6946020184.32
34 1.2822275999999988 5.071665804763648e-07 43121168207.872 1386312733.92
35 1.2970529999999982 8.003803214922875e-07 56532148817.92 4915118195.2
36 1.2854469000000037 5.742738242592305e-07 48186394750.976 7038679322.24
37 1.291520300000002 1.450694406199826e-06 78985104314.368 2852065729.92
38 1.2892190000000028 9.651772534875065e-07 57380674299.904 3745903468.8
39 1.2850948999999972 1.3239379493141212e-06 70391238880.256 5200014140.16
40 1.2763083999999978 1.6523762667275398e-06 79653178302.464 13650145660.16
41 1.2836477999999971 1.8316516815453098e-06 86933119836.16 2425158405.76
42 1.2794084000000012 5.323141826823336e-07 44133773023.232 6285329093.12
43 1.2828110999999964 6.818149410059426e-07 50571181917.184 1253264330.24
44 1.2862682999999961 4.6281736656800244e-07 41810313511.936 2903816798.4
45 1.28539889999999 4.971292932801075e-07 42277234470.912 2123287811.52
46 1.2998635999999948 1.5220360142176315e-07 25218734817.28 9411533333.76
47 1.313743500000001 9.414407080310383e-07 59373160865.792 1083625071.68
48 1.2964134999999999 3.271756222678057e-07 37366278002.176 2764543913.6
49 1.2950330000000037 1.9874423251931006e-06 90138047963.136 9492284028.16
50 1.2888391999999982 4.5157537506723687e-07 37049291212.8 7159600327.68
51 1.2896787999999901 2.3597953920595494e-07 28302071090.176 1685786058.24
52 1.277210199999999 5.168991623266673e-07 42910528899.072 4203069472.64
53 1.285415999999998 6.588860808197373e-08 15920501178.88 271904566.48
54 1.2810118000000017 1.7597817740269868e-07 25808912216.064 712384059.68
55 1.3081287000000117 2.197603756688704e-07 27138195254.272 3374802920.32
56 1.294727299999991 1.0313829174921074e-07 19682810546.176 6388757131.52
57 1.282792900000004 1.645723495613538e-07 26391132209.152 3069554184.32
58 1.2826009999999997 2.1818617189417468e-07 26959957880.832 1181336109.6
59 1.3295619000000016 1.555814321692415e-07 23108514801.92 3197254421.76
60 1.3103507999999948 2.5235738816187236e-07 30755857186.816 2247197496.32
61 1.3002658999999994 4.551457440066936e-08 11963308940.736 383237237.64
62 1.2835568999999936 1.8282696704452483e-07 21892668297.216 3813332109.12
63 1.2796681000000092 2.3165662019652109e-07 28329804616.448 2616731811.84
60 1.3103507999999948 2.5235738816187236e-07 30755857186.816 2247197496.32
61 1.3002658999999994 4.551457440066936e-08 11963308940.736 383237237.64
62 1.2835568999999936 1.8282696704452483e-07 21892668297.216 3813332109.12
63 1.2796681000000092 2.3165662019652109e-07 28329804616.448 2616731811.84
64 1.3272698999999903 2.57098170255432e-07 32326803900.416 1413229246.56
65 1.2930575000000033 1.579010587232383e-07 24540610099.712 101718361.06
66 1.286383200000003 1.536846817590254e-07 23996712145.92 3383072674.24
67 1.2771766000000042 2.2228172647853483e-07 28311571415.04 3080446125.12
68 1.269582100000008 2.557679749337627e-07 28508791413.76 2954414973.12
69 1.271290300000004 1.8082749680903286e-07 22409908221.952 549619766.64
70 1.294559300000003 1.92091039645792e-07 24344900165.632 3687538859.84
71 1.2768774000000036 4.493905269152554e-08 11743768016.384 2328109531.2
72 1.303280799999996 7.122150899104008e-08 15355705165.824 1555889052.48
73 1.2931971000000004 1.2174921087432235e-07 20884349982.72 906482732.64
74 1.288171300000002 1.0406048814505899e-07 19185697560.32 3005194196.8
75 1.3315886000000035 1.418785768814157e-07 23341728520.192 7954228262.4
76 1.2976462999999967 3.3920232309459646e-07 36531579750.912 3013540235.84
77 1.297729000000004 3.5810830469440445e-07 39237996220.416 4704975563.52
78 1.3130787000000055 1.6437382655171064e-07 22916647075.072 2990608484.48
79 1.2914031999999906 4.9050897366342826e-08 13465498186.752 470775223.68
80 1.2776941999999991 1.2860903854647333e-07 19449061220.608 8298406032.64
81 1.2901859999999914 2.3364498381578737e-07 28544919268.352 933522037.92
82 1.285238199999995 2.0896604546016828e-07 25946130407.424 2285611438.72
83 1.300106900000003 7.959038485383374e-08 16060077248.512 1905208459.04
84 1.2832149999999984 7.77443006887176e-08 16265956458.048 4175538234.88
85 1.30642730000001 9.468658546611663e-08 18973647718.4 2835010395.52
86 1.3009380999999962 3.5016188291497537e-07 33821979631.36 7379796820.48
87 1.2918961000000024 3.778501990327459e-07 35943437253.376 5840045964.16
88 1.268433900000005 1.0163725280790603e-07 17247029531.648 209873883.68
89 1.2682925999999952 1.2250760102389124e-07 19952390887.424 5160382667.52
90 1.2685364000000021 3.2347328947884836e-07 33660648538.112 2959247826.88
91 1.2892037999999957 2.5423983845085375e-07 30505973907.456 2540399421.44
92 1.3005640000000085 2.1460706611214908e-07 27766922472.448 957222372.32
93 1.3338289999999944 3.110847056331245e-07 32122411821.056 1309580360.8
94 1.2792966000000092 8.196625706330309e-08 17206626206.464 689365374.4
95 1.2683802999999898 1.1953553423964952e-07 20065347412.096 1341595777.28
96 1.2670254000000227 5.96866253808892e-08 14300382900.224 2879804140.8
97 1.2921296999999754 4.250066847324985e-07 42610997022.72 2007105106.88
98 1.2932709000000102 2.0588166962737243e-07 27879451618.304 174654382.4
99 1.2751025000000027 1.8589085771791857e-07 26291036600.32 1843089811.52
100 1.267989699999987 4.772070820210916e-08 12516343734.272 310121098.16
101 1.2669556999999827 2.30429535017819e-08 7774861052.544 1303745936.16
102 1.2738212999999803 4.49049104989975e-08 11371082821.12 1692939904.64
103 1.280398099999985 3.052731023425736e-08 9742371778.176 52703593.415
104 1.326496800000001 2.258617562068965e-08 8730134871.552 2346088807.04
105 1.279376400000018 4.333879253609618e-08 11895626857.984 1103914263.44
106 1.267529699999983 2.3113585810793924e-08 7779633516.032 1279487152.96
107 1.2865725000000054 1.5660436847905746e-07 24725845819.392 148282646.0
108 1.281950299999977 4.847474354849335e-08 12434473172.992 65527993.63
109 1.265748000000002 2.5431893085209322e-08 8581039484.928 1919804440.48
110 1.265727400000003 5.905340022555744e-08 13422166458.368 2899762771.2
111 1.2846878999999944 6.649421544435707e-08 16444561721.344 284427212.44
112 1.2730344000000002 3.0949585526421354e-08 9937320738.816 3112382.5928125
113 1.2902405000000101 2.6032004357343096e-08 8588823008.096 1898245441.28
114 1.2872669999999857 4.035661188087243e-08 10569909485.824 1769255328.64
115 1.2803704999999752 7.791565300251102e-08 16300673649.664 45560716.775
116 1.2783493000000021 3.658114434965109e-08 10922664747.008 1715425901.12
117 1.2725047000000131 8.282131908628198e-08 15825618520.0 859262668.48
118 1.293589499999996 3.247922958810728e-08 9846157036.544 697206404.32
119 1.2875008999999977 4.3194734592605365e-08 12695514023.936 1849079504.0
120 1.28363760000002 6.471039256106259e-08 15783379620.736 2900686331.2
121 1.301199600000018 8.193316466818118e-08 18265187827.2 1663159907.04
122 1.294805800000006 3.2182652362072736e-08 10147243205.632 2153375706.4
123 1.3003125999999838 7.481687943171333e-08 16182228817.408 2574314784.64
124 1.3512799000000086 6.825520879312139e-08 14470914795.008 1313826567.68
125 1.4372233999999935 1.1736726314772687e-07 20653704773.12 4433499139.84
126 1.4343858000000012 1.1355837808924019e-07 20088283574.272 673419517.44
127 1.4316187000000014 9.318261343574732e-08 17791481028.608 57998802.92
128 1.4268223999999918 6.327447333143165e-08 14478352160.768 3713075700.48
129 1.422456100000005 2.4138407210272384e-08 8475004397.568 1316112252.32
130 1.4428489000000013 2.293062873557489e-08 7553146003.584 1297279468.96
131 1.4293837999999823 4.120894220083216e-08 12724241494.528 2582779975.04
132 1.4275762000000043 2.590413091342614e-08 8494790599.68 88391059.72
133 1.4346093000000053 5.71168144834289e-08 13820660278.784 815295527.36
134 1.4381429999999966 1.373111935085592e-08 5340875214.848 42208490.825
135 1.4551659999999913 1.0017587412015916e-07 17824103533.312 2356798097.28
136 1.4589275000000157 2.9588169677338682e-08 9833565456.896 280873700.52
137 1.430102699999992 3.059472311443129e-08 9281936871.424 944974187.36
138 1.434569400000015 3.62430078144957e-08 11405353515.712 1342781637.44
139 1.4289316999999926 3.1402562001847656e-08 9822710514.688 481924369.0
140 1.4388774999999896 2.3647764772621872e-08 8575994405.888 2596570086.4
141 1.427750799999984 1.9707756044523094e-08 7078235765.632 335257423.48
142 1.4279889000000026 5.106758089613167e-08 12906320294.4 495976113.28
143 1.4281092999999885 3.7449228028540656e-08 10261257420.608 1747705642.88
144 1.4294470000000103 8.655579766272958e-08 16973390534.656 439453320.24
145 1.419371500000011 5.193757889373346e-08 13079245621.76 1257206099.28
146 1.42289439999999 6.682116106437874e-08 15417322219.52 3716082030.08
147 1.4182733000000098 1.1691657783217956e-07 20015380909.056 2413542090.56
148 1.4254637999999886 4.180295563822878e-08 12325726314.496 3469621940.48
149 1.4213439000000108 1.4930304621595113e-07 23821368448.0 245660050.76
150 1.4191146000000003 1.4905846559831738e-08 6545438248.96 605657314.16
151 1.4199926000000005 1.3779881490177947e-08 5812016124.416 223202677.08
152 1.4201903000000016 1.0807031126483816e-08 4671886080.256 544534302.48
153 1.417474000000027 1.864114068861637e-08 7621435323.264 827322703.52
154 1.4255861000000039 1.0108789724680173e-08 4153617613.056 473771524.08
155 1.424351999999999 1.4297780750588667e-08 6029225842.56 596584355.92
156 1.4153932000000111 1.1255997667971131e-08 4684037876.672 354332229.8
157 1.4197495999999887 1.3796023413462089e-08 5630800331.264 762385787.36
158 1.4260254000000145 1.3488542012496385e-08 5725268428.8 289205068.64
159 1.4238566999999875 1.9306129867349697e-08 7252241811.712 581568079.12
160 1.4227627999999868 1.7751549940270285e-08 6775385641.216 260783269.78
161 1.421994699999999 1.2208925744567472e-08 4817293935.52 366186050.32
162 1.4254377000000034 1.6790356999417196e-08 6110047465.916 95593667.76
163 1.4367976000000056 1.5810066882199213e-08 6061766199.296 207533983.96
164 1.427941699999991 3.887116501573307e-08 10907345996.288 1082114752.72
165 1.460684399999991 1.2358287702423048e-08 5175763340.736 270169152.16
166 1.4366558000000111 1.5759418432979843e-08 5801942626.816 276914824.16
167 1.4296146000000078 1.118433737595792e-08 4770066179.072 293485436.78
168 1.436250699999988 1.5323077158443944e-08 6075181612.16 493233172.0
169 1.4258964999999932 1.2130636619167925e-08 4811789680.704 4703882.7671875
170 1.4777684999999963 1.1850460917804131e-08 4977721982.848 773525551.68
171 1.4316773000000182 2.8429544410646725e-08 9835444660.224 81061041.72
172 1.439454799999993 2.7427383593164184e-08 9421798919.168 426513270.4
173 1.4277181000000212 1.8855029429165616e-08 7457402800.128 815690223.36
174 1.4286089999999945 1.5933180072189024e-08 6957997943.808 1238296377.52
175 1.437662099999983 1.4176758589643652e-08 5985177850.88 281152500.68
176 1.428609999999992 1.418871421063339e-08 5925294289.92 406092298.28
177 1.4300843999999984 1.3173879937520639e-08 5282193424.768 534283913.2
178 1.4317541000000062 2.2677069153155886e-08 7550928848.512 1950057405.76
179 1.4540018999999802 1.8523303188464623e-08 7016229618.816 466714097.68
180 1.4402158999999983 9.921439779574612e-09 3813513409.964 177771743.24
181 1.4568663999999956 1.0087324866791007e-08 4417011673.728 234781786.82
182 1.437429399999985 2.2235022527555076e-08 8101010111.36 16190257.6425
183 1.47514529999998 1.6312478002796143e-08 6169482557.424 660924567.52
184 1.42864449999999 9.404287632075025e-09 4028066244.736 728590701.68
185 1.422029600000002 8.784339258242555e-09 3632912745.472 1006407882.56
186 1.4157852000000162 1.2178536647136509e-08 4823767996.032 858396987.04
187 1.4189114999999788 3.018999906177419e-08 10116893735.424 88049667.53
188 1.4191152000000216 1.4099593415952717e-08 5638338404.864 489213375.8
189 1.424092499999972 1.7457020357776465e-08 6367243782.144 522498522.72
190 1.425155899999993 1.4693275641845805e-08 5294117651.712 677323039.68
191 1.4240063999999961 1.097795113825129e-08 4499199531.328 40276018.44
192 1.4209847000000195 1.0030713449181092e-08 4126299761.664 854960243.36
193 1.4278590000000122 2.4742435189711866e-08 8861969705.472 1475626388.48
194 1.4249169999999935 1.339634742998988e-08 5336010980.096 561655880.92
195 1.4297475999999847 1.4305998356023767e-08 5677445291.776 137954345.28
196 1.4292045999999914 1.756574082721141e-08 6727325409.536 1293126985.6
197 1.4640173000000232 2.5720599860883098e-08 9260650463.232 179115790.68
198 1.42560450000002 9.69443291019259e-09 3763920176.896 1028571499.12
199 1.4230665000000045 2.5036520354790487e-08 9061562478.336 1682011320.32
200 1.427760400000011 1.8543803760127235e-08 7367019249.664 420430400.44
201 1.4148133999999573 6.3957980619977485e-09 2009014513.92 38877407.475
202 1.4233467000000246 1.0733486613060115e-08 4867773438.56 118882338.92
203 1.4272106000000235 1.1666203795458393e-08 4940441852.768 700285997.76
204 1.424376699999982 9.860339266628236e-09 4064708230.144 81334015.14
205 1.4226857999999538 8.182358638515394e-09 3032190741.76 454744831.64
206 1.42106560000002 8.541060310131819e-09 3378733408.768 6957467.41625
207 1.4232056999999827 8.188816142664853e-09 2977165441.536 785329107.36
208 1.4253594999999564 1.2022184430540705e-08 5602566274.048 868464101.84
209 1.4200404000000049 8.431751781041987e-09 3344250178.448 163419310.2
210 1.4249776999999995 6.9455183738361334e-09 2374600132.032 128156131.74
211 1.4243324999999913 8.529442793196382e-09 3590640278.528 217059434.24
212 1.426444800000013 1.2626749539492062e-08 5492152769.536 599030063.16
213 1.422170000000051 1.012714050237229e-08 4108129538.176 718302551.36
214 1.424105700000041 9.703328833999755e-09 4218055830.016 341261458.92
215 1.4240945999999894 1.1691043759944758e-08 4987625605.888 188552829.36
216 1.4265206000000035 8.087699474232379e-09 3320504361.728 5264100.116875
217 1.4257965999999556 7.208164165875531e-09 2347894901.636 653612854.4
218 1.4190448999999603 1.4576521288559713e-08 6197852057.088 990566583.04
219 1.4249402000000373 8.59359043647867e-09 3304644899.84 212651543.04
220 1.4217241999999715 6.9583530813368965e-09 2259783609.952 60830038.58
221 1.427606800000035 1.1069648385886484e-08 4637104040.96 1305496059.84
222 1.427276500000005 1.4755589146583925e-08 6399745312.768 267659832.12
223 1.4230572999999822 8.09906718690634e-09 3200344605.28 920621663.92
224 1.4287150999999767 8.581070012987288e-09 3554030345.984 430177739.68
225 1.4228256000000101 1.0709328536195884e-08 4538369570.816 532932465.8
226 1.4236448999999993 1.0744769158473055e-08 4592411917.952 244181707.06
227 1.4257159000000001 5.920489290975328e-09 1478894908.416 307388605.46
228 1.422453599999983 9.02932807331485e-09 3744373718.4 1298682121.6
229 1.4262539999999717 1.1667878652512655e-08 4995219058.048 299988872.64
230 1.4215171000000169 6.788962951904606e-09 2325337676.288 237029887.08
231 1.426910200000009 6.2358421052899024e-09 1843684865.408 184360765.52
232 1.4258946000000492 8.442080982051792e-09 3303315648.896 249429601.82
233 1.4254975999999715 8.840342384458868e-09 3610053475.584 572197996.56
234 1.4251574999999548 6.5981536135836795e-09 2094433856.512 248788723.56
235 1.4287754000000064 7.036847951661935e-09 2310227843.968 14900102.47375
236 1.4241542999999979 7.151594934082088e-09 2574834386.752 485310827.44
237 1.4265912999999841 8.689951685510871e-09 3825088230.144 70234447.25
238 1.4264697999999498 6.7982342217415285e-09 2343632031.424 166801200.2
239 1.4261022000000025 6.6908657081384815e-09 2114309701.792 48970734.52
240 1.4283702999999832 7.655209245589636e-09 2836663581.24 880037524.0
241 1.4239183000000253 9.91275714928852e-09 4337486457.664 1023201443.68
242 1.4249745999999845 7.538555943271963e-09 2613133031.936 224327452.16
243 1.4262810999999829 6.796120658588279e-09 2150986928.096 132233583.27
244 1.424041499999987 9.919708137545725e-09 4295014824.96 386112848.32
245 1.4251360999999747 8.611583188619307e-09 3374697882.368 268423813.56
246 1.421676199999979 6.10787491105131e-09 1576982791.04 261589435.08
247 1.4230086999999685 7.108184893970387e-09 2532478587.904 191586022.88
248 1.426228100000003 8.475955624679137e-09 3385118151.68 589316602.24
249 1.428085699999997 9.936174723008517e-09 4140882030.976 158594581.75
250 1.4243066000000226 7.203074841709983e-09 2790241372.672 714728259.92
251 1.4561284000000114 6.148327140220122e-09 1614955407.856 25074783.655
252 1.4280135999999857 6.91874418123125e-09 2356602474.432 418496713.2
253 1.4285806999999977 5.921069745752454e-09 1530830667.52 81858737.75
254 1.4245984000000362 6.071827326610977e-09 1724969218.24 301994817.88
255 1.4160024000000249 5.736275229435705e-09 1196116002.816 74422494.38
256 1.4210600000000113 5.591839588444606e-09 893917009.344 33887955.455
257 1.4261339000000248 6.111225067640357e-09 1603778851.072 172502086.42
258 1.425335500000017 5.743671234476377e-09 1209983395.776 168277654.7
259 1.4244817000000012 5.768406758617853e-09 1192883508.608 94836018.78
260 1.4261295000000018 6.423654230821728e-09 1776200055.808 114821138.38
261 1.4206690000000322 5.815858379282107e-09 1313541925.76 95792392.76
262 1.4257001999999943 5.9978387701360635e-09 1496100655.912 434624887.2
263 1.4270156000000043 5.922151191080707e-09 1170426699.364 26329679.535
264 1.4271212999999534 6.2446487220774435e-09 1834675940.864 420510145.36
265 1.4266642999999704 6.414263915670293e-09 2051353889.792 215853983.6
266 1.4275226999999973 5.889723567626412e-09 1409926328.832 106978884.54
267 1.4277093999999693 6.647149013906282e-09 2167805636.992 158769070.29
268 1.4236228000000324 5.670209478735727e-09 1058886438.656 73474884.405
269 1.4228640000000041 6.527188690899806e-09 2082463892.48 412457397.76
270 1.4264283999999634 7.849409245453314e-09 2879019068.768 220382681.18
271 1.4265800000000013 6.161217129295124e-09 1808455074.44 375250804.4
272 1.424927299999979 7.100863252306128e-09 2530431270.272 125139775.36
273 1.4242525000000228 6.508028981192028e-09 1841975569.488 269381456.36
274 1.422716600000001 5.631993028289888e-09 996541897.024 47208614.82
275 1.421592099999998 5.777570892315046e-09 1233752440.736 187956309.32
276 1.4240656000000058 6.02750649912609e-09 1562355660.48 477613035.32
277 1.4251137999999628 6.6705109521871245e-09 2273437550.72 421201988.88
278 1.4199072000000115 6.051909179514633e-09 1487900423.296 57132948.135
279 1.4215315000000146 5.736864084770811e-09 1129199189.184 62496300.76
280 1.4241614000000027 5.880431592404323e-09 1394294886.776 54684621.245
281 1.422491100000002 6.959323957597685e-09 2534220819.888 184639183.32
282 1.4212413000000197 5.7326101387060165e-09 1078911938.048 183309495.96
283 1.424691800000005 6.000691445597756e-09 1613777123.584 95792786.42
284 1.4242287000000147 5.582553453756527e-09 908910538.816 204189904.4
285 1.424032000000011 5.744086792210305e-09 1156605079.2 2754061.558125
286 1.423310200000003 6.889612643437223e-09 2436911443.712 392413546.24
287 1.4281237000000147 6.166749411708194e-09 1751901799.936 261446952.9
288 1.4232635999999843 6.050326668270191e-09 1496604989.696 112635319.02
289 1.4262274999999818 6.4344159087653676e-09 2092436544.896 365986556.4
290 1.424609499999974 6.05746732269645e-09 1668913278.208 188316806.92
291 1.4260947999999871 5.970247463978236e-09 1524622956.544 45904782.79
292 1.4301525000000197 7.118583491036272e-09 2675260207.872 334628938.8
293 1.4299402999999984 6.105081747506886e-09 1574363411.136 96155854.5
294 1.4285820999999714 6.276168069271546e-09 1721512693.984 17239084.9025
295 1.431251799999984 6.0835111029473344e-09 1553497444.608 167988249.68
296 1.4293415999999866 5.889854988625713e-09 1414675337.536 65243383.86
297 1.434892399999967 5.816142369847749e-09 1200064806.272 155030991.34
298 1.4345260000000053 6.879840715143959e-09 2346449368.768 73292284.91
299 1.431233700000007 5.573121814589536e-09 906804367.264 75585244.03
300 1.4339701000000105 5.436693569559688e-09 450162010.56 43751729.735
301 1.4330451000000153 5.425595785942048e-09 396774315.536 40030653.28
302 1.4318527000000358 5.569389788547116e-09 835745174.144 223895092.12
303 1.4315086999999949 5.578944531660357e-09 903765979.904 108009284.3
304 1.4307402000000025 5.554223538346831e-09 822150132.608 15189831.05125
305 1.432755400000019 5.4886268599540265e-09 656797623.552 36991028.165
306 1.429594599999973 5.484036740601166e-09 653645006.848 29718432.13
307 1.4329557000000364 5.476717653747179e-09 574273110.048 137350288.34
308 1.4341618999999923 5.586742066428837e-09 933268733.824 39210603.745
309 1.434330100000011 5.614982301522815e-09 977240786.048 160394798.04
310 1.4314878999999792 5.460771186191395e-09 500552263.84 133563278.62
311 1.4352427000000034 5.510597169290492e-09 647630965.088 150333273.06
312 1.4282326999999668 5.5742993956698885e-09 826654221.184 28625705.835
313 1.4315422999999896 5.54661159171731e-09 744771350.016 102168546.57
314 1.429012699999987 5.487862418829286e-09 636845200.176 53833172.26
315 1.4332824999999616 5.478103149683433e-09 577142639.008 69224643.85
316 1.4299419999999827 5.47244433718512e-09 573782625.088 29049642.845
317 1.4356187000000205 5.565975943101295e-09 762897571.968 20387937.42
318 1.4300324999999816 5.4748792306288096e-09 533019461.234 74746571.64
319 1.4361630999999875 5.665745349619651e-09 1064098494.272 37306411.4175
320 1.4351363999999762 5.5534253415477826e-09 694888810.368 11955735.57
321 1.434128200000032 5.54681865289812e-09 713029314.048 78228107.28
322 1.4365695000000187 5.564136195517757e-09 859472416.256 107718733.26
323 1.4300010000000043 5.642376529567655e-09 1033774962.816 45986030.49
324 1.4357537000000207 5.609490396976669e-09 915751399.168 20677822.2175
325 1.4334649999999556 5.506004500832337e-09 690487033.648 101525478.43
326 1.4334101000000032 5.473973083752711e-09 545099108.196 40252794.245
327 1.429340599999989 5.654816945880854e-09 1047697973.376 154707100.78
328 1.4341653000000179 5.59765446891993e-09 878472533.696 19713148.085
329 1.4339984999999729 5.490849957259744e-09 628616922.592 178039211.3
330 1.4325693000000115 5.602588770049105e-09 878016518.784 81055125.39
331 1.4314535999999976 5.583061457200525e-09 867103699.008 60829028.69
332 1.432547100000022 5.4402725937582434e-09 428032650.032 25109205.32
333 1.4343159000000014 5.487129168566885e-09 629443270.016 53050111.23
334 1.4371074000000021 5.420608400826286e-09 343237914.729 21268445.585
335 1.4331506999999988 5.679058034496373e-09 1134710347.008 188523636.54
336 1.4328524000000016 5.581460608633862e-09 858334725.76 24351683.4575
337 1.433653599999957 5.498513958310448e-09 676044692.17 62830598.78
338 1.4320508999999788 5.552468587656271e-09 801844186.308 141249786.18
339 1.4353274999999712 5.562481276478358e-09 771297029.696 27537092.625
340 1.4355879999999956 5.54647602541954e-09 811040830.688 31853628.0725
341 1.434116299999971 5.467277055319869e-09 568491663.104 1179336.18625
342 1.4349752999999623 5.5121165723023385e-09 692695226.176 21190873.735
343 1.435241700000006 5.425616966260832e-09 435019670.272 22856153.7325
344 1.431449299999997 5.44945042914008e-09 488794303.628 1127129.059375
345 1.4331252000000063 5.513528691999298e-09 720956624.96 98021647.2
346 1.434117399999991 5.671415883353858e-09 1103307104.64 144821000.6
347 1.4334519000000228 5.5294587393111035e-09 692773018.384 22538764.63
348 1.4344080999999846 5.646839341209159e-09 1041840832.032 113558391.38
349 1.4307650999999737 5.45807333013568e-09 514376232.64 135453160.71
350 1.4337593999999854 5.445350550478381e-09 479958417.408 26614881.9925
351 1.4327650000000176 5.421576760724711e-09 386072889.536 43020550.63
352 1.4328069000000028 5.489807367448898e-09 643499963.68 21589130.425
353 1.4296403000000169 5.437485739252737e-09 427731136.736 28263147.3025
354 1.4345632000000137 5.397959941842583e-09 241798880.688 28529548.425
355 1.4352860999999848 5.438150767856585e-09 425113824.864 28973312.245
356 1.43284460000001 5.420341280645534e-09 337810105.936 78076920.12
357 1.4328393999999776 5.409882566071525e-09 345482444.44 16589592.3125
358 1.4330575999999837 5.40072261912862e-09 244671287.096 33506134.955
359 1.434105700000032 5.4671691222437366e-09 565558723.552 71577023.05
360 1.4297884000000067 5.412675875236615e-09 344587947.355 4457435.639375
361 1.4317334000000415 5.41907612264491e-09 359640345.312 74123004.79
362 1.4309837999999786 5.422282930499331e-09 376749080.128 113685920.32
363 1.4286100999999576 5.419591442495792e-09 373432417.312 26042321.9
364 1.434070599999984 5.4114126198858426e-09 320139564.78 25416911.535
365 1.432414300000005 5.403322596089235e-09 301864155.584 45370614.51
366 1.4327673000000232 5.417915272831097e-09 378821399.68 22667729.86
367 1.432654800000023 5.480852884737749e-09 547150949.812 116940522.49
368 1.4475910999999542 5.431344450556728e-09 396393959.24 24028819.98
369 1.4303898999999092 5.409250215427008e-09 348756740.688 3946218.2528125
370 1.4374101000000792 5.4954252990503186e-09 662058246.08 57145801.495
371 1.4345256999999947 5.415490069930046e-09 384199616.832 31233194.615
372 1.4306254000000536 5.450080692101042e-09 457390991.472 47773935.005
373 1.4346437999998898 5.419236515575757e-09 390227624.104 49402706.59
374 1.4338211000000456 5.440992728234146e-09 461892832.576 3402301.15125
375 1.4324991000000864 5.410224541740524e-09 272595319.2 81199239.37
376 1.4259981000000153 5.492516321260223e-09 614355277.312 5668479.438125
377 1.4263586999999234 5.4117792686741994e-09 339706118.528 10699193.665
378 1.4180648000000247 5.412230973898395e-09 311572975.424 11501654.12625
379 1.423833699999932 5.437164363555246e-09 410493763.664 59506605.52
380 1.4234384999999747 5.421821993515847e-09 338485688.672 11619277.03
381 1.4220766999999341 5.412714413673017e-09 315882763.408 26100084.635
382 1.4230708999999706 5.433615484040673e-09 452534352.992 55729426.3
383 1.4214368000000377 5.406241691360651e-09 275179438.88 99681018.64
384 1.4199989999999616 5.438506260782127e-09 449970370.65 21999894.3975
385 1.4226235999999517 5.4011484960629785e-09 268730341.888 47446637.71
386 1.4222453999999516 5.488560969783645e-09 677318035.36 156078966.21
387 1.42094330000009 5.468954213690548e-09 588575382.08 67923239.42
388 1.423887900000068 5.430419373426618e-09 467171006.44 33336481.22
389 1.4213183000000527 5.443473669912777e-09 482425004.544 43508933.43
390 1.4244506999999658 5.430231522034292e-09 398527449.784 1370382.81609375
391 1.4229945999999245 5.41332624804514e-09 306437102.694 4164498.95875
392 1.4234500000000025 5.430017868902817e-09 383831444.8 16746461.4375
393 1.422202699999957 5.408837951277309e-09 296625827.392 58102226.65
394 1.4213529999999537 5.4456566253216704e-09 493459093.392 13284023.885
395 1.4227399000000105 5.42262092061049e-09 394297955.712 19242186.6625
396 1.4261093000000074 5.40131009233418e-09 290776335.928 4545430.31125
397 1.4193296000000828 5.400544339257557e-09 221465332.128 3500710.075
398 1.423395100000107 5.40412130406606e-09 310581347.232 90258370.02
399 1.4183302999999796 5.442007711478684e-09 448313913.304 51758918.73
400 1.4225956000000224 5.3919166124704304e-09 175206242.0 54662515.495
401 1.4232243000000153 5.394432478190404e-09 192091918.288 10614345.855
402 1.4237613000000238 5.3919564510114845e-09 144310186.16 21387091.6175
403 1.4231866999999738 5.401463314718335e-09 248528380.64 3805388.5159375
404 1.422450900000058 5.40070536478261e-09 186364857.664 32945243.255
405 1.4217661000000135 5.3924120325514044e-09 161703455.584 17949283.43625
406 1.423036199999956 5.392299096485099e-09 144502343.952 1366045.85046875
407 1.420560900000055 5.400866487679373e-09 245746026.584 4963488.2765625
408 1.4241432000000032 5.3941051289893095e-09 166746153.272 61940910.17
409 1.421331699999996 5.404157171447671e-09 287628302.072 6056670.0325
410 1.4229214999999158 5.4089449583276066e-09 314228147.456 8358260.164375
411 1.423454300000003 5.393376657126679e-09 142442420.224 19053864.9
412 1.4227401000000555 5.395256791678008e-09 211912592.672 50226312.37
413 1.4266476000000239 5.405876674317037e-09 332406134.992 10076294.17
414 1.4233775999999807 5.402572852110515e-09 252539635.52 16783775.425
415 1.422957199999928 5.393924575507649e-09 196684992.059 44099398.26
416 1.4235628000000133 5.393367446962786e-09 140570892.374 23630194.895
417 1.4228539000000637 5.389977782292708e-09 115785158.696 7761993.559375
418 1.426329399999986 5.4082338614372274e-09 253194584.134 23706598.855
419 1.4243437000000085 5.397198833527743e-09 216207658.368 34947387.475
420 1.422388700000056 5.391004345599906e-09 145127818.656 190613.509375
421 1.4233610999999655 5.394796082036046e-09 168561390.276 27021407.325
422 1.4251170000000002 5.39251302927279e-09 159960744.584 5960970.638125
423 1.4226463999999623 5.389041210218755e-09 122181832.648 3031452.48
424 1.424233500000014 5.395756579447399e-09 197520987.408 71833582.335
425 1.4249629999999343 5.408948916164151e-09 301703961.632 48180256.98
426 1.420445500000028 5.426272397256767e-09 422753283.072 4811472.9953125
427 1.420480399999974 5.392889644919042e-09 162433080.948 54664816.32
428 1.4219587999999703 5.393583125010452e-09 163766839.704 20063506.375
429 1.4245211999999583 5.39498681231823e-09 202351154.304 29460920.525
430 1.4254005000000234 5.392555072640987e-09 164252620.832 16947662.86
431 1.423675000000003 5.398151114138661e-09 165395306.91 39734969.4975
432 1.4237150999999812 5.387182667182522e-09 101031265.908 17479799.44125
433 1.425179500000013 5.391813759929155e-09 174100481.984 28340017.065
434 1.42512499999998 5.392398127989823e-09 168760988.192 25631326.8575
435 1.4245674000000008 5.395047336074554e-09 188497953.64 6771675.4575
436 1.4248572000000195 5.393825059039503e-09 171452035.96 15489086.955
437 1.4261619999999766 5.401405690553538e-09 272124569.968 28835230.8675
438 1.4221360000000232 5.3932266980055205e-09 169493164.176 23160960.4875
439 1.4242801999999983 5.401199306483302e-09 233493423.296 16954194.4175
440 1.423557800000026 5.393727756615102e-09 201144999.82 63778065.02
441 1.425060599999938 5.4049493573128555e-09 238070373.728 3474314.42
442 1.4215372999999545 5.390051468811126e-09 130547301.832 34263065.925
443 1.4231346000000258 5.393850557689119e-09 171697783.224 5560689.55875
444 1.4199333000000252 5.395144529690599e-09 190096022.28 26209188.2525
445 1.4204118000000108 5.394682271339512e-09 230149036.352 10409149.645
446 1.4220625000000382 5.388300437474808e-09 124166795.616 6208847.38125
447 1.4229613999999629 5.389448544775838e-09 111994031.12 30360619.43
448 1.4211814000000231 5.391949930594657e-09 139073457.488 17918397.87625
449 1.4223994999999832 5.397067475798075e-09 201192856.749 19891989.305
450 1.4242987000000085 5.390844070807427e-09 118983584.232 3408777.526875
451 1.4215861999999788 5.389005878934242e-09 130358462.488 5917636.953125
452 1.4187522000000854 5.387195027049464e-09 53743242.964 15137773.4275
453 1.4211308000000145 5.389348628212981e-09 107148059.615 12413831.3825
454 1.422477400000048 5.387760277859841e-09 94906674.991 6885035.0625
455 1.421843699999954 5.389375025886664e-09 90006652.276 7384330.09375
456 1.4239820000000236 5.389720734116572e-09 137765864.8 15576800.3475
457 1.4229499000000487 5.3885133746428584e-09 129820489.312 8054199.3825
458 1.4217606000000842 5.3868003607297995e-09 77955312.018 20156723.8025
459 1.422395300000062 5.387870666527788e-09 90146549.248 1183813.3346875
460 1.4224657999999408 5.385727501425176e-09 51301283.202 10385969.10375
461 1.4199432000000343 5.392302964689888e-09 150968337.544 30933696.425
462 1.4252966999999899 5.387583270363114e-09 80215976.888 6981214.745
463 1.4241491000000224 5.38723401220014e-09 70582290.342 83159.49583007813
464 1.4270740999999134 5.3875398830503626e-09 87203904.92 17779083.62
465 1.428333500000008 5.386721459056863e-09 65279922.944 9477920.97625
466 1.423866299999986 5.388300563621676e-09 98009324.608 2206612.06265625
467 1.4254022000000077 5.389273128480521e-09 93153243.472 21713546.865
468 1.4238196999999673 5.387006804471789e-09 80022142.768 934855.570078125
469 1.423535300000026 5.39566847422475e-09 192103514.24 13648890.12
470 1.422993799999972 5.390909485415643e-09 151033277.856 747514.171484375
471 1.4193750000000591 5.385237731111604e-09 65079398.425 5065485.4575
472 1.4238587999999481 5.387727306276301e-09 82710692.752 7454094.55375
473 1.4229852000000847 5.386473442900707e-09 112204159.856 29862641.9575
474 1.4201774000000569 5.390969303014753e-09 173247448.992 25106357.9075
475 1.424710799999957 5.388402798462299e-09 101943467.552 3192227.888125
476 1.4218947000000526 5.3877713968102e-09 76356377.916 21542136.69
477 1.4207488999999214 5.38644557262374e-09 73915028.692 10708274.7375
478 1.4233604000000923 5.3884705618463524e-09 104553976.344 8773301.57875
479 1.4256218000000445 5.385946766192785e-09 58709350.44 19020637.805
480 1.4232001999999966 5.395687472977593e-09 187168746.242 10592250.1775
481 1.4233801999999969 5.386235370190638e-09 100460956.938 5033007.215625
482 1.4226664999999912 5.387581821176788e-09 90555944.412 5924032.350625
483 1.4200119999999288 5.389176162348699e-09 123455905.168 23414663.01
484 1.420136599999978 5.390693525792195e-09 155526144.968 22551626.6775
485 1.4250915999999734 5.386720109837122e-09 130388497.008 13204745.9925
486 1.4216109000000188 5.387443275773267e-09 126968223.4 10751401.01875
487 1.4233242999999902 5.385908891971171e-09 79451817.777 4347744.35875
488 1.4213959999999588 5.393412962515331e-09 166716715.088 14423560.54375
489 1.4248217000000523 5.389193010349541e-09 131478913.216 4803299.69
490 1.4196918999999752 5.391734988195518e-09 133074088.192 6246836.80875
491 1.4481182000000672 5.390176439010931e-09 139229354.848 3185779.59375
492 1.4252956000000268 5.388929292073979e-09 76666668.496 10626956.03
493 1.4218716000000313 5.388532246600419e-09 115521027.472 1683920.38625
494 1.422771799999964 5.387250609330545e-09 78529221.591 671276.518671875
495 1.4246001000000206 5.3875192735848935e-09 98929042.86 1012032.269921875
496 1.4239403000000266 5.387247809958017e-09 103037261.948 7937024.92
497 1.4216877999999724 5.3873554035517296e-09 77889093.688 10062829.8
498 1.4247884000000113 5.389973431467077e-09 102379943.752 12227932.79
499 1.4231799000000365 5.3882631128050184e-09 141914714.336 14371420.1275
0 30838.05859375
1 34712.44921875
2 40289.90234375
3 38307.08984375
4 45240.2734375
5 49549.78125
6 48225.375
7 58925.4453125
8 60513.41015625
9 61672.8984375
10 75995.9140625
11 73979.75
12 80120.21875
13 96219.53125
14 91296.3359375
15 105362.2890625
16 119311.40625
17 114529.359375
18 139050.828125
19 145833.828125
20 146683.625
21 181626.078125
22 177918.328125
23 191883.203125
24 231569.8125
25 219569.84375
26 255030.859375
27 287126.96875
28 276938.4375
29 339782.84375
30 350104.0625
31 358834.4375
32 444463.78125
33 427849.8125
34 476716.75
35 561589.8125
36 533289.75
37 641754.125
38 688634.6875
39 685635.625
40 854818.0
41 838375.1875
42 910487.875
43 1096754.25
44 1038347.5
45 1234205.875
46 1351170.25
47 1330771.5
48 1662101.5
49 1642361.75
50 1773078.125
51 2149324.75
52 2033753.375
53 2422974.5
54 2648697.75
55 2618578.75
56 3278619.0
57 3213873.0
58 3519925.75
59 4221109.5
60 3999046.0
61 4853099.5
62 5178974.5
63 5224853.5
64 6552665.5
65 6306276.0
66 7137160.5
67 8285076.5
68 7944566.5
69 9879851.0
70 10057283.0
71 10606811.0
72 13117888.0
73 12409320.0
74 14767832.0
75 16211020.0
76 16098555.0
77 20192030.0
78 19542288.0
79 22010202.0
80 25543966.0
81 24526532.0
82 30791654.0
83 31143988.0
84 33129904.0
85 40579036.0
86 38501944.0
87 45720908.0
88 47670828.0
89 49192824.0
90 60367944.0
91 57417900.0
92 67403400.0
93 74711928.0
94 73063816.0
95 87043968.0
96 85233520.0
97 93770784.0
98 101449680.0
99 100650176.0