9.140695190429687145e+00
9.116801452636718039e+00
9.205211067199707387e+00
9.045185756683348899e+00
8.948845911026001687e+00
8.962366962432861683e+00
8.892356586456298118e+00
8.884529590606689453e+00
8.874356460571288352e+00
8.858083677291869407e+00
8.847303104400634055e+00
8.803107929229735618e+00
8.794929969310761209e+00
8.776065921783446910e+00
8.749742603302001598e+00
8.744131207466125488e+00
8.673555612564086914e+00
8.691870403289794211e+00
8.663615953922271018e+00
8.657821846008300071e+00
8.628861999511718395e+00
8.612824249267578836e+00
8.592563033103942871e+00
8.602589231729506736e+00
8.622283315658568981e+00
8.608298864960669761e+00
8.605272340774536843e+00
8.609924602508545632e+00
8.590468490123749135e+00
8.586741161346434836e+00
8.573939609527588601e+00
8.574042785167694802e+00
8.579796028137206321e+00
8.557889118790626526e+00
8.548445349931716564e+00
8.532864856719971414e+00
8.531268566846847534e+00
8.527688759565354104e+00
8.530243635177612305e+00
8.521127796173095348e+00
8.529504060745239258e+00
8.490970277786255238e+00
8.524326801300048828e+00
8.517541837692260032e+00
8.488901090621947532e+00
8.464919281005858664e+00
8.489309978485106711e+00
8.485437297821045277e+00
8.447253751754761453e+00
8.455222749710083363e+00
8.436658191680908914e+00
8.426112556457519887e+00
8.447713851928710938e+00
8.421649408340453391e+00
8.420163846015929821e+00
8.412464761734009144e+00
8.399290752410887961e+00
8.414211654663086293e+00
8.407813000679016824e+00
8.370710086822509055e+00
8.363734136521816964e+00
8.377083277702331188e+00
8.364618635177611949e+00
8.357867050170899148e+00
8.323283529281615856e+00
8.349694395065307972e+00
8.337160730361938832e+00
8.317828357219696045e+00
8.327612876892089844e+00
8.314697539806365612e+00
8.307054662704468129e+00
8.313723373413086648e+00
8.290281724929808860e+00
8.265711975097655539e+00
8.284754085540772195e+00
8.273171734809874778e+00
8.258465623855590465e+00
8.261967925727367046e+00
8.250308227539061789e+00
8.244616270065307617e+00
8.233369636535645242e+00
8.235445648431777954e+00
8.239287304878235574e+00
8.219381415843963978e+00
8.198813819885254262e+00
8.205863055586814170e+00
8.210116529464722035e+00
8.203739380836486461e+00
8.221654605865477805e+00
8.209473371505737305e+00
8.199121669679879432e+00
8.195154023170470481e+00
8.194147229194641113e+00
8.175964784622191672e+00
8.190415859222412109e+00
8.180793482065201516e+00
8.147450590133667347e+00
8.176528787612914684e+00
8.238592081144451740e+00
8.147089529037476296e+00
8.160941815376281383e+00
8.153867530822754617e+00
8.147103166580199840e+00
8.156361436098814366e+00
8.139659452438355203e+00
8.133619976043700461e+00
8.134802150726319070e+00
8.133986091613769176e+00
8.123489141464233398e+00
8.122469997406005504e+00
8.123630952835082297e+00
8.115212059020995738e+00
8.110015773773193715e+00
8.109254741668701527e+00
8.102398395538330078e+00
8.113053703308105824e+00
8.106636381149291637e+00
8.112444901466369984e+00
8.108813114464282990e+00
8.103132808208465931e+00
8.114274072647095437e+00
8.096895575523376465e+00
8.100025105476380105e+00
8.081116294860839488e+00
8.093469320237636211e+00
8.082162618637084961e+00
8.076042703539133782e+00
8.080945210438221338e+00
8.084444803744554875e+00
8.075314617156982067e+00
8.066132164001464488e+00
8.075585460662841442e+00
8.071426916122437234e+00
8.068064069747924449e+00
8.062996459007262473e+00
8.055913515388965607e+00
8.066121196746825817e+00
8.054936676844954846e+00
8.060010424396022444e+00
8.064115512371063943e+00
8.055892181396483664e+00
8.051132857799530029e+00
8.060066875442862155e+00
8.054291057586670632e+00
8.049499511718750000e+00
8.039554119110107422e+00
8.057157087326050515e+00
8.045647907257080789e+00
8.033765316009521484e+00
8.038821649551390891e+00
8.028646564483642223e+00
8.030048418045044656e+00
8.031728839874267223e+00
8.027886748313903809e+00
8.026610636711120961e+00
8.014310371875762229e+00
8.019967269897460227e+00
8.020731361210346577e+00
8.023267722129821422e+00
8.013197898864746094e+00
8.005378198623656516e+00
8.013289451599121094e+00
8.006596636772155051e+00
8.004265260696410422e+00
8.005435180664061789e+00
8.004726886749267578e+00
8.000680362433195469e+00
7.993585968017578480e+00
8.001083564758300071e+00
7.993459214596077445e+00
7.988423061370849787e+00
7.993354040384292425e+00
7.988859713077545166e+00
7.987096512317657826e+00
7.988538932800293146e+00
7.985225677490234375e+00
7.979599320888519642e+00
7.982072305679321467e+00
7.977560210227966131e+00
7.973211908340454457e+00
7.971448230743408025e+00
7.977835559844971058e+00
7.972351837158202947e+00
7.968660831451416016e+00
7.984039735794067560e+00
7.968364334106444957e+00
7.960055172443389893e+00
7.955808639526367188e+00
7.957412672042846857e+00
7.961071181297302068e+00
7.958112609386444269e+00
7.949928820133209229e+00
7.946256136894225719e+00
7.948299719952046871e+00
7.947988739609717967e+00
7.948109436035156072e+00
7.952101051807403564e+00
7.941710764775052667e+00
7.933366346359252752e+00
7.942353272438049672e+00
7.931504249572753906e+00
7.935964012145996449e+00
7.931183218955993652e+00
7.931181912124157130e+00
7.933036041259765803e+00
7.929630930721759619e+00
7.926015305519103826e+00
7.925089335441589000e+00
7.925476360321044744e+00
7.920102167129516424e+00
7.922081184387207209e+00
7.919574737548828125e+00
7.921564625203609822e+00
7.916254234313965021e+00
7.925736522674560192e+00
7.917403459548950195e+00
7.913958144187927424e+00
7.916828703880310236e+00
7.915761137008667347e+00
7.915921449661254883e+00
7.916206884384155096e+00
7.913323450088500799e+00
7.910620081424712957e+00
7.909682221617549303e+00
7.907630002498626354e+00
7.910172224044799805e+00
7.911392688751220703e+00
7.909282875061035334e+00
7.903668212890624822e+00
7.903232264518737615e+00
7.898453008010983822e+00
7.902494800090789973e+00
7.904150488972663702e+00
7.900526908785105107e+00
7.902949428558349254e+00
7.897918105125427246e+00
7.898203754425049183e+00
7.896422433853149236e+00
7.895706367492675959e+00
7.893289542198180797e+00
7.897464179992676137e+00
7.891403138637542725e+00
7.893847846984863637e+00
7.895549385249614360e+00
7.891008043289184926e+00
7.885224056243896662e+00
7.887435197830200195e+00
7.886546707153319957e+00
7.888100528717041371e+00
7.883754992485046742e+00
7.880673360824585139e+00
7.886356291174888788e+00
7.885193909378722665e+00
7.880933398008346913e+00
7.879855680465698065e+00
7.883329653739929554e+00
7.879826617240905939e+00
7.880442333221435725e+00
7.878417110443114879e+00
7.872023725509643910e+00
7.872836542129516779e+00
7.874276804924011053e+00
7.875158786773681641e+00
7.873827695846557617e+00
7.871342407120391904e+00
7.871743535995483043e+00
7.865916442871093928e+00
7.865038573741912842e+00
7.859706735610961559e+00
7.868611431121825817e+00
7.865079689025878729e+00
7.863164854049682795e+00
7.863323307037353160e+00
7.864330005645752131e+00
7.862051439285278498e+00
7.857780122756958363e+00
7.856628584861755193e+00
7.856291127204895197e+00
7.856152105331420721e+00
7.855694603919983088e+00
7.853279685974120738e+00
7.851350402832030895e+00
7.853611922264098766e+00
7.850580024719238104e+00
7.847098534274846493e+00
7.848137044906616566e+00
7.846831512451172053e+00
7.848454301059246241e+00
7.842311668395995916e+00
7.842286729812622426e+00
7.843404650688171387e+00
7.840769338607787908e+00
7.839763534069061457e+00
7.836037015914916637e+00
7.834210348129272639e+00
7.834935259819030939e+00
7.839040315151214244e+00
7.835116708464920698e+00
7.835310316085815074e+00
7.832572126388550160e+00
7.831084394454956410e+00
7.830924654006958363e+00
7.827194595336914418e+00
7.827838378399610164e+00
7.827838945388793768e+00
7.826848757266998469e+00
7.827494406700134633e+00
7.827843046188354137e+00
7.827040386199951350e+00
7.827495943009853185e+00
7.825899720191955566e+00
7.824773609265685437e+00
7.824725437164306463e+00
7.825033569335937855e+00
7.824176037311554310e+00
7.823037767410278676e+00
7.822221899032593129e+00
7.821822786331177113e+00
7.822695279121399281e+00
7.822602081298827947e+00
7.818358802795410512e+00
7.820929861068725231e+00
7.818256664276122869e+00
7.817973899841308416e+00
7.818381869792938588e+00
7.819116926193236949e+00
7.816903877258300604e+00
7.813992985803634106e+00
7.813677453994751332e+00
7.817136573791503729e+00
7.814429152011871160e+00
7.814144749939441859e+00
7.813950514793395641e+00
7.813227915763855336e+00
7.812233161926269709e+00
7.812528991699219105e+00
7.812060880661010565e+00
7.808860778808593750e+00
7.812124154670163634e+00
7.810799825191497625e+00
7.809844923019409357e+00
7.809312438964843395e+00
7.809800493717193426e+00
7.809523105621337891e+00
7.808236622810364125e+00
7.806718038022518513e+00
7.811105738952756283e+00
7.806984853744507014e+00
7.809055233001709340e+00
7.805466365814209162e+00
7.805485534667968572e+00
7.801033136621117414e+00
7.802536833379417835e+00
7.802782440185547230e+00
7.803496897220611572e+00
7.804206800460815607e+00
7.800887870788574041e+00
7.799918556213379262e+00
7.799930191040038707e+00
7.799084329605102894e+00
7.798119508475065409e+00
7.798609999753534971e+00
7.799352002143860041e+00
7.797321987152099787e+00
7.799670696258544922e+00
7.797432374954223810e+00
7.793997144699096324e+00
7.794610663503408254e+00
7.794299077987671076e+00
7.791883468627929688e+00
7.792120170593261896e+00
7.791903889179229381e+00
7.794287380314199432e+00
7.792863130569458008e+00
7.791725902259349468e+00
7.790004539489745916e+00
7.787412142753600719e+00
7.787601089477538707e+00
7.788211276009678663e+00
7.786284208297729492e+00
7.787193107604980291e+00
7.786032676696777344e+00
7.787041854858398615e+00
7.786440086364746271e+00
7.783445262908935902e+00
7.783140033483505249e+00
7.783861494064330699e+00
7.780949928238987567e+00
7.781536471843719660e+00
7.778582668304443004e+00
7.781416440010071156e+00
7.779693365097045898e+00
7.782232297956943157e+00
7.780562591552734553e+00
7.778498172760009766e+00
7.778786659240722656e+00
7.776331201195716858e+00
7.778066855249926803e+00
7.778861427307129262e+00
7.775606204400537180e+00
7.775984334945678533e+00
7.774685144424438477e+00
7.775987625122070312e+00
7.774835078418254497e+00
7.774834050238132122e+00
7.773381114006042480e+00
7.773420667648315074e+00
7.774674344062804998e+00
7.772792243957519887e+00
7.774650573730468750e+00
7.772293210029602051e+00
7.772405147552490234e+00
7.772475337982177379e+00
7.771787309646606801e+00
7.770045566558837713e+00
7.769348871707916437e+00
7.771853637695312678e+00
7.770187282562256215e+00
7.771339321136474965e+00
7.768960928916930797e+00
7.769162940979003729e+00
7.768738651275635121e+00
7.768728521466255366e+00
7.768184149265289662e+00
7.767085742950439631e+00
7.768805313110351385e+00
7.767481565475463867e+00
7.768770194053649547e+00
7.766951942443848012e+00
7.766841149330138805e+00
7.766270256042480113e+00
7.765734247863292694e+00
7.765744030475616455e+00
7.765477132797241389e+00
7.765626287460326793e+00
7.766420245170593262e+00
7.764282598905265509e+00
7.765360260009765980e+00
7.763466310501098810e+00
7.765014766494277687e+00
7.762475609779357910e+00
7.763935232162475941e+00
7.762325513362884344e+00
7.761914396286011097e+00
7.762294682860374273e+00
7.761332225799560725e+00
7.762086582183838068e+00
7.760457134246825817e+00
7.760792541503906072e+00
7.759834003448486506e+00
7.762221109867096125e+00
7.759220933914184215e+00
7.760730791091918768e+00
7.757973575592041371e+00
7.758360242843627574e+00
7.758924150466919301e+00
7.758017587661742986e+00
7.758477497100829900e+00
7.757127499580382946e+00
7.757275152206420721e+00
7.754966386593878269e+00
7.756083194911480128e+00
7.755780315399169567e+00
7.754770874977111816e+00
7.756854677200317738e+00
7.754081058502197088e+00
7.754313755035400213e+00
7.753153800964355469e+00
7.753953671874478815e+00
7.754214763641357422e+00
7.753304100036620738e+00
7.753123563062399803e+00
7.753434581309557316e+00
7.753758597373962225e+00
7.752139759063720881e+00
7.750035035610198797e+00
7.751535367965698420e+00
7.750152063369751154e+00
7.750851123034953716e+00
7.749846863746642889e+00
7.750142478942871449e+00
7.748957681655883611e+00
7.750324261188507258e+00
7.750112819671630682e+00
7.748450851440429332e+00
7.749477076530456365e+00
7.745381546020507990e+00
7.749734067916870472e+00
7.748783206939696910e+00
7.747807264328002930e+00
7.745929942931979895e+00
7.746134781837463734e+00
7.746869325637817383e+00
7.747440338134765625e+00
7.745380520820617676e+00
7.746452617645263494e+00
7.744444131851196289e+00
7.744625329971313477e+00
7.744089651107787908e+00
7.742811346054077504e+00
7.743228721618652166e+00
7.743427467346191584e+00
7.742320919036865590e+00
7.742614269256591797e+00
7.742997515201568426e+00
7.743103218078613459e+00
7.742435359954834340e+00
7.742044878005981623e+00
7.742243664339184761e+00
7.741638469696044744e+00
7.741843271255492986e+00
7.740731906890869318e+00
7.741401472501456382e+00
7.740640091896056951e+00
7.740642535686492742e+00
7.740650367736816584e+00
7.741260123252868830e+00
7.739603424072265980e+00
7.740192270278930309e+00
7.741124784480780008e+00
7.739554023742675426e+00
7.739130342006683705e+00
7.739788150787353160e+00
7.739087772369384943e+00
7.739946442097425106e+00
7.738850975036621449e+00
7.738661004602908733e+00
7.738812351226806996e+00
7.738227319717407404e+00
7.737372493743896129e+00
7.737881267070770619e+00
7.737423937395215390e+00
7.737471818923950195e+00
7.738509316835552099e+00
7.736967277526855646e+00
7.737158346176147283e+00
7.736600399017333984e+00
7.735891532897949396e+00
7.735775232315063477e+00
7.735789871215819957e+00
7.736302566528320490e+00
7.736196088790893377e+00
7.736357259750366033e+00
7.736082780361175359e+00
7.735848236083984197e+00
7.734587943553924205e+00
7.734808492660522283e+00
7.734466361999511541e+00
7.735538530349731268e+00
7.734789133071899414e+00
7.734129416942596258e+00
7.734866476058959606e+00
7.733500900864600958e+00
7.734439373016357422e+00
7.733237938210367979e+00
7.732620116323232651e+00
7.734354782104492010e+00
7.733173179626464666e+00
7.733461856842041016e+00
7.731984519958496449e+00
7.732800924777984974e+00
7.732063293457031250e+00
7.732620859146118519e+00
7.731117999553680065e+00
7.732642149925231578e+00
7.731857201457023265e+00
7.732229527644813416e+00
7.731216800212860285e+00
7.731200599670410512e+00
7.730839920043945490e+00
7.729963880032300949e+00
7.730222892761230646e+00
7.730672168731689275e+00
7.729134220443666159e+00
7.729638576507568359e+00
7.729623866081237971e+00
7.729309402406215668e+00
7.728609228134155629e+00
7.728135347366333008e+00
7.729875129088759067e+00
7.727853202819824574e+00
7.729830551147460760e+00
7.728116607666015270e+00
7.728307210281490924e+00
7.727342557907104670e+00
7.728025920689105988e+00
7.726875829696655096e+00
7.727801871299743830e+00
7.726803553104400812e+00
7.726758050918578924e+00
7.727180242538452148e+00
7.726162052154540660e+00
7.726201995462179006e+00
7.725508642196655451e+00
7.725279712677002308e+00
7.725177383422851207e+00
7.724861240386962535e+00
7.724817657470703480e+00
7.724433755874633434e+00
7.725473368167877553e+00
7.724110937118529918e+00
7.725236082077026722e+00
7.724543285369873225e+00
7.723974418640136896e+00
7.724511575698852717e+00
7.723977994918823420e+00
7.724736011028289440e+00
7.723905590549111189e+00
7.723495375271886232e+00
7.724019873142242254e+00
7.723654651641846058e+00
7.723584365844726740e+00
7.723818385601044056e+00
7.723277044296264826e+00
7.723475217819213867e+00
7.723285484313964666e+00
7.722859065607190487e+00
7.723140430450439631e+00
7.722929143905640004e+00
7.722683191299438477e+00
7.722640705108642756e+00
7.721911668777465820e+00
7.722311353683471324e+00
7.722564299404621302e+00
7.721775817871093572e+00
7.721895074844359996e+00
7.722254848480224254e+00
7.721640110015869141e+00
7.721524333953857067e+00
7.721931219100952148e+00
7.721239757537841975e+00
7.721543884277343395e+00
7.721031475067138494e+00
7.721328485012054266e+00
7.721116602420806885e+00
7.721111851092428147e+00
7.720732009410857799e+00
7.721186447143554510e+00
7.720949625968932750e+00
7.720383691787719549e+00
7.720350074768066229e+00
7.720545192318968297e+00
7.720375740528107045e+00
7.720826411247253773e+00
7.719771456718445002e+00
7.719893121719360707e+00
7.719887983798980891e+00
7.719347953796386719e+00
7.719438219070434926e+00
7.719257952040061710e+00
7.719273412227630971e+00
7.719711303710937500e+00
7.719769930839538219e+00
7.719093418121337535e+00
7.718862867355346324e+00
7.718613534700125456e+00
7.718847405910492121e+00
7.718379926681518732e+00
7.718430614471435192e+00
7.718699836730957387e+00
7.718211317062378285e+00
7.718567132949829102e+00
7.717940330505371094e+00
7.717974495887756525e+00
7.718261218070983531e+00
7.717236042022705078e+00
7.717638087272644221e+00
7.717315721511840643e+00
7.717723369598388672e+00
7.717175120674073519e+00
7.716842269897460582e+00
7.716892337799071910e+00
7.717308378219604137e+00
7.716717791557312189e+00
7.716857149451970876e+00
7.716319847106933416e+00
7.716468358039856312e+00
7.715993881225585938e+00
7.716116237640380682e+00
7.716099483333527687e+00
7.716609382629394887e+00
7.715903997421264648e+00
7.715823243558406652e+00
7.716055250167846324e+00
7.715151202678680598e+00
7.715789556503295898e+00
7.715207481384277699e+00
7.715592612349428059e+00
7.714737471938133417e+00
7.715449857711791815e+00
7.715093898773193182e+00
7.714518833160400213e+00
7.714451510459184647e+00
7.714734482765197576e+00
7.714294421672820867e+00
7.713722562789916637e+00
7.714495241641998291e+00
7.713961410522460760e+00
7.713920116424560547e+00
7.713995981216430486e+00
7.714405202865600941e+00
7.713582706451416193e+00
7.713227176666260121e+00
7.713721132278442028e+00
7.713565516471862615e+00
7.713401651382445934e+00
7.713426136970520375e+00
7.713148975372314808e+00
7.713120818138122559e+00
7.713140201568603693e+00
7.713072323799133656e+00
7.713029670715331854e+00
7.712986373901367543e+00
7.712903738021850586e+00
7.712790560722351252e+00
7.712764883041382191e+00
7.712822699546814320e+00
7.712788808345794500e+00
7.712591700442135156e+00
7.712504863739013672e+00
7.712580156326294123e+00
7.712524700164794744e+00
7.712436906993389130e+00
7.712215328868478714e+00
7.712149763107300160e+00
7.712151527404785156e+00
7.712248348421416821e+00
7.712079238891601740e+00
7.712140655517577770e+00
7.711938667297363104e+00
7.711882026493549702e+00
7.712063670158386230e+00
7.711742925643920721e+00
7.711766433715820490e+00
7.711806964874267756e+00
7.711478161718696711e+00
7.711508655548096058e+00
7.711557257734239279e+00
7.711341810226440607e+00
7.711433792114258168e+00
7.711363087594508947e+00
7.711330735683441517e+00
7.711250931676477016e+00
7.711092996597289861e+00
7.710951280593872248e+00
7.711324310302734020e+00
7.710921509470790802e+00
7.711085307598113836e+00
7.711202144622802734e+00
7.710745541157666416e+00
7.710550904273986816e+00
7.710750770568847834e+00
7.710776326805353520e+00
7.710684061050415039e+00
7.710579299926758168e+00
7.710485172271728693e+00
7.710225009918213246e+00
7.710147953033446910e+00
7.710032343864440918e+00
7.710379502177238109e+00
7.710186576843261363e+00
7.709978008270264027e+00
7.710043239593505682e+00
7.709879279136657715e+00
7.710188817977905451e+00
7.709981310367584051e+00
7.709788775444030406e+00
7.709898614883423207e+00
7.709636294841766713e+00
7.709619998931884766e+00
7.709732289565726759e+00
7.709413480758667170e+00
7.709409964084625422e+00
7.709278098307549953e+00
7.709271091222762884e+00
7.709048271179199219e+00
7.708827877044678090e+00
7.708882180671207784e+00
7.708978867530822399e+00
7.708781659603118896e+00
7.709091043472289684e+00
7.708825302124023615e+00
7.708616113662719371e+00
7.708517293445765972e+00
7.708484435081482289e+00
7.708389425277710316e+00
7.708199357986449840e+00
7.708509254455566229e+00
7.708658409118652521e+00
7.708117866516113637e+00
7.708503246307373047e+00
7.708200168609619318e+00
7.707846713066101252e+00
7.707798194885254084e+00
7.707904959470033290e+00
7.707644522190093994e+00
7.707894182205199840e+00
7.707657432556151988e+00
7.707745218276977894e+00
7.707621669769286754e+00
7.707136332988739014e+00
7.707569384574890492e+00
7.707497739791870472e+00
7.707427620887756348e+00
7.707368800416588783e+00
7.707431483268737615e+00
7.707215011119842529e+00
7.707505607604980824e+00
7.707155799865722301e+00
7.707196792773902239e+00
7.707097530364990234e+00
7.706928253173828125e+00
7.707044506072998402e+00
7.707024121284485219e+00
7.706954288482665838e+00
7.707054471969604137e+00
7.707003688812255504e+00
7.706761455535888317e+00
7.706674098968505859e+00
7.707220697402954457e+00
7.706987255811691639e+00
7.706636333465576527e+00
7.706556072551757453e+00
7.706831741333007635e+00
7.706702375411987660e+00
7.706600262969732107e+00
7.706649562157690703e+00
7.706572706997394384e+00
7.706577873229980113e+00
7.706674289703369318e+00
7.706440975703299223e+00
7.706420707702636541e+00
7.706337964534759166e+00
7.706274821261468233e+00
7.706416893005370916e+00
7.706364250183105113e+00
7.706236934661864879e+00
7.706121587753296254e+00
7.706225764751434504e+00
7.706245183944702148e+00
7.706180763244629084e+00
7.706000133231282412e+00
7.706060159206390203e+00
7.706083583831786932e+00
7.705928039550781428e+00
7.705847692489624201e+00
7.706026220321655629e+00
7.705880022048949840e+00
7.705712890624999645e+00
7.705885553359985707e+00
7.705644465703517021e+00
7.705697011947632014e+00
7.705908644199371160e+00
7.705762815475464045e+00
7.705605983734130859e+00
7.705509878322482464e+00
7.705584943294525146e+00
7.705601739883422674e+00
7.705463314056396840e+00
7.705281782150268377e+00
7.705355930328368963e+00
7.705391743034124552e+00
7.705399489402770641e+00
7.705314159393310547e+00
7.705102670192718328e+00
7.705170822143554865e+00
7.705179011821746471e+00
7.705210196971893133e+00
7.705120537430047989e+00
7.705021429061889471e+00
7.705102252960204900e+00
7.705042576789855602e+00
7.705061626434326350e+00
7.704907849431037903e+00
7.704732131958007990e+00
7.704810643196106312e+00
7.704819357395171764e+00
7.704900407791138051e+00
7.704802799224853338e+00
7.704799699783325018e+00
7.704672884941101252e+00
7.704644407331943334e+00
7.704649829864502308e+00
7.704669952392578125e+00
7.704635524749756215e+00
7.704571628570556996e+00
7.704427909851074396e+00
7.704310667514801203e+00
7.704560947418213068e+00
7.704513967037200928e+00
7.704205703735351740e+00
7.704187417030334828e+00
7.704136466979980113e+00
7.704241704940796076e+00
7.704090487957000910e+00
7.704125523567199707e+00
7.704159592534415069e+00
7.704071617126464488e+00
7.703881502151489258e+00
7.703855800628661932e+00
7.704141712188720348e+00
7.704076385498046520e+00
7.703817558288574396e+00
7.703713462117593558e+00
7.703777837753295721e+00
7.703765130043029430e+00
7.703904871642589747e+00
7.703863620758056641e+00
7.703837418556213734e+00
7.703763198852539240e+00
7.703711704909801838e+00
7.703729462623596369e+00
7.703692626953125178e+00
7.703664493560791193e+00
7.703678797651082100e+00
7.703557157516479847e+00
7.703703605383634745e+00
7.703634262084960938e+00
7.703596687316894176e+00
7.703556299209594727e+00
7.703458253294229507e+00
7.703459060192107799e+00
7.703442358970642445e+00
7.703487062454223988e+00
7.703538131713867365e+00
7.703474712371826350e+00
7.703422856330871760e+00
7.703444647789001287e+00
7.703400206565857111e+00
7.703357899188995717e+00
7.703332805633545277e+00
7.703496944904327570e+00
7.703400434716604295e+00
7.703234553337097168e+00
7.703238868713379262e+00
7.703298091888427734e+00
7.703255701065063299e+00
7.703261029720306574e+00
7.703186416625976918e+00
7.703186869621276855e+00
7.703197336196899059e+00
7.703142929077148260e+00
7.703074359893799183e+00
7.703022193908691584e+00
7.703030633926391424e+00
7.703097414970398127e+00
7.703077638149261830e+00
7.702884864807129084e+00
7.702906346321105602e+00
7.702965474128722789e+00
7.702985823154449463e+00
7.703025794494896772e+00
7.702970314025878729e+00
7.702887058258056641e+00
7.702890324592590154e+00
7.702890609204769312e+00
7.702941036224364879e+00
7.702843189239501953e+00
7.702740457653999506e+00
7.702729701995849609e+00
7.702704620361328303e+00
7.702759500034153106e+00
7.702708721160888672e+00
7.702625339664519011e+00
7.702604079246521351e+00
7.702555440366268158e+00
7.702581346035003662e+00
7.702640940551646054e+00
7.702669799327850342e+00
7.702612781524658558e+00
7.702528810501098278e+00
7.702481079101562322e+00
7.702642250061034979e+00
7.702578449249267933e+00
7.702490754798054340e+00
7.702423858642577947e+00
7.702332687377929865e+00
7.702423167228698908e+00
7.702407217025756481e+00
7.702399230003356578e+00
7.702307033538818182e+00
7.702284193038940074e+00
7.702227592468261719e+00
7.702245151996612194e+00
7.702342975139617742e+00
7.702340412139892400e+00
7.702304267883301137e+00
7.702214717864990234e+00
7.702240276336669744e+00
7.702169895172119141e+00
7.702141427993774769e+00
7.702267853543162346e+00
7.702104091644287109e+00
7.702017566002905546e+00
7.701885385811328533e+00
7.701896970532834175e+00
7.702042388916015447e+00
7.702090859413146973e+00
7.701994180679321289e+00
7.701881980895995738e+00
7.701887929439545033e+00
7.701844856701791642e+00
7.701817655563354847e+00
7.701857054233551381e+00
7.701893615722656072e+00
7.701920604705810192e+00
7.701892137527465820e+00
7.701815915107727228e+00
7.701824998855590465e+00
7.701824164390563610e+00
7.701846885681152166e+00
7.701851470489055274e+00
7.701838064193725408e+00
7.701781320571899236e+00
7.701789212226867853e+00
7.701774144172668812e+00
7.701766590401530443e+00
7.701734113693237127e+00
7.701764726638794301e+00
7.701743891835212352e+00
7.701758567243814468e+00
7.701627731323242188e+00
7.701688373088837025e+00
7.701735877990723012e+00
7.701722753047943293e+00
7.701695191860198797e+00
7.701698922552168369e+00
7.701644217967986705e+00
7.701586660090834258e+00
7.701569223403931019e+00
7.701564693450928090e+00
7.701531377714127657e+00
7.701622486114501953e+00
7.701583671569824041e+00
7.701563072204590021e+00
7.701590013504028498e+00
7.701574897766112926e+00
7.701535224914550781e+00
7.701496219635009410e+00
7.701502132415771307e+00
7.701522541046142756e+00
7.701526594161987482e+00
7.701498215645552037e+00
7.701481866836547674e+00
7.701442813873290660e+00
7.701425667852163315e+00
7.701456975936889826e+00
7.701447774469852625e+00
7.701406395435332897e+00
7.701401031843852607e+00
7.701375329494476674e+00
7.701422262191772283e+00
7.701403689384460627e+00
7.701359272003173828e+00
7.701379013061523615e+00
7.701348209381103871e+00
7.701354885101318715e+00
7.701341855525970281e+00
7.701285839080810547e+00
7.701244684308766963e+00
7.701245594024658025e+00
7.701261997222900391e+00
7.701267623901367543e+00
7.701267719268798828e+00
7.701260745525360107e+00
7.701221084594726207e+00
7.701228189468383611e+00
7.701207089424133123e+00
7.701185703277587891e+00
7.701177024841308949e+00
7.701153898239136097e+00
7.701188135147094549e+00
7.701164889335632147e+00
7.701161265373229980e+00
7.701176452636718572e+00
7.701148748397827148e+00
7.701115345954894664e+00
7.701100492477417347e+00
7.701073670387268422e+00
7.701072471775114892e+00
7.701023483276367543e+00
7.700985366199165405e+00
7.700972644053399208e+00
7.701055717468261896e+00
7.701048469543456676e+00
7.701037931442260565e+00
7.701012134552001953e+00
7.700957036018371227e+00
7.700932359695434215e+00
7.700921750068664196e+00
7.700994050502776744e+00
7.701010529138147653e+00
7.701014709472656428e+00
7.700906705856323420e+00
7.700880630314349773e+00
7.700907397270202459e+00
7.700873017311096191e+00
7.700835800170898082e+00
7.700898575782775701e+00
7.700899600982666016e+00
7.700889694690704168e+00
7.700859022140503107e+00
7.700846433639526367e+00
7.700813865661620738e+00
7.700798225402832209e+00
7.700849437713623402e+00
7.700825500488281072e+00
7.700810909271240234e+00
7.700791811943053844e+00
7.700795269012450817e+00
7.700799751281738104e+00
7.700775861740112305e+00
7.700772857666015270e+00
7.700779037550091743e+00
7.700809276103973033e+00
7.700770425796508611e+00
7.700751710496843039e+00
7.700736093521117986e+00
7.700734519958496449e+00
7.700752091407776057e+00
7.700715208053589222e+00
7.700716650485992076e+00
7.700715374946594416e+00
7.700708450376987813e+00
7.700705760857090354e+00
7.700685167312622426e+00
7.700681114196777699e+00
7.700694282725453199e+00
7.700690007209777477e+00
7.700684928894043324e+00
7.700650501251220525e+00
7.700654673576354803e+00
7.700644826889037731e+00
7.700632035732269287e+00
7.700629329681396129e+00
7.700643980503082631e+00
7.700657398067415116e+00
7.700611662864685236e+00
7.700605478964280159e+00
7.700606727600098012e+00
7.700610089302062811e+00
7.700624561309814098e+00
7.700620412826538086e+00
7.700611543655395685e+00
7.700561904907226918e+00
7.700562572479247692e+00
7.700543165206909180e+00
7.700582218170166193e+00
7.700582834705710589e+00
7.700571155548095348e+00
7.700541615486145020e+00
7.700504112243652166e+00
7.700522804260254262e+00
7.700529336929321289e+00
7.700527763366698863e+00
7.700521659851074396e+00
7.700515639781952082e+00
7.700506448745727539e+00
7.700500988960266469e+00
7.700486707687377752e+00
7.700466980412602247e+00
7.700475062802434323e+00
7.700479269027709961e+00
7.700480365753174183e+00
7.700483024120330811e+00
7.700472450256347301e+00
7.700458359718322932e+00
7.700436162948608221e+00
7.700429153442382990e+00
7.700413608783856390e+00
7.700435400009155273e+00
7.700438594818114879e+00
7.700409972667694447e+00
7.700406837463378729e+00
7.700402092933654963e+00
7.700387562811374487e+00
7.700369262695312855e+00
7.700369310379028498e+00
7.700388979911804377e+00
7.700374126434326172e+00
7.700358843803405406e+00
7.700330448150634943e+00
7.700326824188232777e+00
7.700323581695556641e+00
7.700336694717407227e+00
7.700331306457519176e+00
7.700317347049713490e+00
7.700304913520812811e+00
7.700313259661197840e+00
7.700306861847638906e+00
7.700310063362121760e+00
7.700304627418518066e+00
7.700294780731200994e+00
7.700276277447119178e+00
7.700279223918914617e+00
7.700250911712646307e+00
7.700253343582152965e+00
7.700251960754394887e+00
7.700241029262542725e+00
7.700231170654296520e+00
