1.047318232059478715e+00
9.886353611946105957e-01
1.001160466670989901e+00
8.520501971244811568e-01
7.448222517967224565e-01
6.024732291698455811e-01
4.941540420055389182e-01
4.837203025817871094e-01
4.388586938381194846e-01
4.088508427143097146e-01
4.004114270210266113e-01
3.644527494907379150e-01
3.369161695241927879e-01
3.501439511775970570e-01
3.582187265157699696e-01
4.172346293926239014e-01
3.489649474620818981e-01
2.985938042402267456e-01
2.692955940961837547e-01
2.753996223211288563e-01
2.764113247394561768e-01
2.531244754791259766e-01
2.356287211179733387e-01
2.296453326940536555e-01
2.225356519222259633e-01
2.031167417764663807e-01
1.981173098087310736e-01
1.976911365985870306e-01
1.928350180387496948e-01
1.981518924236297663e-01
1.804619699716568104e-01
1.681972593069076538e-01
1.720095679163932689e-01
2.098653256893157903e-01
1.968784570693969671e-01
1.955945521593093761e-01
1.864343374967575018e-01
1.928875625133514293e-01
2.203036665916442982e-01
2.115904331207275335e-01
1.885202571749687306e-01
2.273926407098770253e-01
2.125172525644302424e-01
1.922347396612167358e-01
1.693089455366134644e-01
1.702106356620788630e-01
1.592104226350784246e-01
1.623280420899391174e-01
1.711821615695953425e-01
1.642665743827819713e-01
1.749294981360435541e-01
2.051371753215789906e-01
1.733825713396072443e-01
1.833947837352752630e-01
1.654897630214691162e-01
1.506629660725593567e-01
1.568842768669128362e-01
1.577855318784713856e-01
1.678771287202835139e-01
2.041063725948333851e-01
2.093919381499290411e-01
1.873892590403556935e-01
1.660215556621551514e-01
1.592190206050872747e-01
1.696109712123870794e-01
1.588596031069755554e-01
1.689525678753852900e-01
1.582045152783393971e-01
1.558503270149231013e-01
1.519449084997177013e-01
1.531372100114822277e-01
1.740055769681930486e-01
1.671929180622100941e-01
1.767359718680381886e-01
1.613854289054870716e-01
1.486826270818710216e-01
1.482914909720420837e-01
1.362497434020042419e-01
1.406128019094467219e-01
1.391366332769393976e-01
1.402020499110221974e-01
1.519716933369636425e-01
1.525287911295890864e-01
1.462534546852111705e-01
1.437792569398879949e-01
1.432366758584976141e-01
1.418314829468727001e-01
1.506282553076744024e-01
1.743831723928451483e-01
1.542333811521530151e-01
1.640207678079605158e-01
1.679219081997871399e-01
1.760372936725616566e-01
1.816738605499267634e-01
1.582513988018035833e-01
1.517733976244926564e-01
1.490667551755905096e-01
1.687307834625244030e-01
1.846215218305587713e-01
1.554971843957901056e-01
1.384078323841095026e-01
1.367089375853538513e-01
1.354195758700370844e-01
1.313752278685569874e-01
1.254173055291175898e-01
1.233447238802909823e-01
1.270598009228706415e-01
1.250751957297325245e-01
1.244076371192932157e-01
1.204119130969047574e-01
1.232250019907951410e-01
1.198040336370468084e-01
1.215110972523689298e-01
1.176430806517601013e-01
1.205000534653663663e-01
1.266710489988326915e-01
1.334285408258438221e-01
1.325247079133987371e-01
1.329367756843566895e-01
1.303821071982383673e-01
1.279234617948531993e-01
1.157674774527549799e-01
1.222398638725280817e-01
1.162432193756103571e-01
1.234653577208519037e-01
1.258731529116630665e-01
1.297402933239936718e-01
1.214340873062610682e-01
1.177801176905632075e-01
1.246111810207366916e-01
1.202763497829437284e-01
1.287228226661682184e-01
1.315824031829833929e-01
1.279367461800575145e-01
1.230109781026840210e-01
1.181609541177749689e-01
1.296390309929847662e-01
1.380540281534194946e-01
1.259949944913387188e-01
1.300458356738090626e-01
1.258556127548217662e-01
1.250024497509002741e-01
1.173200309276580811e-01
1.180342793464660700e-01
1.368233531713485829e-01
1.320625036954879705e-01
1.493915826082229670e-01
1.293017134070396368e-01
1.212393864989280701e-01
1.245596855878829956e-01
1.153163552284240667e-01
1.225559458136558505e-01
1.311082527041435297e-01
1.250353187322616466e-01
1.165951684117317172e-01
1.244396075606346158e-01
1.273632824420928844e-01
1.219399124383926392e-01
1.256709873676299938e-01
1.244045242667198153e-01
1.260120704770088251e-01
1.161919713020324735e-01
1.183811753988266019e-01
1.213322669267654363e-01
1.153038144111633301e-01
1.166732326149940435e-01
1.230646274983882849e-01
1.161068432033061926e-01
1.226597778499126379e-01
1.266957350075244848e-01
1.272727280855178722e-01
1.268610000610351507e-01
1.173636510968208285e-01
1.158325739204883603e-01
1.162948206067085238e-01
1.216720581054687444e-01
1.224968343973159846e-01
1.194802194833755465e-01
1.125148914754390689e-01
1.091373711824417114e-01
1.076332539319992121e-01
1.075524911284446716e-01
1.131235323846340179e-01
1.197581186890602084e-01
1.269648894667625427e-01
1.193016141653060885e-01
1.123834066092967987e-01
1.115240037441253690e-01
1.146647214889526395e-01
1.120159268379211370e-01
1.096144266426563318e-01
1.095632627606391851e-01
1.122545391321182195e-01
1.172984935343265589e-01
1.232057526707649175e-01
1.285646259784698486e-01
1.229859910905361231e-01
1.159892115741968099e-01
1.142033249139785822e-01
1.143045261502265986e-01
1.104960680007934515e-01
1.062363341450691251e-01
1.041274011135101263e-01
1.034769780933856992e-01
1.052479684352874700e-01
1.088390350341796875e-01
1.104141928255557986e-01
1.075758129358291570e-01
1.069439411163330134e-01
1.072666510939598028e-01
1.098070129752159174e-01
1.070319190621376038e-01
1.094702683389186804e-01
1.148194685578346197e-01
1.097743332386016818e-01
1.042745463550090734e-01
1.050577104091644232e-01
1.004843436181545313e-01
1.031472474336624090e-01
1.028148546814918463e-01
1.075713008642196628e-01
1.039465099573135404e-01
1.037804745137691498e-01
1.041425015777349417e-01
1.014967851340770749e-01
1.007954247295856504e-01
1.005623258650302915e-01
1.095676347613334656e-01
1.122422799468040522e-01
1.042554631829261808e-01
1.028427168726921137e-01
1.026318438351154355e-01
1.027303915470838547e-01
9.972161240875720978e-02
9.946584701538085938e-02
9.900334700942040045e-02
1.029874354600906344e-01
1.010324835777282743e-01
1.025803714990615872e-01
1.108377039432525690e-01
1.139961436390876798e-01
1.149848282337188748e-01
1.068790331482887268e-01
1.068835601210594149e-01
1.088203422725200625e-01
1.065282836556434576e-01
1.064814008772373144e-01
1.055736340582370814e-01
1.052665188908576965e-01
1.037299811840057401e-01
1.043144688010215759e-01
1.023456625640392359e-01
1.037877034395933151e-01
1.015679143369197790e-01
1.027104407548904419e-01
1.049275659024715424e-01
1.076411858201026944e-01
1.111983165144920377e-01
1.114425249397754669e-01
1.099365741014480535e-01
1.031890437006950378e-01
1.057449549436569186e-01
1.036665320396423368e-01
1.031791351735591861e-01
1.071356069296598434e-01
1.027857273817062433e-01
1.078392967581748990e-01
1.080812089145183619e-01
1.039927341043949127e-01
1.040069147944450434e-01
1.043021082878112793e-01
1.052013695240020807e-01
1.065487816929817227e-01
1.093137636780738831e-01
1.077984422445297241e-01
1.097080320119857844e-01
1.027163013815879794e-01
1.027340903878211920e-01
1.017235085368156378e-01
1.005468264222145053e-01
1.008231282234191839e-01
9.980966001749039251e-02
9.940986186265945990e-02
1.028167784214019803e-01
1.029998075217008618e-01
1.003653205931186732e-01
9.854579046368598660e-02
1.008039072155952481e-01
1.007563993334770203e-01
9.851156175136566162e-02
9.812452942132950107e-02
1.006848141551017761e-01
1.013295605778694181e-01
1.035524956881999914e-01
1.019742354750633184e-01
1.010733202099800138e-01
1.040398769080638913e-01
1.069524407386779757e-01
1.100193634629249573e-01
1.067477792501449613e-01
1.029601082205772455e-01
1.018492057919502258e-01
9.953791052103042047e-02
9.745005294680594843e-02
9.939189553260803500e-02
9.744303598999977389e-02
9.527946114540100653e-02
9.465294927358627874e-02
9.491460993885994513e-02
9.513784013688564301e-02
9.658655226230621060e-02
9.575381986796856204e-02
9.556605815887450617e-02
9.555542320013046820e-02
9.676382318139076233e-02
9.569563940167427618e-02
9.581648185849189758e-02
9.610761478543281000e-02
9.747386574745178778e-02
9.723996967077255804e-02
9.575880169868469793e-02
9.748441874980925959e-02
9.667740911245345514e-02
9.572311267256736200e-02
9.504366740584373197e-02
9.528636783361435492e-02
9.534081816673278809e-02
9.614430144429206293e-02
9.617879837751389105e-02
9.713713750243187228e-02
9.458608105778694430e-02
9.565364383161067963e-02
9.583458751440047940e-02
9.554943963885306757e-02
9.532780125737190524e-02
9.591332674026489813e-02
9.483719617128372192e-02
9.433863013982772550e-02
9.513148702681065161e-02
9.665652513504027765e-02
9.549158513545989713e-02
9.539300277829169949e-02
9.522294551134109775e-02
9.650458544492721003e-02
9.752362668514251431e-02
1.006713800132274655e-01
9.942897185683249872e-02
1.004095077514648438e-01
1.005196437239646856e-01
1.029087990522384588e-01
1.038739152252674131e-01
1.028399527072906550e-01
9.952712319791316709e-02
9.719782620668411532e-02
9.592610523104667941e-02
9.694091379642486017e-02
9.442659169435500821e-02
9.468997344374656400e-02
9.409992843866347989e-02
9.627017974853516180e-02
9.515453986823559085e-02
9.570422209799289703e-02
9.738120585680007379e-02
9.499751180410384577e-02
9.768550395965576449e-02
9.726883918046951016e-02
9.999468699097632807e-02
9.702309817075729925e-02
9.841732829809188288e-02
9.478969722986221869e-02
9.698958992958069125e-02
9.574299827218055170e-02
9.511396531015633982e-02
9.494850412011146545e-02
9.549747779965400696e-02
9.371333569288253784e-02
9.472159594297409335e-02
9.470251500606537143e-02
9.488881640136241635e-02
9.515846297144889276e-02
9.459429234266281128e-02
9.469960927963257113e-02
9.560858011245727817e-02
9.650203734636306208e-02
9.911199063062667292e-02
9.679420292377471924e-02
9.575373455882071894e-02
9.902279712259769162e-02
9.912003949284553528e-02
1.023476526141166715e-01
9.925965741276740473e-02
9.932087361812591553e-02
9.965051934123039801e-02
9.980120584368705472e-02
9.656231477856636047e-02
9.623397737741470892e-02
9.626506641507148743e-02
9.524177890270948965e-02
9.730167388916015347e-02
9.625526070594787875e-02
9.488406330347061435e-02
9.287130236625670832e-02
9.493519589304924566e-02
9.455084167420864383e-02
9.424340762197971899e-02
9.306127727031707209e-02
9.324793741106987555e-02
9.320732355117797296e-02
9.287249520421028692e-02
9.361799061298370361e-02
9.355114027857780457e-02
9.243221729993819635e-02
9.285108745098114014e-02
9.307024180889129916e-02
9.365422949194908420e-02
9.377020299434661588e-02
9.559788852930069247e-02
9.931122362613678534e-02
9.644666612148285190e-02
9.447357803583145142e-02
9.386464655399322232e-02
9.369113072752952021e-02
9.353261664509773810e-02
9.474270194768905085e-02
9.474963247776031772e-02
9.299162402749061584e-02
9.370110556483268738e-02
9.429366886615753174e-02
9.291737936437130529e-02
9.229379892349243164e-02
9.205186292529106418e-02
9.190144911408423822e-02
9.251579195261001864e-02
9.271131679415703375e-02
9.285059571266174316e-02
9.332132861018180292e-02
9.472088478505610865e-02
9.420353397727013189e-02
9.363010227680206021e-02
9.504859037697314939e-02
9.414158016443252563e-02
9.368048384785651606e-02
9.226593822240829190e-02
9.241006821393966952e-02
9.202092736959457953e-02
9.187276810407637995e-02
9.220148324966430387e-02
9.252072349190712530e-02
9.365013986825942993e-02
9.288295805454253873e-02
9.299689233303069791e-02
9.398163259029387873e-02
9.342559874057769498e-02
9.247120469808578491e-02
9.282153621315955561e-02
9.306651949882507879e-02
9.218850284814834872e-02
9.214014634490012845e-02
9.197779744863510132e-02
9.229204803705215454e-02
9.191718995571136752e-02
9.214337989687919339e-02
9.329079315066338141e-02
9.298189580440521795e-02
9.394325166940689642e-02
9.409918487071991522e-02
9.232180267572402677e-02
9.291487559676170349e-02
9.289503861218691150e-02
9.219898059964179438e-02
9.210228323936461847e-02
9.375659637153148374e-02
9.385995231568813879e-02
9.506338164210319241e-02
9.536303803324699957e-02
9.946765601634979803e-02
9.440484493970871527e-02
9.322296231985091608e-02
9.304396212100982111e-02
9.357043728232383728e-02
9.209340214729308527e-02
9.222221821546554288e-02
9.173927009105682651e-02
9.150069206953048706e-02
9.200983121991157532e-02
9.198106154799461087e-02
9.275676757097243985e-02
9.468718469142914373e-02
9.297863021492958069e-02
9.257011860609054565e-02
9.164234139025211057e-02
9.313484877347946722e-02
9.367256015539168756e-02
9.336628690361976901e-02
9.353177100419998724e-02
9.248979762196540833e-02
9.257493317127227228e-02
9.178879708051682074e-02
9.237177371978759488e-02
9.152013137936591824e-02
9.218560531735420227e-02
9.321877807378768643e-02
9.205581247806549072e-02
9.091516584157943726e-02
9.111164435744285861e-02
9.120213538408279697e-02
9.088111147284508307e-02
9.096628427505493164e-02
9.094870723783969602e-02
9.076495394110679904e-02
9.099520742893218994e-02
9.070195630192756653e-02
9.094315804541111548e-02
9.073676019906998236e-02
9.100187942385673523e-02
9.078813642263412753e-02
9.126330912113189697e-02
9.134201258420944491e-02
9.093394055962562839e-02
9.106164854019879740e-02
9.155561849474906644e-02
9.144087582826614102e-02
9.096924811601639349e-02
9.090419970452785769e-02
9.081587269902229032e-02
9.075175151228905002e-02
9.104815721511841375e-02
9.146050810813903531e-02
9.081566557288170416e-02
9.191779643297195990e-02
9.128570780158043463e-02
9.114471897482871732e-02
9.073093831539154330e-02
9.121219143271445950e-02
9.102418944239616672e-02
9.084724336862563809e-02
9.110033512115478516e-02
9.073726683855057318e-02
9.073905050754546564e-02
9.072087928652763922e-02
9.076668620109558383e-02
9.052310660481452387e-02
9.068090170621871671e-02
9.077918156981468201e-02
9.063829183578490933e-02
9.083982855081558505e-02
9.082130715250968933e-02
9.109673053026198786e-02
9.092357456684112271e-02
9.066097214818000238e-02
9.038135856389999112e-02
9.059513658285141269e-02
9.070238880813122351e-02
9.080983325839042664e-02
9.056525975465774814e-02
9.063959792256355563e-02
9.097979590296745300e-02
9.125361070036888678e-02
9.113732650876045505e-02
9.067402333021164218e-02
9.077009558677673340e-02
9.126543551683426181e-02
9.171087443828582209e-02
9.138622954487800321e-02
9.160363152623177130e-02
9.178756475448608676e-02
9.152476824820041101e-02
9.095381870865822116e-02
9.052387401461600702e-02
9.047839492559432706e-02
9.092473536729812900e-02
9.060481190681457520e-02
9.098979756236076633e-02
9.123347699642181396e-02
9.124198108911514560e-02
9.120533391833304804e-02
9.065952748060226996e-02
9.053629562258720676e-02
9.081000611186026972e-02
9.088655468076467514e-02
9.099525809288025457e-02
9.111096933484078009e-02
9.094607383012771884e-02
9.071560837328433713e-02
9.098826423287391385e-02
9.034555889666080752e-02
9.063957631587982178e-02
9.057202562689781189e-02
9.068333655595779697e-02
9.050529673695564825e-02
9.102841019630432406e-02
9.047159254550933560e-02
9.032074548304080963e-02
9.053843244910239618e-02
9.034163951873779019e-02
9.060839414596558172e-02
9.031718447804451544e-02
9.121004417538643161e-02
9.075053036212921143e-02
9.062902331352233609e-02
9.044761657714843472e-02
9.065589457750319879e-02
9.061190932989120206e-02
9.059699177742004672e-02
9.094894602894783298e-02
9.070380926132201593e-02
9.090656787157058716e-02
9.024971984326839169e-02
9.007731247693299970e-02
9.040404185652732572e-02
9.025441333651543219e-02
9.044245630502700806e-02
9.010204896330833990e-02
9.022751003503799716e-02
9.028293564915657043e-02
9.022911190986633578e-02
9.022477902472018918e-02
9.019000157713889798e-02
9.007899090647697449e-02
9.012881666421890259e-02
9.023869484663009366e-02
9.022577255964278620e-02
9.002030268311500549e-02
9.015876129269599637e-02
9.013073444366455356e-02
9.013938307762145441e-02
9.014010652899742682e-02
9.015186578035354337e-02
9.015039429068565091e-02
9.003229662775993902e-02
9.003589898347855169e-02
9.002785757184028625e-02
9.004308581352234164e-02
8.996371626853942594e-02
9.002198204398155490e-02
9.011671096086501520e-02
9.005004912614822388e-02
9.022675678133965094e-02
9.023510888218880255e-02
9.009610190987586698e-02
8.995455726981163580e-02
9.003139324486256201e-02
8.994043543934822360e-02
9.019547924399376471e-02
9.013439714908599854e-02
8.993767350912093561e-02
8.999270498752594272e-02
9.011401310563087186e-02
9.001440405845642645e-02
9.008015133440494537e-02
9.009354934096336365e-02
9.022647365927696783e-02
9.027254730463027399e-02
9.044743478298186701e-02
9.008667320013045987e-02
9.001209344714880545e-02
9.003042653203011114e-02
8.991307616233826239e-02
8.990153372287749967e-02
8.999981731176376343e-02
9.010596126317978183e-02
9.026721566915511807e-02
9.006221517920494357e-02
9.017334729433060247e-02
9.010729268193244657e-02
9.011793136596679688e-02
8.997406288981438238e-02
8.996541723608970920e-02
9.028978198766708652e-02
8.983526714146136682e-02
9.024499431252479276e-02
9.008575752377509516e-02
9.047018215060234625e-02
9.015813097357749939e-02
9.003475010395049771e-02
9.015642255544661920e-02
9.028216898441314420e-02
8.982029557228088379e-02
9.006326496601105291e-02
9.025151543319225034e-02
9.005969986319542486e-02
9.023037776350975592e-02
8.996018320322037021e-02
9.000520631670952398e-02
9.014736935496329984e-02
9.010813310742378512e-02
9.019181504845619202e-02
9.014898445457220078e-02
9.010285064578056613e-02
8.999815806746483404e-02
9.002287462353705805e-02
9.015949293971062262e-02
8.997858986258507052e-02
8.990936651825905124e-02
9.005237892270087641e-02
8.999094665050506869e-02
9.030802547931671143e-02
8.979895189404488165e-02
9.035667479038238248e-02
9.112967103719711581e-02
9.177687242627144415e-02
9.020780026912689209e-02
9.035949558019637506e-02
8.991442099213600714e-02
8.987417742609978000e-02
8.980702981352806091e-02
8.982709124684333524e-02
8.993764966726303101e-02
8.992955386638641635e-02
8.989251106977462491e-02
8.971751481294631958e-02
8.992246985435485562e-02
8.976861983537673395e-02
8.978262506425380152e-02
8.973382189869880121e-02
8.973219394683837336e-02
8.988455161452293951e-02
8.978604376316071112e-02
8.978238031268119534e-02
8.972329497337341864e-02
8.978600054979324341e-02
8.972709327936172208e-02
8.971649780869483948e-02
8.972094766795635223e-02
8.970942497253417414e-02
8.984751403331756037e-02
9.004323557019233704e-02
8.972571045160293579e-02
9.003223106265068054e-02
8.984235450625419062e-02
8.982940129935741702e-02
8.975724279880523127e-02
8.976835981011391241e-02
8.981418609619140625e-02
8.989948406815528870e-02
8.979403916746378500e-02
8.970916792750358026e-02
8.982082195580005923e-02
8.980676084756851474e-02
8.979930728673934937e-02
8.966037668287754614e-02
8.968807682394981662e-02
8.971205390989780981e-02
8.978988304734229764e-02
8.970260322093963345e-02
8.970426768064498901e-02
8.971315454691648761e-02
8.974804580211639959e-02
8.968544006347656250e-02
8.997577559202910025e-02
8.978429958224296015e-02
8.978193104267120916e-02
8.980395980179309290e-02
8.969298899173736017e-02
8.978888243436813910e-02
8.969536721706390658e-02
8.970314413309096735e-02
8.961950019001960199e-02
8.973122835159301480e-02
8.969255238771438321e-02
8.967930823564529419e-02
8.969721868634224216e-02
8.968513906002044400e-02
8.980156704783440191e-02
8.979154601693153936e-02
9.003702700138091486e-02
8.979779854416847229e-02
8.986706510186195929e-02
8.970922976732254028e-02
8.972849324345588684e-02
8.973135165870189944e-02
8.977670893073082248e-02
8.968235552310943604e-02
8.968072347342967432e-02
8.969444260001183111e-02
8.963226377964020331e-02
8.979446738958359042e-02
8.968176729977131445e-02
8.965474441647529324e-02
8.963369950652122498e-02
8.964115977287293036e-02
8.965444862842560092e-02
8.977524116635322848e-02
8.982032239437102994e-02
8.976382464170455655e-02
8.975585028529167730e-02
8.967716842889786322e-02
8.973064497113228399e-02
8.972082287073135376e-02
8.972843438386916837e-02
8.976697921752929688e-02
8.963425904512405118e-02
8.983546346426010687e-02
8.971615284681319635e-02
8.974397256970405301e-02
8.968407586216926852e-02
8.970435708761215210e-02
8.970820009708405096e-02
8.969570398330688199e-02
8.979053646326065619e-02
8.967231735587119501e-02
8.960090354084968012e-02
8.960659280419350226e-02
8.956878781318663996e-02
8.957214951515198031e-02
8.962120413780212680e-02
8.955606892704963407e-02
8.962235599756240845e-02
8.958027213811874112e-02
8.959670513868331354e-02
8.961909040808677118e-02
8.959848508238792142e-02
8.957259431481361112e-02
8.962589502334594727e-02
8.956340551376343329e-02
8.959933668375015536e-02
8.956913650035858154e-02
8.955700322985649109e-02
8.957321047782898504e-02
8.961600139737128934e-02
8.959006071090698520e-02
8.955947831273078363e-02
8.957462254911660593e-02
8.958676084876060486e-02
8.957525938749313910e-02
8.959695510566234589e-02
8.958167359232901972e-02
8.955628499388694486e-02
8.955858722329139432e-02
8.962387889623642245e-02
8.957584537565707605e-02
8.957860916852951327e-02
8.957267031073570807e-02
8.956548096612096388e-02
8.962953239679335993e-02
8.955615162849425714e-02
8.966484516859055121e-02
8.954612836241722384e-02
8.956832662224770147e-02
8.958047777414321344e-02
8.955508917570113858e-02
8.957433477044104975e-02
8.958064764738082886e-02
8.960267603397369107e-02
8.957508504390716830e-02
8.957776948809623163e-02
8.955858796834945124e-02
8.955409601330757696e-02
8.959403261542320251e-02
8.955447524785994928e-02
8.961028549820185263e-02
8.958839103579521734e-02
8.960432410240173895e-02
8.957653269171714228e-02
8.959047645330428522e-02
8.956143297255039770e-02
8.956206515431404391e-02
8.953090906143187921e-02
8.954661935567856390e-02
8.960605338215828219e-02
8.958761245012283880e-02
8.955326229333877841e-02
8.955655992031097412e-02
8.952347412705422003e-02
8.957659974694251459e-02
8.953565135598182123e-02
8.958977833390235901e-02
8.961593732237815857e-02
8.954948242753743570e-02
8.956453576683998108e-02
8.960305675864219110e-02
8.954207152128219882e-02
8.954348340630531589e-02
8.952144309878348749e-02
8.953381180763245184e-02
8.952659890055655878e-02
8.951741456985473633e-02
8.960545137524604520e-02
8.965562582015991488e-02
8.958026692271232883e-02
8.952396884560584467e-02
8.950529685243964473e-02
8.954237177968024652e-02
8.952861428260802668e-02
8.952639251947402954e-02
8.952555656433106024e-02
8.961035907268524725e-02
8.953647091984748285e-02
8.953733220696449835e-02
8.951966017484665195e-02
8.953297138214111328e-02
8.951064869761467258e-02
8.950404673814774115e-02
8.951538950204848688e-02
8.951105847954750339e-02
8.954947590827941339e-02
8.949927575886248987e-02
8.951719701290131170e-02
8.952889293432235440e-02
8.955305665731430609e-02
8.951437696814537603e-02
8.947670385241508761e-02
8.948425054550171454e-02
8.949325056746601503e-02
8.948979973793029508e-02
8.947673588991164606e-02
8.950105365365743082e-02
8.947888091206550321e-02
8.948235511779785434e-02
8.948810324072838107e-02
8.948454372584820071e-02
8.949625641107558649e-02
8.947425037622451505e-02
8.947597965598105829e-02
8.947921916842460632e-02
8.950757160782814303e-02
8.949888572096824368e-02
8.946398273110389709e-02
8.947241753339767178e-02
8.947695493698119840e-02
8.949030712246894281e-02
8.947133794426917475e-02
8.948852792382240573e-02
8.946854174137115756e-02
8.948489353060722074e-02
8.949982821941375455e-02
8.948128223419189731e-02
8.948145508766174039e-02
8.947301208972931186e-02
8.948007486760616025e-02
8.946145176887512762e-02
8.947914019227028171e-02
8.948393892496823987e-02
8.947469741106033048e-02
8.950166776776313782e-02
8.948732465505600253e-02
8.945354521274566373e-02
8.945852294564246576e-02
8.947073519229889471e-02
8.947337046265602112e-02
8.947499841451644897e-02
8.945575505495070856e-02
8.949658647179603577e-02
8.947700560092926303e-02
8.945152014493942816e-02
8.947500437498093206e-02
8.950098156929016391e-02
8.949814885854720514e-02
8.949509561061859408e-02
8.948670253157615939e-02
8.946171402931213379e-02
8.945863544940949041e-02
8.947282433509826105e-02
8.945709392428398410e-02
8.946839198470116217e-02
8.948254212737083435e-02
8.946479707956314642e-02
8.947703391313552301e-02
8.947463445365429202e-02
8.946088552474976141e-02
8.946866393089294989e-02
8.946143537759780606e-02
8.946631476283073425e-02
8.948113843798637113e-02
8.945292755961417597e-02
8.944651931524276456e-02
8.946211263537406921e-02
8.946338817477225702e-02
8.945287689566612521e-02
8.945786729454993647e-02
8.945445641875267306e-02
8.945898041129111966e-02
8.949459493160247248e-02
8.945023939013481418e-02
8.945146240293980200e-02
8.945808410644531805e-02
8.945572376251220703e-02
8.945884034037590582e-02
8.946103751659392755e-02
8.945025429129600802e-02
8.946919292211533148e-02
8.947056978940963468e-02
8.945918679237366278e-02
8.945266604423522672e-02
8.947140797972678861e-02
8.946826979517936984e-02
8.944987729191780645e-02
8.945274651050567905e-02
8.944087773561477939e-02
8.943246901035309393e-02
8.945535495877265930e-02
8.948510102927684229e-02
8.943936750292777460e-02
8.946326822042464932e-02
8.947215005755423944e-02
8.944663181900977533e-02
8.944394290447235663e-02
8.944293633103370111e-02
8.943507522344588956e-02
8.945657014846801480e-02
8.944455757737160284e-02
8.943680785596370975e-02
8.942620381712913791e-02
8.942723944783211032e-02
8.943126350641250610e-02
8.943543732166289728e-02
8.943636268377304355e-02
8.942729830741882879e-02
8.942580074071884710e-02
8.942899405956268588e-02
8.942789286375045499e-02
8.943081833422183990e-02
8.942159041762351435e-02
8.943118751049042303e-02
8.943569362163543424e-02
8.943512663245201111e-02
8.942236900329589289e-02
8.942310959100722989e-02
8.943873643875122070e-02
8.942562043666839322e-02
8.944003842771053314e-02
8.943682685494422357e-02
8.942470327019691467e-02
8.942757397890091497e-02
8.943088613450526914e-02
8.943315818905830938e-02
8.943414539098740179e-02
8.942655399441719333e-02
8.943956326693296155e-02
8.942058756947517117e-02
8.942170813679695129e-02
8.943085521459578913e-02
8.942461088299751004e-02
8.943956419825553616e-02
8.943332657217979709e-02
8.942552506923676092e-02
8.941896930336952487e-02
8.941913396120071411e-02
8.944387063384055814e-02
8.942860290408134738e-02
8.941923677921295721e-02
8.941711783409118930e-02
8.942268639802933294e-02
8.941855654120445251e-02
8.941895216703414639e-02
8.942117020487785894e-02
8.941809013485908786e-02
8.942285776138306219e-02
8.942180052399635592e-02
8.941973838955163956e-02
8.941481783986091059e-02
8.942224457859992981e-02
8.941865786910056790e-02
8.941420987248420438e-02
8.942035213112831116e-02
8.942503184080123624e-02
8.941181078553199491e-02
8.943847864866256991e-02
8.942171335220336359e-02
8.942427746951579770e-02
8.942111432552338202e-02
8.941175490617751798e-02
8.941218927502632419e-02
8.943417891860008795e-02
8.941690549254417697e-02
8.941343277692795355e-02
8.941140472888946256e-02
8.941654413938522616e-02
8.941367715597152432e-02
8.941709473729134161e-02
8.940904513001442233e-02
8.941961452364921570e-02
8.941913619637489874e-02
8.942849338054656427e-02
8.941259235143661499e-02
8.941119089722633639e-02
8.942769914865493497e-02
8.941428884863852899e-02
8.941040486097336093e-02
8.941146843135357181e-02
8.941827639937401095e-02
8.942991159856319983e-02
8.941408097743988592e-02
8.942421227693557462e-02
8.942240253090857904e-02
8.942031562328338345e-02
8.941018655896186551e-02
8.941275477409363348e-02
8.941266164183617193e-02
8.941717892885207852e-02
8.942480236291885931e-02
8.941436037421227057e-02
8.941686004400253851e-02
8.940201774239539545e-02
8.940847404301166534e-02
8.940752595663070679e-02
8.941242173314094266e-02
8.941555917263030451e-02
8.940909728407860080e-02
8.940542042255401889e-02
8.939856886863709051e-02
8.939951509237289984e-02
8.939984887838363370e-02
8.940340057015419561e-02
8.939848542213439664e-02
8.941018357872962397e-02
8.940394073724747259e-02
8.940011262893676758e-02
8.939508423209190091e-02
8.940052166581154147e-02
8.940006494522094449e-02
8.940455168485642035e-02
8.939751163125038425e-02
8.940063789486885071e-02
8.940003067255020142e-02
8.939836323261260431e-02
8.940632157027721127e-02
8.939920812845229825e-02
8.940938860177993774e-02
8.939740285277367193e-02
8.939925059676170904e-02
8.939739167690277655e-02
8.939998000860213678e-02
8.940000049769877832e-02
8.940135762095451077e-02
8.939668387174606878e-02
8.940648511052132208e-02
8.939791209995746890e-02
8.939536809921264093e-02
8.941132202744483948e-02
8.940114900469779691e-02
8.939511328935623169e-02
8.939791917800903043e-02
8.939518406987190247e-02
8.939687088131904880e-02
8.940355032682419101e-02
8.939862940460444052e-02
8.940200656652450006e-02
8.939306568354368765e-02
8.939580395817756098e-02
8.940133377909660617e-02
8.939383998513221463e-02
8.939706906676292419e-02
8.939858376979828436e-02
8.939868286252021512e-02
8.939798772335053045e-02
8.939238339662551602e-02
8.939535021781921942e-02
8.939454592764377316e-02
8.939676955342293341e-02
8.940820395946502686e-02
8.939764127135277350e-02
8.939660340547561646e-02
8.939164057374000827e-02
8.939369022846221924e-02
8.939457088708877008e-02
8.939236477017402371e-02
8.939182013273239136e-02
8.939370214939117154e-02
8.940117731690407077e-02
8.939129970967769900e-02
8.939446732401848394e-02
8.939764946699142734e-02
8.939128518104552668e-02
8.939161375164986212e-02
8.939095288515090665e-02
8.939281404018402377e-02
8.939108401536940973e-02
8.939561992883682251e-02
8.939348142594098767e-02
8.939963579177856445e-02
8.939280360937118530e-02
8.939199000597000677e-02
8.939256630837917605e-02
8.939384669065475464e-02
8.939784988760948736e-02
8.939472138881683627e-02
8.939361497759819308e-02
8.939481228590011319e-02
8.939637169241905490e-02
8.939624726772307794e-02
8.938973620533943731e-02
8.939199894666671753e-02
8.939155042171478827e-02
8.938841670751571100e-02
8.938733562827110013e-02
8.938942104578018188e-02
8.938875421881675720e-02
8.939035087823868353e-02
8.938649892807007391e-02
8.939313739538193304e-02
8.939325436949729919e-02
8.939118087291716974e-02
8.938671629875898084e-02
8.938446193933487216e-02
8.938799351453781405e-02
8.939046561717986505e-02
8.938761055469512939e-02
8.938678428530692777e-02
8.939042538404465277e-02
