1.000379651784896851e+00
9.500597119331359863e-01
8.072446584701538086e-01
7.691830992698669434e-01
7.419565320014953613e-01
6.118841171264648438e-01
6.599069237709045410e-01
6.585203111171722412e-01
6.221089959144592285e-01
6.570474505424499512e-01
5.637060999870300293e-01
6.723313033580780029e-01
6.428756713867187500e-01
6.957655847072601318e-01
7.543475031852722168e-01
6.262557208538055420e-01
6.477658450603485107e-01
6.306207180023193359e-01
6.454752683639526367e-01
6.987984776496887207e-01
5.863406509160995483e-01
6.507697701454162598e-01
5.964038968086242676e-01
6.238264739513397217e-01
6.174748241901397705e-01
5.968551635742187500e-01
5.891130566596984863e-01
6.779180169105529785e-01
5.498236417770385742e-01
6.133753359317779541e-01
5.787858963012695312e-01
5.892274379730224609e-01
5.863004326820373535e-01
6.585190892219543457e-01
6.407513022422790527e-01
6.205189526081085205e-01
6.018842160701751709e-01
6.635272800922393799e-01
6.478604972362518311e-01
6.687110066413879395e-01
6.307323575019836426e-01
6.186434030532836914e-01
6.375047862529754639e-01
6.233730912208557129e-01
5.885932743549346924e-01
6.519561707973480225e-01
6.280351281166076660e-01
6.457865238189697266e-01
6.565544009208679199e-01
6.029425263404846191e-01
6.028881967067718506e-01
6.280435323715209961e-01
6.751510798931121826e-01
5.916586220264434814e-01
6.315973401069641113e-01
6.184645295143127441e-01
6.130835413932800293e-01
6.235184371471405029e-01
6.733929216861724854e-01
6.459980905055999756e-01
6.952874362468719482e-01
6.414531767368316650e-01
5.829698741436004639e-01
5.459089428186416626e-01
6.474254727363586426e-01
6.555841267108917236e-01
5.916285514831542969e-01
6.003388464450836182e-01
6.058198511600494385e-01
6.634333133697509766e-01
6.095919907093048096e-01
5.718432813882827759e-01
5.902581512928009033e-01
5.812083482742309570e-01
5.872716605663299561e-01
6.505219340324401855e-01
5.993823409080505371e-01
6.197072267532348633e-01
6.471104323863983154e-01
5.726821422576904297e-01
5.899716615676879883e-01
6.569518148899078369e-01
6.320868432521820068e-01
6.391341984272003174e-01
6.199181675910949707e-01
6.147781610488891602e-01
6.444395780563354492e-01
6.439830958843231201e-01
6.282490193843841553e-01
6.772565245628356934e-01
6.164030134677886963e-01
6.550549864768981934e-01
6.332504153251647949e-01
6.419799327850341797e-01
5.206011980772018433e-01
6.129630208015441895e-01
6.153363585472106934e-01
6.533702313899993896e-01
5.870001614093780518e-01
5.560103058815002441e-01
6.164575219154357910e-01
6.264104247093200684e-01
6.635782122611999512e-01
6.259168386459350586e-01
6.247378289699554443e-01
5.750920474529266357e-01
5.397276282310485840e-01
6.459749341011047363e-01
5.734900534152984619e-01
6.832979619503021240e-01
5.843797922134399414e-01
5.938091576099395752e-01
5.903258621692657471e-01
6.326453685760498047e-01
5.289387255907058716e-01
6.105813086032867432e-01
5.531366020441055298e-01
6.082299947738647461e-01
5.878715515136718750e-01
5.894004702568054199e-01
6.686115264892578125e-01
6.071353852748870850e-01
5.444849580526351929e-01
5.940044522285461426e-01
6.374270617961883545e-01
5.459246188402175903e-01
6.098737418651580811e-01
6.679937839508056641e-01
5.870237350463867188e-01
5.562562197446823120e-01
5.878239274024963379e-01
6.214686036109924316e-01
5.866911709308624268e-01
6.069476902484893799e-01
6.060086190700531006e-01
6.206432878971099854e-01
5.747587084770202637e-01
5.895352065563201904e-01
5.822946131229400635e-01
5.799028277397155762e-01
5.982048809528350830e-01
5.763721466064453125e-01
5.967357754707336426e-01
6.381303668022155762e-01
6.402334868907928467e-01
6.575036942958831787e-01
5.436062961816787720e-01
6.402957141399383545e-01
6.497614085674285889e-01
5.918433368206024170e-01
6.015711724758148193e-01
5.393234491348266602e-01
6.479353308677673340e-01
5.780681967735290527e-01
5.567363649606704712e-01
5.606993436813354492e-01
5.703007876873016357e-01
6.074603497982025146e-01
5.930436253547668457e-01
6.244281530380249023e-01
6.170154213905334473e-01
5.886469781398773193e-01
5.320532023906707764e-01
6.078899502754211426e-01
5.995202362537384033e-01
6.019143462181091309e-01
6.517738997936248779e-01
5.623496919870376587e-01
6.233239769935607910e-01
5.916201174259185791e-01
6.240009665489196777e-01
6.245891749858856201e-01
5.688083916902542114e-01
6.331593990325927734e-01
6.010365784168243408e-01
5.904247462749481201e-01
5.957947671413421631e-01
6.076326370239257812e-01
5.401593446731567383e-01
6.172126829624176025e-01
6.219297647476196289e-01
6.349175870418548584e-01
6.134537756443023682e-01
6.409864425659179688e-01
6.264184713363647461e-01
6.225441396236419678e-01
5.902047753334045410e-01
5.715847909450531006e-01
6.335080862045288086e-01
6.173843443393707275e-01
6.099700331687927246e-01
6.109485626220703125e-01
5.523354858160018921e-01
6.284104585647583008e-01
5.922437310218811035e-01
6.858505606651306152e-01
6.682750284671783447e-01
5.275226980447769165e-01
5.224071294069290161e-01
6.459271013736724854e-01
6.173686683177947998e-01
5.487632602453231812e-01
6.636807322502136230e-01
5.868560969829559326e-01
5.714068114757537842e-01
6.587918996810913086e-01
6.135725677013397217e-01
6.705096065998077393e-01
6.403348147869110107e-01
6.585287451744079590e-01
6.602608859539031982e-01
6.620768904685974121e-01
5.734172761440277100e-01
5.826349556446075439e-01
6.017297506332397461e-01
5.654610842466354370e-01
5.722576379776000977e-01
5.833669602870941162e-01
5.540670305490493774e-01
6.063880622386932373e-01
5.857358574867248535e-01
5.903638005256652832e-01
5.590284019708633423e-01
6.474992930889129639e-01
5.525489598512649536e-01
6.105255782604217529e-01
6.004371345043182373e-01
6.231397986412048340e-01
5.947104990482330322e-01
5.916299521923065186e-01
5.357967168092727661e-01
6.592859029769897461e-01
5.649929493665695190e-01
5.611408501863479614e-01
6.311141550540924072e-01
6.012568771839141846e-01
6.037507057189941406e-01
5.927070975303649902e-01
5.960293412208557129e-01
5.476408600807189941e-01
6.030200123786926270e-01
6.264527738094329834e-01
6.013515591621398926e-01
5.290303975343704224e-01
6.075456738471984863e-01
6.168414950370788574e-01
5.783969461917877197e-01
5.882382094860076904e-01
6.179071962833404541e-01
5.748617053031921387e-01
6.108709573745727539e-01
6.182610988616943359e-01
5.974301099777221680e-01
6.312155127525329590e-01
5.752033889293670654e-01
5.903441011905670166e-01
5.980444550514221191e-01
6.131323277950286865e-01
5.665455758571624756e-01
6.308806240558624268e-01
5.559005141258239746e-01
6.289733946323394775e-01
6.864309012889862061e-01
6.104884147644042969e-01
6.898296475410461426e-01
5.856333673000335693e-01
5.794116556644439697e-01
6.143021285533905029e-01
6.473983824253082275e-01
5.918262004852294922e-01
6.240181922912597656e-01
6.096625924110412598e-01
6.379777193069458008e-01
5.985823869705200195e-01
5.865384042263031006e-01
5.520411729812622070e-01
6.417061388492584229e-01
5.954655706882476807e-01
6.097272038459777832e-01
5.529948025941848755e-01
6.697885990142822266e-01
5.703755617141723633e-01
6.512685716152191162e-01
6.048913896083831787e-01
5.780366659164428711e-01
5.820591449737548828e-01
6.060184240341186523e-01
6.626879572868347168e-01
5.982577800750732422e-01
6.295102238655090332e-01
5.656692087650299072e-01
6.258898973464965820e-01
6.000798046588897705e-01
6.175379753112792969e-01
5.972062051296234131e-01
6.152512133121490479e-01
5.933915972709655762e-01
6.906821727752685547e-01
6.093397736549377441e-01
6.207104325294494629e-01
6.212346255779266357e-01
6.042833626270294189e-01
6.075593829154968262e-01
6.066905856132507324e-01
5.799042284488677979e-01
5.566255450248718262e-01
6.037193834781646729e-01
5.544664859771728516e-01
5.936458408832550049e-01
5.451866537332534790e-01
6.257899701595306396e-01
6.538745164871215820e-01
5.925057828426361084e-01
6.040801703929901123e-01
5.971541702747344971e-01
6.498439311981201172e-01
5.802932381629943848e-01
6.333385407924652100e-01
6.139835119247436523e-01
5.798864960670471191e-01
5.760515332221984863e-01
6.167363226413726807e-01
6.714436709880828857e-01
5.917918980121612549e-01
5.364953130483627319e-01
5.586106032133102417e-01
5.383434742689132690e-01
5.543371886014938354e-01
6.163955926895141602e-01
5.562087893486022949e-01
6.126948893070220947e-01
5.507977157831192017e-01
6.366045176982879639e-01
6.668052077293395996e-01
6.121014952659606934e-01
6.041535139083862305e-01
6.605830490589141846e-01
5.651845932006835938e-01
5.546886473894119263e-01
6.240930259227752686e-01
6.013777852058410645e-01
5.993071198463439941e-01
6.298884451389312744e-01
5.948989987373352051e-01
5.747996270656585693e-01
6.045882999897003174e-01
6.064731776714324951e-01
5.768541097640991211e-01
5.381075292825698853e-01
5.942688584327697754e-01
5.977860391139984131e-01
6.012110412120819092e-01
6.341045200824737549e-01
5.967312753200531006e-01
5.845093429088592529e-01
5.689563155174255371e-01
6.177269220352172852e-01
5.579756498336791992e-01
5.296192914247512817e-01
5.890795886516571045e-01
6.012453436851501465e-01
5.604338496923446655e-01
5.772823691368103027e-01
6.216316223144531250e-01
6.226670444011688232e-01
6.510546505451202393e-01
6.419145464897155762e-01
5.557236820459365845e-01
5.419960618019104004e-01
6.542439758777618408e-01
5.261229127645492554e-01
5.761162936687469482e-01
6.503352820873260498e-01
6.369420886039733887e-01
5.885075330734252930e-01
5.451184958219528198e-01
5.531221628189086914e-01
6.074921488761901855e-01
5.383430868387222290e-01
6.229438781738281250e-01
6.828323304653167725e-01
5.868041217327117920e-01
5.825287401676177979e-01
5.674178600311279297e-01
6.133071184158325195e-01
6.264281868934631348e-01
5.848739743232727051e-01
6.455621123313903809e-01
6.182712912559509277e-01
6.020482182502746582e-01
5.938439369201660156e-01
5.685543417930603027e-01
5.464974641799926758e-01
5.669637918472290039e-01
6.344422101974487305e-01
6.241293549537658691e-01
5.888904631137847900e-01
6.453449130058288574e-01
6.667064428329467773e-01
5.920583307743072510e-01
5.838714241981506348e-01
5.610867440700531006e-01
5.702599287033081055e-01
5.708509385585784912e-01
6.061429977416992188e-01
5.869684815406799316e-01
5.935640037059783936e-01
5.867926180362701416e-01
5.734506845474243164e-01
6.528083980083465576e-01
5.611325204372406006e-01
5.202295631170272827e-01
6.110833287239074707e-01
5.991996526718139648e-01
5.896663665771484375e-01
5.738889575004577637e-01
6.087519824504852295e-01
6.257697641849517822e-01
6.136336028575897217e-01
6.011663973331451416e-01
6.192874312400817871e-01
5.844472348690032959e-01
5.582098811864852905e-01
5.937848091125488281e-01
6.035276055335998535e-01
5.578473210334777832e-01
5.960988104343414307e-01
6.051011681556701660e-01
5.872540175914764404e-01
6.244906187057495117e-01
6.287755072116851807e-01
5.929472744464874268e-01
5.915783643722534180e-01
6.080400645732879639e-01
6.286291480064392090e-01
5.971595346927642822e-01
5.936972200870513916e-01
6.067763864994049072e-01
5.954234302043914795e-01
5.611030310392379761e-01
6.115520596504211426e-01
6.384772658348083496e-01
6.396770179271697998e-01
5.458891391754150391e-01
5.389808714389801025e-01
6.593730747699737549e-01
5.955727398395538330e-01
5.839167237281799316e-01
5.675754845142364502e-01
5.889440774917602539e-01
5.695644021034240723e-01
6.386039257049560547e-01
5.733302235603332520e-01
6.128399968147277832e-01
6.227168142795562744e-01
5.981083214282989502e-01
5.204616487026214600e-01
5.654121935367584229e-01
5.922317504882812500e-01
5.685562789440155029e-01
5.406490266323089600e-01
6.146141886711120605e-01
5.657036602497100830e-01
5.875220298767089844e-01
5.950424373149871826e-01
6.570092439651489258e-01
6.609855294227600098e-01
5.763407647609710693e-01
5.845373272895812988e-01
6.229414343833923340e-01
5.571034848690032959e-01
5.844836831092834473e-01
5.985876619815826416e-01
5.965877771377563477e-01
6.487334966659545898e-01
6.029057204723358154e-01
5.294437557458877563e-01
5.923489332199096680e-01
6.159334778785705566e-01
5.486595183610916138e-01
6.177475154399871826e-01
6.127799451351165771e-01
6.099172532558441162e-01
6.647381484508514404e-01
5.848623216152191162e-01
6.662523746490478516e-01
6.387646198272705078e-01
5.977514684200286865e-01
5.675131976604461670e-01
5.394612997770309448e-01
5.846937000751495361e-01
6.358856558799743652e-01
5.729205012321472168e-01
5.890653133392333984e-01
5.621189475059509277e-01
6.273326575756072998e-01
6.039736866950988770e-01
5.648623704910278320e-01
5.700121223926544189e-01
5.777760744094848633e-01
6.477582454681396484e-01
5.872232019901275635e-01
5.734504759311676025e-01
5.256491303443908691e-01
6.492356359958648682e-01
5.955489277839660645e-01
6.503585278987884521e-01
6.159755885601043701e-01
6.096523404121398926e-01
6.424002349376678467e-01
6.395919919013977051e-01
5.384144186973571777e-01
6.105309128761291504e-01
5.828553140163421631e-01
5.759787261486053467e-01
6.158986687660217285e-01
6.223003566265106201e-01
6.028922796249389648e-01
5.541764795780181885e-01
6.221890151500701904e-01
5.980100035667419434e-01
6.438521444797515869e-01
5.726732909679412842e-01
6.064418256282806396e-01
6.630348861217498779e-01
5.959484577178955078e-01
5.479635894298553467e-01
5.956807434558868408e-01
6.152775287628173828e-01
6.334444284439086914e-01
6.142080128192901611e-01
6.336495578289031982e-01
5.913669466972351074e-01
5.907554924488067627e-01
5.992146432399749756e-01
5.791357755661010742e-01
6.528705358505249023e-01
5.694098174571990967e-01
5.712977647781372070e-01
6.139248609542846680e-01
6.336091160774230957e-01
6.671351492404937744e-01
6.029492020606994629e-01
5.667318701744079590e-01
5.481173843145370483e-01
6.012586057186126709e-01
5.303161740303039551e-01
6.121706068515777588e-01
5.716024637222290039e-01
6.506641507148742676e-01
5.228952616453170776e-01
6.181382238864898682e-01
6.121715009212493896e-01
6.192680895328521729e-01
5.482738316059112549e-01
5.707527697086334229e-01
6.243004500865936279e-01
5.802522003650665283e-01
6.057383120059967041e-01
6.135916113853454590e-01
6.138606965541839600e-01
5.481321513652801514e-01
5.826689600944519043e-01
6.359814703464508057e-01
5.881219208240509033e-01
6.279946267604827881e-01
6.161655187606811523e-01
5.292176455259323120e-01
5.801740884780883789e-01
5.925433933734893799e-01
5.737150311470031738e-01
6.045469939708709717e-01
5.579208880662918091e-01
6.155993938446044922e-01
6.529212296009063721e-01
6.055389344692230225e-01
6.019625961780548096e-01
6.051338911056518555e-01
5.926410853862762451e-01
5.803268849849700928e-01
5.848229527473449707e-01
5.940543711185455322e-01
5.227606445550918579e-01
5.979130864143371582e-01
6.323704719543457031e-01
5.726432800292968750e-01
6.615121066570281982e-01
5.523811578750610352e-01
6.573354601860046387e-01
5.586050748825073242e-01
6.385586857795715332e-01
5.783382952213287354e-01
5.659103095531463623e-01
5.584831237792968750e-01
5.828923285007476807e-01
6.239849030971527100e-01
5.379468351602554321e-01
6.307440102100372314e-01
5.358393043279647827e-01
6.195393204689025879e-01
5.765464901924133301e-01
6.492818892002105713e-01
6.281197369098663330e-01
6.283391416072845459e-01
6.133329868316650391e-01
6.023412048816680908e-01
5.875991880893707275e-01
5.471605211496353149e-01
5.823326706886291504e-01
6.548964679241180420e-01
5.700758099555969238e-01
5.715790987014770508e-01
6.224042773246765137e-01
6.165713369846343994e-01
6.611706316471099854e-01
6.148471534252166748e-01
5.500137060880661011e-01
5.662227272987365723e-01
6.177610158920288086e-01
6.051990687847137451e-01
5.543659925460815430e-01
5.440586954355239868e-01
6.194846034049987793e-01
5.782931149005889893e-01
5.736526548862457275e-01
5.634578317403793335e-01
6.323756277561187744e-01
5.858829617500305176e-01
6.041618883609771729e-01
5.872116684913635254e-01
5.529912710189819336e-01
5.937597751617431641e-01
6.004378497600555420e-01
6.432899534702301025e-01
6.341443955898284912e-01
5.420081764459609985e-01
5.579246133565902710e-01
5.772140026092529297e-01
5.329504162073135376e-01
5.523736923933029175e-01
5.780868530273437500e-01
6.459567546844482422e-01
5.646730363368988037e-01
5.971203744411468506e-01
6.234391331672668457e-01
5.925969779491424561e-01
5.590449422597885132e-01
5.300403982400894165e-01
6.335238814353942871e-01
6.082364320755004883e-01
5.372454226016998291e-01
6.428150236606597900e-01
6.064032316207885742e-01
6.425128877162933350e-01
6.599017679691314697e-01
6.597755551338195801e-01
6.140914559364318848e-01
6.097275316715240479e-01
5.763988494873046875e-01
5.651316046714782715e-01
6.376903653144836426e-01
5.550494790077209473e-01
6.095065474510192871e-01
5.981106162071228027e-01
5.749804973602294922e-01
6.273426413536071777e-01
5.524308532476425171e-01
5.842686891555786133e-01
6.300143897533416748e-01
6.454901695251464844e-01
5.977328717708587646e-01
5.808339416980743408e-01
5.417474955320358276e-01
6.001526415348052979e-01
5.858209431171417236e-01
6.072364747524261475e-01
5.791179835796356201e-01
6.660808324813842773e-01
6.438736617565155029e-01
5.735701322555541992e-01
5.874896943569183350e-01
6.295612454414367676e-01
5.809102952480316162e-01
5.966645777225494385e-01
6.690509021282196045e-01
5.538918077945709229e-01
6.322282254695892334e-01
5.145512521266937256e-01
5.687701702117919922e-01
6.327541768550872803e-01
5.975196361541748047e-01
6.361795067787170410e-01
6.374849975109100342e-01
6.220602989196777344e-01
5.871189236640930176e-01
5.714244246482849121e-01
5.655162334442138672e-01
5.926383137702941895e-01
6.109875142574310303e-01
5.318851917982101440e-01
6.340423226356506348e-01
6.444827020168304443e-01
5.552704781293869019e-01
5.839843451976776123e-01
5.753090381622314453e-01
6.390530765056610107e-01
5.498627871274948120e-01
6.083986759185791016e-01
5.708598792552947998e-01
6.044301390647888184e-01
5.548558980226516724e-01
5.904704332351684570e-01
6.313968002796173096e-01
5.837601423263549805e-01
5.976194739341735840e-01
5.635602176189422607e-01
5.538363903760910034e-01
5.523401349782943726e-01
5.739862024784088135e-01
6.289037168025970459e-01
5.743553936481475830e-01
6.254744529724121094e-01
6.756976544857025146e-01
6.171609461307525635e-01
6.187278628349304199e-01
5.791320800781250000e-01
6.404263377189636230e-01
6.079758703708648682e-01
5.771231949329376221e-01
6.090903282165527344e-01
6.426082253456115723e-01
6.558625102043151855e-01
6.442982256412506104e-01
6.668075621128082275e-01
5.913655459880828857e-01
5.695148408412933350e-01
5.881083905696868896e-01
5.427038222551345825e-01
6.307893693447113037e-01
6.308259963989257812e-01
5.896821022033691406e-01
6.058552861213684082e-01
6.234522461891174316e-01
5.945485830307006836e-01
5.646021366119384766e-01
5.388464629650115967e-01
5.952701270580291748e-01
6.331033706665039062e-01
4.968194961547851562e-01
6.780731081962585449e-01
6.143757104873657227e-01
6.258960366249084473e-01
5.623270720243453979e-01
6.151145100593566895e-01
5.964081883430480957e-01
5.763941407203674316e-01
5.475351661443710327e-01
5.766818821430206299e-01
5.944606959819793701e-01
5.853527486324310303e-01
6.389209628105163574e-01
5.336837023496627808e-01
6.408420503139495850e-01
5.760210156440734863e-01
6.027303338050842285e-01
6.055524647235870361e-01
5.877693891525268555e-01
6.041325628757476807e-01
5.417192727327346802e-01
6.174323558807373047e-01
5.926817357540130615e-01
5.701020956039428711e-01
4.988626986742019653e-01
5.572630763053894043e-01
6.045466065406799316e-01
5.795904994010925293e-01
6.036500632762908936e-01
5.228577852249145508e-01
5.152387768030166626e-01
6.024317741394042969e-01
5.300219058990478516e-01
6.059927642345428467e-01
5.586295872926712036e-01
6.045546531677246094e-01
5.790453553199768066e-01
5.807330608367919922e-01
6.120669841766357422e-01
6.514232456684112549e-01
5.384015589952468872e-01
5.622938424348831177e-01
6.238365173339843750e-01
5.719000697135925293e-01
5.491572171449661255e-01
6.216386556625366211e-01
5.950665771961212158e-01
6.519386470317840576e-01
5.291769951581954956e-01
5.870244503021240234e-01
5.630966722965240479e-01
6.267841160297393799e-01
6.688386201858520508e-01
5.744147002696990967e-01
5.962343811988830566e-01
5.783716440200805664e-01
5.727181136608123779e-01
6.304351687431335449e-01
5.572308748960494995e-01
5.940244495868682861e-01
6.303169429302215576e-01
5.857255458831787109e-01
6.112180948257446289e-01
6.005532443523406982e-01
5.505166500806808472e-01
5.836449265480041504e-01
5.644424557685852051e-01
5.771019160747528076e-01
5.919533371925354004e-01
6.148428022861480713e-01
6.058216691017150879e-01
6.068901419639587402e-01
5.922563076019287109e-01
6.375780701637268066e-01
6.328126192092895508e-01
5.717258453369140625e-01
5.742142796516418457e-01
6.923043131828308105e-01
5.447787642478942871e-01
5.726633965969085693e-01
6.019318997859954834e-01
5.493665635585784912e-01
6.441041827201843262e-01
6.064758300781250000e-01
5.996286869049072266e-01
5.832263231277465820e-01
6.474201679229736328e-01
6.022665202617645264e-01
5.914506912231445312e-01
6.224246323108673096e-01
5.886500179767608643e-01
6.018704473972320557e-01
5.561705380678176880e-01
5.859914422035217285e-01
6.109108626842498779e-01
5.915167629718780518e-01
6.227048337459564209e-01
5.665510594844818115e-01
6.289629936218261719e-01
5.623550415039062500e-01
5.855836570262908936e-01
5.645621120929718018e-01
5.674704611301422119e-01
6.252392828464508057e-01
5.862811207771301270e-01
5.713807642459869385e-01
5.856820344924926758e-01
6.562995016574859619e-01
6.206260323524475098e-01
6.140448451042175293e-01
5.568185597658157349e-01
5.772608220577239990e-01
5.602108240127563477e-01
5.943191647529602051e-01
5.938034951686859131e-01
6.007494032382965088e-01
5.745510160923004150e-01
5.631448328495025635e-01
6.087755262851715088e-01
6.674746572971343994e-01
5.878235995769500732e-01
6.341236829757690430e-01
6.164613962173461914e-01
6.102367639541625977e-01
6.035521626472473145e-01
4.961644560098648071e-01
5.389838367700576782e-01
5.324625670909881592e-01
6.353825032711029053e-01
6.210821270942687988e-01
6.289417445659637451e-01
5.676229000091552734e-01
6.429914832115173340e-01
5.704998373985290527e-01
5.703794062137603760e-01
6.247724294662475586e-01
5.945335626602172852e-01
5.776782035827636719e-01
5.788350999355316162e-01
5.676185786724090576e-01
6.002515554428100586e-01
5.942225158214569092e-01
5.981507599353790283e-01
5.327683836221694946e-01
6.151065528392791748e-01
6.136508584022521973e-01
5.927382409572601318e-01
5.366339236497879028e-01
5.474561750888824463e-01
5.634548813104629517e-01
6.032885909080505371e-01
5.494076609611511230e-01
6.695867180824279785e-01
6.010667085647583008e-01
5.777174532413482666e-01
5.522949844598770142e-01
6.074838638305664062e-01
6.153103411197662354e-01
5.818226337432861328e-01
6.562114357948303223e-01
5.185508728027343750e-01
6.371275186538696289e-01
6.605137884616851807e-01
5.957583487033843994e-01
6.114484965801239014e-01
5.968902409076690674e-01
6.242601573467254639e-01
6.488829255104064941e-01
6.179597079753875732e-01
6.567522585391998291e-01
6.111707687377929688e-01
6.760571002960205078e-01
5.692887306213378906e-01
5.675936937332153320e-01
6.503744125366210938e-01
5.677801966667175293e-01
5.641165375709533691e-01
6.231698691844940186e-01
5.707841515541076660e-01
6.259127259254455566e-01
5.994922518730163574e-01
5.714716613292694092e-01
6.208685040473937988e-01
5.681912302970886230e-01
5.036862045526504517e-01
5.193949639797210693e-01
5.976393520832061768e-01
5.716944932937622070e-01
5.941603481769561768e-01
6.079108119010925293e-01
6.618290841579437256e-01
5.701713263988494873e-01
6.144768297672271729e-01
6.253225803375244141e-01
5.724573731422424316e-01
6.655760705471038818e-01
6.433368027210235596e-01
6.169127821922302246e-01
5.521939992904663086e-01
5.618288815021514893e-01
5.762317180633544922e-01
6.157486140727996826e-01
5.546278953552246094e-01
5.978679955005645752e-01
6.175151765346527100e-01
6.148647069931030273e-01
6.121190786361694336e-01
5.758804976940155029e-01
5.866984128952026367e-01
5.473660081624984741e-01
6.131316125392913818e-01
5.737373530864715576e-01
5.516251772642135620e-01
6.016475260257720947e-01
5.262903571128845215e-01
6.012974381446838379e-01
6.283439099788665771e-01
5.419586747884750366e-01
6.198146641254425049e-01
5.394687056541442871e-01
5.994645357131958008e-01
6.506657004356384277e-01
5.686023831367492676e-01
6.075409352779388428e-01
6.437198817729949951e-01
6.278878450393676758e-01
5.951683223247528076e-01
5.714642703533172607e-01
6.217965483665466309e-01
6.011427044868469238e-01
6.206293404102325439e-01
6.375644505023956299e-01
6.122958958148956299e-01
5.477911084890365601e-01
5.850806236267089844e-01
5.864941477775573730e-01
6.084478199481964111e-01
6.083391904830932617e-01
6.121111810207366943e-01
6.418556869029998779e-01
6.125939786434173584e-01
5.799051225185394287e-01
6.251964867115020752e-01
6.243226528167724609e-01
5.651213526725769043e-01
6.258126199245452881e-01
5.422870218753814697e-01
5.732420980930328369e-01
5.869719982147216797e-01
6.147893071174621582e-01
5.521458238363265991e-01
6.304773688316345215e-01
6.264955699443817139e-01
6.381313204765319824e-01
5.830108523368835449e-01
6.216765046119689941e-01
6.369584202766418457e-01
6.404933929443359375e-01
5.429270416498184204e-01
6.670245230197906494e-01
5.590723007917404175e-01
6.291905939579010010e-01
6.177929341793060303e-01
5.746727883815765381e-01
5.938438177108764648e-01
6.359066665172576904e-01
5.564753562211990356e-01
6.205343604087829590e-01
5.393384248018264771e-01
6.176637709140777588e-01
6.133358478546142578e-01
6.159408688545227051e-01
5.316163450479507446e-01
5.837667286396026611e-01
5.896168649196624756e-01
6.272156238555908203e-01
5.501955002546310425e-01
6.121930480003356934e-01
5.647357702255249023e-01
5.658460557460784912e-01
6.083416044712066650e-01
5.898175239562988281e-01
5.928691923618316650e-01
6.835464537143707275e-01
6.615492105484008789e-01
6.039009094238281250e-01
5.728511214256286621e-01
6.251447498798370361e-01
5.598047822713851929e-01
5.396820455789566040e-01
5.838072896003723145e-01
5.709418356418609619e-01
5.760958492755889893e-01
7.079846262931823730e-01
6.086571216583251953e-01
6.544952094554901123e-01
5.967956185340881348e-01
6.118947267532348633e-01
6.265815794467926025e-01
6.104994714260101318e-01
6.231036484241485596e-01
5.066991746425628662e-01
6.067786514759063721e-01
5.640519559383392334e-01
6.158853173255920410e-01
5.709871351718902588e-01
6.226277351379394531e-01
5.791671574115753174e-01
5.989222824573516846e-01
6.013669073581695557e-01
5.355728119611740112e-01
6.254100501537322998e-01
5.971809923648834229e-01
5.798838436603546143e-01
6.040382981300354004e-01
6.324254870414733887e-01
5.763608217239379883e-01
5.793797671794891357e-01
6.143676936626434326e-01
6.337556242942810059e-01
6.166466474533081055e-01
5.552512854337692261e-01
5.458609461784362793e-01
5.716101229190826416e-01
5.869549810886383057e-01
5.869504213333129883e-01
5.671960413455963135e-01
6.300874948501586914e-01
5.958312451839447021e-01
5.408890098333358765e-01
6.136772632598876953e-01
5.527727305889129639e-01
5.990118086338043213e-01
5.701444447040557861e-01
6.033125519752502441e-01
5.902121067047119141e-01
6.393451690673828125e-01
5.763740539550781250e-01
5.922500789165496826e-01
5.628908872604370117e-01
5.746180713176727295e-01
6.095876991748809814e-01
5.726765692234039307e-01
6.176756024360656738e-01
5.988843739032745361e-01
6.021154522895812988e-01
5.915869176387786865e-01
5.416031628847122192e-01
5.711803138256072998e-01
5.472977310419082642e-01
5.712300837039947510e-01
5.494317710399627686e-01
6.549392640590667725e-01
5.997319519519805908e-01
6.428741216659545898e-01
5.904975533485412598e-01
6.300473809242248535e-01
5.526167005300521851e-01
6.131721735000610352e-01
5.677767693996429443e-01
5.635759234428405762e-01
5.726135075092315674e-01
5.662321448326110840e-01
5.992302894592285156e-01
6.465640068054199219e-01
5.916682183742523193e-01
5.992442667484283447e-01
5.982058048248291016e-01
6.368848383426666260e-01
6.125240027904510498e-01
5.406664311885833740e-01
5.788061916828155518e-01
6.046214997768402100e-01
5.923359990119934082e-01
6.133168637752532959e-01
6.077969968318939209e-01
5.901813805103302002e-01
5.811085402965545654e-01
6.493598520755767822e-01
5.069615840911865234e-01
5.801261961460113525e-01
6.533249914646148682e-01
6.297045648097991943e-01
6.595509648323059082e-01
6.053303480148315430e-01
5.712108016014099121e-01
5.904331803321838379e-01
5.728347897529602051e-01
5.350909233093261719e-01
6.193302273750305176e-01
6.031295955181121826e-01
5.527720153331756592e-01
5.796549022197723389e-01
5.595751255750656128e-01
6.201623976230621338e-01
6.212114989757537842e-01
6.126137077808380127e-01
5.677629113197326660e-01
6.196666359901428223e-01
6.675058305263519287e-01
5.849316120147705078e-01
5.730952322483062744e-01
5.870220661163330078e-01
6.218051314353942871e-01
5.566897094249725342e-01
6.450604200363159180e-01
5.892644524574279785e-01
6.220642328262329102e-01
6.518773138523101807e-01
6.366716921329498291e-01
6.141898334026336670e-01
5.637533664703369141e-01
5.983388423919677734e-01
5.968150496482849121e-01
6.452679038047790527e-01
6.463648676872253418e-01
6.686255633831024170e-01
6.000188589096069336e-01
5.732562839984893799e-01
5.838029682636260986e-01
5.756251513957977295e-01
6.217448413372039795e-01
5.963327288627624512e-01
6.644704639911651611e-01
6.341171264648437500e-01
5.722193717956542969e-01
5.837964415550231934e-01
5.949754416942596436e-01
5.863840281963348389e-01
5.375937074422836304e-01
6.006495654582977295e-01
6.027704179286956787e-01
6.051884889602661133e-01
5.952114462852478027e-01
6.316028237342834473e-01
5.696488022804260254e-01
6.067751944065093994e-01
6.473073661327362061e-01
5.548076480627059937e-01
5.655436813831329346e-01
5.656725764274597168e-01
5.767757892608642578e-01
5.414611399173736572e-01
5.682741105556488037e-01
5.626353770494461060e-01
6.579753756523132324e-01
5.421779751777648926e-01
6.391171216964721680e-01
5.527965277433395386e-01
6.797264516353607178e-01
6.326947510242462158e-01
5.699331760406494141e-01
