9.774444699287414551e-01
1.166512638330459595e+00
8.549703359603881836e-01
1.003960996866226196e+00
1.043836802244186401e+00
9.303337335586547852e-01
8.398270010948181152e-01
9.768644273281097412e-01
8.104396164417266846e-01
1.158049941062927246e+00
7.281129360198974609e-01
1.005643606185913086e+00
1.028649419546127319e+00
1.083952546119689941e+00
1.255096822977066040e+00
8.880096375942230225e-01
1.008198112249374390e+00
9.392286539077758789e-01
9.066253304481506348e-01
1.244234859943389893e+00
7.086444273591041565e-01
1.222025603055953979e+00
9.615060091018676758e-01
1.075308173894882202e+00
1.041173338890075684e+00
9.409045875072479248e-01
8.948671817779541016e-01
1.266816794872283936e+00
9.172526597976684570e-01
8.321634829044342041e-01
9.214715659618377686e-01
8.428665697574615479e-01
9.098831713199615479e-01
1.115100562572479248e+00
1.000096499919891357e+00
9.364528357982635498e-01
8.036664128303527832e-01
1.116806149482727051e+00
9.251962006092071533e-01
1.009351044893264771e+00
9.902257621288299561e-01
9.295004308223724365e-01
1.059788018465042114e+00
8.908153474330902100e-01
8.150725364685058594e-01
1.134720683097839355e+00
9.500246345996856689e-01
1.250747025012969971e+00
1.243631541728973389e+00
9.285502731800079346e-01
9.784354269504547119e-01
1.071288585662841797e+00
1.158619821071624756e+00
9.070912301540374756e-01
1.020365178585052490e+00
1.026173442602157593e+00
1.032664895057678223e+00
1.065379142761230469e+00
1.036112457513809204e+00
1.005281418561935425e+00
1.138082683086395264e+00
1.089637756347656250e+00
9.318626224994659424e-01
8.669747412204742432e-01
1.076608687639236450e+00
1.087131232023239136e+00
9.427500069141387939e-01
1.043955445289611816e+00
9.706764221191406250e-01
1.126972228288650513e+00
9.371052086353302002e-01
8.206221759319305420e-01
8.956651687622070312e-01
8.443485498428344727e-01
8.343552649021148682e-01
1.250865399837493896e+00
8.765934407711029053e-01
9.598498344421386719e-01
1.074741989374160767e+00
7.885341197252273560e-01
9.217657148838043213e-01
1.159485727548599243e+00
1.144146144390106201e+00
1.127275317907333374e+00
9.693492054939270020e-01
1.015435218811035156e+00
1.107654243707656860e+00
1.125748842954635620e+00
1.179578155279159546e+00
1.237644821405410767e+00
9.697777926921844482e-01
1.098555624485015869e+00
1.005024939775466919e+00
9.987630248069763184e-01
6.552277579903602600e-01
1.029906243085861206e+00
1.076216161251068115e+00
9.585425555706024170e-01
8.198162913322448730e-01
6.960891932249069214e-01
9.736020267009735107e-01
1.035205453634262085e+00
1.213042378425598145e+00
9.813356399536132812e-01
9.579496085643768311e-01
8.740088939666748047e-01
8.000543117523193359e-01
1.046182960271835327e+00
8.990694284439086914e-01
1.289886623620986938e+00
8.700563609600067139e-01
8.664537072181701660e-01
9.110353887081146240e-01
1.105945110321044922e+00
7.049962878227233887e-01
1.024240821599960327e+00
8.335562646389007568e-01
9.996244013309478760e-01
9.977676570415496826e-01
8.444374501705169678e-01
1.272807210683822632e+00
8.964832723140716553e-01
7.205360382795333862e-01
9.375644922256469727e-01
1.036926686763763428e+00
8.212542831897735596e-01
9.493910372257232666e-01
1.248894304037094116e+00
8.997597098350524902e-01
9.292971193790435791e-01
9.759646058082580566e-01
1.041577011346817017e+00
8.571991920471191406e-01
9.442773163318634033e-01
1.002078533172607422e+00
9.992418289184570312e-01
7.880225777626037598e-01
9.224756658077239990e-01
9.253319501876831055e-01
9.904598891735076904e-01
8.884952962398529053e-01
8.807799816131591797e-01
1.116301536560058594e+00
1.006940573453903198e+00
1.051358520984649658e+00
1.122144937515258789e+00
8.199851214885711670e-01
1.115082442760467529e+00
1.159877628087997437e+00
9.211274683475494385e-01
9.366866648197174072e-01
7.790200412273406982e-01
9.696953296661376953e-01
9.268329739570617676e-01
8.130947053432464600e-01
8.548516929149627686e-01
7.986617684364318848e-01
9.172976613044738770e-01
8.527797162532806396e-01
1.037194192409515381e+00
9.869982302188873291e-01
8.769605457782745361e-01
6.979937702417373657e-01
9.180294573307037354e-01
9.548733234405517578e-01
8.998863399028778076e-01
1.126985281705856323e+00
9.170288145542144775e-01
9.953806400299072266e-01
9.518274366855621338e-01
1.121762126684188843e+00
1.029697746038436890e+00
8.791758120059967041e-01
1.071316838264465332e+00
1.066445887088775635e+00
1.050395041704177856e+00
9.052812457084655762e-01
9.380633831024169922e-01
7.963446676731109619e-01
9.060806334018707275e-01
1.037146359682083130e+00
1.128797143697738647e+00
1.053222090005874634e+00
1.110775440931320190e+00
1.049969494342803955e+00
9.418253600597381592e-01
8.651203215122222900e-01
8.080407977104187012e-01
1.100487917661666870e+00
9.348095953464508057e-01
9.560215175151824951e-01
1.060633152723312378e+00
7.606383711099624634e-01
9.806396663188934326e-01
8.094012141227722168e-01
1.322205185890197754e+00
1.213033944368362427e+00
7.956095337867736816e-01
6.790381148457527161e-01
9.941928982734680176e-01
1.007443040609359741e+00
7.186335474252700806e-01
1.156683802604675293e+00
8.066282868385314941e-01
9.586720168590545654e-01
1.103023141622543335e+00
1.002913683652877808e+00
1.258848398923873901e+00
9.938132762908935547e-01
1.109913945198059082e+00
1.230404525995254517e+00
1.160044223070144653e+00
8.655699789524078369e-01
7.749870568513870239e-01
8.550454378128051758e-01
8.392612040042877197e-01
8.157050013542175293e-01
8.629898726940155029e-01
9.150536358356475830e-01
8.858008980751037598e-01
8.182361721992492676e-01
8.363532721996307373e-01
8.177385628223419189e-01
1.147867769002914429e+00
8.532166481018066406e-01
9.136038720607757568e-01
9.039147794246673584e-01
9.459852874279022217e-01
8.926936089992523193e-01
9.252018034458160400e-01
7.819164693355560303e-01
1.243796557188034058e+00
9.366241395473480225e-01
8.082307875156402588e-01
9.634677171707153320e-01
9.976263046264648438e-01
1.015383034944534302e+00
9.193499088287353516e-01
8.776695430278778076e-01
7.685641646385192871e-01
1.012113809585571289e+00
1.037813574075698853e+00
1.000969886779785156e+00
7.213275879621505737e-01
1.086506009101867676e+00
9.406931102275848389e-01
8.812822401523590088e-01
8.738918006420135498e-01
1.100204437971115112e+00
8.880954682826995850e-01
9.651173651218414307e-01
9.040591120719909668e-01
9.451199471950531006e-01
1.052462041378021240e+00
8.228819370269775391e-01
9.228443801403045654e-01
9.748146235942840576e-01
1.008766591548919678e+00
9.061723351478576660e-01
1.006268471479415894e+00
9.238873720169067383e-01
1.166873037815093994e+00
1.310364097356796265e+00
1.050522029399871826e+00
1.344005346298217773e+00
9.573150873184204102e-01
8.907797336578369141e-01
9.502880871295928955e-01
1.272209644317626953e+00
9.558486044406890869e-01
1.054744362831115723e+00
9.120354950428009033e-01
1.064358830451965332e+00
9.147629141807556152e-01
8.639912307262420654e-01
7.563201189041137695e-01
1.147773742675781250e+00
9.822109639644622803e-01
8.965994119644165039e-01
8.474614024162292480e-01
1.405818760395050049e+00
8.593089878559112549e-01
1.095439046621322632e+00
9.785329103469848633e-01
8.480264544486999512e-01
8.655579090118408203e-01
9.903595447540283203e-01
1.330618858337402344e+00
9.966122210025787354e-01
1.003270000219345093e+00
8.654713332653045654e-01
1.080183953046798706e+00
9.027287065982818604e-01
1.044726043939590454e+00
9.408027231693267822e-01
1.083927959203720093e+00
9.778737127780914307e-01
1.348390549421310425e+00
9.570449888706207275e-01
9.866825938224792480e-01
1.007201284170150757e+00
9.688526988029479980e-01
9.536888301372528076e-01
1.028030633926391602e+00
9.023585915565490723e-01
7.539954185485839844e-01
9.295691847801208496e-01
9.110544919967651367e-01
1.028445452451705933e+00
8.061748445034027100e-01
1.125220298767089844e+00
1.172809362411499023e+00
9.724426269531250000e-01
8.705574870109558105e-01
9.318909645080566406e-01
1.104629367589950562e+00
8.089620172977447510e-01
1.013590127229690552e+00
1.052612811326980591e+00
8.614272475242614746e-01
9.223935306072235107e-01
9.808662533760070801e-01
1.170592099428176880e+00
9.088022112846374512e-01
7.259869277477264404e-01
9.200148582458496094e-01
7.938453257083892822e-01
8.166350722312927246e-01
1.009604126214981079e+00
8.611129224300384521e-01
1.005937039852142334e+00
8.138933777809143066e-01
1.063606381416320801e+00
1.216166287660598755e+00
8.318659365177154541e-01
1.057135462760925293e+00
1.202363789081573486e+00
9.367931485176086426e-01
8.201225996017456055e-01
1.077270060777664185e+00
1.020014196634292603e+00
9.303694367408752441e-01
1.011294364929199219e+00
1.042194694280624390e+00
8.354149162769317627e-01
9.908177554607391357e-01
1.004845827817916870e+00
8.912130892276763916e-01
7.132084369659423828e-01
8.961147964000701904e-01
8.931792080402374268e-01
1.056564509868621826e+00
1.128788650035858154e+00
1.083335399627685547e+00
8.482296168804168701e-01
8.575594425201416016e-01
9.618642032146453857e-01
8.621509075164794922e-01
7.217201441526412964e-01
1.000543445348739624e+00
1.027669578790664673e+00
8.280252516269683838e-01
8.456196188926696777e-01
1.130528479814529419e+00
1.073018640279769897e+00
1.174371868371963501e+00
1.138124465942382812e+00
8.167620599269866943e-01
7.615139931440353394e-01
1.182423144578933716e+00
7.762959897518157959e-01
8.857662379741668701e-01
1.108282923698425293e+00
1.083454221487045288e+00
9.374914765357971191e-01
7.941373288631439209e-01
8.535294830799102783e-01
1.010274559259414673e+00
7.772636711597442627e-01
9.282980859279632568e-01
1.373214960098266602e+00
1.046329170465469360e+00
8.626575469970703125e-01
8.450676798820495605e-01
1.012279361486434937e+00
1.095506846904754639e+00
9.914420545101165771e-01
1.079395532608032227e+00
1.158356428146362305e+00
1.049700409173965454e+00
9.521475434303283691e-01
7.198535203933715820e-01
8.011607527732849121e-01
8.179580569267272949e-01
1.126563429832458496e+00
1.052977055311203003e+00
1.016059577465057373e+00
1.121476173400878906e+00
1.206429451704025269e+00
1.013757050037384033e+00
9.772832095623016357e-01
8.833404183387756348e-01
9.445386528968811035e-01
7.425244301557540894e-01
1.013803988695144653e+00
8.397155106067657471e-01
9.000416100025177002e-01
8.814863264560699463e-01
9.124093055725097656e-01
1.107025325298309326e+00
8.222723305225372314e-01
6.769796833395957947e-01
1.014035433530807495e+00
1.058286398649215698e+00
8.722394108772277832e-01
1.053711950778961182e+00
1.028948515653610229e+00
1.020311564207077026e+00
9.379520714282989502e-01
1.065662175416946411e+00
1.092769056558609009e+00
9.689213931560516357e-01
9.225411713123321533e-01
1.023874074220657349e+00
1.001299858093261719e+00
7.464600056409835815e-01
9.692231714725494385e-01
1.081886678934097290e+00
1.014488965272903442e+00
1.170713424682617188e+00
1.159112662076950073e+00
9.454619288444519043e-01
1.023832738399505615e+00
1.074667096138000488e+00
1.212325662374496460e+00
8.858580589294433594e-01
1.006045997142791748e+00
1.112959235906600952e+00
1.009022951126098633e+00
8.006828129291534424e-01
1.034736454486846924e+00
1.206646651029586792e+00
1.189899206161499023e+00
8.061517775058746338e-01
8.180237114429473877e-01
1.303749293088912964e+00
9.895479977130889893e-01
8.576335310935974121e-01
9.889038503170013428e-01
9.392354786396026611e-01
9.234651625156402588e-01
1.216432422399520874e+00
9.449175000190734863e-01
1.021272152662277222e+00
1.033870041370391846e+00
9.349276721477508545e-01
7.573064267635345459e-01
8.515885174274444580e-01
9.171560704708099365e-01
9.389160275459289551e-01
8.943990767002105713e-01
1.020324409008026123e+00
9.331157207489013672e-01
1.001732915639877319e+00
1.027519434690475464e+00
1.241750001907348633e+00
1.278915643692016602e+00
8.937833011150360107e-01
9.075467586517333984e-01
1.010666191577911377e+00
8.706977367401123047e-01
9.627783894538879395e-01
8.778685629367828369e-01
9.432846903800964355e-01
1.188283354043960571e+00
1.023948967456817627e+00
7.992446422576904297e-01
9.206359386444091797e-01
9.628687500953674316e-01
8.224996328353881836e-01
1.098245382308959961e+00
9.291536211967468262e-01
9.465802311897277832e-01
1.158469140529632568e+00
8.680532872676849365e-01
1.273690611124038696e+00
1.095363378524780273e+00
9.316137731075286865e-01
8.728772699832916260e-01
8.235955238342285156e-01
9.183077514171600342e-01
1.122459411621093750e+00
9.292907118797302246e-01
8.944210112094879150e-01
8.274241983890533447e-01
1.099903017282485962e+00
9.604059457778930664e-01
9.140794575214385986e-01
8.729195594787597656e-01
9.322108030319213867e-01
1.086742043495178223e+00
1.066105812788009644e+00
9.124090075492858887e-01
7.033000886440277100e-01
1.197988867759704590e+00
1.030340880155563354e+00
1.166764706373214722e+00
1.038933932781219482e+00
9.704191982746124268e-01
1.133169353008270264e+00
9.952302277088165283e-01
8.387078344821929932e-01
1.018991738557815552e+00
9.383461177349090576e-01
8.760976493358612061e-01
1.037923753261566162e+00
1.024516910314559937e+00
9.967512488365173340e-01
7.870740890502929688e-01
1.015298515558242798e+00
9.075389504432678223e-01
1.130924731492996216e+00
8.550988137722015381e-01
9.910238981246948242e-01
1.111362308263778687e+00
9.645689129829406738e-01
8.117663264274597168e-01
8.418070375919342041e-01
9.883021414279937744e-01
1.066290915012359619e+00
9.113616049289703369e-01
1.039633512496948242e+00
8.618485629558563232e-01
9.790365099906921387e-01
1.051811039447784424e+00
8.178500831127166748e-01
1.059775978326797485e+00
8.638339638710021973e-01
8.580673038959503174e-01
1.002131491899490356e+00
1.098828613758087158e+00
1.240573018789291382e+00
1.007115334272384644e+00
8.559345901012420654e-01
9.898871779441833496e-01
1.088362514972686768e+00
8.103452622890472412e-01
1.085400730371475220e+00
8.400671482086181641e-01
1.066571533679962158e+00
7.241614013910293579e-01
9.427500367164611816e-01
9.380638301372528076e-01
1.016066551208496094e+00
8.105108439922332764e-01
8.088888823986053467e-01
1.033909171819686890e+00
9.649079442024230957e-01
1.030114173889160156e+00
1.104573875665664673e+00
1.105405449867248535e+00
7.711553722620010376e-01
9.541793465614318848e-01
1.090677678585052490e+00
9.028920233249664307e-01
1.016502171754837036e+00
1.134593337774276733e+00
7.266016751527786255e-01
8.312838971614837646e-01
9.786082506179809570e-01
8.922282159328460693e-01
1.012378722429275513e+00
7.597448080778121948e-01
9.367114007472991943e-01
1.269978880882263184e+00
1.030542522668838501e+00
1.022055894136428833e+00
9.595126807689666748e-01
8.899572193622589111e-01
9.132025539875030518e-01
8.825138211250305176e-01
9.897511005401611328e-01
7.733166813850402832e-01
8.108581900596618652e-01
9.837742745876312256e-01
9.480441212654113770e-01
1.287301123142242432e+00
8.469881415367126465e-01
1.177061289548873901e+00
9.187723398208618164e-01
1.154196232557296753e+00
9.734492897987365723e-01
9.085845053195953369e-01
8.539284765720367432e-01
9.369647204875946045e-01
1.105005115270614624e+00
7.186081260442733765e-01
1.142943531274795532e+00
7.746990174055099487e-01
1.005630612373352051e+00
9.529044032096862793e-01
1.031662017107009888e+00
1.116123944520950317e+00
1.051003426313400269e+00
1.073199361562728882e+00
1.022314876317977905e+00
9.778946638107299805e-01
8.701865077018737793e-01
9.677027165889739990e-01
1.164218157529830933e+00
8.466013967990875244e-01
8.447470664978027344e-01
1.128241539001464844e+00
1.103496044874191284e+00
1.263486653566360474e+00
1.003728866577148438e+00
8.735283315181732178e-01
7.432016581296920776e-01
1.149625957012176514e+00
9.741533994674682617e-01
9.041683673858642578e-01
8.360457122325897217e-01
1.024092227220535278e+00
8.934995532035827637e-01
8.401577174663543701e-01
9.424183964729309082e-01
1.081447750329971313e+00
7.858873009681701660e-01
1.055654853582382202e+00
8.478930294513702393e-01
8.392249345779418945e-01
1.034075260162353516e+00
1.062293469905853271e+00
1.108059108257293701e+00
1.156339913606643677e+00
8.412871658802032471e-01
8.105920851230621338e-01
9.487572610378265381e-01
7.372936308383941650e-01
8.337329626083374023e-01
9.088763296604156494e-01
1.069768667221069336e+00
9.904902875423431396e-01
1.057003647089004517e+00
1.123445034027099609e+00
9.028752148151397705e-01
8.611731827259063721e-01
7.919532358646392822e-01
1.052959978580474854e+00
1.024201124906539917e+00
7.579793781042098999e-01
1.210183173418045044e+00
1.062207520008087158e+00
1.203596174716949463e+00
1.222812920808792114e+00
1.272269546985626221e+00
1.018990516662597656e+00
9.791057109832763672e-01
9.858320653438568115e-01
8.650447726249694824e-01
1.118655204772949219e+00
8.265346884727478027e-01
1.048270642757415771e+00
1.049522578716278076e+00
9.440625309944152832e-01
1.066971629858016968e+00
8.569791913032531738e-01
8.858857452869415283e-01
1.116556555032730103e+00
1.234603434801101685e+00
9.689863920211791992e-01
9.367716014385223389e-01
7.554574012756347656e-01
8.544996082782745361e-01
9.392577707767486572e-01
9.975620806217193604e-01
9.504260718822479248e-01
1.162447214126586914e+00
1.153275370597839355e+00
8.422652184963226318e-01
9.557249546051025391e-01
1.113827615976333618e+00
9.579555690288543701e-01
1.071608126163482666e+00
1.044494271278381348e+00
7.660978138446807861e-01
1.093035072088241577e+00
6.730085536837577820e-01
9.443328976631164551e-01
1.082090884447097778e+00
9.295092821121215820e-01
1.118867009878158569e+00
1.200077056884765625e+00
1.058657199144363403e+00
9.912433624267578125e-01
1.040046900510787964e+00
9.073497056961059570e-01
1.085919171571731567e+00
8.346504867076873779e-01
7.256520241498947144e-01
1.153139501810073853e+00
1.269502222537994385e+00
8.251633942127227783e-01
9.034388959407806396e-01
7.793866842985153198e-01
1.124195992946624756e+00
7.118521183729171753e-01
1.067225128412246704e+00
9.182322621345520020e-01
1.006211072206497192e+00
7.481014579534530640e-01
8.455292880535125732e-01
1.196638822555541992e+00
9.274283051490783691e-01
9.305877685546875000e-01
8.355158269405364990e-01
8.562329411506652832e-01
7.578638046979904175e-01
9.775099158287048340e-01
1.056811273097991943e+00
9.482412636280059814e-01
1.085394889116287231e+00
1.300900340080261230e+00
1.012761741876602173e+00
9.811224043369293213e-01
9.150233566761016846e-01
1.181707829236984253e+00
1.057613104581832886e+00
8.437137305736541748e-01
1.017884284257888794e+00
1.119818121194839478e+00
1.153883934020996094e+00
1.147348284721374512e+00
1.177700847387313843e+00
8.620079755783081055e-01
8.062898218631744385e-01
1.007616430521011353e+00
7.898290902376174927e-01
1.043613046407699585e+00
9.870292842388153076e-01
1.013103485107421875e+00
8.897429406642913818e-01
1.055136233568191528e+00
9.121332168579101562e-01
7.927518188953399658e-01
7.192892730236053467e-01
1.057457059621810913e+00
1.086701720952987671e+00
7.541435807943344116e-01
1.230674207210540771e+00
1.183226346969604492e+00
1.045798659324645996e+00
1.015041112899780273e+00
9.683858454227447510e-01
9.082843363285064697e-01
8.094592988491058350e-01
8.919637501239776611e-01
9.616837501525878906e-01
1.039360105991363525e+00
9.006502032279968262e-01
1.215166717767715454e+00
7.159509062767028809e-01
1.099296301603317261e+00
7.909883558750152588e-01
1.023099482059478760e+00
9.838306009769439697e-01
1.047656953334808350e+00
1.036434739828109741e+00
7.859617918729782104e-01
1.121123671531677246e+00
9.585791528224945068e-01
8.471147119998931885e-01
6.851054355502128601e-01
7.545685619115829468e-01
9.911788403987884521e-01
9.443767666816711426e-01
9.980100095272064209e-01
7.792426794767379761e-01
7.448425740003585815e-01
9.823070466518402100e-01
7.865695804357528687e-01
9.848738610744476318e-01
7.321651130914688110e-01
9.681289196014404297e-01
9.011153280735015869e-01
9.718306660652160645e-01
1.040919750928878784e+00
1.093348830938339233e+00
7.899119406938552856e-01
8.695809245109558105e-01
1.041647821664810181e+00
8.550036549568176270e-01
7.382486909627914429e-01
1.041928619146347046e+00
1.026761054992675781e+00
1.038141965866088867e+00
7.856133133172988892e-01
9.850000739097595215e-01
9.428498446941375732e-01
1.045062363147735596e+00
1.272369205951690674e+00
8.476122617721557617e-01
9.672076404094696045e-01
1.113910973072052002e+00
8.995832204818725586e-01
1.098313927650451660e+00
8.577805459499359131e-01
9.672682285308837891e-01
1.133909732103347778e+00
9.370907843112945557e-01
1.131149619817733765e+00
9.208323955535888672e-01
8.201094567775726318e-01
8.748855292797088623e-01
9.295555651187896729e-01
9.351997673511505127e-01
9.187258780002593994e-01
1.085831314325332642e+00
8.776900470256805420e-01
1.019724190235137939e+00
1.053455799818038940e+00
1.117396086454391479e+00
9.704909622669219971e-01
9.230313897132873535e-01
9.673547744750976562e-01
1.404667586088180542e+00
7.945999205112457275e-01
8.479492962360382080e-01
9.704965651035308838e-01
9.235903918743133545e-01
1.076169937849044800e+00
1.028317600488662720e+00
1.061337739229202271e+00
1.002202659845352173e+00
1.137785047292709351e+00
9.800185263156890869e-01
9.722464680671691895e-01
9.733940362930297852e-01
9.225586950778961182e-01
9.528618156909942627e-01
9.426148235797882080e-01
1.120118051767349243e+00
1.025736004114151001e+00
8.750504553318023682e-01
1.037801593542098999e+00
8.785138428211212158e-01
1.144444793462753296e+00
7.961406707763671875e-01
7.883649766445159912e-01
9.746193289756774902e-01
8.603184521198272705e-01
9.810322523117065430e-01
7.863639742136001587e-01
8.328180909156799316e-01
9.826281666755676270e-01
1.138866513967514038e+00
9.455701708793640137e-01
9.211325347423553467e-01
9.059522449970245361e-01
8.211974501609802246e-01
8.439545035362243652e-01
8.711459636688232422e-01
9.921852946281433105e-01
9.770511984825134277e-01
9.183208048343658447e-01
8.595804572105407715e-01
1.041102319955825806e+00
1.171495199203491211e+00
9.769419431686401367e-01
1.044231504201889038e+00
1.104280829429626465e+00
9.731686711311340332e-01
1.108057647943496704e+00
6.339146941900253296e-01
7.327784597873687744e-01
7.795137315988540649e-01
1.030602425336837769e+00
1.033723115921020508e+00
1.097731500864028931e+00
9.631280899047851562e-01
1.043946951627731323e+00
8.687269985675811768e-01
8.670366704463958740e-01
9.633496999740600586e-01
9.838531315326690674e-01
9.076370894908905029e-01
9.061278402805328369e-01
9.648863375186920166e-01
1.085493296384811401e+00
9.820000231266021729e-01
1.019544810056686401e+00
7.708722800016403198e-01
1.018891841173171997e+00
1.001831322908401489e+00
9.664290547370910645e-01
7.435688525438308716e-01
7.866498380899429321e-01
9.243580996990203857e-01
8.938799798488616943e-01
8.631518483161926270e-01
1.214795291423797607e+00
9.491442739963531494e-01
9.511421322822570801e-01
7.516220062971115112e-01
9.972784221172332764e-01
1.014350503683090210e+00
9.484300613403320312e-01
1.176680177450180054e+00
6.994543671607971191e-01
1.130122393369674683e+00
1.150125116109848022e+00
9.835978746414184570e-01
9.376781582832336426e-01
9.465500116348266602e-01
1.220687389373779297e+00
1.234044700860977173e+00
1.078743994235992432e+00
1.196108430624008179e+00
1.118101537227630615e+00
1.363463014364242554e+00
9.712863862514495850e-01
7.935165762901306152e-01
1.204046696424484253e+00
7.593507766723632812e-01
8.547432720661163330e-01
1.139944732189178467e+00
9.298221468925476074e-01
9.691571593284606934e-01
9.365842938423156738e-01
9.045427143573760986e-01
1.066142380237579346e+00
9.607194066047668457e-01
6.495282910764217377e-01
6.661314144730567932e-01
9.334335923194885254e-01
9.102535247802734375e-01
9.608417153358459473e-01
1.020816951990127563e+00
1.164039999246597290e+00
8.895469605922698975e-01
1.004916727542877197e+00
1.203319936990737915e+00
9.371105432510375977e-01
1.076920956373214722e+00
1.225868254899978638e+00
1.093466311693191528e+00
8.428700566291809082e-01
8.490263819694519043e-01
9.472375512123107910e-01
1.155746817588806152e+00
8.778956532478332520e-01
8.545662760734558105e-01
1.089394599199295044e+00
9.698498249053955078e-01
1.024528741836547852e+00
9.811382889747619629e-01
8.866178691387176514e-01
7.992824018001556396e-01
9.231199324131011963e-01
8.507090806961059570e-01
8.635300099849700928e-01
9.307582974433898926e-01
7.635967135429382324e-01
9.920311868190765381e-01
1.116040349006652832e+00
9.234924614429473877e-01
1.025327801704406738e+00
7.157677859067916870e-01
1.065183520317077637e+00
1.203645050525665283e+00
8.273548781871795654e-01
1.021037966012954712e+00
1.174266248941421509e+00
1.261542171239852905e+00
9.536426663398742676e-01
9.246000945568084717e-01
1.123749822378158569e+00
9.455174505710601807e-01
1.071773439645767212e+00
1.130358576774597168e+00
1.083569318056106567e+00
7.329410016536712646e-01
1.003877282142639160e+00
9.606209993362426758e-01
1.146326720714569092e+00
9.922253787517547607e-01
1.151530474424362183e+00
1.144214868545532227e+00
1.072133451700210571e+00
9.435066878795623779e-01
9.804980456829071045e-01
1.011561632156372070e+00
9.944557249546051025e-01
1.056684494018554688e+00
7.423791438341140747e-01
9.136144220829010010e-01
8.915808200836181641e-01
9.253717660903930664e-01
8.015074729919433594e-01
1.115812540054321289e+00
1.093521386384963989e+00
1.073134779930114746e+00
8.815797269344329834e-01
1.059195429086685181e+00
1.019773751497268677e+00
1.125405520200729370e+00
8.097965419292449951e-01
1.353907912969589233e+00
9.142418205738067627e-01
1.156058073043823242e+00
1.177193373441696167e+00
9.363392889499664307e-01
9.115213453769683838e-01
1.059271961450576782e+00
8.409981131553649902e-01
1.003862470388412476e+00
7.253785282373428345e-01
1.084256380796432495e+00
1.026417165994644165e+00
9.518402218818664551e-01
7.952100932598114014e-01
8.254328668117523193e-01
9.597436189651489258e-01
1.037912338972091675e+00
9.047504663467407227e-01
9.338191747665405273e-01
8.357455730438232422e-01
8.447665274143218994e-01
9.974093437194824219e-01
9.371573626995086670e-01
1.047734409570693970e+00
1.221483737230300903e+00
1.257715761661529541e+00
9.686063528060913086e-01
7.931453287601470947e-01
1.101048231124877930e+00
7.262598425149917603e-01
8.173185288906097412e-01
8.961718678474426270e-01
8.231769204139709473e-01
9.733679890632629395e-01
1.319434493780136108e+00
9.789502918720245361e-01
1.213655561208724976e+00
9.676575064659118652e-01
1.050771236419677734e+00
1.123949825763702393e+00
1.033068656921386719e+00
9.999388754367828369e-01
7.467340230941772461e-01
9.863905012607574463e-01
8.984027802944183350e-01
1.001172453165054321e+00
7.513411641120910645e-01
1.140607714653015137e+00
8.880313038825988770e-01
1.075252443552017212e+00
9.031388759613037109e-01
8.643677234649658203e-01
1.007868379354476929e+00
9.129885733127593994e-01
9.042860567569732666e-01
9.208447933197021484e-01
1.031607449054718018e+00
8.873269259929656982e-01
9.254313111305236816e-01
1.066265821456909180e+00
1.086266905069351196e+00
1.113567262887954712e+00
8.328637480735778809e-01
7.283834218978881836e-01
9.189991652965545654e-01
8.174945712089538574e-01
9.632551372051239014e-01
9.133857786655426025e-01
1.107551306486129761e+00
1.049871057271957397e+00
8.010006248950958252e-01
1.072985619306564331e+00
7.404825240373611450e-01
9.123356640338897705e-01
8.368544876575469971e-01
9.810448288917541504e-01
9.961369037628173828e-01
1.064547300338745117e+00
8.994044363498687744e-01
8.791963756084442139e-01
8.076144456863403320e-01
8.818334639072418213e-01
9.207741916179656982e-01
8.680661320686340332e-01
1.022838264703750610e+00
1.012676090002059937e+00
1.114585787057876587e+00
9.198434054851531982e-01
8.284851014614105225e-01
8.850595057010650635e-01
8.242962658405303955e-01
9.268716275691986084e-01
8.240024745464324951e-01
1.194197922945022583e+00
9.722946286201477051e-01
1.157907396554946899e+00
9.868353009223937988e-01
1.078552454710006714e+00
7.874981313943862915e-01
9.300906360149383545e-01
9.000589251518249512e-01
8.869574069976806641e-01
9.700282514095306396e-01
8.490068614482879639e-01
1.043099194765090942e+00
1.228179723024368286e+00
9.636796712875366211e-01
9.512895345687866211e-01
9.055578708648681641e-01
1.236161321401596069e+00
1.083563536405563354e+00
7.646491974592208862e-01
9.400564432144165039e-01
8.609240651130676270e-01
1.050564646720886230e+00
1.041855543851852417e+00
1.018251955509185791e+00
9.320562481880187988e-01
9.648701846599578857e-01
1.120961964130401611e+00
7.513486146926879883e-01
8.960366249084472656e-01
1.093285828828811646e+00
1.111207813024520874e+00
1.140173047780990601e+00
9.845765531063079834e-01
9.552580118179321289e-01
9.081752002239227295e-01
8.758005499839782715e-01
8.165729939937591553e-01
1.095752716064453125e+00
1.067779570817947388e+00
7.970154881477355957e-01
9.857651889324188232e-01
7.720803171396255493e-01
9.610694944858551025e-01
1.137417107820510864e+00
1.090456515550613403e+00
8.342407643795013428e-01
1.085909128189086914e+00
1.227931410074234009e+00
9.608784615993499756e-01
9.423485398292541504e-01
9.977163374423980713e-01
1.158982276916503906e+00
8.085899949073791504e-01
1.125252842903137207e+00
8.714756071567535400e-01
1.116102486848831177e+00
1.175208121538162231e+00
1.097575515508651733e+00
8.973689079284667969e-01
7.870634049177169800e-01
1.065529465675354004e+00
8.953748345375061035e-01
1.140877574682235718e+00
1.195203155279159546e+00
1.263273477554321289e+00
9.095857441425323486e-01
9.497891068458557129e-01
9.248794615268707275e-01
9.543361961841583252e-01
1.019262254238128662e+00
9.580505490303039551e-01
1.247955352067947388e+00
1.106135606765747070e+00
8.824296891689300537e-01
1.037610083818435669e+00
1.000576913356781006e+00
1.060781955718994141e+00
8.407780826091766357e-01
9.435243308544158936e-01
9.706249237060546875e-01
1.083013623952865601e+00
9.584022760391235352e-01
1.048217028379440308e+00
8.848469853401184082e-01
9.534685611724853516e-01
1.344422906637191772e+00
8.457024097442626953e-01
8.292121589183807373e-01
8.392376899719238281e-01
9.364305138587951660e-01
8.925657272338867188e-01
9.531151354312896729e-01
8.932165801525115967e-01
1.198453366756439209e+00
7.944521009922027588e-01
1.151246398687362671e+00
8.724397718906402588e-01
1.284595429897308350e+00
1.158218502998352051e+00
8.386211693286895752e-01
