4.458300148447354866e-02
4.551114390293756889e-02
4.478372757633527351e-02
4.408592979113260674e-02
4.048073664307594299e-02
3.870452257494131493e-02
3.653904423117637634e-02
3.552235476672649384e-02
3.359499139090379310e-02
3.019251301884651184e-02
2.927087681988875187e-02
2.764302119612693787e-02
2.326599943141142643e-02
2.076495749255021298e-02
1.700867898762226105e-02
1.327423254648844343e-02
1.091947158177693743e-02
1.364894894262154955e-02
9.083339013159275055e-03
6.844807105759779901e-03
1.251635948816935164e-02
6.577086479713519125e-03
5.593234517922003775e-03
7.737980845073859186e-03
9.400326448182264386e-03
8.402184272805849133e-03
4.862147383391857147e-03
4.460772499442100525e-03
4.719842458143830299e-03
5.601626820862293243e-03
6.174854934215545654e-03
7.972819420198598919e-03
4.839203941325346918e-03
4.249299177899956703e-03
5.769730856021245032e-03
5.097606685012578964e-03
4.725799042110641508e-03
5.786781820158163996e-03
5.013194245596726446e-03
4.591636359691619873e-03
5.654408130794763565e-03
5.851662562539179831e-03
6.770705804228782654e-03
5.078881513327360153e-03
4.491359771539767294e-03
4.291759027789036722e-03
4.568600639080007582e-03
4.910743950555722208e-03
4.422794251392285318e-03
4.487144527956843376e-03
5.267135643710692434e-03
4.980331907669703455e-03
4.871885990723967552e-03
4.619421592603127451e-03
4.909725316489736528e-03
8.144857672353586139e-03
4.529025871306657791e-03
5.423189916958411246e-03
4.783373170842726736e-03
8.806325184802213726e-03
1.050262836118539232e-02
3.994355055813987761e-03
3.853829655175407872e-03
4.078541494285066633e-03
4.778670923163493185e-03
5.765818525105714798e-03
4.094844606394569368e-03
3.530521256228288159e-03
3.674892087777455792e-03
3.713935691242416844e-03
4.508668246368567438e-03
4.801101516932249069e-03
4.277076106518507004e-03
4.092063910017411203e-03
4.046694453184803038e-03
3.513390198349952698e-03
3.924293443560600281e-03
1.240878769507010836e-02
3.156912357856830106e-03
3.040301186653474822e-03
3.069324574122826114e-03
3.433598515888055310e-03
3.735832249124845014e-03
3.383775241672992706e-03
3.151743750398357854e-03
3.279920667409896851e-03
3.995158011093735695e-03
3.087458976854880795e-03
2.855167646581927791e-03
3.190095148359735951e-03
3.121121398483713612e-03
2.866353994856277957e-03
3.131235716864466667e-03
5.567829745511214228e-03
3.601342982922991261e-03
4.843478556722402573e-03
3.606533398851752281e-03
2.794866760571797833e-03
1.020255126059055328e-02
6.252899145086606054e-03
3.836042170102397456e-03
2.839583360279599681e-03
3.460220371683438764e-03
2.890184676895538821e-03
2.545707548658052936e-03
3.053329652175307274e-03
2.865567648162444577e-03
2.770147441575924411e-03
2.426241136466463551e-03
2.396709285676479340e-03
2.897514224362870202e-03
3.026340777675310626e-03
2.751325334732731328e-03
2.874096933131416783e-03
3.291851452862223134e-03
3.040125981594125285e-03
3.402546358605226026e-03
2.896820039798816190e-03
2.758098610987266049e-03
2.800781357412537084e-03
4.089286318048834801e-03
3.021297976374626160e-03
2.300732264605661378e-03
3.386889429142077908e-03
2.699773681039611354e-03
3.060013521462678909e-03
2.850547432899475098e-03
2.448219340294599533e-03
3.064735870187481389e-03
2.826237895836432919e-03
2.325810453233619676e-03
3.291320288553833961e-03
2.641868156691392407e-03
2.443512009146312728e-03
3.073689527809619904e-03
2.546106077109774098e-03
2.911216191326578603e-03
3.117149695754051208e-03
2.750765415839850903e-03
2.791026219104727254e-03
3.462525705496469989e-03
3.072103795905908093e-03
2.776193122069040790e-03
2.507036629443367467e-03
3.232691204175353050e-03
3.508998391528924451e-03
2.692971883031229034e-03
2.212365468343099103e-03
2.885557943955063820e-03
2.348707290366292000e-03
2.529650383318463817e-03
2.735684625804424286e-03
3.035970575486620412e-03
3.175274236127734184e-03
3.553211766605576024e-03
2.767834346741437912e-03
2.350611495785415173e-03
2.922133115741113677e-03
2.248420263640582561e-03
3.083627826223770633e-03
3.134047612547874451e-03
3.198022410894433513e-03
2.784778752053777232e-03
2.501053774418930068e-03
4.553916553656260462e-03
2.912971113498012080e-03
3.600559818247953906e-03
2.974785864353179932e-03
2.725408645346760750e-03
2.766483540957172856e-03
3.070034629975756154e-03
2.912553958594799042e-03
3.047012723982334137e-03
2.464533783495426178e-03
2.518649445846676826e-03
3.298887594913443074e-03
2.869074465706944466e-03
3.136078982303539767e-03
3.011062353228529439e-03
2.688043052330613136e-03
2.717240247875452042e-03
2.493087784387171268e-03
2.388947914975384727e-03
2.406850146750608935e-03
2.636255385975042834e-03
3.448867549498876080e-03
2.663721097633242607e-03
2.363155052686730876e-03
2.340793803644677148e-03
2.625066398953398213e-03
3.378788397336999431e-03
2.721899033834537015e-03
2.319473113554219260e-03
2.715824559951821818e-03
2.751868295793732152e-03
3.213086631149053574e-03
2.697560703381896019e-03
2.526037821856637940e-03
2.348743844777345657e-03
2.413205259169141307e-03
2.413563042258223042e-03
2.689067196721831813e-03
2.406616229563951492e-03
2.774290430049101367e-03
2.755661029368638992e-03
2.478989384447535024e-03
3.080516820773482323e-03
2.395506948232650757e-03
2.675599729021390424e-03
2.377059698725739970e-03
2.607488151018818364e-03
2.105101729587962375e-03
2.244597223276893153e-03
2.388665763040383801e-03
2.840388643865784154e-03
2.477802336215972900e-03
2.617252253306408868e-03
2.538144898911317334e-03
2.415455334509412303e-03
3.196366907407840238e-03
2.575826055059830203e-03
3.349619684740900993e-03
2.576905690754453197e-03
2.612334482061366096e-03
2.437208429910242558e-03
2.762648354594906316e-03
2.251553853663305297e-03
2.514797107626994595e-03
2.260444103740155697e-03
2.392646080503860965e-03
2.752734852644304290e-03
2.597824709179500594e-03
2.519131638109683990e-03
2.823858366658290372e-03
2.572626263524095073e-03
2.123478101566433907e-03
2.629961818456649780e-03
2.677043977503975377e-03
2.429850709935029492e-03
2.625649872546394811e-03
2.406940562650561333e-03
2.341963040331999316e-03
2.849966132392486081e-03
2.516697354925175652e-03
2.090770596017440305e-03
2.237096739312013135e-03
2.439642363848785415e-03
2.818351689105232701e-03
2.399535306418935313e-03
2.300351237257321820e-03
2.874304307624697685e-03
2.244486745136479392e-03
2.428474448000391469e-03
2.546350743311146751e-03
2.280086395330727100e-03
2.481900310764709964e-03
2.597102662548422813e-03
2.625834662467241287e-03
2.160627433719734206e-03
2.553498450045784459e-03
2.295896333331862941e-03
2.739736655106147275e-03
2.171738306060433388e-03
2.567258391839762673e-03
2.348561383162935719e-03
2.418561683346827969e-03
2.139812490592400088e-03
3.192946858083208547e-03
2.328317806435128198e-03
2.604933455586433411e-03
2.607316865275303378e-03
2.215617646773656354e-03
2.397686320667465672e-03
2.366386897241075978e-03
2.245331066660583019e-03
2.560416236519813538e-03
2.267732284963130951e-03
2.429316674048701778e-03
2.302157653806110368e-03
2.741296775639057159e-03
2.470923354849219322e-03
2.385384015118082509e-03
2.171438109750548854e-03
2.788782663022478566e-03
2.761344076134264469e-03
2.382760091374317660e-03
2.740089936802784457e-03
2.404253308971723065e-03
2.198891403774420276e-03
2.479484770447015762e-03
2.361445804126560688e-03
2.564671526973446355e-03
2.367792418226599693e-03
2.353954672192533955e-03
2.763295701394478335e-03
2.382791911562283978e-03
2.152480495472749219e-03
2.292177562291423335e-03
2.622381240750352397e-03
2.412411384284496307e-03
2.419522148557007313e-03
2.193851706882318005e-03
2.565817402986188874e-03
2.441682503558695316e-03
2.403154503554105759e-03
2.572611517583330617e-03
2.260978023211161151e-03
2.537319824720422282e-03
2.249152399599552155e-03
2.406149792174498096e-03
2.226469727853933826e-03
2.395980486956735597e-03
2.291567701225479588e-03
2.472345523225764289e-03
2.400266860301295772e-03
2.323548037869235024e-03
2.457492984831333160e-03
2.381359149391452327e-03
2.331994551544388280e-03
2.536621876060962677e-03
2.086301567032933235e-03
2.629465578744808688e-03
2.357660598742465034e-03
2.340719336643815041e-03
2.435555138314763560e-03
2.405997986594835773e-03
2.291305456310510635e-03
2.352128115793069348e-03
2.316651244958241925e-03
2.607225983714064107e-03
2.119402828005453095e-03
2.693883609026670456e-03
2.319606176267067447e-03
2.333003329113125801e-03
2.276325908799966321e-03
2.218744174266854777e-03
2.381225077745815263e-03
2.320887986570596695e-03
2.396674128249287605e-03
2.363354743768771634e-03
2.386706260343392835e-03
2.100412772657970443e-03
2.438996530448397145e-03
1.998472764777640357e-03
2.509103932728370175e-03
2.272807837774356351e-03
2.298252307809889317e-03
2.478752595682939038e-03
2.328469456794361129e-03
2.310520581280191884e-03
2.014176726030806556e-03
2.687946970884998784e-03
2.127723147471745953e-03
2.183193418507774815e-03
2.292358510506649957e-03
2.653685204374293342e-03
2.303898256892959132e-03
2.478974871337413788e-03
2.521788856635490909e-03
2.334561975051959500e-03
2.555963893731435285e-03
2.235779693971077457e-03
2.514250498885909572e-03
2.461926119091609969e-03
2.306403708644211292e-03
2.047551795840263367e-03
2.226502712195118413e-03
2.200598867299655929e-03
2.193718527754147992e-03
2.493420771012703433e-03
2.311315814343591676e-03
2.211224520578980446e-03
2.541494555771350861e-03
2.323771283651391521e-03
2.199894671017924800e-03
2.329156035557389259e-03
2.230245154350996017e-03
2.358754631131887436e-03
2.228008505577842250e-03
2.493652049452066422e-03
2.184918965213000774e-03
2.497488982044160366e-03
2.107930486090481281e-03
2.151435008272528648e-03
2.629198483191430569e-03
2.359786924595633998e-03
2.728928229771554470e-03
2.256366812313596263e-03
2.349637332372367382e-03
2.359588785717884555e-03
2.119422812635699763e-03
2.646408975124359131e-03
2.340344091256459699e-03
2.213091822341084480e-03
2.165788978648682580e-03
2.499769519393642888e-03
2.064973348751664162e-03
2.364273765124380589e-03
2.224077470600605011e-03
2.530727031019826875e-03
2.400847345901032433e-03
2.170807216316461563e-03
2.118758275173604488e-03
2.120058091046909347e-03
2.155772992409765720e-03
2.271712680036822810e-03
2.237470510105291858e-03
2.338793788415690408e-03
2.399129754242797837e-03
2.164123036588231578e-03
2.390966207409898295e-03
2.431208423028389468e-03
2.274941808233658328e-03
2.121463689642647758e-03
2.379181096330285072e-03
2.169381904726227269e-03
2.216991580401857839e-03
2.228267413253585353e-03
2.430586066717902675e-03
2.318888281782468305e-03
2.112254422778884425e-03
2.552277874201536179e-03
2.122563038331767068e-03
2.274236564214030757e-03
2.219354112943013654e-03
2.371585345827043056e-03
2.368126374979814038e-03
2.045816509053111076e-03
2.328024323408802495e-03
2.204942012516160951e-03
2.466870433030029282e-03
2.167367997268835559e-03
2.463144560654958234e-03
2.088050280387202754e-03
2.317074298237761006e-03
2.343386528082191944e-03
2.453675221962233529e-03
2.384099061600863934e-03
2.436327437559763446e-03
2.355842540661493793e-03
2.266692773749431119e-03
2.079469927897056088e-03
2.126487515245874867e-03
2.169970578203598514e-03
2.069740866621335492e-03
2.284841728396713734e-03
2.174871779667834296e-03
2.317525407609840379e-03
2.327509690076112747e-03
2.319029532372951508e-03
2.241336119671662793e-03
2.153578214347362518e-03
2.142291865311563015e-03
2.284564543515443802e-03
2.289131128539641843e-03
2.008861551682154193e-03
2.105997564891973987e-03
2.282813036193450437e-03
2.166145713999867439e-03
2.018964558374136686e-03
2.192931831814348698e-03
2.147216039399305835e-03
2.165271861789127335e-03
2.257032940785089984e-03
2.365127632704874024e-03
2.211941483741005406e-03
2.497530309483408928e-03
2.161946807367106423e-03
2.159473680270215020e-03
2.146292128600180149e-03
2.253067369262377277e-03
2.242511138319969177e-03
2.229978175212939725e-03
2.088152027378479495e-03
2.213310644341011987e-03
2.171927713789045811e-03
2.199474877367416873e-03
2.333083345244328036e-03
2.186008185769120708e-03
2.203836183374126897e-03
2.326456053803364291e-03
2.274557870502273097e-03
2.188854695608218656e-03
2.428334167537590012e-03
2.293849480338394642e-03
2.224152480872968688e-03
2.095355729882915959e-03
2.217234888424476132e-03
2.277608339985211835e-03
2.231734921224415302e-03
2.234082979460557446e-03
2.209093150061865792e-03
2.176964694323638930e-03
2.248741608733932033e-03
2.154662623070180416e-03
2.258101439413925157e-03
2.343491767533123493e-03
2.174214227125048637e-03
2.211402907657126441e-03
2.157843516518672452e-03
2.163010416552424431e-03
2.151783904992043972e-03
2.333229291252791882e-03
2.240654818403224006e-03
2.146497873278955474e-03
2.274461401005586133e-03
2.092642360366880894e-03
2.038689757076402650e-03
2.279558529456456647e-03
2.242234069854021072e-03
2.106689421149591460e-03
2.322354121133685112e-03
2.118586329743266106e-03
2.207850416501363263e-03
2.079486924534042821e-03
2.029941960548361287e-03
2.201669228573640332e-03
2.288159914314746857e-03
2.081174907895425811e-03
2.456514591661592469e-03
2.302886724161604896e-03
2.111435091743866458e-03
2.216409115741650119e-03
2.019022746632496371e-03
2.445366311197479710e-03
2.457564386228720203e-03
2.171898260712623596e-03
2.021763163308302417e-03
2.153544880760212884e-03
2.114721767914792046e-03
2.259330668797095761e-03
2.155698913459976659e-03
2.277279427895943179e-03
2.079697209410369396e-03
2.238450959945718303e-03
2.173080807551741600e-03
2.124927549933393941e-03
2.150533216384550080e-03
2.204416707778970256e-03
2.194172392288843646e-03
2.175572483489910617e-03
2.115480330151816354e-03
2.377193459930519118e-03
2.140048813695708766e-03
2.155474193083743110e-03
2.344942380053301797e-03
2.296092182708283410e-03
2.271741434621314063e-03
2.321568511736889825e-03
2.134854944112400069e-03
2.329035118843118205e-03
2.176667951668302074e-03
2.102116355672478676e-03
2.205896812180677905e-03
2.330398070625960827e-03
2.182597022814055428e-03
2.308291499502956867e-03
2.065370945880810275e-03
2.200681910229226098e-03
2.206018155751129136e-03
2.135295964156588063e-03
2.084937645122408867e-03
2.280872392778595433e-03
2.121830359101295471e-03
2.286615859096249089e-03
2.159038480992118373e-03
2.261464057179788604e-03
2.328124557000895486e-03
2.127386513166129589e-03
2.216083967747787490e-03
2.120864965642491832e-03
2.308455451081196323e-03
2.035285190989573941e-03
2.319634969656666264e-03
2.392608749990662084e-03
2.273114087680975452e-03
2.280953379037479415e-03
2.342308172956109047e-03
2.209585780898729816e-03
2.344545015754798904e-03
2.247943736923237786e-03
2.314491507907708630e-03
2.167774907623728261e-03
2.116328144135574355e-03
2.075185223172108188e-03
2.202254176760713115e-03
2.271078449363509669e-03
2.289337998566528306e-03
2.219718609315653787e-03
2.205259011437495694e-03
2.106089610606431961e-03
2.101475838571786880e-03
2.169114964393278108e-03
2.036163777423401818e-03
2.162043082838257298e-03
2.156174935710926995e-03
2.087004288720587745e-03
2.188702463172376156e-03
2.429066613937417522e-03
2.135580638423562050e-03
2.145512107138832555e-03
1.983837030517558112e-03
2.169451792724430561e-03
2.084027238500615106e-03
2.213543824230631337e-03
2.292476555642982469e-03
2.146067020172873988e-03
2.163525476741293922e-03
2.157719029734531894e-03
2.221861582559844003e-03
2.210928321195145593e-03
2.029638194168607249e-03
2.273135857346157088e-03
2.118646322439114108e-03
2.112961839884519577e-03
2.051636110991239548e-03
2.153581784417232022e-03
2.092130482196807861e-03
2.278885571286082268e-03
2.053500696395834432e-03
2.095604897476732731e-03
2.083417455044885621e-03
2.153070798764626041e-03
2.195420713784793868e-03
2.122243672298888221e-03
2.147032568852106586e-03
2.081459038890898228e-03
2.097949463253220067e-03
2.144443414484461293e-03
2.225914581989248738e-03
2.112616202794015408e-03
2.179772049809495463e-03
2.162055733303228870e-03
2.211557235568761826e-03
2.184089816485842214e-03
2.178337735434373364e-03
2.025126945227384567e-03
2.373813302256166935e-03
2.012829800757268920e-03
2.204562847812970624e-03
2.018662363601227746e-03
2.163625555112957954e-03
2.142915502190589905e-03
2.166497676322857394e-03
2.253047268216808782e-03
2.102119848132133484e-03
2.181175436514119163e-03
2.141078002750873566e-03
2.156335782880584254e-03
2.058699533032874122e-03
2.180671474585930362e-03
1.983824612883230195e-03
2.097157683844367519e-03
2.283761704651018128e-03
2.155970471600691333e-03
2.153971077253421292e-03
2.097029898626109109e-03
2.090336638502776623e-03
2.035012701526284218e-03
2.082027533712486281e-03
2.038254829434057221e-03
2.156798883030811801e-03
2.243960198635856166e-03
2.059289681104322419e-03
2.335420227609574795e-03
2.049387122193972125e-03
2.115777383248011127e-03
2.243239665403962135e-03
2.184291409018138900e-03
2.227362012490630150e-03
2.116557443514466286e-03
2.046679961495101452e-03
2.233537534872690692e-03
2.215235804518064008e-03
2.030010645588239179e-03
2.124133403412997723e-03
2.019717746103803172e-03
2.012724289670586586e-03
2.305923650662104144e-03
2.215760294348001480e-03
2.251327891523639217e-03
2.108479035086929798e-03
2.247314900159835815e-03
2.013403534268339620e-03
2.129199138532082095e-03
2.062245116879542813e-03
2.186546606632570281e-03
2.244735912730296597e-03
2.281508059240877628e-03
2.154326454425851359e-03
2.335933231127758965e-03
2.210033824667334557e-03
2.084497401180366530e-03
2.118405265112718091e-03
2.039793878793716431e-03
2.006991572367648139e-03
2.112846860351661697e-03
2.190973958931863308e-03
2.247858326882123947e-03
2.200933755375444889e-03
2.020491830383738027e-03
2.352378369929889693e-03
2.068490643675128474e-03
2.141381924351056561e-03
2.114235695141057029e-03
2.116567183596392617e-03
2.107469442610939488e-03
2.193333891530831799e-03
2.050816236684719577e-03
2.112756405646602168e-03
2.327599911950528622e-03
2.052322456923624024e-03
2.203624773149689183e-03
2.207114788082738862e-03
2.049338111343482986e-03
2.116501098498702049e-03
2.181362360715866089e-03
2.295381234337886319e-03
2.166953713943561063e-03
2.209846861660480499e-03
2.298354675682882323e-03
2.076084841974079609e-03
2.205907211949428067e-03
2.220761457768579469e-03
2.026278642006218433e-03
2.172064579402407155e-03
2.220699486012259975e-03
2.304772807595630631e-03
2.156075128975013747e-03
2.140292820210258021e-03
2.203039863767723098e-03
2.098853428227206216e-03
2.052221253203848853e-03
2.210139296948909760e-03
1.944344102715452440e-03
2.062783615353206649e-03
2.174618847978611932e-03
2.317515085451304913e-03
2.334382501430809498e-03
2.081519419637819276e-03
2.111774093161026492e-03
2.209093770943582058e-03
2.069843777765830502e-03
1.915788782450060122e-03
2.208835716980198875e-03
2.183454964930812373e-03
2.037843495296935096e-03
2.227132945942381873e-03
2.174639065439502254e-03
2.149300649762153625e-03
2.186232789730032430e-03
2.080168031776944652e-03
2.190601740342875466e-03
2.001931619209547982e-03
2.240182094586392388e-03
2.152276419413586602e-03
2.235979385053118215e-03
2.094307448714971542e-03
2.122179566261669145e-03
1.995856912496189132e-03
2.195598557591438293e-03
2.101958651716510310e-03
2.192892483435571194e-03
2.110983283879856124e-03
2.184031996876001358e-03
2.096493379212915897e-03
2.046198972190419688e-03
2.060927023800710692e-03
2.127922799748679147e-03
2.244630130007863045e-03
2.201628327990571513e-03
2.029441374664505467e-03
2.385210517483452811e-03
2.068122227986653790e-03
2.109045123991867051e-03
2.195414854213595390e-03
2.115726238116621971e-03
2.077151943619052425e-03
2.360096705767015472e-03
2.043227393490572915e-03
2.291256212629377842e-03
2.161882196863492474e-03
2.019327405529717460e-03
2.093629833931724086e-03
2.108831889927387238e-03
2.159245855485399709e-03
2.155968764175971494e-03
2.153911239778002248e-03
2.137036450828115001e-03
2.199968439526855946e-03
2.263432989517847552e-03
2.118674029285708919e-03
2.141089178621768951e-03
2.381430706009268761e-03
2.092973911203444004e-03
2.269298808338741317e-03
2.251705504022538662e-03
2.477175827759007468e-03
2.169308563073476300e-03
2.028964615116516605e-03
2.110684406943619251e-03
2.286941511556506157e-03
2.073083499756952271e-03
2.093479114895065770e-03
2.059795156431694970e-03
2.288581143754223838e-03
2.171023127933343396e-03
2.109503295893470302e-03
2.107906271703541279e-03
2.117592453335722432e-03
2.090246882289648056e-03
2.065454764912525668e-03
2.253047889098525047e-03
2.186394723442693696e-03
2.177269120390216365e-03
2.107291171948114886e-03
2.003397443331778049e-03
2.127998353292544827e-03
2.089695500520368562e-03
2.180935504535833850e-03
2.081248404768606172e-03
2.245864442860086903e-03
2.202046491826573863e-03
2.135785645805299282e-03
2.321369946002960205e-03
2.139960803712407603e-03
2.152421744540333748e-03
2.028502485093971238e-03
2.183075218151012912e-03
1.915738607446352713e-03
2.147574171734353051e-03
2.309852473748227105e-03
2.210876904428005219e-03
2.056536148302257061e-03
2.041301845262447848e-03
2.237509431627889619e-03
2.190049427251020923e-03
2.166317038548489556e-03
2.348102241133650289e-03
2.299916930496692657e-03
2.069714595563709736e-03
2.247166121378540993e-03
2.189566342470546708e-03
2.178112859837710857e-03
2.256201192115744100e-03
2.315059731093545899e-03
2.092567815755804524e-03
2.192071639001369476e-03
2.090035704895853996e-03
1.960030562865237250e-03
2.100673387758433819e-03
2.241731116858621583e-03
2.500387878778080001e-03
2.197339277093609319e-03
2.032304027428229794e-03
2.181263097251454845e-03
2.187887827555338397e-03
2.396616269834339619e-03
2.170440391637384892e-03
2.108329674229025841e-03
2.138634833196798816e-03
2.219295672451456532e-03
2.154220943339169025e-03
2.097341736468175902e-03
2.210155051822463527e-03
2.129869457955161586e-03
2.116015180945396423e-03
1.985534210689365864e-03
2.063607874636848912e-03
2.143518766388297081e-03
2.324256075856586442e-03
2.147318174441655621e-03
2.092390554025769234e-03
2.041352524732550130e-03
2.173832462479670987e-03
2.164287570243080602e-03
2.293440241677065835e-03
2.071956366611023889e-03
2.162613285084565625e-03
2.208666798348227992e-03
2.192464501907428250e-03
2.067081048153340816e-03
1.975242358942826734e-03
2.113960023658970847e-03
2.087875696209569917e-03
2.345734547513226523e-03
2.283738654417296395e-03
2.071394080606599793e-03
2.059223324370881066e-03
2.190454785401622310e-03
2.055150999998053059e-03
2.199892769567668438e-03
2.292484549495080962e-03
2.199335528227190032e-03
2.126793066660563006e-03
2.219461952336132526e-03
2.209481045914193139e-03
2.121125891183813558e-03
2.159011239806810870e-03
2.150982385501265526e-03
2.141546458005905151e-03
2.186341909691691399e-03
2.204165017853180423e-03
2.146955346688628197e-03
2.121740719303488731e-03
2.179872477427124977e-03
2.126626980801423535e-03
2.103648148477077484e-03
2.187333613013227925e-03
2.126445993781089783e-03
2.050695242360234261e-03
2.072442012528578296e-03
1.967118160488704696e-03
2.192082116380333900e-03
2.123348725338777051e-03
2.019675758977731213e-03
1.981014114183684335e-03
2.106616273522377014e-03
2.079289716978867993e-03
2.047181168260673537e-03
2.249999631506701455e-03
2.077835107532640443e-03
2.084688399918377399e-03
2.219392452389001846e-03
2.203803160227835178e-03
2.159174066036939621e-03
2.269779099151492119e-03
2.129194055063029275e-03
2.255735996489723668e-03
2.104159405765434251e-03
2.140662632882595062e-03
2.238386465857426181e-03
2.235406078398227692e-03
2.443839640667041287e-03
2.108241159779330239e-03
2.054992558745046601e-03
2.078242793989678368e-03
2.115204619864622607e-03
2.088116986366609588e-03
2.076501570021112904e-03
2.253027050755918026e-03
2.121640330490966782e-03
2.280004904605448246e-03
2.126257362154623017e-03
2.273546027330060944e-03
2.161018045929571137e-03
2.238402453561624036e-03
2.165500889532268047e-03
2.278802489551404967e-03
2.030128147453069687e-03
2.292245432424048438e-03
2.137733933826287732e-03
2.114490838721394539e-03
2.160258513564864650e-03
2.079197748874624715e-03
2.209244800421098723e-03
2.206242177635431290e-03
2.292812142210701957e-03
2.339920766341189399e-03
2.029082311006883636e-03
2.127240179106593132e-03
2.030903240665793419e-03
2.050966063203910842e-03
2.028463097910086169e-03
2.129237167537212372e-03
2.167365009275575623e-03
2.258458097154895320e-03
2.307608219174047456e-03
2.106064658922453866e-03
2.051404444500803947e-03
2.212859496163825049e-03
2.272706866885224834e-03
2.325902537753184781e-03
2.242132943744460597e-03
2.321032690815627575e-03
2.115621115081012249e-03
2.143038203939795494e-03
2.292363749196132169e-03
2.182646460520724311e-03
2.139451874730487809e-03
2.084719948470592499e-03
2.229412784799933434e-03
2.053643111139535904e-03
2.118778880685567856e-03
2.151341022302707181e-03
2.236494445241987705e-03
2.124235189209381595e-03
2.207982315060993180e-03
2.385686500929296017e-03
2.265842437433699622e-03
2.027332860355576024e-03
2.171832292030254855e-03
2.072538753661016479e-03
2.116069352875153079e-03
2.102963393554091454e-03
2.271448999332884803e-03
2.184303787847360120e-03
2.169400414762397752e-03
2.234969908992449298e-03
2.165510707224408641e-03
