8.723848064740499231e-01
9.846858183542887000e-01
1.489371776580810547e+00
1.082358419895172119e+00
7.735158403714498254e-01
9.510355591773986816e-01
1.130300104618072510e+00
7.578741510709127160e-01
8.690833051999410364e-01
8.781236608823140832e-01
8.604261875152587891e-01
7.136123577753702429e-01
7.840460340181986121e-01
6.437724431355794641e-01
6.027460296948751184e-01
5.457441608111063269e-01
8.032410442829132080e-01
7.421785593032836914e-01
5.558400154113769531e-01
6.676664551099141809e-01
8.555650512377420691e-01
9.552695850531259802e-01
3.867301344871520996e-01
6.976412932078043250e-01
8.630318045616149902e-01
9.644029637177785608e-01
3.327405750751495361e-01
3.328187465667724609e-01
3.140809039274851666e-01
3.975930809974670410e-01
4.799101849397023334e-01
7.377589742342630652e-01
3.228099147478739606e-01
3.608748813470204486e-01
4.527382353941599713e-01
3.088754316171010150e-01
3.073537548383076801e-01
3.857484360535939349e-01
3.838016986846923828e-01
3.103229502836863385e-01
3.221411406993865967e-01
4.823121130466461182e-01
4.907208979129791260e-01
3.162825902303059711e-01
3.602795799573262348e-01
3.524512052536010742e-01
3.809529244899749756e-01
3.198188443978627338e-01
3.543485899766286029e-01
3.255987465381622314e-01
3.435770173867543353e-01
6.620446940263112756e-01
3.229334255059559955e-01
3.474012315273284912e-01
3.333528141180674420e-01
7.369845509529113770e-01
3.218642274538676129e-01
4.049397110939025879e-01
3.572130600611369000e-01
8.341781894365946082e-01
1.067283074061075920e+00
3.063566088676452637e-01
3.099847584962844849e-01
2.929185926914215088e-01
4.103246132532755719e-01
5.273576478163400916e-01
2.871698637803395404e-01
2.723086078961690082e-01
2.599973628918330060e-01
2.904377828041712628e-01
3.635195791721343994e-01
3.670974373817443848e-01
2.865776618321736469e-01
3.132704496383666992e-01
3.210923373699188232e-01
3.014354010423024310e-01
4.145838220914204730e-01
9.936639070510864258e-01
2.915286421775817871e-01
2.701510687669118060e-01
2.893593659003575458e-01
4.486332039038340436e-01
2.768797377745310651e-01
2.721961041291554584e-01
2.423977305491765433e-01
3.738662600517272949e-01
3.938952982425689697e-01
2.550586163997650146e-01
2.510288208723068237e-01
3.012118041515350342e-01
2.541143198808034076e-01
2.886948386828104840e-01
2.675318568944931030e-01
6.051661670207977295e-01
3.713203668594360352e-01
6.621847748756408691e-01
2.715022464593251361e-01
4.183227618535359515e-01
8.417259256045023230e-01
7.934986154238382605e-01
4.340618252754211426e-01
2.468019823233286447e-01
2.579056868950526105e-01
2.353888849417368478e-01
2.381552110115686960e-01
2.695651153723399029e-01
2.471067110697428293e-01
2.755153725544611798e-01
2.388523270686467581e-01
2.617428203423817767e-01
3.469145198663075580e-01
2.362850755453109741e-01
2.229937016963958740e-01
2.276451687018076486e-01
2.964659035205841064e-01
2.370234678188959665e-01
3.808387418588002338e-01
2.460225919882456369e-01
2.250267614920934134e-01
2.304860750834147043e-01
4.249953627586364746e-01
2.564360896746317731e-01
2.469878544410069876e-01
3.073143661022186279e-01
2.404791116714477539e-01
2.569639533758163452e-01
2.302825947602590018e-01
2.381099561850229807e-01
2.842349410057067871e-01
2.255523105462392264e-01
2.500538527965545654e-01
3.648179769515991211e-01
2.316935956478118896e-01
2.327181796232859201e-01
2.750464777151743756e-01
2.149121661980946951e-01
2.792424112558364868e-01
2.641932566960652484e-01
2.213957409063974924e-01
2.291347185770670480e-01
4.137987792491912842e-01
3.038156727949778424e-01
2.388367950916290283e-01
2.180576771497726440e-01
3.171560565630595074e-01
3.055658638477325439e-01
2.518226454655329571e-01
2.539345920085906982e-01
2.459192176659902029e-01
2.873161981503168927e-01
3.071276595195134296e-01
2.853744427363077985e-01
2.922464509805043353e-01
2.566716025273005353e-01
3.821823199590047015e-01
2.995908310015996112e-01
2.404478291670481271e-01
2.504858523607254028e-01
2.547801633675892963e-01
3.240600973367691040e-01
3.606017331282297955e-01
4.031030237674713135e-01
2.373932351668675833e-01
2.218147019545237131e-01
5.053552190462747840e-01
2.551934123039245605e-01
3.860873679320017682e-01
2.689474721749623431e-01
2.295747697353363037e-01
2.458666066328684396e-01
2.914436161518096924e-01
2.864048729340235577e-01
2.713053176800410138e-01
4.550177653630574359e-01
2.288501511017481393e-01
4.567364851633707867e-01
2.413127571344375610e-01
3.289739290873209820e-01
2.896385937929153442e-01
2.464050104220708304e-01
2.373075683911641531e-01
2.464448958635330200e-01
2.936147749423980713e-01
2.353327969710032053e-01
2.455398788054784232e-01
5.142767131328582764e-01
3.001687029997507916e-01
2.199489126602808542e-01
2.190707673629125052e-01
2.254321326812108450e-01
3.608970145384470807e-01
2.977997312943140851e-01
2.242730061213175363e-01
2.850014617045720233e-01
2.793306559324264526e-01
2.856196314096450806e-01
2.566246340672175275e-01
2.144635568062464304e-01
2.156645109256108694e-01
2.336522986491521292e-01
2.137933075428009033e-01
2.667484333117802753e-01
2.545979569355646954e-01
2.725795755783717023e-01
2.434069961309432983e-01
2.252352337042490549e-01
4.016356766223907471e-01
3.182988017797470093e-01
2.402154703934987479e-01
2.200289865334828787e-01
2.663347820440928326e-01
2.055962830781936646e-01
2.253539959589640207e-01
2.176852275927861624e-01
2.679484635591506958e-01
2.243605951468149728e-01
2.276931653420130319e-01
2.237490316232045584e-01
2.229206959406534738e-01
3.008047839005787982e-01
2.439064780871073312e-01
3.742378354072570801e-01
2.264496733744939261e-01
2.160301804542541504e-01
2.458625882863998413e-01
2.468003779649734497e-01
2.884370485941569195e-01
2.323738336563110352e-01
2.132381796836853027e-01
2.105113218228022165e-01
2.298661271731058664e-01
2.216489513715108328e-01
2.397259821494420462e-01
2.647987355788548602e-01
2.302719106276830130e-01
2.237309614817301340e-01
2.371677110592524118e-01
2.548314680655797138e-01
2.188256482283274240e-01
2.286451905965805054e-01
2.138874878485997610e-01
2.096985230843226022e-01
2.897436122099558697e-01
2.239006708065668649e-01
2.309399545192718506e-01
2.213757385810216360e-01
2.296232382456461496e-01
2.343332568804422922e-01
2.129328697919845581e-01
2.069538185993830270e-01
3.130879700183868408e-01
2.219977428515752249e-01
2.217898070812225342e-01
2.372376769781112671e-01
2.329993297656377249e-01
2.599046925703684674e-01
2.458007236321767264e-01
2.293037374814351492e-01
2.268613080183664865e-01
2.357763250668843680e-01
2.216129501660664969e-01
2.862326453129450665e-01
3.242122878630955829e-01
3.121774941682815552e-01
2.203231006860733032e-01
2.244300742944081717e-01
2.576968868573506488e-01
3.530788123607635498e-01
2.441748529672622681e-01
2.953190008799235211e-01
2.322068860133489066e-01
2.150498429934183664e-01
2.420908461014429636e-01
2.092108329137166434e-01
2.047328501939773560e-01
2.781418462594349994e-01
2.197001328070958548e-01
2.127538422743479318e-01
2.101476788520812988e-01
2.829208324352900372e-01
2.274613529443740845e-01
2.242691914240519113e-01
2.156110306580861502e-01
2.692887882391611920e-01
2.327523231506347656e-01
2.167897671461105347e-01
3.014832933743794574e-01
2.447166939576466971e-01
2.115525305271148682e-01
2.230424682299295969e-01
2.635258436203002930e-01
2.299637595812479562e-01
2.086800485849380493e-01
2.208791871865590506e-01
2.451755205790201730e-01
2.224889347950617380e-01
2.374457468589147024e-01
2.077356229225794382e-01
2.732834815979003906e-01
2.185929765303929739e-01
2.232158134380976267e-01
2.175501833359400339e-01
2.311810155709584647e-01
2.223454018433888846e-01
2.184152404467264719e-01
2.266266196966171265e-01
2.098439782857894897e-01
2.430087824662526541e-01
2.117409308751424246e-01
2.221978505452474051e-01
2.042933901151021414e-01
2.444740980863571167e-01
2.106326868136723929e-01
2.199868460496266775e-01
2.114277283350626535e-01
2.113525519768396921e-01
2.377204348643620901e-01
2.111136019229888916e-01
2.138846665620803833e-01
2.309338748455047607e-01
2.089338848988215036e-01
2.247292995452880859e-01
2.284737974405288696e-01
2.101670056581497192e-01
2.248682131369908743e-01
2.236003279685974121e-01
2.208872586488723755e-01
2.175175746281941824e-01
2.160420964161554880e-01
2.229776183764139719e-01
2.651129961013793945e-01
2.457916190226872855e-01
2.114122311274210519e-01
2.266691128412882394e-01
2.201724847157796316e-01
2.209879855314890451e-01
2.439523537953694754e-01
2.102121214071909494e-01
2.273246894280115671e-01
2.185201148192087717e-01
2.209572742382685251e-01
2.270587782065073557e-01
2.273902793725331717e-01
2.177753051122029715e-01
2.725768884023030414e-01
2.126557777325312204e-01
2.436817387739817209e-01
2.159104694922765189e-01
2.129277239243189401e-01
2.211317668358484811e-01
1.996317654848098755e-01
2.725538462400436401e-01
2.078203360239664621e-01
2.217725068330764771e-01
2.279713849226633615e-01
2.151366223891576224e-01
2.181997795899709158e-01
2.123369326194127493e-01
2.293621351321538382e-01
2.102287709712982178e-01
2.318662752707799368e-01
2.124736607074737549e-01
2.195689628521601267e-01
2.189368804295857840e-01
2.354972511529922485e-01
2.080709139506022043e-01
2.088552266359329224e-01
2.122313380241394043e-01
2.054905692736307687e-01
2.508761535088221417e-01
2.083518306414286203e-01
2.199891209602355957e-01
2.487546553214391165e-01
2.084506700436274118e-01
2.072293609380722046e-01
2.395119418700536185e-01
2.058436224857966013e-01
2.240369170904159546e-01
2.055194526910781860e-01
2.275701810916264944e-01
2.454118629296620779e-01
2.248254766066869192e-01
2.164668589830398560e-01
2.034331957499186105e-01
2.294798692067464285e-01
2.081036965052286691e-01
2.503269513448079242e-01
2.212506979703903198e-01
2.086505343516667776e-01
2.404208779335021973e-01
2.065821041663487845e-01
2.582192917664845599e-01
2.187360972166061401e-01
2.142378985881805420e-01
2.119150608777999878e-01
2.338147511084874564e-01
2.288675904273986816e-01
2.440566072861353464e-01
2.083774606386820383e-01
2.220446517070134573e-01
2.167903582255045480e-01
2.172198792298634940e-01
2.086698363224665231e-01
2.183736910422643118e-01
2.131007462739944458e-01
2.158855497837066650e-01
2.114244500796000070e-01
2.095339645942052298e-01
2.168480356534322195e-01
2.121858745813369751e-01
2.286331057548522949e-01
2.134774029254913330e-01
2.180447777112325125e-01
2.131298482418060303e-01
2.196793258190155029e-01
2.144542386134465628e-01
2.164082477490107126e-01
2.138033012549082346e-01
2.188593645890553885e-01
2.146444072326024466e-01
2.033188392718633108e-01
2.232648233572641916e-01
2.007875144481658936e-01
2.184951653083165579e-01
2.037939131259918213e-01
2.179309328397115164e-01
2.219811876614888602e-01
2.057405660549799509e-01
2.336655060450235910e-01
2.089058160781860352e-01
2.354617317517598563e-01
2.285174429416656494e-01
2.271911899248758859e-01
2.139427910248438425e-01
2.160218854745229178e-01
2.123300383488337106e-01
2.239250640074411935e-01
2.146109143892923898e-01
2.198208868503570557e-01
2.129506220420201712e-01
2.122304737567901611e-01
2.135427594184875488e-01
2.097531358400980539e-01
2.232757161060968942e-01
2.082431962092717581e-01
2.182480047146479196e-01
2.149880379438400269e-01
2.169450819492340088e-01
2.095257490873336792e-01
2.139324496189753122e-01
2.084324856599172049e-01
2.132905920346578055e-01
2.115144977966944284e-01
2.132442841927210397e-01
2.149917433659235544e-01
2.107499639193216867e-01
2.061081280310948782e-01
2.230142106612523489e-01
2.149151315291722708e-01
2.105916937192281180e-01
2.180793484052022391e-01
2.135516752799352103e-01
2.158719847599665231e-01
2.109523912270863943e-01
2.201134761174519949e-01
2.278477996587753296e-01
2.311478008826573782e-01
2.136872013409932547e-01
2.111607293287912912e-01
2.080309589703877859e-01
2.192551344633102417e-01
2.074578007062276297e-01
2.153406441211700439e-01
2.044542878866195679e-01
2.133962064981460571e-01
2.158764700094858713e-01
2.106326768795649118e-01
2.126021683216094971e-01
2.086456567049026489e-01
2.107354352871576852e-01
2.141909052928288870e-01
2.173127035299936838e-01
2.079232484102249146e-01
2.193620701630910330e-01
2.077593704064687186e-01
2.289420266946156912e-01
2.114422718683878488e-01
2.040653874476750784e-01
2.148375858863194876e-01
2.129048506418863840e-01
2.116844952106475830e-01
2.077941695849100656e-01
2.133981982866922922e-01
2.168107380469640189e-01
2.053165336449941092e-01
2.164727052052815848e-01
2.102443327506383353e-01
2.127611537774403982e-01
2.102635751167933054e-01
2.132972826560338431e-01
2.100826303164164133e-01
2.125048438707987375e-01
2.193797379732131958e-01
2.115635126829147339e-01
2.140208284060160226e-01
2.136074105898539133e-01
2.154132475455602103e-01
2.114409059286117554e-01
2.162893811861673898e-01
2.140293021996816092e-01
2.046178082625071115e-01
2.325595418612162180e-01
2.067980716625849313e-01
2.143608580032984323e-01
2.090164273977279663e-01
2.109982967376708984e-01
2.084607233603795462e-01
2.182178795337677002e-01
2.111142228047052927e-01
2.145528942346572876e-01
2.133376002311706543e-01
2.140930593013763428e-01
2.103942533334096365e-01
2.077933202187220163e-01
2.159424622853597098e-01
2.144265125195185251e-01
2.072206387917200632e-01
2.126489430665969849e-01
2.154249499241510934e-01
2.053190618753433228e-01
2.131489763657251901e-01
2.070065538088480539e-01
2.244909008344014578e-01
2.066315561532974243e-01
2.149564822514851981e-01
2.124077727397283011e-01
2.112944573163986206e-01
2.116863330205281668e-01
2.146722326676050729e-01
2.081339061260223389e-01
2.123139202594757080e-01
2.165917803843816214e-01
2.101994454860687256e-01
2.122073471546173096e-01
2.130654901266098022e-01
2.133640597263971872e-01
2.115910102923711233e-01
2.103491226832071848e-01
2.221308201551437378e-01
2.086674322684606009e-01
2.184033741553624564e-01
2.074462523063023978e-01
2.126942873001098633e-01
2.138156195481618338e-01
2.101379831631978445e-01
2.180482844511667795e-01
2.085798035065332956e-01
2.199221700429916382e-01
2.079943468173345023e-01
2.114144514004389352e-01
2.174970706303914481e-01
2.094772358735402518e-01
2.182477166255315237e-01
2.033068786064783640e-01
2.228827079137166434e-01
2.118066002925237112e-01
2.058924933274587088e-01
2.189600268999735422e-01
2.098147571086883545e-01
2.065826604763666696e-01
2.150679131348927908e-01
2.102495034535726004e-01
2.042338550090789795e-01
2.172434677680333548e-01
2.127035905917485648e-01
2.109097788731257028e-01
2.144169211387634277e-01
2.112852434317270822e-01
2.117128123839696341e-01
2.165099332729975290e-01
2.052534619967142648e-01
2.203937272230784006e-01
2.088209738334020071e-01
2.115042358636856079e-01
2.090733796358108521e-01
2.108941276868184500e-01
2.121272782484690256e-01
2.115918348232904977e-01
2.117851128180821829e-01
2.141685833533605032e-01
2.111214697360992432e-01
2.042647302150726318e-01
2.230677107969919748e-01
2.109100917975107736e-01
2.105112920204798288e-01
2.111375530560811453e-01
2.078050673007965088e-01
2.075801293055216379e-01
2.161258856455484934e-01
2.065927882989247732e-01
2.114152014255523682e-01
2.111563632885614938e-01
2.085046619176864624e-01
2.087541222572326660e-01
2.134580065806706839e-01
2.112121880054473877e-01
2.089141905307769775e-01
2.134084403514862061e-01
2.107594758272171021e-01
2.118594050407409668e-01
2.114695658286412649e-01
2.105321933825810843e-01
2.133698711792627878e-01
2.103320707877477103e-01
2.084334144989649362e-01
2.091806878646214896e-01
2.117327749729156494e-01
2.064284433921178274e-01
2.095236132542292184e-01
2.134680400292078561e-01
2.088500509659449167e-01
2.113077988227208548e-01
2.076535572608312064e-01
2.127649237712224417e-01
2.113317598899205618e-01
2.054912845293680734e-01
2.138148943583170480e-01
2.108893146117528372e-01
2.070688207944234305e-01
2.129651457071304321e-01
2.134644190470377512e-01
2.069482157627741403e-01
2.127831975618998117e-01
2.105581859747568674e-01
2.086510459582010812e-01
2.117217332124710083e-01
2.164219369490941458e-01
2.125865072011947632e-01
2.068643669287363596e-01
2.109283109505971365e-01
2.137657701969146729e-01
2.080993801355361938e-01
2.072812120119730539e-01
2.153252561887105399e-01
2.079902390638987131e-01
2.097293386856714792e-01
2.150847067435582571e-01
2.088425258795420236e-01
2.121974428494771414e-01
2.126005341609319144e-01
2.104259133338928223e-01
2.091491967439651489e-01
2.132720947265625000e-01
2.122535059849421091e-01
2.076868067185083933e-01
2.151802728573481149e-01
2.114212910334269113e-01
2.077609449625015259e-01
2.098005463679631644e-01
2.048712770144144601e-01
2.100995431343714304e-01
2.117300430933634348e-01
2.087537844975789481e-01
2.119962473710378104e-01
2.145506044228871756e-01
2.094133893648783273e-01
2.066768854856491089e-01
2.159815480311711722e-01
2.104190488656361990e-01
2.100866933663686209e-01
2.109764466683069772e-01
2.124485075473785400e-01
2.090107003847757883e-01
2.158182809750238962e-01
2.087306777636210031e-01
2.105217327674230032e-01
2.150691598653793335e-01
2.098870972792307443e-01
2.074251671632131033e-01
2.103858292102813721e-01
2.181319644053777151e-01
2.071643223365148001e-01
2.123375982046127319e-01
2.130977660417556763e-01
2.117001116275787354e-01
2.124514877796173096e-01
2.074968665838241577e-01
2.143264015515645438e-01
2.096009453137715750e-01
2.085646589597066336e-01
2.097375392913818359e-01
2.159299055735270090e-01
2.082331279913584299e-01
2.122864673535029001e-01
2.106127788623174124e-01
2.105218619108200073e-01
2.107165207465489798e-01
2.069464474916458130e-01
2.187596162160237723e-01
2.080108871062596732e-01
2.074909557898839407e-01
2.098410427570343018e-01
2.111618965864181519e-01
2.118507623672485352e-01
2.112768789132436209e-01
2.075471828381220407e-01
2.098827312390009470e-01
2.128530591726303101e-01
2.100883324940999441e-01
2.078754057486852103e-01
2.109906077384948730e-01
2.103348473707834787e-01
2.135629355907440186e-01
2.112910250822702951e-01
2.091345240672429495e-01
2.121350715557734079e-01
2.109849750995635986e-01
2.135908007621765137e-01
2.083483686049779349e-01
2.112947950760523386e-01
2.140659888585408621e-01
2.080299804608027048e-01
2.122451861699422293e-01
2.107900778452555246e-01
2.101584027210871286e-01
2.092037151257196970e-01
2.114919126033782959e-01
2.098690619071324759e-01
2.099915047486623221e-01
2.097885906696319580e-01
2.128204206625620432e-01
2.089982529481252127e-01
2.089509367942810059e-01
2.122818430264790945e-01
2.101999868949254446e-01
2.079898516337076730e-01
2.093732059001922607e-01
2.111423760652542114e-01
2.115422437588373727e-01
2.126454661289850778e-01
2.102245092391967773e-01
2.100536127885182791e-01
2.094074090321858816e-01
2.050890028476715088e-01
2.122031946976979666e-01
2.117158621549606323e-01
2.077434509992599487e-01
2.079048156738281250e-01
2.114815314610799246e-01
2.117489675680796213e-01
2.116323361794153757e-01
2.109596530596415109e-01
2.125690033038457327e-01
2.078538884719212942e-01
2.093363155921300345e-01
2.108515153328577585e-01
2.130990177392959595e-01
2.097909996906916208e-01
2.107689678668975830e-01
2.088301777839660645e-01
2.127667168776194162e-01
2.108790328105290823e-01
2.092827508846918649e-01
2.097945610682169504e-01
2.106983611981073923e-01
2.088022132714589529e-01
2.110191484292348318e-01
2.130527695020039969e-01
2.105549871921539307e-01
2.098774810632069998e-01
2.105126927296320505e-01
2.075085043907165527e-01
2.137988160053888864e-01
2.124489595492680960e-01
2.106746584177017212e-01
2.085848550001780100e-01
2.102955828110376901e-01
2.124722053607304983e-01
2.095828751722971506e-01
2.090084950129190988e-01
2.137437462806701660e-01
2.107160240411758423e-01
2.092647254467010498e-01
2.070071200529734201e-01
2.118892023960749216e-01
2.117377072572708130e-01
2.078860402107238770e-01
2.078318496545155936e-01
2.108784119288126535e-01
2.130811760822931833e-01
2.114944954713185721e-01
2.099439154068628854e-01
2.109200954437255859e-01
2.136813501516977853e-01
2.130181541045506888e-01
2.091791629791259766e-01
2.101446787516275949e-01
2.135637501875559396e-01
2.114248524109522409e-01
2.089007149140039987e-01
2.100726813077926636e-01
2.117692182461420602e-01
2.106596529483795166e-01
2.085476120313008719e-01
2.099290341138839722e-01
2.118454128503799438e-01
2.090875158707300729e-01
2.090708812077840262e-01
2.115443944931030273e-01
2.090794146060943604e-01
2.087490608294804983e-01
2.107010632753372192e-01
2.113979061444600516e-01
2.101073463757832938e-01
2.102564970652262277e-01
2.101497352123260498e-01
2.093051224946975708e-01
2.084523240725199289e-01
2.097486456235249930e-01
2.114016711711883545e-01
2.091328402360280447e-01
2.104338804880777902e-01
2.082356313864389963e-01
2.089700301488240652e-01
2.131488372882207327e-01
2.099668035904566354e-01
2.088955243428548270e-01
2.069722414016723633e-01
2.097828487555185861e-01
2.088896632194519043e-01
2.099413921435674124e-01
2.127033174037933350e-01
2.096539884805679321e-01
2.098880509535471506e-01
2.093755404154459543e-01
2.095008939504623413e-01
2.108675936857859201e-01
2.095789561669031686e-01
2.116824636856714792e-01
2.126954793930053711e-01
2.092425972223281860e-01
2.119787981112798148e-01
2.114134182532628470e-01
2.110122094551722116e-01
2.093682686487833566e-01
2.123967955509821481e-01
2.101605633894602365e-01
2.108756502469380789e-01
2.098518262306849069e-01
2.091127286354700632e-01
2.093381981054941721e-01
2.114781538645426340e-01
2.116718888282775879e-01
2.106198966503143311e-01
2.100981920957565308e-01
2.097411106030146188e-01
2.119188855091730661e-01
2.125158955653508597e-01
2.105256766080856323e-01
2.096661428610483713e-01
2.108402351538340158e-01
2.113453249136606760e-01
2.116891741752624512e-01
2.100420743227005005e-01
2.112185508012771606e-01
2.098075499137242728e-01
2.099811981121698923e-01
2.089846978584925241e-01
2.099716613690058298e-01
2.104103217522303171e-01
2.122922490040461130e-01
2.097546607255935669e-01
2.097328553597132272e-01
2.073603669802347726e-01
2.122953931490580148e-01
2.107969522476196289e-01
2.101077040036519461e-01
2.097082287073135376e-01
2.095558295647303171e-01
2.125308165947596140e-01
2.097669194142023630e-01
2.097644954919815063e-01
2.075912803411483765e-01
2.098623563845952444e-01
2.087874958912531442e-01
2.123513768116633005e-01
2.124892771244049072e-01
2.110605935255686350e-01
2.083641787370046072e-01
2.098710040251413889e-01
2.068410664796829224e-01
2.122337172428766794e-01
2.113549262285232544e-01
2.117168356974919730e-01
2.097994883855184012e-01
2.098610748847325735e-01
2.100474486748377390e-01
2.079210231701532907e-01
2.099417646725972586e-01
2.111964275439580374e-01
2.105942765871683664e-01
2.107565005620320731e-01
2.115043600400288992e-01
2.105801949898401804e-01
2.093391964832941599e-01
2.097969055175781250e-01
2.093433439731597900e-01
2.096370160579681396e-01
2.104395925998687744e-01
2.089482049147287912e-01
2.101947913567225046e-01
2.096311847368876047e-01
2.100322097539901733e-01
2.100268950064977103e-01
2.102182706197102957e-01
2.085614005724588937e-01
2.086304873228073120e-01
2.103678584098815918e-01
2.092950542767842703e-01
2.084392060836156302e-01
2.095248997211456299e-01
2.085519681374231882e-01
2.101103812456130981e-01
2.103540599346160889e-01
2.116507093111673898e-01
2.114208390315373831e-01
2.095652123292287283e-01
2.089855968952178955e-01
2.125546485185623169e-01
2.095944732427597046e-01
2.103080203135808401e-01
2.105463693539301462e-01
2.112332085768381662e-01
2.118077725172042847e-01
2.088153064250946045e-01
2.096604357163111276e-01
2.092677603165308542e-01
2.083999464909235544e-01
2.090737471977869577e-01
2.095373123884201050e-01
2.101019918918609619e-01
2.104715456565221243e-01
2.119575937589009695e-01
2.093334744373957224e-01
2.114660292863845825e-01
2.110558797915776663e-01
2.114581465721130371e-01
2.097299546003341675e-01
2.103781501452128000e-01
2.101776450872421265e-01
2.112009674310684204e-01
2.096693416436513357e-01
2.077587495247522897e-01
2.096737921237945557e-01
2.098975976308186941e-01
2.101194957892099924e-01
2.095416535933812552e-01
2.104307909806569510e-01
2.112238754828771048e-01
2.082778265078862601e-01
2.091640383005142212e-01
2.101019471883773804e-01
2.107570618391036987e-01
2.067361225684483939e-01
2.090485741694768362e-01
2.109811405340830393e-01
2.116102874279022217e-01
2.116656700770060129e-01
2.095893174409866333e-01
2.091850539048512869e-01
2.096542368332544870e-01
2.109540402889251709e-01
2.112908164660135812e-01
2.116681238015492850e-01
2.119807302951812744e-01
2.095669955015182495e-01
2.096999933322270804e-01
2.112700641155242920e-01
2.108760873476664133e-01
2.097558428843816214e-01
2.091764708360036307e-01
2.112257281939188547e-01
2.099458624919255667e-01
2.113743523756662912e-01
2.108289251724878854e-01
2.114943762620290213e-01
2.113300661245981760e-01
2.096807807683944702e-01
2.112939407428105765e-01
2.100614855686823434e-01
2.082222799460093088e-01
2.102003842592239380e-01
2.091864198446273804e-01
2.098221232493718558e-01
2.108976840972900391e-01
2.117810100317001343e-01
2.115747481584548950e-01
2.098138332366943359e-01
2.110976179440816336e-01
2.087705880403518677e-01
