1.799199104309082031e+00
1.800518321990966841e+00
1.670460498332977384e+00
1.670794045925140470e+00
1.285517561435699507e+00
1.121649152040481656e+00
1.421085631847381681e+00
1.348205292224883944e+00
1.331396961212158114e+00
1.182199966907501176e+00
1.198131263256072998e+00
1.233474218845367343e+00
1.461753606796264648e+00
1.204532355070114136e+00
1.078357094526290805e+00
1.046551841497421309e+00
1.070739740133285434e+00
1.082326257228851230e+00
1.060949236154556274e+00
1.005876559019088790e+00
9.813838601112365723e-01
1.012244474887847856e+00
9.946930229663848433e-01
9.846843063831329790e-01
1.022877955436706454e+00
1.056891053915023804e+00
1.089335620403289795e+00
1.035557830333709628e+00
1.011899977922439575e+00
1.030265372991561845e+00
1.019547861814498857e+00
1.007781612873077437e+00
9.795480072498321533e-01
9.877307593822479692e-01
9.624665200710296187e-01
9.364724755287170410e-01
9.631671071052551047e-01
9.716792821884154829e-01
1.028641885519027799e+00
9.703614652156830056e-01
1.034108167886734098e+00
9.644016981124877708e-01
9.846557915210724099e-01
9.893520534038543479e-01
1.005147486925125122e+00
9.931343376636505571e-01
1.087092989683151156e+00
1.166238278150558472e+00
1.065173590183257968e+00
1.115822976827621549e+00
9.966110646724700706e-01
1.004843139648437411e+00
9.729003489017487016e-01
9.742479622364044189e-01
9.981957376003265381e-01
1.020633894205093428e+00
1.001073998212814287e+00
1.002322751283645674e+00
1.010629522800445601e+00
9.823114752769470659e-01
9.585777759552002175e-01
9.684762954711914062e-01
9.436309576034546120e-01
9.451919555664062278e-01
9.207525670528411421e-01
9.447879433631897195e-01
9.207365989685059038e-01
9.856391012668609397e-01
1.071311616897582919e+00
9.564742863178252730e-01
9.359695613384246826e-01
9.452268719673156960e-01
9.128538131713866965e-01
1.042541247606277421e+00
9.834819197654723899e-01
9.281503081321715865e-01
1.071748399734496981e+00
9.762660682201385054e-01
9.193904459476470725e-01
8.289316892623901367e-01
1.098799902200698897e+00
1.050378549098968550e+00
1.108874917030334473e+00
1.025945043563842862e+00
1.029113435745239169e+00
1.048998248577117876e+00
1.032062512636184648e+00
9.942410945892333762e-01
9.259616732597351074e-01
8.940384447574615256e-01
8.334704041481018066e-01
9.089227020740509033e-01
8.909271001815796120e-01
8.589358627796173096e-01
8.736373364925384966e-01
7.957766830921173540e-01
1.133719152212143033e+00
1.061002296209335283e+00
8.115065753459930198e-01
8.620246350765228271e-01
1.174949586391448975e+00
9.225177347660065141e-01
7.850130915641784224e-01
7.744217574596404807e-01
7.186816930770874023e-01
6.920119583606719749e-01
7.920379519462585893e-01
6.944377601146698442e-01
6.807450413703918235e-01
7.448653280735015869e-01
7.151135027408599409e-01
7.017295241355896440e-01
6.822764724493026733e-01
9.224218487739562766e-01
7.328172981739043967e-01
7.997641205787658913e-01
6.408487856388092041e-01
6.941295951604843362e-01
6.331800669431686401e-01
6.027971953153610229e-01
6.464184880256652610e-01
5.981406986713408980e-01
5.282908380031585693e-01
4.743770897388458474e-01
6.308637231588363203e-01
7.459919780492783037e-01
6.990831911563872847e-01
5.099794477224349754e-01
4.614613592624664529e-01
5.593168288469314575e-01
5.017180263996123823e-01
5.047630161046982034e-01
4.991485446691513173e-01
4.469172030687332264e-01
5.173296838998794334e-01
4.690768122673034668e-01
4.340433388948440330e-01
5.820430994033813921e-01
6.443364948034286943e-01
5.757557272911071333e-01
4.388407707214355691e-01
4.149074345827102883e-01
4.575464040040969627e-01
4.673601761460304260e-01
4.069975957274437062e-01
4.111130222678184287e-01
4.890899658203125000e-01
4.176594376564025657e-01
5.586717963218689187e-01
5.185761898756027222e-01
4.869126737117767112e-01
4.651676654815674050e-01
4.257551491260528342e-01
4.116163462400436179e-01
3.860062226653099282e-01
4.521876454353332409e-01
3.929244697093963734e-01
4.027067750692367443e-01
3.912917137145995872e-01
4.270517960190772788e-01
3.423105135560035595e-01
3.641241744160652050e-01
3.905943185091018677e-01
3.663276225328445657e-01
4.056079357862472645e-01
3.470734938979148643e-01
3.807902798056602700e-01
4.742964655160903931e-01
3.978994905948639027e-01
3.942486733198166116e-01
3.739817678928375466e-01
4.421611756086349376e-01
3.894283860921859963e-01
3.763302564620971680e-01
3.676189824938774220e-01
3.977409839630127175e-01
4.144935727119445912e-01
5.063920438289641890e-01
8.831638097763061523e-01
5.697438865900039673e-01
5.185375332832335982e-01
5.322071731090545210e-01
4.038195356726646534e-01
5.542287886142730491e-01
4.366814136505127175e-01
4.177371352910995705e-01
4.119026824831962807e-01
4.028141245245933644e-01
4.059690803289413563e-01
3.784441217780113442e-01
3.957155019044876210e-01
3.663487166166305431e-01
3.826860621571540610e-01
4.103411659598350525e-01
3.529075294733047263e-01
3.634788215160369984e-01
3.706398665904998557e-01
4.164936959743499867e-01
4.015880957245826499e-01
3.954652756452560203e-01
3.125381559133529885e-01
3.440085127949714661e-01
4.246137753129005654e-01
3.511733412742614746e-01
3.457724511623382346e-01
3.235169306397437938e-01
3.714209377765655407e-01
3.464490175247192383e-01
4.451327234506606834e-01
3.959532082080841064e-01
3.830315619707107544e-01
3.647364675998687744e-01
3.569531589746475220e-01
3.410770192742347828e-01
3.056879594922065624e-01
3.127450659871101601e-01
3.060905233025550953e-01
3.255210474133491405e-01
3.429524272680282704e-01
3.374630466103553661e-01
3.384856000542640908e-01
2.995570018887520058e-01
3.161642372608184925e-01
3.222796276211738475e-01
3.092847973108291404e-01
3.173954606056213490e-01
2.758750453591346519e-01
2.902524262666702493e-01
3.107779547572135925e-01
2.973140388727187888e-01
2.907116383314132801e-01
3.289102375507354514e-01
3.061210155487060769e-01
3.041219189763069153e-01
3.069446489214897045e-01
2.835202038288116566e-01
2.701494380831718223e-01
3.036086887121200451e-01
3.209213018417358398e-01
2.962511330842971802e-01
2.779022485017776378e-01
2.831678703427314980e-01
3.466889962553977855e-01
3.760198250412941090e-01
3.313153579831123463e-01
3.759407877922057994e-01
3.198372155427932628e-01
3.059760421514511330e-01
2.852142482995986827e-01
2.811126530170440785e-01
2.850607037544250488e-01
2.938002347946166992e-01
2.753930568695068248e-01
3.131248414516448753e-01
2.736508831381797568e-01
3.334890142083167808e-01
3.195340082049369923e-01
3.084099948406219260e-01
3.191742300987243652e-01
3.140893325209617726e-01
3.268433719873428123e-01
3.781147852540016063e-01
3.735478177666664013e-01
3.372597455978393333e-01
3.258363217115402000e-01
2.887812390923499839e-01
3.007096782326698081e-01
3.019375488162040488e-01
3.103548854589462391e-01
2.896954700350761192e-01
3.398443549871444924e-01
3.220606520771980286e-01
2.871294796466827282e-01
2.782333120703697205e-01
2.830627471208572166e-01
2.699509575963020547e-01
3.163446053862571938e-01
3.131639197468757407e-01
3.546134889125823753e-01
3.090896993875503762e-01
3.190106362104415672e-01
3.125474631786346325e-01
3.095246642827987893e-01
3.301909044384956360e-01
2.868342295289039723e-01
2.825943961739539878e-01
2.755851283669471519e-01
2.726166576147079357e-01
2.537202373147010581e-01
2.794564977288246377e-01
2.862547531723976246e-01
2.967588886618613975e-01
3.072807401418685691e-01
3.932156085968017689e-01
3.763996705412864796e-01
3.739410683512687794e-01
3.658632963895797618e-01
3.084729015827178955e-01
3.289929658174514659e-01
3.495275840163231118e-01
2.731604203581809998e-01
2.546507775783538596e-01
2.539460331201553456e-01
2.475055664777755793e-01
2.443758264183998052e-01
2.485488906502723583e-01
2.761326804757118225e-01
2.596832230687141641e-01
2.619017168879508861e-01
2.812630832195281982e-01
2.766476303339004406e-01
2.621248453855514748e-01
2.460436657071113642e-01
2.458897903561592102e-01
2.508585825562477112e-01
2.498717695474624578e-01
2.544886648654937633e-01
2.744594782590866200e-01
2.453462988138198908e-01
2.458817511796951294e-01
2.486022263765335083e-01
2.443648934364318903e-01
2.599920630455017090e-01
2.478831395506858881e-01
2.537421524524688943e-01
2.611889675259589927e-01
2.546517446637153737e-01
2.711293295025825612e-01
2.605329170823097451e-01
2.570433646440505870e-01
2.588911019265651703e-01
2.553680971264838950e-01
2.478618040680885259e-01
2.446452073752879985e-01
2.494467765092849842e-01
2.502451613545417786e-01
2.589195832610130532e-01
2.463149338960647639e-01
2.472690626978874262e-01
2.546116948127746804e-01
2.410230681300163380e-01
2.338802039623260609e-01
2.483832255005836431e-01
2.449560478329658453e-01
2.475671425461768993e-01
2.607126064598560555e-01
3.595195621252059714e-01
3.099387869238853233e-01
2.928230315446853638e-01
2.754736967384815438e-01
3.002004966139793507e-01
2.897277861833572610e-01
2.409753441810607855e-01
2.494890794157981762e-01
2.471703395247459301e-01
2.535951614379882701e-01
2.841481633484363445e-01
2.756957188248634338e-01
2.739268675446510093e-01
2.584717914462089650e-01
3.001376301050185935e-01
2.971173837780952676e-01
2.650418072938919289e-01
2.605744883418082969e-01
2.514580667018890270e-01
2.509524226188659668e-01
2.766361117362975963e-01
2.765786811709404214e-01
2.546049728989601135e-01
2.393395513296127375e-01
2.655150428414344566e-01
2.571968987584113964e-01
2.430283457040786632e-01
2.357309624552726690e-01
2.548514187335967907e-01
2.678790643811225780e-01
2.656844779849052429e-01
2.399152442812919617e-01
2.487620100378990229e-01
2.308254577219486237e-01
2.470205187797546442e-01
2.598019391298294067e-01
2.709319040179252736e-01
2.427208572626113892e-01
2.426886960864066967e-01
2.429383248090744019e-01
2.386480942368507385e-01
2.291008956730365698e-01
2.338106155395507924e-01
2.423702001571655384e-01
2.496831923723220881e-01
2.598756700754165649e-01
2.481294743716716822e-01
2.505841888487339020e-01
2.532171413302421459e-01
2.842764779925346375e-01
3.300473719835281261e-01
2.656935095787048562e-01
2.533064246177673118e-01
2.438840016722679249e-01
2.538013756275177002e-01
2.367583543062209972e-01
2.380098983645439203e-01
2.317781984806060736e-01
2.300947859883308300e-01
2.298996612429618780e-01
2.337979435920715388e-01
2.469770476222038214e-01
2.406260721385478918e-01
2.346273958683013916e-01
2.372204460203647669e-01
2.400396421551704296e-01
2.350403785705566517e-01
2.395870193839073070e-01
2.467345058917999323e-01
2.325598761439323370e-01
2.225816175341606140e-01
2.334862038493156489e-01
2.327215716242790333e-01
2.401695422828197535e-01
2.248091809451580048e-01
2.257069945335388184e-01
2.335951283574104198e-01
2.372796162962913513e-01
2.301919057965278737e-01
2.292048275470733587e-01
2.610581830143928750e-01
2.368605583906173706e-01
2.353820532560348400e-01
2.321455150842666737e-01
2.332120791077613720e-01
2.279860824346542358e-01
2.290169440209865459e-01
2.384287267923355103e-01
2.379043266177177374e-01
2.384749278426170349e-01
2.272353619337081909e-01
2.240396812558174133e-01
2.245216831564903204e-01
2.331607177853584345e-01
2.377233803272247314e-01
2.567721292376518027e-01
2.410675242543220409e-01
2.335605323314666748e-01
2.270935960114002228e-01
2.245957612991333063e-01
2.327199682593345531e-01
2.492056824266910553e-01
2.343309924006461986e-01
2.258002355694770924e-01
2.213298901915550232e-01
2.276750653982162476e-01
2.351690053939819447e-01
2.369977384805679321e-01
2.423428222537040710e-01
2.257557138800621033e-01
2.273556783795356862e-01
2.220992535352706854e-01
2.317288309335708563e-01
2.275720939040183910e-01
2.191000252962112538e-01
2.243704281747341267e-01
2.341743901371955983e-01
2.460416227579116932e-01
2.553373992443084828e-01
2.556950271129608265e-01
2.781304463744163624e-01
2.387184739112853948e-01
2.294432997703552135e-01
2.334817096590995900e-01
2.471276417374611012e-01
2.374880090355873108e-01
2.354732669889926799e-01
2.351813644170760997e-01
2.376084581017494091e-01
2.319634482264518738e-01
2.258817508816718944e-01
2.246751464903354589e-01
2.370646037161350250e-01
2.202341228723526112e-01
2.263130538165569194e-01
2.334611669182777294e-01
2.345172688364982605e-01
2.596031144261360391e-01
2.393822491168975941e-01
2.312775336205959431e-01
2.295760706067085377e-01
2.299468129873275812e-01
2.329546734690666199e-01
2.251385778188705333e-01
2.260516971349716131e-01
2.251769952476024572e-01
2.553642004728317039e-01
2.381491750478744451e-01
2.323977842926979176e-01
2.312954649329185541e-01
2.286828108131885584e-01
2.400176569819450489e-01
2.372464329004287664e-01
2.383787408471107483e-01
2.260842911899089702e-01
2.172893881797790527e-01
2.236339770257473047e-01
2.194939270615577642e-01
2.213216707110405024e-01
2.186018124222755543e-01
2.184999823570251409e-01
2.181224040687084198e-01
2.197705447673797552e-01
2.181128747761249542e-01
2.168362721800804194e-01
2.150029458105564006e-01
2.189074240624904744e-01
2.156591892242431530e-01
2.169271156191825978e-01
2.196762830018997303e-01
2.327292591333389171e-01
2.454007998108863886e-01
2.340707786381244770e-01
2.367231383919715937e-01
2.403093129396438599e-01
2.376184970140457209e-01
2.299430228769779316e-01
2.267630368471145741e-01
2.426181986927986034e-01
2.261279962956905254e-01
2.231362551450729315e-01
2.211515568196773529e-01
2.185692608356475941e-01
2.169982902705669403e-01
2.229935616254806463e-01
2.191643103957176264e-01
2.142589949071407318e-01
2.136970795691013336e-01
2.132052727043628748e-01
2.146715342998504750e-01
2.155813410878181513e-01
2.189806520938873402e-01
2.151995547115802820e-01
2.221887089312076513e-01
2.381185568869113867e-01
2.342038795351982228e-01
2.219117149710655157e-01
2.169744573533534948e-01
2.170725353062152863e-01
2.164668008685111944e-01
2.194885417819023021e-01
2.190030187368393055e-01
2.279572680592537037e-01
2.175710611045360565e-01
2.244376853108406011e-01
2.270833812654018402e-01
2.161539047956466675e-01
2.160951256752014216e-01
2.187147721648216303e-01
2.208473511040210668e-01
2.127874605357646942e-01
2.163019493222236578e-01
2.180739976465702057e-01
2.170022532343864330e-01
2.149285331368446239e-01
2.183718070387840327e-01
2.166203945875167791e-01
2.217299535870552174e-01
2.171665012836456188e-01
2.131618052721023504e-01
2.207171946763992199e-01
2.157734543085098322e-01
2.223686233162879833e-01
2.195927128195762634e-01
2.203363507986068615e-01
2.204232431948184856e-01
2.205165013670921381e-01
2.166736938059329876e-01
2.180454999208450428e-01
2.177133597433567047e-01
2.131764709949493519e-01
2.135864898562431224e-01
2.168482407927513067e-01
2.235435575246810802e-01
2.305384531617164501e-01
2.196393564343452343e-01
2.174551501870155279e-01
2.154291614890098683e-01
2.170392870903015137e-01
2.248789250850677379e-01
2.227284587919712011e-01
2.226421907544136047e-01
2.235859021544456537e-01
2.177292130887508448e-01
2.171759773045778275e-01
2.130745783448219355e-01
2.106027759611606709e-01
2.109107982367277034e-01
2.113265112042427007e-01
2.148492053151130621e-01
2.300113037228584401e-01
2.189556635916233007e-01
2.271299302577972357e-01
2.153059847652912251e-01
2.105663761496543995e-01
2.124230101704597529e-01
2.101385477930307333e-01
2.114751428365707342e-01
2.129700087010860388e-01
2.107329368591308594e-01
2.095421604812145178e-01
2.147431001067161560e-01
2.127317763864993994e-01
2.131538234651088604e-01
2.104021966457366999e-01
2.103469200432300512e-01
2.095262266695499531e-01
2.107865996658802032e-01
2.106891907751560211e-01
2.111565202474594005e-01
2.110782846808433588e-01
2.104821026325225941e-01
2.098898500204086359e-01
2.098115973174571880e-01
2.101946048438549097e-01
2.085323557257652283e-01
2.122749768197536580e-01
2.098997779190540369e-01
2.098350517451763042e-01
2.120417721569538005e-01
2.119232520461082347e-01
2.107379540801048168e-01
2.108164109289646093e-01
2.095381617546081543e-01
2.105356223881244548e-01
2.094810940325260162e-01
2.106203630566597096e-01
2.150643214583397023e-01
2.115763261914253290e-01
2.126541815698146931e-01
2.202703781425952856e-01
2.129371412098407801e-01
2.139680363237857763e-01
2.172324828803539332e-01
2.130576469004154261e-01
2.182926565408706554e-01
2.124237328767776545e-01
2.091662511229515076e-01
2.119875349104404505e-01
2.135671727359294836e-01
2.101891472935676630e-01
2.124882467091083471e-01
2.096661776304244995e-01
2.112828284502029363e-01
2.113431125879287609e-01
2.129468694329261780e-01
2.151301942765712627e-01
2.127950437366962488e-01
2.091581389307975714e-01
2.097069464623927959e-01
2.105432495474815480e-01
2.113921456038951874e-01
2.099444486200809368e-01
2.113492667675018200e-01
2.116180904209613856e-01
2.110805176198482513e-01
2.142682999372482189e-01
2.145673424005508367e-01
2.126290306448936351e-01
2.112385712563991658e-01
2.108414255082607380e-01
2.103310808539390619e-01
2.166684105992317255e-01
2.202389627695083563e-01
2.122137397527694702e-01
2.133150674402713720e-01
2.158079326152801403e-01
2.107799082994460949e-01
2.108915723860263769e-01
2.099237784743309132e-01
2.098428197205066681e-01
2.081496447324752697e-01
2.090647265315055958e-01
2.095796138048172108e-01
2.092671886086464039e-01
2.087675482034683228e-01
2.096462815999984852e-01
2.097872935235500225e-01
2.099086306989192963e-01
2.161841481924056951e-01
2.156993299722671509e-01
2.113794557750225123e-01
2.080791734158992656e-01
2.097088560461997930e-01
2.093154817819595226e-01
2.112138159573078156e-01
2.091174602508544811e-01
2.118413127958774511e-01
2.125168621540069469e-01
2.091566875576972850e-01
2.078262299299240001e-01
2.078162461519241222e-01
2.087218478322029058e-01
2.085661299526691548e-01
2.082305826246738378e-01
2.093481823801994213e-01
2.102734014391899053e-01
2.080332472920417841e-01
2.082473747432231903e-01
2.077009469270706121e-01
2.086241856217384283e-01
2.071086794137954601e-01
2.073861181735992543e-01
2.078241281211376246e-01
2.116454042494297083e-01
2.097125954926014058e-01
2.097929731011390631e-01
2.092232860624790303e-01
2.090523600578308161e-01
2.110827691853046362e-01
2.067507050931453594e-01
2.073472782969474904e-01
2.071186780929565319e-01
2.083135113120078985e-01
2.091467194259166718e-01
2.075378023087978419e-01
2.073327407240867504e-01
2.067311741411685944e-01
2.064393639564514049e-01
2.070643581449985449e-01
2.084681004285812433e-01
2.096779949963092915e-01
2.089837744832038768e-01
2.085599362850189264e-01
2.077625647187232860e-01
2.071140006184578053e-01
2.070865526795387379e-01
2.070526070892810822e-01
2.074976131319999639e-01
2.080495148897170965e-01
2.071077845990657862e-01
2.074972502887248993e-01
2.065615698695182911e-01
2.069214336574077551e-01
2.076306834816932789e-01
2.072932213544845526e-01
2.067673087120056041e-01
2.108292222023010198e-01
2.072465725243091694e-01
2.068461596965789906e-01
2.065513625741005055e-01
2.063478961586952265e-01
2.067773453891277313e-01
2.099162407219409832e-01
2.083454206585884094e-01
2.086390636861324421e-01
2.065265752375125829e-01
2.071606881916522869e-01
2.079067707061767467e-01
2.073566988110542297e-01
2.069798789918422810e-01
2.087432622909545787e-01
2.083267085254192352e-01
2.092578381299972645e-01
2.067089073359966167e-01
2.061064407229423467e-01
2.070301339030265753e-01
2.080859109759330694e-01
2.085347309708595331e-01
2.072272256016731151e-01
2.064442597329616547e-01
2.075506754219532124e-01
2.070872724056243841e-01
2.073109313845634405e-01
2.109086036682129017e-01
2.079014353454113062e-01
2.084025181829929352e-01
2.063169062137603649e-01
2.061843268573284038e-01
2.081072986125946100e-01
2.069168463349342346e-01
2.061759375035762676e-01
2.062526464462280384e-01
2.066945113241672460e-01
2.064575023949146160e-01
2.064476832747459412e-01
2.067515812814235687e-01
2.084559515118598882e-01
2.088009484112262615e-01
2.082254298031330220e-01
2.135467737913131769e-01
2.105362676084041595e-01
2.147598020732402746e-01
2.096531264483928736e-01
2.108956389129161835e-01
2.093903772532939855e-01
2.073973737657070215e-01
2.062407933175563757e-01
2.062519162893295399e-01
2.075133010745048578e-01
2.063254214823246058e-01
2.066670969128608648e-01
2.055468752980232350e-01
2.066817566752433832e-01
2.057805098593235016e-01
2.058851659297943060e-01
2.059696063399314991e-01
2.065599769353866633e-01
2.056794129312038422e-01
2.061130687594413813e-01
2.058606863021850697e-01
2.054087385535240118e-01
2.064166083931922857e-01
2.056196957826614269e-01
2.055677101016044617e-01
2.055282421410083715e-01
2.061766341328620800e-01
2.057648345828056446e-01
2.057423189282417408e-01
2.059728309512138256e-01
2.055593617260456085e-01
2.068899758160114288e-01
2.063339978456497081e-01
2.060695424675941523e-01
2.059556193649768885e-01
2.053429290652274974e-01
2.065383397042751257e-01
2.064073853194713648e-01
2.052834533154964392e-01
2.056891269981861170e-01
2.057443872094154302e-01
2.052851907908916362e-01
2.053739093244075775e-01
2.061804801225662342e-01
2.056729175150394384e-01
2.062133871018886622e-01
2.056508079171180670e-01
2.061436384916305598e-01
2.056203112006187439e-01
2.058795645833015331e-01
2.054177932441234589e-01
2.071712523698806818e-01
2.058412924408912770e-01
2.058308705687522944e-01
2.053642727434635273e-01
2.055947698652744182e-01
2.054876297712326105e-01
2.055566452443599590e-01
2.054222889244556316e-01
2.054698124527931102e-01
2.060064181685447582e-01
2.065344616770744268e-01
2.051473401486873516e-01
2.054445713758468739e-01
2.055685259401798248e-01
2.050601676106452997e-01
2.059966936707496588e-01
2.051176562905311640e-01
2.060829576104879490e-01
2.058954045176505931e-01
2.056790471076965221e-01
2.051968999207019750e-01
2.051612496376037653e-01
2.054671764373779408e-01
2.056713007390499059e-01
2.061175234615802709e-01
2.076706774532794952e-01
2.070469066500663646e-01
2.055467635393142811e-01
2.053531363606452831e-01
2.061108969151973780e-01
2.063017554581165203e-01
2.055441416800022070e-01
2.052867323160171564e-01
2.054166659712791387e-01
2.053093791007995494e-01
2.060981214046478383e-01
2.053041197359561920e-01
2.055779427289962658e-01
2.050294846296310536e-01
2.054681532084941809e-01
2.057376094162464142e-01
2.061823755502700806e-01
2.053056426346301921e-01
2.054043032228946575e-01
2.050789564847946278e-01
2.054934181272983496e-01
2.058566957712173462e-01
2.051365762948989813e-01
2.054840080440044348e-01
2.049756318330764882e-01
2.052636057138443049e-01
2.050611205399036352e-01
2.048354350030422155e-01
2.052863948047161102e-01
2.050133742392063196e-01
2.058659173548221533e-01
2.060782074928283747e-01
2.057927533984184321e-01
2.051596894860267528e-01
2.055377908051014002e-01
2.051659800112247412e-01
2.050922803580760845e-01
2.057279042899608501e-01
2.048591710627079010e-01
2.052451230585575215e-01
2.050297886133193859e-01
2.049138419330120142e-01
2.047518454492092133e-01
2.048088602721691021e-01
2.047340556979179438e-01
2.050065495073795374e-01
2.047647610306739807e-01
2.048066332936286926e-01
2.047016859054565374e-01
2.048373430967330988e-01
2.052547827363014332e-01
2.048647336661815754e-01
2.046700611710548512e-01
2.047555513679981121e-01
2.047426946461200770e-01
2.047876283526420538e-01
2.050031654536724202e-01
2.047909528017043956e-01
2.046931609511375427e-01
2.047399282455444336e-01
2.048187650740146692e-01
2.046971298754215185e-01
2.046843826770782526e-01
2.047119520604610554e-01
2.046670600771904047e-01
2.051500536501407734e-01
2.046299368143081610e-01
2.047037564218044392e-01
2.047089211642742212e-01
2.046495586633682306e-01
2.049694858491420690e-01
2.045598119497299139e-01
2.047442033886909540e-01
2.048046991229057201e-01
2.046676114201545771e-01
2.046599209308624379e-01
2.049468919634818975e-01
2.046640090644359644e-01
2.051866404712200109e-01
2.045874349772930090e-01
2.047543428838252966e-01
2.047420121729373876e-01
2.048832118511199896e-01
2.052133969962596782e-01
2.045464105904102325e-01
2.050261825323104747e-01
2.048822656273841802e-01
2.049571365118026678e-01
2.047079280018806458e-01
2.046533793210983387e-01
2.052373655140399822e-01
2.050423964858055226e-01
2.050222359597682897e-01
2.045070514082908686e-01
2.047977045178413502e-01
2.051274389028549250e-01
2.044394038617610987e-01
2.049285680055618342e-01
2.046482909470796474e-01
2.045977696776390131e-01
2.048692777752876282e-01
2.046077325940132141e-01
2.044951327145099751e-01
2.046424552798271068e-01
2.047787331044673975e-01
2.044714935123920496e-01
2.046198718249797877e-01
2.044929251074791010e-01
2.045168161392211803e-01
2.046829998493194525e-01
2.046936988830566351e-01
2.050814315676689203e-01
2.042512737214565166e-01
2.056339785456657299e-01
2.048295162618160303e-01
2.046605244278907887e-01
2.046510629355907385e-01
2.045060820877551977e-01
2.044769637286663055e-01
2.045910693705081940e-01
2.046445317566394917e-01
2.045038089156150929e-01
2.046016395092010443e-01
2.044099897146224865e-01
2.046732772141695023e-01
2.045629687607288250e-01
2.046122588217258453e-01
2.044154353439807947e-01
2.045976497232913915e-01
2.049960635602474102e-01
2.046205632388591877e-01
2.048333086073398646e-01
2.045839272439479717e-01
2.046180233359336798e-01
2.045186564326286205e-01
2.044298999011516516e-01
2.044117689132690374e-01
2.049151673913001959e-01
