6.104913324117660078e-01
5.437128931283951028e-01
5.807048797607421431e-01
5.041353046894073708e-01
4.954256415367126465e-01
4.814249694347381703e-01
5.053972065448760764e-01
5.120759248733520730e-01
5.115057408809662309e-01
4.844887763261794822e-01
4.831992208957672230e-01
5.002054929733276145e-01
5.002631634473800881e-01
4.745302706956863181e-01
4.557377874851226696e-01
4.489810645580291637e-01
4.445496469736099354e-01
4.430760681629181130e-01
4.448965415358543396e-01
4.397000774741172680e-01
4.352170020341873391e-01
4.337029814720153587e-01
4.311108320951461681e-01
4.253257334232330433e-01
4.293715357780456543e-01
4.329226255416870339e-01
4.299122482538223489e-01
4.396908521652221902e-01
4.429673314094543235e-01
4.368171140551567189e-01
4.396717071533203236e-01
4.370121508836746216e-01
4.284340769052505382e-01
4.243105471134185902e-01
4.202784121036529652e-01
4.166922181844711082e-01
4.170224636793136708e-01
4.199656188488006814e-01
4.237439602613449208e-01
4.219963580369949230e-01
4.224280744791030773e-01
4.132150918245315330e-01
4.237504988908767922e-01
4.203312128782272228e-01
4.216804653406143188e-01
4.218485504388809204e-01
4.218238651752471702e-01
4.576014518737793191e-01
4.532051354646682850e-01
4.461497545242309459e-01
4.390706092119217030e-01
4.357361823320388683e-01
4.297740131616592518e-01
4.259462773799896351e-01
4.224804252386092918e-01
4.244369059801101907e-01
4.225713074207305686e-01
4.237989485263824463e-01
4.231636524200439453e-01
4.200099259614944458e-01
4.151854664087295532e-01
4.131983101367950328e-01
4.117023199796676636e-01
4.061622858047485574e-01
4.001589298248290905e-01
4.002164304256439209e-01
4.015945047140121460e-01
4.058048412203788535e-01
4.260659664869308472e-01
4.190566420555114635e-01
4.068050861358642467e-01
4.125034496188163535e-01
3.964545056223869324e-01
4.311925202608108409e-01
4.067423880100250466e-01
3.863836169242859109e-01
4.305110484361648338e-01
4.251585811376571433e-01
3.935410246253013833e-01
3.668554991483688466e-01
4.249955788254737854e-01
4.469566971063613781e-01
4.415881961584091076e-01
4.314110994338989369e-01
4.210410863161087036e-01
4.224764645099640115e-01
4.233897507190704235e-01
4.186581432819366233e-01
4.010690480470657238e-01
3.847767785191535950e-01
3.692076787352561729e-01
3.594120219349861145e-01
3.537007316946983448e-01
3.333115696907043568e-01
3.227125093340873496e-01
3.091007143259048573e-01
3.989668563008308411e-01
4.041910737752914540e-01
3.478084236383437999e-01
3.448666661977767833e-01
4.263688743114471547e-01
3.721228435635566822e-01
3.517252117395400779e-01
3.421195834875107034e-01
3.286514014005660900e-01
3.172766670584678539e-01
3.144959673285484536e-01
3.050761073827743530e-01
3.055948242545127869e-01
3.057378634810447582e-01
2.913892686367035023e-01
2.864056937396526337e-01
2.784503467381000408e-01
3.198490962386131287e-01
2.909131601452827343e-01
2.919417381286620872e-01
2.721172064542770608e-01
2.716736242175102345e-01
2.589250635355710983e-01
2.516846954822540283e-01
2.510192334651947244e-01
2.518267869949341042e-01
2.412155315279960743e-01
2.368032030761241802e-01
2.649647571146488412e-01
2.839006505906581657e-01
2.480218455195427052e-01
2.291305229067802374e-01
2.281915590167045704e-01
2.312866166234016363e-01
2.247122377157211304e-01
2.271287459880113602e-01
2.286970563232898768e-01
2.257325276732444763e-01
2.226534351706504766e-01
2.265532141551375445e-01
2.221026048064231873e-01
2.415332116186618694e-01
2.618793234229087608e-01
2.605624392628669850e-01
2.228244595229625646e-01
2.162361746653914396e-01
2.229021562263369671e-01
2.210305985063314438e-01
2.239728181622922532e-01
2.262370778247713987e-01
2.243635609745979198e-01
2.231325380504131373e-01
2.459424924105405863e-01
2.255600456148386113e-01
2.231866527348756735e-01
2.264157934114336967e-01
2.168474249541759435e-01
2.208985194563865551e-01
2.144390428438782692e-01
2.235921949148177990e-01
2.167929571121930965e-01
2.171975746750831604e-01
2.221590489149093683e-01
2.155130937695503290e-01
2.162792471237480751e-01
2.178269011899828800e-01
2.229199759662151281e-01
2.172852203249931446e-01
2.289401836693286951e-01
2.179526746273040827e-01
2.233318354934454020e-01
2.278887338936328999e-01
2.224324740469455775e-01
2.153288163244724274e-01
2.127643935382366180e-01
2.194031372666359059e-01
2.185930885374545996e-01
2.122170155867934283e-01
2.068991385400295313e-01
2.130161039531230927e-01
2.112945406697690487e-01
2.211179830133915003e-01
3.031022250652313232e-01
2.134911127388477436e-01
2.009587496519088801e-01
2.195205457508563884e-01
2.037464804947376196e-01
2.186016887426376343e-01
2.121144909411668833e-01
2.074328750371932928e-01
2.027410604059696198e-01
2.050737597048282734e-01
2.157367765903472900e-01
2.108706794679164886e-01
2.069455463439226206e-01
2.103381700813770350e-01
2.145071506500244030e-01
2.164935663342476002e-01
2.115355439484119526e-01
2.096809200942516271e-01
2.146486334502696880e-01
2.221324987709522303e-01
2.128876969218254089e-01
2.107467073947191238e-01
2.026642017066478674e-01
2.070132389664650074e-01
2.041878014802932795e-01
2.133437572047114372e-01
2.090018869843333904e-01
2.019140407443046625e-01
2.053304689936339966e-01
2.034511948004364967e-01
2.105193069204688017e-01
2.083948292769491617e-01
2.056924371980130561e-01
2.049193777143955286e-01
2.025744326412677876e-01
1.998616702854633387e-01
2.003283584490418434e-01
2.014587147161364666e-01
2.009433858096599523e-01
2.005066977813839968e-01
2.081718824803829304e-01
2.091319176368415245e-01
2.040565915405750386e-01
2.015977881848812214e-01
2.005903072655201014e-01
2.042799539864063318e-01
2.030301034450530950e-01
2.024353674147278126e-01
2.038521825335919968e-01
2.015778421424329336e-01
2.037613233551383018e-01
2.047280468046665247e-01
2.074818291701376327e-01
2.050974145531654358e-01
2.092391544952988680e-01
2.033374421298503876e-01
2.013553366065025385e-01
2.027463741600513403e-01
2.016146186739206370e-01
2.018821813166141454e-01
2.062611810863018147e-01
2.026039338670670986e-01
2.038214623928070179e-01
2.017823316156864277e-01
2.036878493614494856e-01
2.087526989169418701e-01
2.038192458450794331e-01
2.111291289329528809e-01
1.952260702848434559e-01
1.977994367480278015e-01
1.982108807191252653e-01
1.979776456952095087e-01
1.965563155710697285e-01
2.012641914188861847e-01
2.012570492923259624e-01
2.001380875706672557e-01
1.978764541447162739e-01
2.028485012240707763e-01
2.004163501784205492e-01
1.984926909208297729e-01
1.996086571365594808e-01
1.988250255584716741e-01
1.998630407266318854e-01
2.130798317492008098e-01
2.024089485406875555e-01
1.967147320508956798e-01
1.949005141854286138e-01
1.950897321105003468e-01
1.937274329364299663e-01
1.944411761127412264e-01
1.968678094446659199e-01
1.971032549627125263e-01
1.973948076367378346e-01
1.958856945857405663e-01
1.976379409432411083e-01
1.948377753142267466e-01
1.964148905128240696e-01
1.958454834297299330e-01
1.982126481831073816e-01
1.988462537527084240e-01
1.929672010242939051e-01
1.959721311926841680e-01
1.959421604871749989e-01
1.986259974539280049e-01
1.957608942640945426e-01
1.989476740360260065e-01
1.951646680943667778e-01
1.973220055922865757e-01
1.927240807563066483e-01
1.957622423768043407e-01
1.979620903730392456e-01
1.972109466791152899e-01
1.945633560419082753e-01
1.998795273713767640e-01
2.032675784081220682e-01
2.041080117225647084e-01
2.065045662224292700e-01
1.933241628110408672e-01
2.003953183069825117e-01
1.910251878201961462e-01
1.898588120937347301e-01
1.897175610065460205e-01
1.856290698051452637e-01
1.881235751323401817e-01
1.885899499058723561e-01
1.903817228972911890e-01
1.914215661585330908e-01
1.915135480463504847e-01
1.945399791002273560e-01
1.900948892347514574e-01
1.934289276599883978e-01
1.912427024915814289e-01
1.940726079046726227e-01
1.937225900590419658e-01
1.896634839475154766e-01
1.905701371841132530e-01
1.903345733880996704e-01
1.923581305425614008e-01
1.915082573425024859e-01
1.966204848140478134e-01
1.926677744835615103e-01
1.932597771286964361e-01
1.928470261394977514e-01
1.926766941789537779e-01
1.942104674875736181e-01
1.941530019044876154e-01
1.936175465583801214e-01
1.947017309488728587e-01
1.932453073561191670e-01
1.942409193143248558e-01
1.924610607326030787e-01
1.946213796734809764e-01
1.927591748535633087e-01
1.916655436158180292e-01
1.920934118330478724e-01
1.934928837232291754e-01
1.934052449651062489e-01
1.922155382577329930e-01
1.945294715464115087e-01
1.938116766512393840e-01
1.951908439397812001e-01
1.942939095199108235e-01
1.922211349010467529e-01
1.919532082974910736e-01
1.915424816310405676e-01
1.919549629092216492e-01
1.926423005759715923e-01
1.940545870456844568e-01
1.983109489083290100e-01
1.920566655695438441e-01
1.856500722002238091e-01
1.961607359349727686e-01
1.968822105787694510e-01
1.932507822290062960e-01
1.898697383701801189e-01
1.887213729321956523e-01
1.886620402336120494e-01
1.906994204968213980e-01
1.901326990686356966e-01
1.909635096788406261e-01
1.900561742018908318e-01
1.909058474004268757e-01
1.905263367109000794e-01
1.911380536854267176e-01
1.916699796915054266e-01
1.904455482959747370e-01
1.903270736336707958e-01
1.893699996173381916e-01
1.893701136112213024e-01
1.909186419099569432e-01
1.905565366148948558e-01
1.905884802341461237e-01
1.911543222144246046e-01
1.912224858999252430e-01
1.895013235509395710e-01
1.873275533318519703e-01
1.921041176654398330e-01
1.913318725302815548e-01
1.881943948566913716e-01
1.888502530753612407e-01
1.898919632541947178e-01
1.891824360936880112e-01
1.890411335043609142e-01
1.892978638410568182e-01
1.910053250379860346e-01
1.886368140578270070e-01
1.879433994181454182e-01
1.904448215849697534e-01
1.900343477725982555e-01
1.904173786286264547e-01
1.873926386237144415e-01
1.891297453548759222e-01
1.913337796926498358e-01
1.889012254774570521e-01
1.918880015611648671e-01
1.903370710089802853e-01
1.901535391807556152e-01
1.848236501216888317e-01
1.966212771832943074e-01
1.879576367326080688e-01
1.874190062284469549e-01
1.887869670987129267e-01
1.893272772431373596e-01
1.876778125762939564e-01
1.867944214493036381e-01
1.863697104156017414e-01
1.867211200296878815e-01
1.868978597223758809e-01
1.889322049915790613e-01
1.887799788266420475e-01
1.882300574332475551e-01
1.879440659657120594e-01
1.904606000287458190e-01
1.872061058878898565e-01
1.854765434749424402e-01
1.898299507796764318e-01
1.870975784957408794e-01
1.885483376681804657e-01
1.872308902442455236e-01
1.869659911375492756e-01
1.880123831331729778e-01
1.859692700207233318e-01
1.867640785872936304e-01
1.881234087049961090e-01
1.865945089608430918e-01
1.875908643007278553e-01
1.885084837675094493e-01
1.890011347830295452e-01
1.886843924410641082e-01
1.845151439309120067e-01
1.872209839522838704e-01
1.869375166483223383e-01
1.886729483492672332e-01
1.873151984065771214e-01
1.880178431980311926e-01
1.880139254033565410e-01
1.875398650765419117e-01
1.874363243579864613e-01
1.881598010659217834e-01
1.875017933547496740e-01
1.864697171840816736e-01
1.874445326626300867e-01
1.867935642600059565e-01
1.893579412251710781e-01
1.846886999905109350e-01
1.869708716869354359e-01
1.872457937803119477e-01
1.867738887667655945e-01
1.876436777412891499e-01
1.880208795424550827e-01
1.884585526771843378e-01
1.860753095243126154e-01
1.882052368018776178e-01
1.865844160318374523e-01
1.860601522028446086e-01
1.870653653983026798e-01
1.867455869913101085e-01
1.878670141100883539e-01
1.858607344329357147e-01
1.870438061654567663e-01
1.868535455316305272e-01
1.881036989390850178e-01
1.865580461919307820e-01
1.868813587352633476e-01
1.868678003549575917e-01
1.872314958367496673e-01
1.907984574325382598e-01
1.856006547808647100e-01
1.892158366739749853e-01
1.865936701186001190e-01
1.863602980971336420e-01
1.876592006534338053e-01
1.848603978753090016e-01
1.846029564738273510e-01
1.862577533815056030e-01
1.861065462231636103e-01
1.844384707510471344e-01
1.845475132111459859e-01
1.859226885251700767e-01
1.855428235139697790e-01
1.839319145772606023e-01
1.847517631947994121e-01
1.866380894556641523e-01
1.852804109454155024e-01
1.857755415141582600e-01
1.860474251210689489e-01
1.858772825449705179e-01
1.849993481300771236e-01
1.871663160622119848e-01
1.843270376324653570e-01
1.844522528350353296e-01
1.835806183516979218e-01
1.843094117939472198e-01
1.863616537302732468e-01
1.894204008392989524e-01
1.811105465982109364e-01
1.842094152234494686e-01
1.841786790173500776e-01
1.839091757312417141e-01
1.857325203716754802e-01
1.852367006242275349e-01
1.867440270259976276e-01
1.855643672402948197e-01
1.845645472407340948e-01
1.834643392823636643e-01
1.838824830949306599e-01
1.845982068101875428e-01
1.838482514023780934e-01
1.840056143701076508e-01
1.844645886681973990e-01
1.841804670169949476e-01
1.836351603269577026e-01
1.836857259273529108e-01
1.843102958402596525e-01
1.848177743609994705e-01
1.837984547019004822e-01
1.840888246893882807e-01
1.838484771549701580e-01
1.834948539733886608e-01
1.876187413930892889e-01
1.825356950052082483e-01
1.867495797574520167e-01
1.825393177568912506e-01
1.852250568568706568e-01
1.836772076785564423e-01
1.818992070853710230e-01
1.859134964644909016e-01
1.824389743618667070e-01
1.825905064120888766e-01
1.831847478635609261e-01
1.829289786517619976e-01
1.846161706373095623e-01
1.844373054802417866e-01
1.830042578279972021e-01
1.836561956908553950e-01
1.838842297904193512e-01
1.837230082601308823e-01
1.837832991033792607e-01
1.841664446052163895e-01
1.838413551449775696e-01
1.841859482228755951e-01
1.838600399903952964e-01
1.812665296019986272e-01
1.848554430529475157e-01
1.858887838199734799e-01
1.839841994456946905e-01
1.831583392340689898e-01
1.840573124587535914e-01
1.836397722363471985e-01
1.835931051988154705e-01
1.826838038861751667e-01
1.856828717980533727e-01
1.859991654753684887e-01
1.869676230009645335e-01
1.833624742925167028e-01
1.832726873457431738e-01
1.835965595673769712e-01
1.827029660344123840e-01
1.824597653001546749e-01
1.837519840802997462e-01
1.835405394434928839e-01
1.826151497662067413e-01
1.837098549120128044e-01
1.839561626315116827e-01
1.826451256871223505e-01
1.834004528820514790e-01
1.842698343098163605e-01
1.835968988947570268e-01
1.836111664306372404e-01
1.838694594800472371e-01
1.838053643703460582e-01
1.826728545129299164e-01
1.821318648755550496e-01
1.835365466773510035e-01
1.839341528713703267e-01
1.836188173852860983e-01
1.830309607088565771e-01
1.842746805399656240e-01
1.835214480757713373e-01
1.835027590394019970e-01
1.828306544572115000e-01
1.826593562960624750e-01
1.811148762702941839e-01
1.853633970022201538e-01
1.842965394258499201e-01
1.831151295918971300e-01
1.832579202950000707e-01
1.830579940229654368e-01
1.829051725566387121e-01
1.828821565955877360e-01
1.838033966720104273e-01
1.817179200705140718e-01
1.832474560709670131e-01
1.830811791121959575e-01
1.829455204308033101e-01
1.831972933607176057e-01
1.826211128383875004e-01
1.820393063127994648e-01
1.832761801779270172e-01
1.828680076636373941e-01
1.831575088202953283e-01
1.825391798280179556e-01
1.824245966970920452e-01
1.824675008654594310e-01
1.829232797725126036e-01
1.829237215220928248e-01
1.824908696115016826e-01
1.831695513334125336e-01
1.829463711474090815e-01
1.837915361858904473e-01
1.828208933817222770e-01
1.827559060417115744e-01
1.820201478898525183e-01
1.829229436814784893e-01
1.827193311881273874e-01
1.825583266094326917e-01
1.829492451623082050e-01
1.826725937426090240e-01
1.827661515679210313e-01
1.823678548447787706e-01
1.826299194246530644e-01
1.825769022107124329e-01
1.824143782258033641e-01
1.825626552104950007e-01
1.826759814750403277e-01
1.827303580939769745e-01
1.821925426833331529e-01
1.821279771625995691e-01
1.823444701731204987e-01
1.822279222309589330e-01
1.822716426569968573e-01
1.820919625461101532e-01
1.818781182169914301e-01
1.817420199164189454e-01
1.822568561416119393e-01
1.828437060117721613e-01
1.824479030445217975e-01
1.829276487231254467e-01
1.818691380321979523e-01
1.826341018779203407e-01
1.822640267200767994e-01
1.836297195404767990e-01
1.827176265418529455e-01
1.828384593129158131e-01
1.833963103592395893e-01
1.827124454081058558e-01
1.827050151536241118e-01
1.823942777467891518e-01
1.820167586207389887e-01
1.827612243592739161e-01
1.820151790976524409e-01
1.821635730564594158e-01
1.820077642798423878e-01
1.818760007619857899e-01
1.821890452876687161e-01
1.819441578350961264e-01
1.820651821792125813e-01
1.822919368743896595e-01
1.822615684359334409e-01
1.819149821996688954e-01
1.827625413425266743e-01
1.817609041929245106e-01
1.827220596373081152e-01
1.818287432193756159e-01
1.826170258224010523e-01
1.819603480398654938e-01
1.823372084647417180e-01
1.819733873475342933e-01
1.816452190279960743e-01
1.813461445271968842e-01
1.830118676647543852e-01
1.829365201294422261e-01
1.820537507534027155e-01
1.820989563595503680e-01
1.809324175119400024e-01
1.812589701265096553e-01
1.822392500936985127e-01
1.822243146598339081e-01
1.821856194641441051e-01
1.816129557788372095e-01
1.815759047865867504e-01
1.811240853741765133e-01
1.817307420074939783e-01
1.820485882461070903e-01
1.820464082062244471e-01
1.817850889638066292e-01
1.818548686802387293e-01
1.812468893826007788e-01
1.829801335930824335e-01
1.823182007297873553e-01
1.817760463804006521e-01
1.813254930078983251e-01
1.816585666034370716e-01
1.816801618784666117e-01
1.811499457806348690e-01
1.817042128415778390e-01
1.822723332792520468e-01
1.817015290260314830e-01
1.814706340432166998e-01
1.817308851983398255e-01
1.813756379298865906e-01
1.815723858773708455e-01
1.818207666277885382e-01
1.813960961997508892e-01
1.822467820718884357e-01
1.811841022223234232e-01
1.816818088293075673e-01
1.814238287508487812e-01
1.820037230849265997e-01
1.812287146691232975e-01
1.812439611181616839e-01
1.816275291144847925e-01
1.811651039868593105e-01
1.821929648518562372e-01
1.810352735221386067e-01
1.816776923835277668e-01
1.816977314651012365e-01
1.812576517462730352e-01
1.813409730792045482e-01
1.817363818176090662e-01
1.818185798823833410e-01
1.814874161034822353e-01
1.822048150002956446e-01
1.809709511697292217e-01
1.813818235415965430e-01
1.812226641923189163e-01
1.811677298508584388e-01
1.812341913580894359e-01
1.817457370460033306e-01
1.816928493324667104e-01
1.811984524130821339e-01
1.816608883440494482e-01
1.810799427330493927e-01
1.816568207228556331e-01
1.812449163757264559e-01
1.817504483740776666e-01
1.812877669930458013e-01
1.810749128460883983e-01
1.814587250351905878e-01
1.813062138855457417e-01
1.815117711666971445e-01
1.812512876465916523e-01
1.815030445111915358e-01
1.812550790607929119e-01
1.812027466483414062e-01
1.821558602154254858e-01
1.812288249842822496e-01
1.814367435872554779e-01
1.813307174132205435e-01
1.812507236842066105e-01
1.815570658072829247e-01
1.812518104910850469e-01
1.817918054759502522e-01
1.810226066969335135e-01
1.812557108700275366e-01
1.811771795153617748e-01
1.811043064575642292e-01
1.814313021488487832e-01
1.812554023228585831e-01
1.812979833688586895e-01
1.816303919069469086e-01
1.819608025252819061e-01
1.809335830621421337e-01
1.810013189911842402e-01
1.808205497451126631e-01
1.813215628266334478e-01
1.807614213787019364e-01
1.815677970647811834e-01
1.815740186721086502e-01
1.813913575606420636e-01
1.808868847787380163e-01
1.812475591897964589e-01
1.816726602613925878e-01
1.808438196778297535e-01
1.814584071747958605e-01
1.812451705336570740e-01
1.810089394450187794e-01
1.807845480740070399e-01
1.809986902866512481e-01
1.808513377793133370e-01
1.811505366116762106e-01
1.812282025814056508e-01
1.810085996985435486e-01
1.809247523546218817e-01
1.810083732940256651e-01
1.807918865233659744e-01
1.811957083642482813e-01
1.809865362942218725e-01
1.810476582031697035e-01
1.809135150862857810e-01
1.815415546298027039e-01
1.815139593556523434e-01
1.813223408069461473e-01
1.805903220083564520e-01
1.813816255424171575e-01
1.812808582093566601e-01
1.810646492987871281e-01
1.811110042035579681e-01
1.808524540625512655e-01
1.806407446041703169e-01
1.811442296952009146e-01
1.807926747947931345e-01
1.810514846350997631e-01
1.811145814601332060e-01
1.809977460652589798e-01
1.807165578007698115e-01
1.812263086438178905e-01
1.806773208081722260e-01
1.809959955513477381e-01
1.809102013707160894e-01
1.811447642743587438e-01
1.806224346160888727e-01
1.808257878758013359e-01
1.809834972023963984e-01
1.807016763836145345e-01
1.809911720454692730e-01
1.810144009999930803e-01
1.806474678218364660e-01
1.808945133816450834e-01
1.804598994553089086e-01
1.811542972922325079e-01
1.805402014404535183e-01
1.811129387002438362e-01
1.806042972952127401e-01
1.804350532591342815e-01
1.809771917760372162e-01
1.810179404914379064e-01
1.808506280183792003e-01
1.808821305632591359e-01
1.810007967986166366e-01
1.807460457086563221e-01
1.804670085199177321e-01
1.809952427633106653e-01
1.806186401285231058e-01
1.810971535742282867e-01
1.806133235804736614e-01
1.809684924781322368e-01
1.806110780686140116e-01
1.810024137608707007e-01
1.803162100957706460e-01
1.811456337571143993e-01
1.806368619203567449e-01
1.810568671673536412e-01
1.806062653660774342e-01
1.809920333325862885e-01
1.807307071983814128e-01
1.807324536144733484e-01
1.806333757936954554e-01
1.809458956122398376e-01
1.804711200296878759e-01
1.807595196645706837e-01
1.804949244484305437e-01
1.809565067291259710e-01
1.807907270267605782e-01
1.806405864655971638e-01
1.806373856961727142e-01
1.805499587091617397e-01
1.809206403791904505e-01
1.804361559450626262e-01
1.808549792505800835e-01
1.807147500803694129e-01
1.807344071567058563e-01
1.808568835258483887e-01
1.803109459578990936e-01
1.808348846621811445e-01
1.803383290767669733e-01
1.807853439822793007e-01
1.807514607906341442e-01
1.807388707995414845e-01
1.810332141350954882e-01
1.808163248002529200e-01
1.804896816611289978e-01
1.806333646178245600e-01
1.807907544076442774e-01
1.804946699645370300e-01
1.808483809232711848e-01
1.805646993219852392e-01
1.805041139712557086e-01
1.802037805318832397e-01
1.807575397193431910e-01
1.805159226059913635e-01
1.804688329808414038e-01
1.804859668947756401e-01
1.805877134203910939e-01
1.808379344642162267e-01
1.804685597307980061e-01
1.806090228259563391e-01
1.806228715926408712e-01
1.806926103308796883e-01
1.806114078499376774e-01
1.803796835243701990e-01
1.806497812271118109e-01
1.805208779871463887e-01
1.805790666490793284e-01
1.802942536771297566e-01
1.807729599066078552e-01
1.808913320302963368e-01
1.804778173565864674e-01
1.806513085961341802e-01
1.803220227360725347e-01
1.804393348284065723e-01
1.804406777024269160e-01
1.804421633481979315e-01
1.804204354062676485e-01
1.806757256388664135e-01
1.803458102047443279e-01
1.804538700729608480e-01
1.805921964347362574e-01
1.803320935927331392e-01
1.803147443104535230e-01
1.805808790028095301e-01
1.804610718041658457e-01
1.804982762667350360e-01
1.804144121706485748e-01
1.805912807583808788e-01
1.803610146045684925e-01
1.804182991385459844e-01
1.805069244001060724e-01
1.804376542568206787e-01
1.804419274441897980e-01
1.803225234150886425e-01
1.804207645356655232e-01
1.805339381098747253e-01
1.804695405066013281e-01
1.803388461470603887e-01
1.804272811161354295e-01
1.803923994302749634e-01
1.803631722927093450e-01
1.804518520832061879e-01
1.802261957898735889e-01
1.806102734990417957e-01
1.804900141432881355e-01
1.803517678752541431e-01
1.804720304440707024e-01
1.802827492356300354e-01
1.804202817380428370e-01
1.805121235549450032e-01
1.802819371223449707e-01
1.804779916070401724e-01
1.805206201970577240e-01
1.802669271826743969e-01
1.804281343705952112e-01
1.802911936305463259e-01
1.804256968200206868e-01
1.804136382881552092e-01
1.803922254592180141e-01
1.802779853343963734e-01
1.802776396274566595e-01
1.804073236882686726e-01
1.803730331361293737e-01
1.804414296522736660e-01
1.802074201405048370e-01
1.803860947489738520e-01
1.801882594823837336e-01
1.805075541138649042e-01
1.801931411027908325e-01
1.804969828575849478e-01
1.802612885832786671e-01
1.801510334014892467e-01
1.804632404819130898e-01
1.802508332766592503e-01
1.801586233079433552e-01
1.803358938079327456e-01
1.803180236369371359e-01
1.803063791710883268e-01
1.804246857762336620e-01
1.803512135520577431e-01
1.803957901895046345e-01
1.802496742457151413e-01
1.804109533084556349e-01
1.803688071668148041e-01
1.803024508059024866e-01
1.803156422916799839e-01
1.801592449657619111e-01
1.803420642856508604e-01
1.804616823792457581e-01
1.802370555698871724e-01
1.800459361635148581e-01
1.805953040719032177e-01
1.802871895837597493e-01
1.803568311035633198e-01
1.802464336156845148e-01
1.803190909326076452e-01
1.804583333432674408e-01
1.802615065127611271e-01
1.802848063409328572e-01
1.802943651098757871e-01
1.803942285478115082e-01
1.801871816162020079e-01
1.802664488554000799e-01
1.804253769107163063e-01
1.802617263048887364e-01
1.801906943321228138e-01
1.804706598166376241e-01
1.801718787290155777e-01
1.804486043751239721e-01
1.802347503602504675e-01
1.802287905011326075e-01
1.803127589635550865e-01
1.803497679531574360e-01
1.802542857825756017e-01
1.801439620554447230e-01
