1.442784269650777107e+00
1.488690137863159180e+00
1.522137244542439705e+00
1.252059102058410645e+00
1.058946251869201660e+00
1.209453046321868896e+00
1.351111332575480217e+00
1.092641075452168709e+00
1.204222361246744866e+00
1.051403164863586426e+00
1.116677363713582283e+00
1.299931009610493904e+00
1.101164301236470466e+00
1.003381748994191414e+00
9.961981972058614465e-01
9.736442963282266883e-01
1.114280919233958000e+00
9.785019357999166223e-01
9.864894747734069824e-01
9.553227623303731653e-01
9.621916611989339563e-01
9.293503562609354285e-01
9.354146917661031457e-01
9.543844461441040039e-01
9.624938368797302246e-01
9.762471516927083703e-01
9.461616277694702148e-01
9.733272989590963098e-01
9.486294984817504883e-01
9.782233436902364465e-01
9.986792405446370813e-01
9.541744987169901160e-01
9.673579136530557898e-01
9.417675733566284180e-01
9.272359609603881836e-01
9.290816187858581543e-01
9.083101352055867883e-01
9.670409957567850379e-01
1.006360093752543206e+00
9.651534954706827429e-01
9.290802081425985071e-01
9.515286882718404504e-01
9.552153348922729492e-01
9.327017267545064660e-01
9.384375413258870813e-01
9.803469777107238770e-01
1.088967601458231682e+00
9.961502552032470703e-01
1.020087957382202148e+00
9.788722594579061242e-01
9.589141011238098145e-01
9.484674135843912390e-01
9.270374576250711707e-01
9.334659576416015625e-01
9.229914347330728797e-01
9.547139207522074011e-01
9.400024016698201867e-01
9.847749869028726843e-01
9.245741367340087891e-01
9.232894380887349817e-01
9.026342829068502160e-01
9.277396400769551965e-01
9.349639415740966797e-01
8.976105848948160437e-01
9.076544841130574914e-01
8.724146684010823938e-01
8.669256369272867468e-01
1.009791890780131096e+00
8.974092006683349609e-01
8.599821925163269043e-01
9.421967069307962683e-01
8.219907283782958984e-01
1.037871221701304192e+00
9.498835802078247070e-01
8.567536870638529090e-01
8.640297849973043176e-01
9.544984896977742883e-01
8.886075019836425781e-01
8.296642502148946496e-01
9.145026405652364465e-01
9.414918025334676477e-01
1.014348149299621582e+00
9.719205896059671668e-01
9.614480733871459961e-01
9.687631328900655481e-01
9.292425910631815222e-01
9.747081995010375977e-01
8.985945979754129675e-01
8.868202567100524902e-01
8.133611281712850305e-01
8.062936067581176758e-01
6.997729341189066199e-01
7.394924958546956750e-01
7.217455705006917688e-01
6.657150387763977051e-01
7.729444702466329309e-01
9.942393700281778601e-01
8.219371438026428223e-01
6.968392133712768555e-01
1.143449147542317634e+00
9.173871477444967004e-01
7.687686681747436523e-01
6.966572801272074011e-01
6.644040743509928015e-01
6.984765926996866492e-01
6.355794270833333703e-01
6.661065220832824707e-01
5.663759708404541016e-01
7.032835284868875769e-01
6.114516258239746094e-01
5.517453054587045935e-01
5.765638748804727820e-01
6.160951256752014160e-01
5.827698508898416785e-01
8.561023076375325891e-01
5.153146982192993164e-01
5.297368665536245080e-01
5.752384463946024207e-01
5.545494755109151575e-01
5.676685671011606482e-01
4.746854801972706928e-01
4.407949050267537250e-01
4.378575781981150494e-01
4.094037314256032123e-01
7.852801879247029992e-01
5.181376934051513672e-01
4.422456125418345319e-01
4.868034124374389648e-01
5.175442397594451904e-01
3.799699544906616211e-01
3.400178154309590473e-01
3.428204556306203021e-01
3.999667167663574219e-01
3.746396998564402447e-01
4.149456421534220563e-01
3.939622640609741211e-01
5.554934342702230188e-01
6.846582094828287390e-01
5.733077724774678918e-01
3.676550587018330707e-01
4.240377644697825299e-01
3.615911702315012799e-01
4.412548343340556012e-01
4.201997021834055768e-01
3.610573510328928815e-01
2.550820062557856427e-01
3.803894917170206891e-01
3.877805173397064209e-01
5.409732560316721228e-01
5.737198988596597937e-01
4.407626589139302387e-01
3.248748580614725934e-01
2.806207040945689069e-01
3.565535843372344971e-01
2.476271092891693115e-01
2.970130443572998047e-01
3.856832186381022320e-01
4.282995661099751605e-01
2.578951170047124042e-01
3.483824829260508404e-01
3.359014491240183697e-01
2.751460224390029907e-01
3.053088188171386719e-01
2.568273792664210187e-01
4.242593050003051758e-01
3.354570567607879639e-01
3.961631258328755512e-01
4.555214842160542621e-01
3.926329612731933594e-01
2.841062396764755249e-01
2.591342876354853497e-01
4.240492383639017926e-01
3.538385828336079730e-01
3.514640430609385358e-01
3.600938916206359863e-01
3.830187320709228516e-01
5.320412317911783484e-01
6.971578399340311316e-01
6.246023178100585938e-01
4.791221817334492816e-01
4.158762693405151367e-01
4.175707995891571045e-01
2.510950118303298950e-01
3.264039258162180768e-01
3.385440011819203510e-01
3.363088468710581647e-01
2.927418450514475690e-01
3.013106683890025006e-01
3.900263011455535889e-01
3.249950309594472064e-01
3.310916374127070294e-01
2.520704418420791626e-01
2.875830878814061298e-01
2.528126835823059082e-01
3.351666877667109357e-01
3.656290074189503803e-01
2.980587929487228394e-01
5.590093930562337610e-01
3.383273084958394183e-01
2.852644721666972027e-01
2.337758839130401611e-01
3.656144539515177594e-01
3.873734573523203717e-01
2.612349838018417358e-01
2.580447942018508911e-01
2.931606570879618512e-01
3.075323303540547504e-01
2.787612825632095337e-01
4.131544431050618305e-01
4.364454944928486957e-01
2.834351807832717896e-01
2.468202213446299143e-01
3.281924823919932233e-01
3.055305083592732562e-01
2.917276322841644287e-01
2.986102501551310406e-01
3.091170837481816425e-01
2.698933581511179791e-01
3.116175631682078229e-01
2.642731120189030780e-01
2.694271455208460675e-01
2.848134239514668598e-01
3.722882171471913471e-01
3.160504003365834369e-01
3.168370922406514301e-01
3.011200825373331891e-01
3.388470510641733990e-01
3.057150741418202533e-01
3.349013427893320904e-01
2.835619648297627582e-01
2.311058193445205688e-01
2.661715745925903320e-01
3.169432282447814941e-01
2.927184005578358783e-01
2.762438456217448102e-01
3.001977403958638324e-01
3.508318662643432617e-01
3.567645251750946045e-01
3.178936243057250977e-01
3.128275175889332904e-01
2.874399622281392230e-01
3.553388019402821674e-01
4.067931870619456158e-01
3.058496316274006976e-01
3.021408418814341412e-01
2.549324333667755127e-01
2.163207630316416330e-01
2.295267035563786917e-01
2.903068065643310547e-01
3.135233620802561627e-01
3.173350393772125244e-01
3.147006332874298096e-01
3.688324491182963238e-01
3.212988773981730328e-01
2.444089353084564209e-01
2.343803197145462036e-01
2.487139503161112375e-01
3.175524522860844745e-01
2.564911494652430402e-01
3.738678495089213238e-01
3.261414070924122943e-01
3.867474794387817383e-01
3.286289771397908344e-01
4.077907105286915912e-01
3.179499705632527484e-01
3.295818567276000977e-01
3.368727763493855609e-01
3.081375459829966412e-01
2.914493481318156110e-01
3.121342261632283344e-01
3.154650727907816754e-01
2.655866841475169049e-01
2.985209524631500244e-01
3.061792552471160889e-01
2.412526955207189017e-01
3.298154473304748535e-01
3.254235486189524518e-01
3.510514398415883197e-01
2.856460859378178729e-01
3.276853064695994244e-01
2.746002127726872577e-01
3.304682572682698383e-01
3.165750155846278058e-01
2.752115329106648578e-01
3.401306072870890485e-01
2.998668849468231201e-01
3.243725895881652832e-01
2.800651788711547852e-01
3.965411980946858539e-01
3.279818097750346051e-01
2.297175377607345581e-01
3.508229653040568219e-01
3.454974095026652203e-01
3.319791058699290143e-01
4.568956096967061176e-01
3.715210556983947754e-01
2.860043942928314209e-01
3.042724529902140485e-01
3.453317979971567975e-01
3.528023560841878070e-01
3.378790915012359619e-01
2.717528194189071655e-01
3.096968332926432477e-01
2.714488903681437360e-01
2.659366726875305176e-01
2.963816026846567975e-01
3.144486397504806519e-01
2.739282945791880475e-01
3.086027204990386963e-01
3.525264362494150983e-01
3.353578945000966205e-01
2.675536523262659894e-01
2.815379450718561993e-01
2.807338287432988300e-01
2.728687574466069354e-01
2.993316302696863995e-01
2.948201696077982770e-01
2.725134988625844135e-01
3.008203208446502686e-01
2.812105466922124042e-01
2.904323140780131207e-01
2.742084215084711896e-01
2.837656885385513306e-01
3.068268001079559326e-01
2.900250206391016827e-01
2.332923760016759329e-01
3.065124005079269409e-01
3.174684842427571430e-01
2.933311412731806622e-01
3.102095723152160645e-01
2.818260739247004376e-01
2.603811671336491718e-01
3.036440362532933368e-01
2.800298035144805908e-01
2.681474238634109497e-01
3.281172911326090680e-01
2.898459136486053467e-01
3.031696279843648090e-01
3.400905032952626361e-01
3.265763719876607074e-01
2.905096709728240967e-01
2.821448544661204205e-01
2.855680485566456928e-01
3.184725940227508545e-01
3.064224024613698139e-01
3.300409515698750629e-01
4.160246352354685651e-01
2.894538442293803082e-01
3.186934192975361957e-01
2.738902717828750610e-01
3.210044105847676410e-01
3.304736812909443988e-01
3.227830827236175537e-01
3.106453915437062396e-01
3.042440811793009625e-01
3.482576906681060791e-01
3.013646205266316547e-01
3.119688034057617188e-01
3.299875458081563129e-01
3.870024979114532471e-01
3.142009178797404156e-01
3.721981843312581195e-01
3.062201142311096191e-01
3.316099246342976703e-01
3.015993883212407245e-01
3.254455626010894775e-01
3.104539215564727783e-01
3.309406836827595844e-01
3.356603384017944336e-01
3.497237265110015869e-01
2.928321560223897113e-01
2.878134946028391705e-01
2.525216937065124512e-01
3.319638073444366455e-01
3.812434077262878418e-01
3.104943931102752686e-01
3.024515310923258649e-01
2.726514935493469238e-01
3.144325514634450092e-01
3.072038690249125348e-01
2.963584661483764648e-01
2.811944087346394672e-01
2.942943125963211060e-01
3.222717096408208026e-01
3.061502476533253803e-01
2.959175010522206439e-01
2.863397449254989624e-01
3.011793096860249652e-01
2.781110306580861224e-01
2.685815840959548950e-01
2.745958367983500348e-01
3.512631058692932129e-01
3.217781980832417621e-01
2.492220501104990549e-01
3.035480777422587262e-01
3.735628326733906879e-01
3.454178124666213989e-01
2.995363275210062848e-01
3.346403439839680805e-01
3.601723512013753070e-01
3.186469376087188721e-01
2.953714728355407715e-01
2.942194938659667969e-01
2.969509859879811420e-01
2.925447324911753522e-01
3.089058746894200458e-01
3.171372910340626849e-01
3.016302088896433697e-01
3.291737536589304791e-01
2.732389171918233051e-01
3.127543926239013672e-01
3.014961928129196167e-01
2.951854964097340717e-01
3.198613425095875873e-01
2.886147002379099713e-01
3.102895418802897320e-01
2.659139782190322876e-01
2.847795188426971436e-01
3.301878770192464008e-01
2.977663576602935791e-01
3.352397382259368896e-01
2.943631211916605817e-01
2.741355150938034058e-01
3.333255648612976074e-01
2.941035926342010498e-01
2.527939528226852417e-01
3.065351645151774274e-01
3.267204264799754010e-01
2.791232069333394183e-01
3.368799289067586078e-01
3.026395042737324848e-01
2.789996266365051270e-01
3.180812646945317401e-01
3.061217566331227435e-01
2.416213999191919870e-01
3.010135541359583722e-01
3.173223038514454974e-01
2.985700070858001709e-01
3.050672014554341449e-01
3.164717356363932477e-01
3.249076505502064838e-01
2.898286879062652588e-01
3.407075206438700543e-01
3.012722531954447613e-01
2.982400357723236084e-01
3.083862264951069965e-01
3.376382688681284772e-01
2.861262907584508075e-01
3.039943575859069824e-01
2.978631258010864258e-01
3.008408546447753906e-01
3.109915455182393207e-01
3.068257172902424945e-01
3.316670755545298444e-01
3.094111283620198383e-01
2.921750148137410297e-01
2.970254669586817609e-01
3.061008652051289691e-01
3.024556736151377545e-01
3.151142895221710205e-01
3.034501224756240845e-01
2.741123735904693604e-01
3.305643002192179547e-01
3.354175388813018799e-01
3.022279242674509869e-01
3.559792935848236084e-01
3.460411131381988525e-01
2.816653003295262470e-01
3.290316462516784668e-01
3.006619513034820557e-01
2.733791768550872803e-01
2.944884598255157471e-01
3.104316492875416889e-01
2.846724092960357666e-01
3.066449910402297974e-01
2.887185712655385150e-01
2.955172558625538959e-01
3.246089617411295758e-01
3.007397751013438092e-01
3.106420437494913922e-01
3.350866933663685931e-01
3.121740271647771015e-01
2.772318869829177856e-01
3.310464918613433838e-01
3.248267571131388531e-01
3.028639157613118305e-01
3.078917165597279681e-01
2.751404990752537860e-01
3.095807929833729877e-01
3.029616375764210834e-01
3.041384120782216205e-01
2.996952980756759644e-01
2.989471058050791608e-01
3.095714549223582135e-01
3.273352285226185931e-01
2.861606130997340069e-01
3.023428420225779401e-01
2.928590873877207623e-01
3.040124674638112201e-01
2.988964120546976910e-01
3.171192208925883160e-01
3.124099473158518658e-01
3.054688870906829834e-01
3.143508434295654297e-01
3.080929319063822613e-01
2.812515099843342914e-01
2.918976445992787494e-01
2.901141643524169922e-01
2.794545690218607770e-01
3.151311576366424561e-01
2.891016850868861066e-01
3.229765196641286029e-01
3.040759464104970111e-01
2.934326926867167340e-01
3.147599995136260986e-01
3.359484275182088031e-01
3.120757540067036762e-01
3.399256467819213867e-01
3.301820357640584125e-01
3.141009509563446045e-01
3.209925591945648193e-01
3.022124270598093854e-01
2.934849957625071393e-01
3.308587272961934223e-01
2.926118224859237671e-01
3.094895283381144391e-01
3.130186001459757672e-01
3.146108090877532959e-01
3.161781628926594867e-01
3.070129056771596088e-01
3.003296752770741596e-01
3.022274971008300781e-01
3.157330254713694440e-01
2.970303793748219623e-01
2.874056647221247540e-01
3.132473429044087543e-01
3.217965265115101947e-01
3.105803529421488629e-01
2.942338933547337665e-01
3.138002753257751465e-01
3.073515196641286029e-01
3.126499454180399762e-01
3.031990726788838519e-01
3.344857394695281982e-01
2.909561395645141602e-01
2.862878392140070782e-01
2.784620821475982666e-01
3.033082087834675922e-01
2.845882475376129150e-01
3.038363903760910034e-01
3.415715595086415424e-01
2.986081838607788086e-01
2.804892162481943951e-01
3.210307061672210693e-01
3.239575525124867572e-01
3.325700759887695312e-01
3.053743739922841205e-01
3.333810965220133649e-01
3.081330259641011371e-01
2.977282504240671979e-01
3.097707132498423444e-01
2.799505740404129028e-01
2.909350792566935406e-01
2.884219586849212646e-01
3.036440511544545306e-01
3.031404415766398297e-01
3.028954664866129742e-01
3.283588687578837262e-01
2.999163766702016010e-01
2.949056128660837994e-01
2.759915341933568134e-01
2.829217662413914813e-01
3.125311831633250104e-01
3.262662986914316998e-01
3.027450243631998883e-01
2.969902704159418927e-01
3.091320097446441650e-01
2.870930631955464496e-01
2.800446450710296631e-01
2.898023923238118305e-01
2.825897236665089740e-01
3.350089788436889648e-01
3.030990809202194214e-01
2.870815445979436054e-01
3.093394537766774310e-01
3.090807894865671979e-01
3.384525875250498639e-01
3.278979063034057617e-01
3.048425316810607910e-01
3.020227203766505109e-01
2.992829581101735248e-01
2.992621709903081073e-01
2.920251488685607910e-01
3.027570148309071674e-01
2.981705913941065655e-01
3.598275681336720599e-01
3.008765677611033307e-01
3.142834802468617572e-01
2.930718163649241315e-01
3.196179568767547607e-01
3.065486152966817035e-01
2.975013156731923236e-01
3.021794358889262067e-01
3.121629953384399414e-01
3.127420345942179547e-01
3.144177893797556744e-01
2.875354886054992676e-01
3.028948009014129639e-01
3.077782094478607178e-01
3.205553789933522357e-01
3.069736262162526264e-01
3.245128989219665527e-01
3.046785692373911725e-01
3.027562002340952740e-01
3.190086285273234235e-01
3.112984597682952881e-01
3.110867540041605817e-01
2.952712078889210834e-01
3.000699679056803570e-01
2.916250775257746564e-01
2.856303403774897443e-01
2.848443537950515747e-01
3.149628043174743652e-01
2.959518978993098126e-01
3.069382111231486188e-01
3.031456669171651019e-01
3.158229192097981586e-01
3.124478757381439209e-01
3.162624835968017578e-01
3.157037198543548584e-01
2.991293619076411114e-01
2.938761363426844464e-01
2.891527116298675537e-01
2.820174743731816425e-01
3.025330801804860248e-01
3.054502904415130615e-01
3.041027486324310303e-01
3.000678916772206439e-01
3.093919853369395123e-01
2.980150779088338031e-01
3.122979899247487201e-01
3.228974938392639160e-01
3.081600864728291644e-01
3.018887142340342389e-01
2.887785236040751324e-01
3.001125901937484741e-01
3.370299140612284527e-01
3.174840112527211322e-01
3.339003423849741803e-01
2.974079052607218610e-01
3.074068824450175152e-01
2.887623657782872333e-01
2.945453574260075702e-01
3.034283220767974854e-01
2.974211722612380981e-01
3.009836375713348389e-01
3.211889266967773438e-01
3.228283524513244629e-01
3.079271713892619000e-01
3.256216446558634625e-01
3.073521852493286133e-01
2.954513082901636944e-01
2.822119295597076416e-01
3.078092634677886963e-01
3.074056605497996197e-01
3.262861073017120361e-01
3.089727361996968402e-01
3.201887905597686768e-01
2.688542008399963379e-01
2.777277479569117413e-01
3.228586614131927490e-01
3.279978434244791852e-01
3.272142012914021625e-01
3.111135860284169330e-01
3.217913707097371234e-01
2.955120404561360492e-01
2.977762023607889996e-01
3.106301575899124146e-01
3.122227887312571393e-01
3.287356992562611713e-01
2.968021035194396973e-01
3.012754221757252826e-01
3.134325792392094745e-01
3.207693894704182758e-01
3.095759153366088867e-01
3.108335634072621478e-01
3.214510083198547363e-01
2.867501278718312396e-01
2.955203553040822162e-01
3.016599416732788086e-01
3.233447372913360596e-01
2.967783709367116107e-01
2.896696527798970355e-01
3.225130240122477399e-01
3.192816078662872314e-01
3.162420988082885742e-01
3.128743569056193219e-01
3.017981648445129395e-01
3.194745878378550397e-01
3.080234328905741559e-01
2.904085169235865460e-01
3.131973842779795514e-01
2.839499314626057758e-01
3.021330038706461774e-01
3.061046997706095563e-01
2.995603481928507672e-01
3.048590024312337055e-01
3.094675739606221332e-01
3.113660216331481934e-01
3.184975485006968365e-01
3.005564163128535138e-01
3.031367063522338867e-01
3.041020830472310199e-01
2.920284867286682129e-01
2.810269097487131940e-01
3.041630884011586322e-01
2.954580883185068951e-01
3.095847566922505512e-01
3.032029221455256329e-01
3.052949160337448120e-01
2.958894670009613037e-01
2.992534389098485126e-01
2.998639643192291260e-01
3.228611449400584088e-01
3.102350334326426373e-01
3.022491335868835449e-01
3.041493594646453857e-01
2.916196684042612897e-01
3.297432661056518555e-01
3.212849944829940796e-01
2.963678936163584576e-01
2.954751352469126569e-01
3.012922604878743305e-01
2.976152201493580951e-01
2.934467991193135394e-01
3.161991238594055176e-01
3.064581453800201416e-01
3.284688194592793598e-01
3.007122079531351910e-01
3.076696693897247314e-01
3.091360827287037982e-01
3.262121081352233887e-01
2.907963295777638568e-01
2.932672947645187378e-01
3.018628458182017194e-01
2.870412021875381470e-01
3.159527977307637348e-01
3.086713850498199463e-01
3.143653571605682373e-01
3.108534415562947406e-01
3.201240400473276959e-01
3.328650792439778461e-01
3.072975377241770611e-01
3.112672070662180768e-01
3.141659200191497803e-01
3.096100787321726666e-01
2.901009370883305682e-01
3.140621582667033063e-01
2.977473239103953229e-01
3.121265669663746967e-01
3.134863177935282574e-01
2.931242634852727069e-01
3.163158297538757324e-01
2.808223019043604718e-01
3.150466779867808209e-01
3.237775961558024274e-01
3.046353558699290143e-01
2.931490192810694562e-01
3.184114297231038226e-01
3.029726843039194928e-01
3.081268966197967529e-01
3.130644460519154681e-01
3.148054182529449463e-01
2.919727414846420288e-01
3.054439375797907696e-01
3.044737974802653180e-01
2.969870567321777344e-01
3.163760801156361713e-01
3.161592284838358746e-01
2.935783813397089825e-01
3.090590238571166992e-01
3.020946979522705078e-01
2.874443779389063702e-01
3.155084848403930664e-01
3.222228884696960449e-01
3.223191698392232074e-01
3.041497766971588135e-01
3.322018086910247803e-01
3.256991207599639893e-01
2.931011219819386615e-01
3.049302200476328717e-01
2.976149469614028931e-01
3.088350395361582623e-01
3.009214997291564941e-01
2.997469802697499408e-01
3.101225892702738629e-01
3.085597852865855084e-01
2.970970322688420429e-01
3.005862434705098285e-01
3.141765445470809937e-01
3.109387358029683246e-01
3.214262723922729492e-01
3.141628454128901349e-01
3.065379361311594830e-01
3.103938400745391846e-01
3.000684281190236224e-01
3.237294753392537250e-01
3.110381861527760639e-01
3.106582959493001117e-01
2.987739642461140765e-01
3.247854113578796387e-01
3.122600714365641461e-01
3.134680092334747314e-01
3.110058506329854144e-01
2.972475588321685791e-01
3.008844157059987201e-01
3.150865236918131695e-01
3.168396353721618652e-01
3.068014780680338727e-01
3.017091552416483746e-01
3.139804204305012836e-01
3.251037299633026123e-01
3.067469000816345215e-01
2.909601380427678241e-01
3.076335489749908447e-01
3.078583379586537494e-01
2.949300060669581280e-01
3.103243013223012103e-01
2.926711489756901874e-01
3.115924497445424213e-01
3.104179700215657367e-01
3.154922723770141602e-01
3.116827805836995258e-01
2.963702778021494733e-01
2.946743468443552838e-01
3.005137393871943341e-01
3.099554975827534808e-01
3.007973879575729370e-01
2.936005244652430402e-01
3.142270743846893311e-01
3.121841947237650738e-01
3.111796776453654156e-01
3.235817849636077881e-01
3.312169810136159076e-01
3.100564181804656982e-01
3.027367591857910156e-01
2.927220960458119525e-01
3.045872350533803119e-01
3.140698770682017194e-01
2.951431721448898315e-01
3.164073626200358258e-01
2.963217596213023053e-01
3.172478179136912213e-01
3.216930925846099854e-01
3.178311387697855817e-01
2.977099517981211529e-01
3.114003439744313373e-01
3.047417501608530865e-01
2.977523058652877808e-01
2.943949997425079346e-01
3.172011176745097027e-01
3.022421896457672119e-01
3.256268103917439594e-01
3.242783745129902973e-01
3.044367134571075439e-01
3.120847741762797223e-01
3.297705451647440777e-01
2.996405462423960553e-01
2.930872589349746704e-01
3.110059897104899274e-01
3.017393946647644043e-01
2.992157340049743652e-01
3.134296238422393799e-01
2.940599570671717511e-01
3.129322330156962262e-01
2.917803972959518433e-01
3.059187233448028564e-01
2.903382182121276855e-01
3.037396272023518695e-01
3.268543481826782227e-01
3.053199648857116699e-01
2.997674643993377686e-01
3.056846459706624164e-01
3.243967245022456036e-01
2.988420128822326660e-01
3.278515736262003766e-01
3.254660616318384991e-01
3.248293598492940082e-01
2.998656829198201312e-01
3.003002305825551166e-01
2.975535293420155658e-01
3.068511188030242920e-01
3.052736520767211914e-01
3.123353322347005023e-01
3.385994235674540387e-01
2.986868073542912616e-01
2.939212173223495483e-01
3.136470417181650983e-01
3.168900509675343646e-01
3.126758535703023090e-01
2.992680867513020648e-01
3.039516508579254150e-01
3.086492220560709820e-01
3.091131349404652728e-01
3.008003979921340942e-01
2.997556726137797223e-01
2.983737190564473285e-01
2.966925601164500104e-01
3.026251097520192279e-01
3.343766331672668457e-01
2.998837033907572613e-01
3.087809185187022076e-01
3.012743393580119000e-01
2.964696884155273438e-01
3.116170962651570453e-01
3.107158740361531390e-01
3.109648227691650391e-01
3.006279965241749896e-01
3.112703263759613037e-01
3.125513295332590924e-01
2.978550245364506854e-01
3.118010759353637695e-01
3.089000284671783447e-01
3.130857944488525391e-01
2.989949484666188373e-01
3.141308426856994629e-01
3.103413581848144531e-01
3.136348923047383441e-01
3.022823532422383441e-01
3.273604710896809711e-01
2.988042831420898438e-01
3.057027856508890973e-01
3.113875786463419781e-01
3.004758407672246112e-01
2.978751560052235736e-01
3.090827266375223981e-01
3.011813660462697162e-01
2.980865836143493652e-01
3.257477283477783203e-01
3.155267934004465924e-01
3.241748511791229248e-01
3.265579342842102051e-01
3.229193786780039654e-01
3.087611695130665912e-01
3.036642074584960938e-01
2.955010980367660522e-01
3.235146701335906982e-01
2.943479170401890888e-01
3.139722744623820172e-01
3.071982661883036481e-01
2.969192961851755963e-01
3.166631162166595459e-01
3.142973283926646100e-01
2.975322306156158447e-01
2.964428365230560303e-01
3.118878702322642194e-01
3.128829399744669781e-01
3.023449977238972797e-01
2.917877187331517352e-01
3.057670791943867816e-01
3.018717964490254535e-01
3.141060074170430316e-01
2.995285093784332275e-01
3.137256006399790631e-01
3.282469759384791241e-01
3.068166573842366351e-01
3.132907450199127197e-01
3.166637519995371686e-01
3.231283525625864850e-01
3.294803996880849017e-01
2.993713517983754291e-01
3.115199307600657330e-01
2.976022064685821533e-01
3.104855418205261230e-01
3.112927277882893695e-01
3.170532186826069965e-01
3.029201130072275983e-01
3.350790739059448242e-01
2.968204965194066181e-01
3.219680786132812500e-01
3.137450714906056537e-01
3.151118556658427106e-01
2.964255263408024921e-01
3.264885942141215192e-01
2.994678566853205548e-01
3.020332952340443744e-01
3.087073663870493756e-01
3.264792462189992084e-01
3.106692731380462646e-01
3.122030794620513916e-01
2.975030193726221905e-01
2.968667348225911273e-01
3.000721236069996967e-01
3.007175723711649762e-01
2.991732855637868060e-01
2.932085444529851093e-01
3.006263971328735352e-01
3.124007980028788434e-01
3.016902903715769635e-01
2.963000982999801636e-01
