4.853599270184834613e-01
4.806274672349293842e-01
4.757170677185058594e-01
4.223493138949076520e-01
4.241433441638946533e-01
4.311469594637553082e-01
4.438007970650990619e-01
4.182356198628743305e-01
4.661967356999714984e-01
3.905677596728007184e-01
4.387146135171254291e-01
4.337144394715626849e-01
3.884244362513224469e-01
3.656193713347117291e-01
4.004554351170857562e-01
3.928364117940266742e-01
3.705690701802571430e-01
3.606856962045033588e-01
3.564025362332661762e-01
3.717481295267741070e-01
3.679951727390289307e-01
3.345786879460017071e-01
3.908351759115855084e-01
3.814471165339152203e-01
3.508786459763844623e-01
3.534912467002868652e-01
3.618668913841247559e-01
4.244215091069539203e-01
3.688640296459197998e-01
3.930411537488301410e-01
3.963261246681213379e-01
3.689830203851063861e-01
3.613744179407755719e-01
3.842992484569549561e-01
3.554462194442749023e-01
3.529199163118998395e-01
3.435522218545277728e-01
3.477075497309367047e-01
3.819216887156168805e-01
3.489906887213389264e-01
3.526029388109843121e-01
3.783734341462453021e-01
3.714022239049275531e-01
3.433640201886494769e-01
3.503958980242411481e-01
3.609725038210551129e-01
3.538552025953928815e-01
3.509168177843093872e-01
3.765115737915039062e-01
3.563125431537628174e-01
3.686603903770446777e-01
3.971385856469472064e-01
3.433401783307393207e-01
3.493393858273823871e-01
3.377052644888560162e-01
3.768453647692998065e-01
3.646172185738881244e-01
3.804107308387756348e-01
3.806307812531788959e-01
3.617042104403178082e-01
3.594994246959686279e-01
3.225749979416529523e-01
3.464157183965047015e-01
3.623883525530497418e-01
3.447146117687225342e-01
3.455630242824554443e-01
3.046087076266606464e-01
3.426299194494883404e-01
3.553945720195770264e-01
3.192985355854034424e-01
3.286475986242294312e-01
3.007835348447163715e-01
3.895233372847239361e-01
3.714727660020192279e-01
3.040233850479125977e-01
2.810916652282078876e-01
3.870394031206766949e-01
3.434652735789616718e-01
3.115376830101013184e-01
3.332109848658244000e-01
3.455828924973805560e-01
3.611240188280741559e-01
3.555764257907867432e-01
3.729841510454813824e-01
3.179603914419810162e-01
3.495185772577921735e-01
3.626235425472259521e-01
3.500215808550516949e-01
3.296669771273930682e-01
3.052409191926320209e-01
2.524748891592025757e-01
2.716290106376011981e-01
2.664825767278671265e-01
2.597397218147913800e-01
2.075750728448232107e-01
2.327531526486078806e-01
3.303048908710479736e-01
2.658422787984212055e-01
2.451356202363967896e-01
3.979921142260233746e-01
3.027592053016026630e-01
2.725463608900706158e-01
2.429270396629969186e-01
2.178068930904070444e-01
2.559857418139775409e-01
2.118189185857772827e-01
2.042449166377385550e-01
2.088735699653625488e-01
2.453786085049311227e-01
2.118894904851913452e-01
1.997930233677228384e-01
1.828852370381355286e-01
1.827136526505152292e-01
1.704439197977384024e-01
2.561660458644230975e-01
1.511551216244697571e-01
1.531405076384544373e-01
1.759007051587104797e-01
1.612858474254608154e-01
1.417871837814649039e-01
1.305316040913263864e-01
1.320904046297073364e-01
1.239936389029026031e-01
1.427876998980840140e-01
2.201042373975118094e-01
1.423977017402648926e-01
1.433265556891759329e-01
1.403589136898517609e-01
1.718721166253089905e-01
1.076052300631999969e-01
1.052680394301811900e-01
1.024693480382363048e-01
1.327079944312572479e-01
1.430111788213253021e-01
1.213391646742820740e-01
1.233353701730569157e-01
1.820264781514803476e-01
1.601842120289802551e-01
1.876468012730280466e-01
1.227388978004455566e-01
1.412247344851493835e-01
1.233387372146050182e-01
1.506814174354076385e-01
1.281139279405275888e-01
1.245144332448641505e-01
1.133761331439018250e-01
1.258178198089202338e-01
1.126485529045263972e-01
1.861955796678861075e-01
1.696306541562080383e-01
1.196018767853577885e-01
1.192905803521474156e-01
1.126033856223026958e-01
1.209745109081268311e-01
8.853131439536809921e-02
1.155624693880478587e-01
1.089719856778780666e-01
1.450596451759338379e-01
8.785805214817325737e-02
1.128131933510303497e-01
1.421867180615663528e-01
9.121188769737879898e-02
1.198217645287513733e-01
1.422944363827506609e-01
1.214668800433476720e-01
1.272861659526824951e-01
1.099764481186866760e-01
1.303450576961040497e-01
1.551098090906938010e-01
1.125796219954888072e-01
1.113663315773010254e-01
1.156420533855756078e-01
1.161966472864151001e-01
1.014265529811382294e-01
1.667879180361827307e-01
1.071100917955239568e-01
1.516581575075785226e-01
1.755029732982317514e-01
1.551767364144325256e-01
1.180513339738051143e-01
1.266331399480501718e-01
1.265151401360829764e-01
8.184592798352241516e-02
9.508274309337139130e-02
1.167907491326332092e-01
9.952265520890553330e-02
8.555675670504570007e-02
8.847337526579697464e-02
1.278169502814610892e-01
1.190852746367454529e-01
1.395930921037991934e-01
8.980464873214562271e-02
1.162824984639883041e-01
1.093165377775828090e-01
1.375200518717368536e-01
1.118334916730721745e-01
1.397954622904459543e-01
1.887508034706115723e-01
1.238059451182683263e-01
1.104005866994460378e-01
8.541061046222846176e-02
9.278603519002597000e-02
1.345281302928924561e-01
1.078393145774801526e-01
8.676282564798991348e-02
9.586845276256401871e-02
1.109347622841596603e-01
1.042869969581564221e-01
1.276351225872834616e-01
1.048268464704354558e-01
9.068166029949982498e-02
1.053991600250204358e-01
9.217510310312111710e-02
9.667266656955082749e-02
9.183740802109241486e-02
1.176498426745335307e-01
1.394727782656749182e-01
1.096720968683560643e-01
1.185313885410626683e-01
8.999503900607426499e-02
1.116769630461931229e-01
9.239502685765425827e-02
1.346371260782082968e-01
1.188484181960423741e-01
1.201241686940193176e-01
1.181465387344360352e-01
1.211714670062065125e-01
9.865502951045830582e-02
1.231546873847643581e-01
1.175669052948554311e-01
1.094530603537956920e-01
9.275123166541258957e-02
9.822684712707996368e-02
1.145554066946109090e-01
1.145544095585743632e-01
1.171290799975395203e-01
1.055659316480159760e-01
1.261861373980840140e-01
1.198215261101722717e-01
1.194875234117110524e-01
9.317753215630848740e-02
1.064055239160855565e-01
1.406152769923210144e-01
1.005075468371311870e-01
9.715904667973518372e-02
8.799946370224158432e-02
1.033751182258129120e-01
1.295553728317221098e-01
1.151703794797261510e-01
1.419369845340649194e-01
9.703539249797661637e-02
1.228026710450649261e-01
1.233848836272954941e-01
9.789075826605160568e-02
8.898068654040496017e-02
1.050274645288785252e-01
8.726604220767815445e-02
1.167880315333604813e-01
8.566497173160314560e-02
1.235122146705786433e-01
1.255294537792603082e-01
1.121829065183798518e-01
1.245010228206713948e-01
1.353036115566889352e-01
1.217291069527467046e-01
9.331212441126505996e-02
1.039888560771942139e-01
9.792274795472621918e-02
9.573868475854396820e-02
9.235142792264620926e-02
9.757215157151222229e-02
9.219805275400479172e-02
1.178495188554127965e-01
9.744775357345740463e-02
8.625716328000028466e-02
1.216495210925738063e-01
1.228662511954704967e-01
9.527896779278914596e-02
1.349918289730946130e-01
1.035683508962392807e-01
1.155963738759358678e-01
1.014699339866638184e-01
1.007707702616850581e-01
1.169475360463062968e-01
1.300182025879621506e-01
1.175309618314107213e-01
1.030331477522850037e-01
1.394037337352832251e-01
1.175236863394578252e-01
1.013147626072168350e-01
8.604122015337149765e-02
1.053366735577583313e-01
1.240412121017773900e-01
1.010854858905076981e-01
1.052987134704987254e-01
1.275934229294458933e-01
1.143226101994514465e-01
1.155225659410158839e-01
9.924442445238430832e-02
1.199065595865249634e-01
1.465491559356451035e-01
9.124635284145672653e-02
1.203434392809867859e-01
9.498433706661064957e-02
1.135758794844150543e-01
9.994731222589810227e-02
1.418898745129505701e-01
9.324726617584626343e-02
9.618214704096317291e-02
1.268275057276090079e-01
1.074386512239774022e-01
1.155836060643196106e-01
1.182752003272374425e-01
9.362355992197990417e-02
9.608306984106700088e-02
9.780300284425418045e-02
9.929655554393927719e-02
9.492191486060619354e-02
1.221275441348552704e-01
9.586745500564575195e-02
9.997312724590301514e-02
9.278558380901813507e-02
9.911699034273624420e-02
9.819919429719448090e-02
1.007097363471984863e-01
8.789581215629975464e-02
9.964584186673164368e-02
1.234159581363201141e-01
1.421914069602886743e-01
1.039025063316027370e-01
9.296502793828646805e-02
9.354596585035324097e-02
1.432300551484028406e-01
9.625758975744247437e-02
9.464438073337078094e-02
1.497390419244766235e-01
9.971073890725772049e-02
9.969591287275154923e-02
1.057989796002705846e-01
1.058083015183607783e-01
9.795431606471538544e-02
9.755679840842883255e-02
9.773710245887438919e-02
1.031236884494622502e-01
1.038391416271527562e-01
1.055379745860894475e-01
1.317107540865739279e-01
1.148434728384017944e-01
1.276799011975526810e-01
9.135251585394144058e-02
1.458056165526310510e-01
1.054349678258101192e-01
1.021496367951234135e-01
9.702870125571887161e-02
9.958714929719765518e-02
1.297954196731249399e-01
1.191959412147601399e-01
1.230169857541720119e-01
1.280233946939309531e-01
1.522760577499866486e-01
9.479499546190102433e-02
1.607545608033736639e-01
1.005464450766642842e-01
1.490818019956350327e-01
9.908856699864070083e-02
1.027532778680324554e-01
1.004593068112929616e-01
1.238422772536675182e-01
1.104411830504735265e-01
1.301000863313674927e-01
1.198694513489802632e-01
9.327230416238307953e-02
9.222418225059907104e-02
1.244514236847559657e-01
1.636391729116439819e-01
1.216246758898099217e-01
1.244554935644070354e-01
1.177616044878959656e-01
1.459274031221866608e-01
1.232640730837980952e-01
1.006961570431788716e-01
9.683552011847496033e-02
1.011579943199952397e-01
1.263254700849453516e-01
1.251056541999181204e-01
9.662788547575473785e-02
1.212498508393764496e-01
1.209116280078887939e-01
1.201198622584342957e-01
9.571415620545546676e-02
1.161707540353139195e-01
1.332015047470728464e-01
1.290810679395993643e-01
9.337996939818064834e-02
1.002338634183009419e-01
1.097579362491766658e-01
1.729188201328118735e-01
1.203435758749644008e-01
1.302223528424898691e-01
1.359517847498258047e-01
1.023767261455456462e-01
1.217357516288757324e-01
1.217223883916934285e-01
1.221142870684464726e-01
9.826746272544066574e-02
1.478655834992726736e-01
1.265472266823053360e-01
1.222974682847658839e-01
1.270127942164739066e-01
9.771109869082768296e-02
1.211555500825246129e-01
9.915155544877052307e-02
1.017008212705453191e-01
1.263580222924550467e-01
1.001574334998925481e-01
1.249153017997741699e-01
9.518831285337607528e-02
9.951970974604289200e-02
1.254193435112635202e-01
1.221165011326472011e-01
1.520096076031526022e-01
1.218478064984083176e-01
9.612047361830870773e-02
1.300101851423581534e-01
1.027944783369700160e-01
9.266479747990767624e-02
1.019430384039878845e-01
1.500304900109767914e-01
1.198687752087910924e-01
1.309405341744422913e-01
1.239878615985314098e-01
1.205583941191434860e-01
1.045476837704579082e-01
1.014469160387913432e-01
9.176413156092166901e-02
1.016137401262919154e-01
1.265713870525360107e-01
1.235977634787559509e-01
1.023085005581378937e-01
1.262494027614593506e-01
1.037804515411456380e-01
1.210332587361335754e-01
1.753348925461371832e-01
1.237854535380999293e-01
1.235511942456165996e-01
1.247153791288534846e-01
1.281182368596394949e-01
9.708013323446114395e-02
1.220244144399960790e-01
1.024248966326316151e-01
1.024294160306453705e-01
1.029794998466968536e-01
1.022289364288250652e-01
1.303435470908880234e-01
1.267493516206741333e-01
1.006937784453233037e-01
1.024889697631200108e-01
1.016117030133803639e-01
1.019508919368187633e-01
1.488534882664680481e-01
1.251980053881804056e-01
9.680194780230522156e-02
1.069654561579227448e-01
1.519461311399936676e-01
1.035687190790971074e-01
1.317344034711519785e-01
1.278054049859444208e-01
9.801052697002887726e-02
1.294004792968432016e-01
1.233569284280141148e-01
1.179840086648861613e-01
1.011569742113351822e-01
1.052185893058776855e-01
9.578947785000006820e-02
1.000816822052001953e-01
9.844199009239673615e-02
9.976238757371902466e-02
1.261971841255823679e-01
1.244556009769439697e-01
1.261866235484679633e-01
1.333842352032661438e-01
1.262394630660613470e-01
9.770292354126770829e-02
1.298783620198567801e-01
1.024947036057710648e-01
1.247774064540863037e-01
1.046360855301221165e-01
9.636514571805794571e-02
1.259195096790790558e-01
1.261927187442779541e-01
1.038577196498711858e-01
1.037833876907825470e-01
9.850836234788100387e-02
1.477264631539583206e-01
1.288669742643833160e-01
9.945738501846790314e-02
1.016786079853773117e-01
1.023442409932613373e-01
1.228784720102946010e-01
1.018460231522719112e-01
1.277364840110143118e-01
1.031864335139592442e-01
1.023355933527151790e-01
1.272650286555290222e-01
1.243865210562944412e-01
9.948190984626610611e-02
1.219938422242800441e-01
9.988627334435780381e-02
9.713109334309895371e-02
1.496134803940852576e-01
1.012706253677606583e-01
1.291340067982673645e-01
1.022017542272806168e-01
1.010506221403678212e-01
1.043447392682234492e-01
1.295646727085113525e-01
1.069005945076545033e-01
1.527245678007602692e-01
1.295372967918713980e-01
1.490322283158699579e-01
1.247810845573743138e-01
1.251450702548027039e-01
1.006025367726882253e-01
1.059470052520434108e-01
1.014654015501340184e-01
1.033754994471867833e-01
1.029082865764697347e-01
1.051137012739976201e-01
1.277590766549110413e-01
1.268782143791516714e-01
1.020866396526495662e-01
1.021634433418512344e-01
1.278955390055974417e-01
1.028418255349000249e-01
9.981754856805007126e-02
1.492090976486603326e-01
1.294309248526891165e-01
1.044075625638167110e-01
1.013864601651827541e-01
1.000041924417018890e-01
1.039442817370096889e-01
1.040570723513762202e-01
1.249508609374364171e-01
1.528488515565792627e-01
1.231585064282019887e-01
1.001160498708486557e-01
9.785062074661254883e-02
1.013536422202984538e-01
1.015622528890768733e-01
1.270413858195146017e-01
1.323313564062118530e-01
1.032688990235328674e-01
9.936931046346823837e-02
1.509137284010648727e-01
1.290501554807027274e-01
1.520137159774700708e-01
1.042594760656356812e-01
1.530776744087537222e-01
1.258065352837244577e-01
1.025230747958024297e-01
1.034290455281734467e-01
9.829776423672835495e-02
9.980499868591626023e-02
9.924972119430701400e-02
1.261525029937426157e-01
1.019202185173829350e-01
1.034267619252204895e-01
1.532454291979471750e-01
1.244537631670633998e-01
9.950997245808441971e-02
9.768795842925707962e-02
9.937758681674797867e-02
1.272235102951526642e-01
1.291714981198310852e-01
1.034184234837691035e-01
1.023624185472726822e-01
1.042580405871073451e-01
1.221852079033851624e-01
9.965777459243933822e-02
9.794285582999388839e-02
1.011266137162844386e-01
1.765733566135168076e-01
1.251166562239328928e-01
1.005285487820704732e-01
1.263735070824623108e-01
1.051166945447524342e-01
1.301471081872781210e-01
1.077099752922852788e-01
1.035909913480281830e-01
1.255622450262308121e-01
1.040319564441839900e-01
1.023389666030804362e-01
1.030459366738796234e-01
1.263901647180318832e-01
1.023363980154196468e-01
1.577750680347283774e-01
1.026071036855379787e-01
1.061099742849667821e-01
1.019763586421807561e-01
1.294842287898063660e-01
1.267899523178736276e-01
1.244320118178923879e-01
1.265455068399508887e-01
1.261034036676088876e-01
1.269262904922167368e-01
1.058401204645633698e-01
1.018054597079753876e-01
1.253683889905611581e-01
1.045992088814576421e-01
1.270575448870658875e-01
1.053568869829177856e-01
1.297776723901430673e-01
1.272859138747056418e-01
1.041046492755413055e-01
1.289142910391092300e-01
1.052257232367992401e-01
1.261325826247533255e-01
1.018812476346890178e-01
1.249477788805961609e-01
1.011116274942954335e-01
1.001131503532330241e-01
9.932319323221842911e-02
1.279933129747708731e-01
1.023326025654872212e-01
1.044668840865294185e-01
1.029000288496414867e-01
1.286973655223846436e-01
1.276761839787165231e-01
1.266899655262629099e-01
1.285946182906627655e-01
1.036701363821824345e-01
1.019454170018434525e-01
1.024500392377376556e-01
1.007438438634077754e-01
1.252104043960571289e-01
1.034355045606692586e-01
1.041133136798938069e-01
1.033649121721585545e-01
1.044932492077350616e-01
1.243304063876469884e-01
1.050301156938076019e-01
1.520623601973056793e-01
1.054359239836533818e-01
1.256142531832059317e-01
9.978180068234603073e-02
1.033541237314542088e-01
1.557617870469888144e-01
1.285487438241640634e-01
1.535609227915605002e-01
1.014223669966061864e-01
1.263961692651112967e-01
1.015040713051954951e-01
1.005614760021368709e-01
1.027456962813933644e-01
1.021627131849527359e-01
1.037968446811040196e-01
1.291532864173253470e-01
1.302883947889010019e-01
1.051234838863213811e-01
1.302253243823846274e-01
1.267728110154469900e-01
1.024122877667347636e-01
1.001553113261858668e-01
1.499479897320270538e-01
1.272223616639772958e-01
1.516708570222059793e-01
1.038846323887507167e-01
1.300539939353863306e-01
9.741547890007495880e-02
9.903403371572494507e-02
1.518076770007610321e-01
1.305680821339289255e-01
1.311546613772710257e-01
1.282480123142401285e-01
1.518050388743480139e-01
1.242425019542376247e-01
1.244681496173143387e-01
1.266991564383109503e-01
1.064517224828402248e-01
1.316020078957080841e-01
1.031446518997351375e-01
1.262942415972550803e-01
1.502395588904619217e-01
1.516070384532213211e-01
1.052605472505092621e-01
1.073178400595982823e-01
1.302038567761580057e-01
1.013434367875258174e-01
1.018734220415353775e-01
1.249563246965408325e-01
1.520462837070226669e-01
1.023741451402505193e-01
1.012273821979761124e-01
1.295589556296666556e-01
1.306056324392557144e-01
1.286206791798273630e-01
1.274649972716967172e-01
1.027546866486469951e-01
1.289554970959822244e-01
1.267627564569314413e-01
1.007082120825846944e-01
1.067479799191157069e-01
9.937409249444802140e-02
1.045735304554303441e-01
1.046624481678009033e-01
1.032922038187583241e-01
1.258988877137502127e-01
1.276159007102251053e-01
1.279607744266589575e-01
1.282372126976648874e-01
1.039678758631149974e-01
1.258004785825808935e-01
1.025020219385623932e-01
1.015357219924529347e-01
9.941438523431618546e-02
1.043274961411952972e-01
1.026246249675750732e-01
1.265833203991254263e-01
1.259442033867041177e-01
1.039156243205070496e-01
1.025607716292142868e-01
1.024641407032807622e-01
1.038311881323655400e-01
1.520772495617469244e-01
1.283136047422885895e-01
1.036782767623662949e-01
1.267309660712877817e-01
1.002931169544657025e-01
1.532375750442346030e-01
1.524161919951438904e-01
1.023624905695517812e-01
1.030315955479939732e-01
1.033768200625975880e-01
1.036598694821198735e-01
1.032818220555782318e-01
1.281517036259174347e-01
1.260879058390855789e-01
1.534479080388943262e-01
1.250943957517544336e-01
1.051503028720617294e-01
1.269143521785736084e-01
1.522508077323436737e-01
1.026619126399358067e-01
1.011562688897053447e-01
1.042176410555839539e-01
9.994154889136552811e-02
1.291484187046686716e-01
1.272260472178459167e-01
1.507221398254235678e-01
1.044002790004014969e-01
1.521053289373715811e-01
1.754331837097803659e-01
1.059392939011255946e-01
1.275532717506090707e-01
1.279360403617223196e-01
1.275225977102915353e-01
1.012211367487907410e-01
1.070602101584275517e-01
1.036997139453887939e-01
1.283659314115842276e-01
1.275665797293186188e-01
1.025802729030450139e-01
1.276716987291971750e-01
1.007249398777882304e-01
1.285215535511573248e-01
1.524326118330160684e-01
1.271216621001561575e-01
1.022905552138884816e-01
1.283368219931920462e-01
1.270070771376291818e-01
1.270523394147554941e-01
1.058342643082141876e-01
1.286396185557047434e-01
1.014635761578877721e-01
1.256831878175338202e-01
1.034238636493682861e-01
1.024192174275716100e-01
1.288801493744055338e-01
1.290422429641087942e-01
1.016938096533219066e-01
1.277451167503992624e-01
1.037783026695251465e-01
1.002945856501658711e-01
1.287824586033821106e-01
1.303903609514236450e-01
1.529035673787196570e-01
1.039687904218832698e-01
1.755211930721998215e-01
1.523093183835347586e-01
1.021008385966221538e-01
1.042787643770376887e-01
1.028158807506163869e-01
1.271645122518142157e-01
1.039618055025736537e-01
1.251571824153264456e-01
1.268126741051673889e-01
1.269979327917098999e-01
1.025126750270525661e-01
1.033362497886021886e-01
1.284294507155815668e-01
1.275361627340316772e-01
1.518445275723934174e-01
1.290375608950853348e-01
1.259328437348206930e-01
1.275423231224218912e-01
1.038758667806784358e-01
1.526332820455233164e-01
1.280376588304837637e-01
1.276571775476137705e-01
1.032182251413663182e-01
1.521484516561031342e-01
1.285807564854621887e-01
1.276134885847568512e-01
1.275715815524260111e-01
1.031033638864755630e-01
1.039023523529370580e-01
1.293327137827873230e-01
1.294805649667978287e-01
1.261812473336855478e-01
1.043390364696582112e-01
1.275814659893512726e-01
1.541474865128596716e-01
1.054241247475147247e-01
1.010374339918295589e-01
1.059492932011683736e-01
1.271986365318298340e-01
1.019797238210837093e-01
1.276530623435974121e-01
1.019377727061510086e-01
1.275817789137363434e-01
1.277182772755622864e-01
1.287221809228261404e-01
1.280929048856099539e-01
1.025535017251968384e-01
1.019482432554165569e-01
1.030918949594100270e-01
1.284126372387011938e-01
1.032895613461732864e-01
1.024007493009169850e-01
1.280939007798830576e-01
1.289599860707918710e-01
1.274315913518269949e-01
1.520821868131558008e-01
1.548625802000363760e-01
1.274746681253115244e-01
1.044101944814125743e-01
1.022499309231837544e-01
1.055152888099352565e-01
1.295181140303611755e-01
1.017152089625597000e-01
1.290445302923520499e-01
1.037183279792467799e-01
1.290650013834238052e-01
1.517831447223822183e-01
1.281726919114589691e-01
1.038816235959529877e-01
1.279099521537621909e-01
1.258820593357086182e-01
1.027779616415500641e-01
1.027575762321551595e-01
1.294153208533922739e-01
1.251544406016667776e-01
1.524225013951460428e-01
1.537313212951024466e-01
1.253502766291300363e-01
1.286922395229339600e-01
1.537732053548097610e-01
1.042090306679407802e-01
1.011138986796140671e-01
1.279279390970865793e-01
1.036605096111695018e-01
1.036339638133843694e-01
1.280128558476766043e-01
1.019873097538948059e-01
1.280231444785992212e-01
1.018486612786849294e-01
1.048786807805299759e-01
1.015391281495491710e-01
1.051819982628027644e-01
1.531322970986366272e-01
1.262765501936276846e-01
1.037007048726081848e-01
1.272809182604154044e-01
1.528974926720062799e-01
1.038650001088778224e-01
1.534228349725405283e-01
1.527402140200138092e-01
1.530570580313602991e-01
1.029394349704186168e-01
1.041478825112183842e-01
1.024090529729922566e-01
1.269159466028213501e-01
1.047687071065108028e-01
1.288389017184575491e-01
1.776006103803714209e-01
1.033265590667724609e-01
1.021780315786600113e-01
1.278955241044362479e-01
1.296799611300230026e-01
1.287510966261228018e-01
1.034200526773929596e-01
1.048799169560273442e-01
1.261890046298503876e-01
1.268291572729746408e-01
1.038252276678880009e-01
1.045836433768272400e-01
1.027989859382311549e-01
1.018035008261601176e-01
1.044191954036553655e-01
1.762680131942033768e-01
1.032528001815080643e-01
1.269514858722686768e-01
1.041684622565905299e-01
1.024591612319151607e-01
1.275407473246256418e-01
1.277696639299392700e-01
1.275520026683807373e-01
1.041310789684454646e-01
1.286683051536480493e-01
1.281379287441571646e-01
1.034640011688073430e-01
1.277716780702272958e-01
1.275098938494920731e-01
1.280013571182886667e-01
1.030193337549765858e-01
1.288877402742703848e-01
1.273283132662375861e-01
1.280266245206197195e-01
1.040659435093402863e-01
1.538637423266967230e-01
1.029431708157062531e-01
1.263847425580024719e-01
1.280958863596121378e-01
1.031974616150061336e-01
1.031322857985893932e-01
1.267252378165721893e-01
1.038084793835878372e-01
1.029183802505334172e-01
1.528761728356281824e-01
1.292289365082979202e-01
1.522908924768368311e-01
1.535577507068713599e-01
1.516434065997600555e-01
1.276409594962994165e-01
1.050540550301472392e-01
1.027442924678325653e-01
1.515301279723644257e-01
1.023818124085664749e-01
1.289837161699930734e-01
1.271704485019048148e-01
1.025849978129069057e-01
1.301962782939275198e-01
1.287455409765243530e-01
1.028178042421738353e-01
1.019013865540425029e-01
1.285591026147206717e-01
1.284642492731412344e-01
1.043564925591150966e-01
1.016035651167233739e-01
1.055467116336027827e-01
1.042462997138500214e-01
1.287957231203714914e-01
1.040210090577602386e-01
1.285790453354517526e-01
1.538335612664619989e-01
1.263093004624048776e-01
1.288032730420430594e-01
1.299497745931148529e-01
1.519935863713423319e-01
1.542218762139479227e-01
1.033767871558666229e-01
1.277181841433048248e-01
1.036737070729335103e-01
1.272283097108205252e-01
1.285940054804086685e-01
1.286968917896350317e-01
1.043431436022122655e-01
1.765874959528446198e-01
1.029032450169324875e-01
1.520790799210468836e-01
1.285318757096926279e-01
1.292898667355378561e-01
1.028959583491086960e-01
1.532783402750889368e-01
1.035749160995085988e-01
1.047527200231949535e-01
1.274666935205459595e-01
1.535029746592044830e-01
1.276567826668421335e-01
1.277880718310674124e-01
1.030463570108016286e-01
1.029508815457423482e-01
1.037014536559581757e-01
1.036381827046473775e-01
1.035098632176717076e-01
1.023351103067398071e-01
1.033055968582630157e-01
1.281723380088806152e-01
1.046532075852155685e-01
1.036540636171897206e-01
