1.069588407874107333e-01
7.880649417638778409e-02
5.128608047962188859e-02
4.058778807520866533e-02
2.949377223849296639e-02
1.758196111768484116e-02
1.201773658394813572e-02
7.297361921519041235e-03
5.215722974389791836e-03
2.776074199937284080e-03
2.865055762231350119e-03
3.410491067916154775e-03
3.652580501511693174e-03
2.921314770355820743e-03
2.998656779527664358e-03
1.842261152341961947e-03
1.756148796994239179e-03
1.079221779946237803e-03
1.082716241944581183e-03
1.733458810485899535e-03
2.342056948691606522e-03
1.149148948024958459e-03
1.133750146254897074e-03
8.463273872621357875e-04
7.890586974099278016e-04
5.677851557265966697e-04
5.290207103826105378e-04
4.507512261625379107e-04
3.475053585134446404e-04
4.214034415781497955e-04
4.178510396741330732e-04
4.705715458840131543e-04
3.827936627203598510e-04
4.117836739169433930e-04
1.243638206506147937e-03
1.806559244869276881e-03
1.285183604341000275e-03
1.101069536525756207e-03
1.225574081763625058e-03
9.320609620772302368e-04
9.856643155217170715e-04
5.639117036480457024e-04
5.105065240059048371e-04
4.146685416344553124e-04
3.636284935055300702e-04
2.536062835133634724e-04
1.746441179420799071e-04
1.819927187170833403e-04
2.013087476370856274e-04
2.061597449937835444e-04
2.269165648613125032e-04
2.355759657802991515e-04
1.851427601650357192e-04
1.647830475121736635e-04
1.981803041417151798e-04
1.853689173003658652e-04
2.005612434004433345e-04
1.937862267368473058e-04
1.515479132649488856e-04
1.451898046070709879e-04
2.214920343249104809e-04
4.880507447523996342e-04
5.657612869981676557e-04
7.541598868556320234e-04
3.057663387153297771e-04
4.055480589158832810e-04
4.988145752577111342e-04
4.845905874390155294e-04
4.394749965285882462e-04
4.679682955611496947e-04
3.940508380765095136e-04
3.372200240846723535e-04
3.491933719487860907e-04
3.911206411430612315e-04
4.126327694393694401e-04
2.022316271904855912e-04
2.572045530541800071e-04
3.334538312628865350e-04
2.477780202752910338e-04
2.557730942498892437e-04
3.486444387817755125e-04
2.394012582954019200e-04
2.276330793392844444e-04
2.120620949426665794e-04
2.083011931972578168e-04
2.893939090427011251e-04
3.373086365172639489e-04
2.487600926542654417e-04
5.261204845737665675e-04
2.309584291651845033e-04
2.318215498235076612e-04
3.110074787400662791e-04
2.786289667710661997e-04
1.926096403622068356e-04
1.374159153783694018e-04
2.790460697724483690e-04
2.656194294104352485e-04
2.461523079546168555e-04
2.477679401636123549e-04
2.216576074715703834e-04
1.653473285841755623e-04
9.771149780135601759e-05
6.960594182601199096e-05
6.035656624590046568e-05
6.240803195396437970e-05
5.516571618500165506e-05
5.769935560238081826e-05
7.144071059883572161e-05
6.481614982476458496e-05
6.955809112696442753e-05
6.816169079684186185e-05
8.850479061948136037e-05
7.431701742461882261e-05
9.779077481653075665e-05
1.140658732765587047e-04
6.738711799698648703e-05
4.952310519001912326e-05
4.094947362318634851e-05
5.193642573431134224e-05
4.622928609023802118e-05
6.698173674521968311e-05
5.511434064828790589e-05
4.280558969185222076e-05
3.943352257920196415e-05
3.854843198496382955e-05
2.593752105894964188e-05
3.191810646967496994e-05
3.472622956905979934e-05
3.378341061761602488e-05
3.765919936995487796e-05
3.338612768857274340e-05
4.268968768883496523e-05
3.135955503239529072e-05
2.716036506171803854e-05
3.807933680946007506e-05
4.701206999015994506e-05
6.188965708133764023e-05
5.390094902395503867e-05
5.759120722359512001e-05
7.113847896107472208e-05
6.454579488490708172e-05
4.592446166498121010e-05
3.352134044689592110e-05
2.986600266012828729e-05
4.102711463929154114e-05
6.349316063278820908e-05
1.055274013197049471e-04
8.482762350467965549e-05
6.369789916789158908e-05
4.651188864954747124e-05
6.041024134901817617e-05
4.173938141320832345e-05
3.566667655832134323e-05
5.102873765281401439e-05
6.121387705206870491e-05
7.392890111077577418e-05
9.116401488427073306e-05
5.860107776243239506e-05
5.619186777039431036e-05
5.500274346559308469e-05
6.435917457565664974e-05
6.663484600721858442e-05
4.554257902782410654e-05
3.079048656218219548e-05
3.022978526132646813e-05
2.853113146557007053e-05
2.572419780335622044e-05
3.444100802880711582e-05
3.656799053715076026e-05
4.209480830468237671e-05
7.717651751590893215e-05
7.838423916837201065e-05
8.154007009579800340e-05
5.862103971594478664e-05
4.285115901438985155e-05
4.478875271161086722e-05
5.242652405286207524e-05
5.865532875759527087e-05
5.208745642448775470e-05
6.074582925066352026e-05
3.757760350708849728e-05
3.864083882945124195e-05
4.091268601769115776e-05
4.836653097299859199e-05
5.572926456807181104e-05
3.125662951788399504e-05
4.637148340407293561e-05
4.230047743476461348e-05
4.634210636140778390e-05
4.755744048452470181e-05
3.331067164253908870e-05
3.637360714492388070e-05
5.712587662856094675e-05
5.728167670895345645e-05
5.982895308989100294e-05
7.455236482201144099e-05
6.587445896002463454e-05
5.658404988935216990e-05
3.694781189551576701e-05
3.763505010283552381e-05
3.385922609595581618e-05
2.594383222458418391e-05
3.319567313155857982e-05
2.187044592574238913e-05
3.826936845143791424e-05
2.075449301628395780e-05
2.702751771721523255e-05
2.890335163101553849e-05
1.980569031729828634e-05
3.192155636497773095e-05
2.585708589322166653e-05
2.114157377945957638e-05
1.443219225620850853e-05
1.690068493189755963e-05
1.152811883002868786e-05
1.611089192010695115e-05
2.958992663479875638e-05
2.390105073573067717e-05
2.167637994716642492e-05
2.880280753743136369e-05
2.223944356956053593e-05
3.191524338035378876e-05
2.246509538963437216e-05
2.940868726000189917e-05
2.365436994296033003e-05
2.104846162183093906e-05
1.925007654790533707e-05
1.759928109095198966e-05
1.427002516720676761e-05
2.076828859571833231e-05
2.601940504973754151e-05
1.736180729494662955e-05
1.444424524379428442e-05
1.160478768724715337e-05
1.065063770511187613e-05
1.059128635461092927e-05
1.028957203743630055e-05
1.277275696338620105e-05
1.455905403418000720e-05
1.551147706777555733e-05
1.374848015984753215e-05
1.475984254284412600e-05
1.110067423724103753e-05
8.076309859461616386e-06
7.632556344105977819e-06
9.247465186490444466e-06
1.153698294729110819e-05
1.014513863992760923e-05
9.786614100448787212e-06
8.416502987529384311e-06
7.426352567563299090e-06
8.571449416194810278e-06
8.239915041485801678e-06
9.390066770720295269e-06
8.922650886233896356e-06
7.217415713967056945e-06
8.767433882894692943e-06
8.321297536895145070e-06
1.086990978365065462e-05
1.024892799250665121e-05
1.020317249640356817e-05
9.624902213545283641e-06
1.067161338141886517e-05
9.970849896490108561e-06
1.067531666194554486e-05
1.222827004312421161e-05
1.451368598281987943e-05
1.713854890112998032e-05
1.427401166438357972e-05
1.155763902715989389e-05
7.173728226916864176e-06
8.531732873962027952e-06
8.885763600119389932e-06
8.251983945228858597e-06
1.109215745600522462e-05
1.025023675538250245e-05
9.312684323958819054e-06
7.914419438748154112e-06
7.881301507950411517e-06
9.633405079512158748e-06
1.009579018500517055e-05
1.259967420992325128e-05
1.191817900689784471e-05
1.165405155916232548e-05
1.454306839150376686e-05
1.066389177140081301e-05
9.684468750492669642e-06
1.113038069888716564e-05
1.083494462363887544e-05
1.033803891914431006e-05
9.346426304546185177e-06
1.132875404437072643e-05
1.221176516992272877e-05
1.123643942264607244e-05
1.019200608425307951e-05
9.074084755411603742e-06
1.162469270639121600e-05
1.670456749707227505e-05
1.263880512851755998e-05
1.069792251655599035e-05
6.237199340830557218e-06
5.736847833759384569e-06
7.101470737325144339e-06
5.624551704386249185e-06
6.390808857759111900e-06
6.445174403779674491e-06
5.368573692976497283e-06
5.487680300575448031e-06
4.440688962858985517e-06
4.298997100704582239e-06
4.770468876813538373e-06
4.535249354375992309e-06
5.090099466542596759e-06
4.415873672769521532e-06
4.539433939498849552e-06
4.461282378542818722e-06
4.310861891099193938e-06
4.341206613389659080e-06
4.636393350665457886e-06
3.842085516225779598e-06
4.221211520416546020e-06
4.543535465018067213e-06
4.024943655167589557e-06
3.637892291408206802e-06
4.799948351319472179e-06
4.016981984023005109e-06
3.530241838234360499e-06
4.378929133963538334e-06
5.178187666388111951e-06
5.474351382872555405e-06
6.728561174895730801e-06
5.432741090771742165e-06
4.817931903744466010e-06
3.883916770064388741e-06
3.709293127940327225e-06
4.313432236813241955e-06
4.185482930552098308e-06
3.934258097615384370e-06
5.323255209077615291e-06
4.727015539174317213e-06
6.713014863635180857e-06
8.293584050989010964e-06
1.315662757406244054e-05
7.691844348300947554e-06
8.189772324840305712e-06
7.133897588573745113e-06
6.835639806013205258e-06
1.073006214937777225e-05
5.837694880028721284e-06
8.171183890226529234e-06
4.424200369612663053e-06
4.025017415187903849e-06
4.375255002742051147e-06
4.226322107570012862e-06
3.927272700821049511e-06
4.532802313406136479e-06
3.965398445870960301e-06
4.434239963302389126e-06
4.057469004692393016e-06
5.935222770858672617e-06
4.711287738246028650e-06
4.001760157734679693e-06
5.768325672761421058e-06
5.820165006298338656e-06
4.754143901664065197e-06
3.386232970115088307e-06
4.746843933389754627e-06
3.063936674152500927e-06
3.225410546292550777e-06
3.359978632033744531e-06
3.251472071497119117e-06
4.075254469171340874e-06
4.804503487321199087e-06
5.914069288337486965e-06
6.304888506747374438e-06
5.726208519263309088e-06
4.173074421487399038e-06
3.321360509289661422e-06
4.552810150926234370e-06
5.159811053090379573e-06
6.596885577891953628e-06
1.049529023475770407e-05
7.274364452314330096e-06
5.389335092331748117e-06
5.035397180108702742e-06
4.034524999951827679e-06
4.175482354185078632e-06
4.830719626625068825e-06
4.895643269264837896e-06
4.498317866818979213e-06
4.919944603898329491e-06
4.813313989870948886e-06
4.750705011247191917e-06
3.534662118909182112e-06
3.153913394271512685e-06
3.036240059373085387e-06
3.530919411787181331e-06
4.867453753831796348e-06
4.335573930802638812e-06
6.677358851447934454e-06
3.460535731392155782e-06
3.204565155101590705e-06
2.448652094244607894e-06
2.780091563181485981e-06
2.459392294440476520e-06
2.427422725759243064e-06
2.284643130678887246e-06
2.311599496351845943e-06
2.418512622170965187e-06
2.414052255517162764e-06
2.400656126155809203e-06
2.227186382697255054e-06
2.280313549363200024e-06
2.597111438262800305e-06
4.099015677638817917e-06
2.830659377650590529e-06
2.530156905322655803e-06
2.781773991955560717e-06
2.556433514655509498e-06
2.361819656471197790e-06
2.517987354622164275e-06
2.388823509136273145e-06
2.375455096625955775e-06
2.446112682719103674e-06
2.415889355233957758e-06
2.269958372380642686e-06
2.529251230498630490e-06
2.469117737291526367e-06
2.131244195879844398e-06
2.481242415797169257e-06
3.148393375340674538e-06
2.395913793407089712e-06
2.406298835921916010e-06
2.505704219402104912e-06
2.604425912977603899e-06
2.192127612943295220e-06
2.703211487187218069e-06
2.574385939624335066e-06
2.428155039524426853e-06
3.172785295646463225e-06
3.898769091392751021e-06
2.901878656302869955e-06
2.397290438693744279e-06
2.899523929045244501e-06
3.199601383130356966e-06
2.685845993255497803e-06
2.702560823308885859e-06
2.411486138953477906e-06
2.521159262869332282e-06
2.335898079763865183e-06
2.290934514803666558e-06
2.269294043344416423e-06
2.302783354934945406e-06
2.165099340345477601e-06
1.892223110644408735e-06
1.920526995036198229e-06
2.476533347817166857e-06
2.097597314332233678e-06
2.179924331358051774e-06
2.065068406409409448e-06
2.416843676655844404e-06
2.134958981514501004e-06
2.166682804727315670e-06
2.088836413349781482e-06
2.566543832926981934e-06
2.200998949319910025e-06
2.504179565221420320e-06
2.033099099207902412e-06
2.079655132547486573e-06
2.090629891426942777e-06
2.142409334737749389e-06
2.170245431898365411e-06
2.081573506984568582e-06
2.024916375376051377e-06
1.973832672774733595e-06
2.213409220530593133e-06
2.333710222046647602e-06
2.681055980247038036e-06
2.266708588649635373e-06
2.473082383858127202e-06
1.923547722526563945e-06
2.147260590845689707e-06
1.797144068405032200e-06
1.835829596075200285e-06
2.127196160017774758e-06
2.007819853133696512e-06
2.197102605805411998e-06
2.005137673677381827e-06
2.134769033546035644e-06
2.178662737151171483e-06
2.079526916531904050e-06
2.237399303339770826e-06
1.949967349901271434e-06
2.394017428741790354e-06
2.033655596278549722e-06
2.056731341326667377e-06
1.856473272709990809e-06
2.181899549213994591e-06
2.736501915023836603e-06
2.216282655354006978e-06
1.786299014838732631e-06
1.802938504624762657e-06
1.772025569835022907e-06
1.854256947808607905e-06
1.783696478696583696e-06
1.678758030720928303e-06
1.799309723082842453e-06
1.691043109985912452e-06
1.654686576557651363e-06
1.848933624160054066e-06
1.803394752641906962e-06
1.866945592610136331e-06
1.813236269754270367e-06
1.741535845667385814e-06
1.903900533761770845e-06
1.816527503706311151e-06
1.764528326475556326e-06
1.703503471617295872e-06
1.704922033241018738e-06
1.639990432522608941e-06
1.709483700551572880e-06
1.682333152075443692e-06
1.757783604716678340e-06
1.855685695772990584e-06
1.914775384648237208e-06
1.812967263958853352e-06
1.657290744105921561e-06
1.784140039262638311e-06
1.739098269126770944e-06
1.626765924811479678e-06
1.876625435670575868e-06
1.752157572809664998e-06
1.613798281141498676e-06
1.834468702099911710e-06
1.755982941631373336e-06
1.690898534434381957e-06
1.616874470755647053e-06
1.697866696304117837e-06
1.607129331659962148e-06
1.661703481659060386e-06
1.562624225925901640e-06
1.717820498470246136e-06
1.738916967042314397e-06
1.687878170741896653e-06
1.639825512711468036e-06
1.651765899168822216e-06
1.669696302997181192e-06
1.655693972679728092e-06
1.704227349819120803e-06
1.727676078644435620e-06
1.680347429555695356e-06
1.709537002625438618e-06
1.614922490489334365e-06
1.589005620417083264e-06
1.603453068810267681e-06
1.730173636360632372e-06
1.612252708582673307e-06
1.589097541909723162e-06
1.720598186238930709e-06
1.846734528498927745e-06
1.789568887033965481e-06
1.932169016072293574e-06
1.636348713418556144e-06
1.753814808580500455e-06
1.729666655592154796e-06
1.888477345346473200e-06
2.195240256241959287e-06
1.955397181063744938e-06
2.243914605060126802e-06
1.691070337983546779e-06
1.672185442203044574e-06
1.725558104226365643e-06
1.637876277982286368e-06
1.551313539494003550e-06
1.693431954663537908e-06
1.583527796356065749e-06
1.828517611102142837e-06
1.843178677063406170e-06
1.751964185814358559e-06
1.794174397673487007e-06
1.724441426631528799e-06
1.634596060284820851e-06
1.675569683357025581e-06
1.531741702365252422e-06
1.615347986216875185e-06
1.510347135535994354e-06
1.680549661386976410e-06
1.555911524064867990e-06
1.591043513826662092e-06
1.516024457259845846e-06
1.620119132894615135e-06
1.552221004885723190e-06
1.657968550716759595e-06
1.620646969513472868e-06
1.530823163875538655e-06
1.592612790091152419e-06
1.652800216334071508e-06
1.573516391317753090e-06
1.595897572315152502e-06
1.477454623000085206e-06
1.412268511558067900e-06
1.460752855564351194e-06
1.441575847138665267e-06
1.438821800547884820e-06
1.434893050600294373e-06
1.518147553269955054e-06
1.559009780294218302e-06
1.486251284177342398e-06
1.403305481062489064e-06
1.409788910677889404e-06
1.424582745812585884e-06
1.402743203016143440e-06
1.403850723136201935e-06
1.455625545077054909e-06
1.517248210802790751e-06
1.419769114363589239e-06
1.389759557923753121e-06
1.381317872528597945e-06
1.417448964957657069e-06
1.465717849669090440e-06
1.422333951950349729e-06
1.429138222874826170e-06
1.426839634177667946e-06
1.424514579184688046e-06
1.451029891086363974e-06
1.449278175869039884e-06
1.500440737345343308e-06
1.415611785660075754e-06
1.433447084764338839e-06
1.459149149241056918e-06
1.511217521965591046e-06
1.409663894946788787e-06
1.509601702309737448e-06
1.556789231926813997e-06
1.563923711955794631e-06
1.597714941681260825e-06
1.449651739449109385e-06
1.458525719044701006e-06
1.459094443134745149e-06
1.408815478498581797e-06
1.494136296287251710e-06
1.472141366321011489e-06
1.474341604534856785e-06
1.445321640858310232e-06
1.446223444645511251e-06
1.448449160079690130e-06
1.462677016661473275e-06
1.444367256908662966e-06
1.418904253114305987e-06
1.429353000048649762e-06
1.475228776826043116e-06
1.448392123393205069e-06
1.414930250120960366e-06
1.431599739021294184e-06
1.425730738446873062e-06
1.463907616994219922e-06
1.519581428510718937e-06
1.510648780822520991e-06
1.480545773802077705e-06
1.401289352997991955e-06
1.412436574810271850e-06
1.419103045918745962e-06
1.460262228647479830e-06
1.418189410173908940e-06
1.410718306260605374e-06
1.385554148214396349e-06
1.405526484177244044e-06
1.430504772770291395e-06
1.420524108652898491e-06
1.398905237692815675e-06
1.533137753995106407e-06
1.433541342521493789e-06
1.456796059073894909e-06
1.471273424158425811e-06
1.427929839792341142e-06
1.440028117372094172e-06
1.408968802252275097e-06
1.437784993640889382e-06
1.491270748488204802e-06
1.382230061608424791e-06
1.389626859804593551e-06
1.404297216822669640e-06
1.406568827633236651e-06
1.380758448021879303e-06
1.409229446380777602e-06
1.404833707852048932e-06
1.419578643435670613e-06
1.394791979691945016e-06
1.424273011707555312e-06
1.406161266004346629e-06
1.379654202082747276e-06
1.395586417629601698e-06
1.410488897590767095e-06
1.396167226630495946e-06
1.479839249896031021e-06
1.388555841685956651e-06
1.429983564094072705e-06
1.431311366673071546e-06
1.482620066894924136e-06
1.404433459128995267e-06
1.343227376082722828e-06
1.355178665107814553e-06
1.358969456077829818e-06
1.335275649694267401e-06
1.360614879786226168e-06
1.358958883201921708e-06
1.342434859452623683e-06
1.377493106247129617e-06
1.392653643961239140e-06
1.391138266626512589e-06
1.405530423426171140e-06
1.376890750748316350e-06
1.340006923555847691e-06
1.366128066138117077e-06
1.384332455245385148e-06
1.354548760446050480e-06
1.393226187929030899e-06
1.352153219613683177e-06
1.352005892840679693e-06
1.408368677857652116e-06
1.425171956270787590e-06
1.412247939924782258e-06
1.349648550785786853e-06
1.364673758530443508e-06
1.365849755075032590e-06
1.349200800859762239e-06
1.354834697053775059e-06
1.365964948263354017e-06
1.368352920394499876e-06
1.340369124136486789e-06
1.344144146742109940e-06
1.321921172348083886e-06
1.340507657232592549e-06
1.394219304984289835e-06
1.371122138493774401e-06
1.329876428712850654e-06
1.389309355204204537e-06
1.342519090030691671e-06
1.313070401920413175e-06
1.333921341029053935e-06
1.341718410685643818e-06
1.346772938859430809e-06
1.377332404217668142e-06
1.329912777237041155e-06
1.361758404527790802e-06
1.332447442337070285e-06
1.312984582568788070e-06
1.353762286271376070e-06
1.341150152711634291e-06
1.363137414500670275e-06
1.355427411908749449e-06
1.324602135355235035e-06
1.353891065036805230e-06
1.335821369252698829e-06
1.344014469850662948e-06
1.334276313968984966e-06
1.328510336406907300e-06
1.364076533150182428e-06
1.333133414505027801e-06
1.349405823702909444e-06
1.337066277073972700e-06
1.306800027123244903e-06
1.340744427125173303e-06
1.350770577346338584e-06
1.337150769131767532e-06
1.330322413650719597e-06
1.354494264660388665e-06
1.297090466323425104e-06
1.343941397635717379e-06
1.343266580988711297e-06
1.352070188431753237e-06
1.341965889878338288e-06
1.330417336475875387e-06
1.321950787769310367e-06
1.346498106613580561e-06
1.334639259198411225e-06
1.308844238678830237e-06
1.344663613167540419e-06
1.341683082500821826e-06
1.326720490624211337e-06
1.311836734885218818e-06
1.325057530721096639e-06
1.348145065094286153e-06
1.323938818131864537e-06
1.315051355277319174e-06
1.301626582517201314e-06
1.375561555505555631e-06
1.355732371166595925e-06
1.323939460462497706e-06
1.339276661838084650e-06
1.334745832082262496e-06
1.331589271558186695e-06
1.336191746759141139e-06
1.289547063265672562e-06
1.330349289219157029e-06
1.339327391747246936e-06
1.330901045548671433e-06
1.344044275697342485e-06
1.334105610339975186e-06
1.368970166026883902e-06
1.318444310527411374e-06
1.289602096221642569e-06
1.327238615544956617e-06
1.338264280548173659e-06
1.310854216285406437e-06
1.288375182184608918e-06
1.292655088036553977e-06
1.307347270085301631e-06
1.294053583933418765e-06
1.294240092875043047e-06
1.310343617433318244e-06
1.301013264765060655e-06
1.315840114557431746e-06
1.300104869983442768e-06
1.294778513738492620e-06
1.305386302874467177e-06
1.305077717006497551e-06
1.301905538753089744e-06
1.309094125190313122e-06
1.320835670526321422e-06
1.284521448496889249e-06
1.284867434492298301e-06
1.326788213873442231e-06
1.292584940415508754e-06
1.314072537184074505e-06
1.295042955007375070e-06
1.300731253195408457e-06
1.289476574584114175e-06
1.300293916983719100e-06
1.289514585778306355e-06
1.324241844713469533e-06
1.333818181592505510e-06
1.293634110766106417e-06
1.326642450294457418e-06
1.332863564584840830e-06
1.296804390449324358e-06
1.326625391584457205e-06
1.308748213091348631e-06
1.302611823916777254e-06
1.286671209754786147e-06
1.286581121462404511e-06
1.291336616304761264e-06
1.293278950242893104e-06
1.288189901060832114e-06
1.291733508423931156e-06
1.283982751942858116e-06
1.312794972818664889e-06
1.279654929930984593e-06
1.296392713356908686e-06
1.305160060383059402e-06
1.307249300452895029e-06
1.296011009799258360e-06
1.300813005400414028e-06
1.279354924577091963e-06
1.284362883779977025e-06
1.312471130177073107e-06
1.301319542790224659e-06
1.303980246802893901e-06
1.281607779901605682e-06
1.307343694634255371e-06
1.287599008037432256e-06
1.307300593111904163e-06
1.320022437312218287e-06
1.298312611197616206e-06
1.281953362308740949e-06
1.303446512679329359e-06
1.296795568350716991e-06
1.295445730420397055e-06
1.281443917378055673e-06
1.277004236044376824e-06
1.294259351425353131e-06
1.303294732224458045e-06
1.295769652642775369e-06
1.285818029828078579e-06
1.290896386763051766e-06
1.283937959328795799e-06
1.284837844650610265e-06
1.289084539735085897e-06
1.288355338147084737e-06
1.273572794957544872e-06
1.296101447678665906e-06
1.288488761019834783e-06
1.288275473143585301e-06
1.286730258698298797e-06
1.293184141104575247e-06
1.267669151161499073e-06
1.283257245177082908e-06
1.308829916979448087e-06
1.295215074037514611e-06
1.273426880743500163e-06
1.287043605202598016e-06
1.279714220459027189e-06
1.280768941569476738e-06
1.267393318471477002e-06
1.283375274852005617e-06
1.296591904065280687e-06
1.278712989005725873e-06
1.277840101465699305e-06
1.296646962600789350e-06
1.276222903356938332e-06
1.274295777875522533e-06
1.281303158862101597e-06
1.267150304329334091e-06
1.275528410360493666e-06
1.273296001613743926e-06
1.289311725827246846e-06
1.271300521921148217e-06
1.274118494620779614e-06
1.280589833640988302e-06
1.280019176874702680e-06
1.270205552827974231e-06
1.262469527318899096e-06
1.280927298807910204e-06
1.266569455538046896e-06
1.283402107787878692e-06
1.274815207352730837e-06
1.280671662584609209e-06
1.271213005793470032e-06
1.279103202023179620e-06
1.273536821599918725e-06
1.272696107434967374e-06
1.283527888062962945e-06
1.270400579755914890e-06
1.263997808109707051e-06
1.275874095085782713e-06
1.266417712031397969e-06
1.283058523426916508e-06
1.277758366313719222e-06
1.278610409372049574e-06
1.273223941211654122e-06
1.280060686781325785e-06
1.278205587595948600e-06
1.271086125598230950e-06
1.284203119666926753e-06
1.278409490623744289e-06
1.280174291196090095e-06
1.267274345195801331e-06
1.263727915556955934e-06
1.264157464220261360e-06
1.284314743088543680e-06
1.264067651618461283e-06
1.272173469146764631e-06
1.276404213967907623e-06
1.270619554816221437e-06
1.261424637277741483e-06
1.265821333618077830e-06
1.265757967416902745e-06
1.269115327318104349e-06
1.273601776574650927e-06
1.263974883158880445e-06
1.258527890968252947e-06
1.274861779165803540e-06
1.272604842483815361e-06
1.278522421443995014e-06
1.260102732203449662e-06
1.279624243011312501e-06
1.263791875771858073e-06
1.271926453227934004e-06
1.253592807870518215e-06
1.274117499860949550e-06
1.264470856199295710e-06
1.269281835902802371e-06
1.271642469191647166e-06
1.270465836000767097e-06
1.270377441642267555e-06
1.278081390410079705e-06
1.257862396641940037e-06
1.281909067074593665e-06
1.262001137547486038e-06
1.266102100316857062e-06
1.262920849853799197e-06
1.272635176974290559e-06
1.262187902284494982e-06
1.275128937550107366e-06
1.259593153690730190e-06
1.278505371260507757e-06
1.256475792388300676e-06
1.282103903577080843e-06
1.248946244913895456e-06
1.271881404818486814e-06
1.258030025041989575e-06
1.265650473669666183e-06
1.264869442252347696e-06
1.263461598455251078e-06
1.285845814891217784e-06
1.258646858559586647e-06
1.262578794580804285e-06
1.262167745608167067e-06
1.257525451592300627e-06
1.266696222046448468e-06
1.251006102620522227e-06
1.275372443387823338e-06
1.264052974647711465e-06
1.256661721527052620e-06
1.256421381867767153e-06
1.269194081032765013e-06
1.254823226304324550e-06
1.274166578468793887e-06
1.248795749120290481e-06
1.264128087541394052e-06
1.259282379351134211e-06
1.274520269589629564e-06
1.259944798448486878e-06
1.257577036994916810e-06
1.266577106662225645e-06
1.257144432997847616e-06
1.258572061146878780e-06
1.264768474129596185e-06
1.249508258638343250e-06
1.263778241877844224e-06
1.252455859912515734e-06
1.259128609376602981e-06
1.253208537832506408e-06
1.255700928481928798e-06
1.263791799033242526e-06
1.247489345246321961e-06
1.252842258736564048e-06
1.262015751990475025e-06
1.257996370895852991e-06
1.255738669669881389e-06
1.258431029782514130e-06
1.253016552027475015e-06
1.256097567647884801e-06
1.255152920975888222e-06
1.259483505577918465e-06
1.258621841770946133e-06
1.253671311474135976e-06
1.268418714062136132e-06
1.252035110610450004e-06
1.247606897436526112e-06
1.265460463173439991e-06
1.258820938687676887e-06
1.251925959877553311e-06
1.257274880117620426e-06
1.250718830192454419e-06
1.266592329329796400e-06
1.249130843916645930e-06
1.251928813417180293e-06
1.255845643299835459e-06
1.249549623594248218e-06
1.258569835727030253e-06
1.252868483447855354e-06
1.257320332115341401e-06
1.252373954230279281e-06
1.258795634839771083e-06
1.253690021485454138e-06
1.259270177911275823e-06
1.256669150961897685e-06
1.249866767238927381e-06
1.262421852743500579e-06
1.265351951929005694e-06
1.247383670488488945e-06
1.260622036625136304e-06
1.259163212807834498e-06
1.248893153160679461e-06
1.258640097034913197e-06
1.248453423841055980e-06
1.262605567831087725e-06
1.253320567684568317e-06
1.248554309540850184e-06
1.254775335723934319e-06
1.258708630302862645e-06
1.252869921586352575e-06
1.245915734671143497e-06
1.252257965234093802e-06
1.253091562603003610e-06
1.250254859996857788e-06
1.249076819931360702e-06
1.247262525794212622e-06
1.259916240314851081e-06
1.246909494057035814e-06
1.255561971902352567e-06
1.256773819591217119e-06
1.244369508413001228e-06
1.256022980555826465e-06
1.246032115886919243e-06
1.262779966282323670e-06
1.250933723895286718e-06
1.247035066853641098e-06
1.255442717251753577e-06
1.249338671982514000e-06
1.247086942157693557e-06
1.252651281902217221e-06
1.246010546651632552e-06
1.248482226401392921e-06
1.263967442355351438e-06
1.245131221594419997e-06
1.244277456180498120e-06
1.246529484433267583e-06
1.244978938075291892e-06
1.256698070051243121e-06
1.254645059134418304e-06
1.270975423039999526e-06
1.241337520241359101e-06
1.251296646387345306e-06
1.246627698492375118e-06
1.263597420120277008e-06
1.247164061624061972e-06
1.244825955382111758e-06
1.256790790193917844e-06
1.246693761913775318e-06
1.250329879098899340e-06
1.256431770002563966e-06
1.246075123617629203e-06
1.247448250296656582e-06
1.251914994782055146e-06
1.244727548055379969e-06
1.246016626055279673e-06
1.250071338176894684e-06
1.255356335150281623e-06
1.245559124640749445e-06
1.241604067558910174e-06
1.246022640088995188e-06
1.247478550681080378e-06
1.250260331175923141e-06
1.249786043899803274e-06
1.245863774101962960e-06
1.243066424194694306e-06
1.250781599537731466e-06
1.246801457455148878e-06
1.245358095047777212e-06
1.246739492444248838e-06
1.246841378588214866e-06
1.242115854438452473e-06
1.245080540002163616e-06
1.248718319857289316e-06
1.246859150683121613e-06
1.244850750481418800e-06
1.246022731038465239e-06
1.242279574853455330e-06
1.243528419081485523e-06
1.245296346041868674e-06
1.248044071644471842e-06
1.249238837885968721e-06
1.245648778080976669e-06
1.249761737653898308e-06
1.247903725243304507e-06
1.249568620664831457e-06
1.247101064905109482e-06
1.241551143493779776e-06
1.240363809529298948e-06
1.243558457986182475e-06
1.244533800104363679e-06
1.245177128339491859e-06
1.246569669888231189e-06
1.251652457767704533e-06
1.247434687456916520e-06
1.244942689027084186e-06
1.245530762616908675e-06
1.246797177145708617e-06
1.244159716407011686e-06
1.241952838881843406e-06
1.240205784824865902e-06
1.252118448746841708e-06
1.248047732360646393e-06
1.238272255932315517e-06
1.243687347596278372e-06
1.248248170782062558e-06
1.241570600996055873e-06
1.247608315679826858e-06
1.246752458428090862e-06
1.243653377969167280e-06
1.242380037069779064e-06
1.248278917387324285e-06
1.243060160049935888e-06
1.243623944446881111e-06
1.248370801931741796e-06
1.243870008238445819e-06
1.241614816649416837e-06
1.241135200302778770e-06
1.241688650566175056e-06
1.240498664856204456e-06
1.244768674268925764e-06
1.246682188593695173e-06
1.244314773884980241e-06
1.243660287286729642e-06
1.245385698211975893e-06
1.256224265944183571e-06
1.240975538507882490e-06
1.237169877299493152e-06
1.246353292572166538e-06
1.242397087253266321e-06
1.238544098214333602e-06
1.242272230683738556e-06
1.245914501168954260e-06
1.242648397692391924e-06
1.240535669921882842e-06
1.241128381934686246e-06
1.239257468910182027e-06
1.240585112327608015e-06
1.242785242538957349e-06
1.242652959376755504e-06
1.242564724179828815e-06
1.243151785956797539e-06
1.241576981669822999e-06
1.241769274429316368e-06
1.240843312189099294e-06
1.239770006122853459e-06
1.243279842810807210e-06
1.240961032067389254e-06
