1.264799928665161222e+00
9.378406405448913574e-01
8.259722232818603738e-01
6.538533210754394753e-01
4.995530664920806996e-01
3.487165272235870361e-01
2.894028425216674805e-01
2.471302628517150768e-01
2.213244259357452504e-01
2.088327169418335016e-01
3.111413657665252908e-01
2.787340611219406017e-01
3.372453063726424949e-01
2.240148931741714478e-01
2.021265387535095270e-01
1.742357775568962042e-01
1.803331762552261297e-01
1.666826382279396057e-01
2.496627837419509999e-01
2.678037106990814320e-01
2.114180639386177007e-01
1.445868924260139410e-01
1.954148590564727672e-01
1.810310110449790955e-01
1.545984268188476674e-01
1.159954935312271090e-01
9.493122175335884372e-02
8.566031157970428744e-02
7.107348069548606595e-02
9.697841182351112088e-02
1.361672043800354059e-01
1.202188029885292025e-01
8.443694487214088717e-02
1.032550908625125829e-01
1.331188604235649109e-01
1.484279274940490667e-01
1.669229790568351746e-01
1.559652224183082636e-01
2.282731115818023571e-01
2.317748591303825378e-01
2.032419815659523010e-01
1.552935153245925959e-01
1.450069189071655218e-01
1.259261339902877919e-01
1.127757877111434937e-01
6.697680056095123291e-02
6.073514595627784590e-02
6.051571294665336609e-02
6.745947897434234619e-02
6.283574551343917847e-02
6.850232183933258057e-02
6.670026630163192194e-02
5.751672163605690141e-02
5.098040327429771701e-02
6.740561053156853000e-02
6.746829822659491938e-02
6.471157968044280451e-02
7.097812145948409479e-02
6.422728970646858493e-02
8.705506324768066961e-02
9.034700319170951843e-02
8.979244679212569635e-02
1.594745203852653559e-01
1.971760734915733448e-01
1.552893899381160847e-01
8.896097764372826178e-02
1.350224092602729797e-01
9.669942408800125122e-02
8.903034627437592108e-02
8.279734775424003879e-02
7.292540371417999268e-02
9.368553608655930121e-02
1.047852508723735865e-01
8.783398643136024198e-02
8.529880121350288946e-02
1.098755627870559720e-01
1.100847236812114716e-01
1.433399006724357660e-01
1.017029836773872403e-01
1.309550076723098866e-01
1.111167460680007879e-01
1.179716333746910067e-01
8.428271338343620855e-02
6.450951099395751953e-02
7.526103854179382047e-02
7.718994393944740573e-02
7.535847574472427646e-02
7.836924791336059848e-02
9.489659518003464023e-02
1.029419958591461237e-01
1.020988278090953771e-01
1.163732573390006964e-01
9.991013109683991034e-02
6.431709006428718012e-02
4.680588021874428073e-02
7.102662473917006891e-02
8.257918581366538446e-02
8.279365226626396457e-02
8.873591721057891291e-02
8.584120869636535645e-02
4.969849288463592391e-02
3.860939070582389970e-02
3.443455584347247800e-02
3.271642364561557631e-02
2.764008641242981026e-02
3.408538810908794126e-02
3.029462546110153059e-02
3.753465823829173903e-02
4.625223353505134721e-02
4.579981006681919237e-02
3.702742159366607944e-02
4.399510137736797194e-02
4.412964805960654935e-02
4.519263096153736115e-02
4.235059022903442383e-02
4.087878949940204620e-02
2.943690828979015489e-02
2.928327620029449324e-02
2.757690101861953735e-02
3.767241351306438446e-02
3.351308703422546664e-02
3.660963140428066115e-02
2.933258414268493514e-02
2.762014009058475633e-02
2.949389964342117448e-02
2.490419521927833557e-02
2.900843620300292899e-02
3.826328180730342865e-02
2.642515189945697854e-02
2.818627245724201341e-02
3.197523802518844466e-02
3.082535602152347565e-02
2.395437713712453981e-02
3.089444488286972185e-02
3.077369555830955505e-02
4.311643503606319566e-02
5.858031511306762557e-02
5.138833560049534122e-02
5.711400471627712389e-02
7.260966897010803778e-02
6.314309276640414637e-02
4.059869796037673950e-02
2.801921665668487618e-02
2.735012546181678911e-02
3.229963183403015275e-02
4.388488866388797621e-02
5.854463726282119890e-02
5.598790198564529419e-02
5.481134243309497556e-02
4.032648727297782898e-02
4.203224182128906250e-02
3.957306928932666917e-02
3.903698921203613281e-02
4.333621188998222629e-02
6.221941858530044556e-02
6.806250773370266238e-02
7.432158924639224729e-02
5.703944712877273560e-02
4.660120345652103702e-02
4.381934925913810730e-02
6.200373694300651689e-02
5.312470495700836320e-02
3.303030952811240872e-02
2.776210531592369218e-02
2.821119986474513938e-02
2.682526409626007080e-02
3.059566244482993941e-02
2.824144698679447243e-02
4.470922946929931779e-02
4.738741070032119473e-02
6.158075630664825578e-02
8.347075805068016052e-02
6.090062335133552412e-02
5.374909490346908847e-02
3.072300031781196455e-02
3.120233975350856712e-02
3.635654561221599718e-02
3.349475525319576402e-02
3.984763212502002994e-02
4.542150348424911499e-02
3.728347644209861755e-02
2.653355523943901062e-02
3.085489831864833901e-02
3.004201725125312666e-02
2.811574898660183092e-02
2.631353661417961190e-02
3.108138516545295646e-02
3.183088824152946472e-02
3.677225597202778140e-02
3.407303765416145463e-02
2.847668640315532615e-02
4.146640412509441237e-02
5.007194392383098464e-02
5.563240945339202603e-02
5.474674664437770982e-02
4.626080840826034268e-02
4.589446075260639191e-02
4.626126810908317427e-02
2.881401963531970978e-02
3.125511556863784512e-02
2.258849963545799325e-02
2.150503173470497131e-02
2.573293931782245567e-02
1.947185117751359940e-02
2.398069836199283669e-02
1.859156843274831911e-02
2.202313989400863509e-02
2.439992837607860704e-02
2.003741431981325219e-02
2.341933362185955048e-02
2.040255628526210785e-02
1.862593833357095718e-02
1.683666743338108063e-02
1.805818900465965340e-02
1.592142134904861450e-02
1.880991458892822266e-02
2.028468288481235365e-02
2.208929024636745522e-02
2.297146823257207801e-02
2.316963747143745492e-02
1.824233792722225120e-02
2.375436238944530348e-02
2.242246493697166304e-02
2.808731310069561074e-02
2.522462569177150865e-02
1.871713995933532715e-02
2.028554882854223182e-02
2.018705420196056227e-02
2.212306484580039978e-02
3.182555846869945804e-02
3.226024117320776263e-02
2.505789883434772491e-02
2.274325694888830116e-02
1.663433369249105523e-02
1.404890045523643494e-02
1.485997587442398037e-02
1.520240530371665989e-02
2.227278370410203795e-02
2.589173279702663283e-02
2.301909849047660897e-02
2.516076769679784914e-02
1.752738859504461219e-02
1.826939377933740546e-02
1.341620702296495403e-02
1.306685609742999112e-02
1.953641008585691591e-02
2.120063398033380370e-02
1.368123926222324441e-02
1.426403596997261047e-02
1.416602693498134578e-02
1.516160359606146847e-02
1.755941789597272734e-02
1.505049262195825611e-02
1.258889660239219735e-02
1.530773639678955148e-02
1.597646353766322275e-02
1.512931473553180695e-02
2.175284307450055937e-02
1.886443775147199700e-02
2.135319691151380678e-02
1.515992563217878272e-02
1.408497765660285915e-02
1.728542726486921241e-02
1.585422810167074273e-02
1.576720774173736433e-02
1.667832676321268082e-02
1.614939793944358826e-02
2.167982272803783278e-02
2.338280528783798218e-02
2.061393316835164954e-02
1.251349896192550590e-02
1.437034569680690696e-02
1.490925122052431072e-02
1.645515616983175139e-02
1.580733861774206300e-02
1.433290932327508857e-02
1.500849314033985207e-02
1.538403816521167686e-02
1.413610950112342834e-02
1.858616098761558394e-02
2.220535818487405846e-02
2.082906067371368547e-02
2.013246677815914293e-02
2.043427210301160951e-02
2.342257834970951080e-02
1.608738321810960700e-02
2.307014521211385796e-02
1.605908479541540146e-02
1.486797258257865906e-02
2.005911357700824668e-02
1.516277547925710609e-02
1.557876989245414803e-02
1.945334766060113907e-02
1.920731514692306657e-02
1.699724849313497682e-02
1.600911468267440796e-02
1.730920206755399635e-02
1.822168715298175951e-02
1.658402737230062554e-02
1.482482291758060490e-02
1.217637769877910614e-02
1.176149453967809642e-02
1.380940470844507252e-02
1.386704742908477853e-02
1.596389934420585494e-02
1.646877881139516969e-02
1.447734041139483487e-02
1.258701048791408504e-02
9.752614144235848687e-03
9.028237592428923347e-03
9.130217414349318245e-03
9.889231529086828232e-03
1.131315231323242257e-02
1.136475475504994392e-02
9.734791610389948238e-03
1.022574519738555024e-02
1.069443719461560249e-02
9.700578637421131134e-03
9.449961036443710674e-03
9.341237880289555290e-03
1.057544630020856857e-02
1.360138552263379097e-02
1.061884621158242295e-02
9.355871658772229454e-03
1.075102416798472474e-02
1.135320551693439449e-02
8.212787564843893051e-03
1.088057169690728222e-02
1.538940714672207798e-02
1.173898372799158166e-02
1.266067586839198997e-02
1.459520105272531579e-02
1.384997144341468776e-02
1.110667223110795021e-02
9.447179175913334240e-03
1.147276833653449943e-02
1.055940296500921215e-02
9.528819471597671509e-03
9.912825189530849457e-03
1.225727973505854641e-02
1.277177240699529578e-02
1.919317394495010515e-02
1.816670373082161088e-02
1.589915957301855226e-02
1.695236377418041229e-02
1.298741269856691291e-02
1.367339044809341361e-02
1.682011503726243973e-02
1.769776344299316476e-02
1.463463585823774303e-02
1.312371948733925819e-02
1.250763703137636185e-02
1.172693679109215736e-02
1.100245900452137028e-02
1.205546790733933414e-02
1.044638669118285249e-02
9.656138438731431267e-03
1.134195988997816970e-02
1.023557614535093238e-02
1.229400672018527915e-02
1.405815500766038895e-02
9.686792641878128399e-03
1.076191961765289237e-02
1.445605959743261407e-02
1.277511110529303516e-02
8.680642675608396183e-03
1.042438847944140469e-02
9.193750191479920994e-03
8.417167793959378849e-03
8.659377414733170769e-03
9.332325030118226311e-03
9.713849239051341317e-03
1.034502489492297207e-02
1.327222725376486778e-02
1.408645184710621834e-02
1.272984817624092137e-02
1.002690326422452961e-02
9.590719081461428902e-03
1.143592046573758091e-02
1.069632451981306076e-02
1.241500340402126347e-02
1.857963874936103751e-02
1.641288157552480559e-02
1.556903794407844474e-02
1.157468780875206028e-02
9.275422431528568268e-03
9.929357562214136124e-03
1.011776123195886647e-02
1.521431747823953629e-02
1.378664700314402580e-02
1.345943827182054589e-02
1.418321467936039040e-02
1.421752609312534367e-02
1.031388947740197182e-02
9.207885991781950691e-03
1.056899214163422619e-02
1.123841386288404465e-02
1.519201211631298135e-02
1.432531867176294396e-02
1.143405493348836899e-02
1.000338448211550782e-02
8.539984188973902962e-03
8.272311091423035015e-03
8.439151477068662990e-03
7.228563912212849010e-03
8.196381572633981011e-03
8.132458664476871490e-03
7.443651836365461176e-03
7.003813842311501156e-03
6.703269993886351238e-03
8.103222865611315467e-03
7.072181673720479012e-03
6.634163204580545425e-03
7.547922339290380825e-03
9.216621611267327915e-03
8.402298204600811005e-03
7.933883834630251278e-03
8.007562719285488129e-03
7.757137622684239994e-03
8.135949075222016075e-03
8.622893318533896706e-03
7.565797399729489933e-03
8.026299066841602325e-03
7.168760802596807306e-03
7.183892466127872294e-03
7.182268192991614342e-03
7.484752545133232723e-03
8.148033777251839985e-03
6.922777555882930582e-03
7.379487250000238072e-03
9.118135552853345871e-03
8.265954162925481102e-03
8.321343595162034382e-03
8.092414401471615532e-03
7.543015573173761194e-03
7.082355674356222153e-03
7.680959347635507410e-03
7.509591430425644268e-03
7.383377850055694233e-03
8.220006991177798011e-03
8.597327303141355861e-03
8.323447871953248631e-03
7.476867921650409525e-03
8.878633566200732491e-03
1.302722627297043731e-02
1.117001008242368698e-02
1.033716481178998878e-02
8.827205467969178460e-03
7.700395956635475332e-03
6.803944241255521774e-03
8.702881261706351887e-03
8.272881340235471032e-03
7.582424301654100071e-03
8.238459378480911602e-03
6.646486092358827244e-03
7.381092198193073620e-03
8.957417635247110627e-03
6.538413278758525675e-03
7.612535823136567723e-03
7.722412236034870148e-03
7.960513606667518963e-03
6.669899215921759605e-03
7.717186771333217794e-03
7.672803848981857647e-03
7.516675069928169597e-03
6.678724195808172226e-03
7.744705397635697972e-03
7.305751927196979870e-03
7.713235728442668741e-03
8.316026255488394997e-03
7.085627876222133636e-03
6.875163596123457128e-03
6.978100538253784527e-03
7.767750415951013565e-03
6.580706778913735996e-03
8.345939265564084747e-03
9.675444848835468986e-03
9.239977505058050850e-03
8.248441573232411644e-03
6.856364011764526194e-03
6.864041183143853794e-03
6.937078852206468756e-03
6.312743062153458595e-03
6.322987563908100302e-03
6.679225526750087565e-03
6.926936842501163309e-03
6.578692514449357813e-03
7.139493059366941279e-03
6.760036293417215521e-03
7.455263845622539173e-03
6.978220771998167038e-03
6.750046228989958937e-03
7.470155879855155771e-03
7.821341417729854931e-03
6.872244179248809814e-03
6.541314721107483084e-03
6.740069389343262066e-03
8.784775109961628220e-03
9.841738361865281712e-03
8.562112227082252502e-03
6.629366613924503500e-03
5.974510731175541704e-03
6.031660223379730831e-03
6.816912442445755005e-03
6.544700451195239674e-03
6.445688800886273731e-03
6.113950721919536244e-03
6.081525702029466629e-03
5.707352701574563807e-03
6.947173736989498138e-03
7.766231428831815720e-03
6.293101888149976904e-03
6.368632987141608845e-03
6.966154510155320341e-03
7.201596535742283214e-03
6.530935224145650690e-03
6.562248850241303270e-03
6.027168501168489803e-03
5.857502575963735580e-03
6.010398641228676189e-03
6.342548504471778523e-03
6.875302409753203392e-03
6.137427221983671015e-03
6.668646726757288326e-03
7.137251645326614033e-03
6.492434907704592098e-03
5.739082442596554409e-03
6.334525020793080503e-03
5.916677322238684048e-03
6.293039210140705456e-03
6.534273922443390066e-03
5.830584000796079983e-03
6.350980512797832836e-03
6.773725431412458246e-03
6.460781395435333425e-03
5.944942729547620167e-03
5.624293815344572067e-03
5.936603713780641729e-03
5.749690206721424710e-03
5.838063778355717659e-03
5.740388249978423292e-03
5.668649729341268366e-03
5.721188290044665684e-03
5.812234058976173227e-03
5.822448432445526470e-03
5.645685456693172108e-03
6.007079128175973545e-03
5.638856021687388247e-03
6.643328210338949810e-03
5.659405654296278780e-03
5.865493556484580040e-03
6.084122974425554102e-03
5.533690936863422741e-03
5.560648161917924881e-03
5.808613635599613537e-03
6.457208842039108450e-03
5.482636857777833939e-03
6.033345498144626964e-03
5.762504134327173407e-03
6.496755685657262629e-03
5.948955425992608070e-03
6.496055237948894674e-03
7.229640288278460850e-03
6.157372705638408314e-03
7.050441671162843357e-03
8.155875932425260197e-03
8.885175269097090461e-03
8.134770952165127494e-03
8.756578899919986725e-03
6.223715282976627697e-03
5.812422651797532862e-03
6.979589629918336695e-03
5.933619383722543543e-03
6.031472608447075237e-03
6.907968549057841301e-03
5.464346474036574017e-03
7.829299941658974388e-03
7.505956199020146977e-03
6.024581659585237330e-03
6.798053160309791565e-03
6.450362224131822760e-03
5.945414351299404924e-03
5.737070459872484207e-03
5.898242630064487284e-03
5.579272983595728874e-03
6.038877740502357136e-03
6.079580448567867106e-03
6.070780567824840546e-03
5.587627133354544813e-03
5.755904177203774279e-03
6.404282432049513210e-03
5.515593988820910627e-03
6.601123185828327959e-03
7.000879710540175091e-03
5.710406508296727961e-03
6.395471049472689629e-03
5.661764694377779787e-03
5.945339612662792032e-03
5.901063047349453146e-03
5.500033264979720116e-03
5.550541914999485016e-03
5.275141447782516479e-03
5.598562071099877357e-03
5.279614590108394623e-03
5.590228270739317287e-03
6.019170256331562649e-03
6.274675950407981873e-03
5.645522382110357285e-03
5.212654406204819506e-03
5.322452494874596249e-03
5.282775498926639557e-03
5.348289804533124144e-03
5.258998181670903986e-03
5.573019711300730358e-03
5.435429094359278505e-03
5.395405320450663220e-03
5.309679452329874386e-03
5.342131434008479292e-03
5.286654364317655910e-03
5.404613865539431745e-03
5.246616248041391199e-03
5.221962416544556791e-03
5.240244464948773731e-03
5.182857904583215540e-03
5.263713933527469462e-03
5.763424700126052250e-03
5.556025356054305857e-03
5.357351107522845442e-03
5.421794392168522228e-03
5.123701412230730057e-03
5.227789375931024204e-03
5.563883297145366842e-03
5.434523895382880818e-03
5.497057549655437123e-03
5.423335172235965555e-03
5.383193679153919393e-03
5.446365009993315090e-03
5.246941512450575655e-03
5.213562259450554501e-03
5.354663496837020267e-03
5.607390077784657478e-03
5.175397079437970942e-03
5.584653746336698359e-03
5.546365445479750460e-03
5.192126566544175321e-03
5.263650743290782148e-03
5.259505705907940865e-03
5.328899854794144977e-03
5.407028784975409681e-03
5.489089479669928724e-03
5.250742379575967962e-03
5.433116992935538465e-03
5.254579009488224983e-03
5.279888305813074459e-03
5.519914720207452601e-03
5.275783454999327313e-03
5.897749541327356945e-03
5.683406908065080816e-03
5.644381698220968420e-03
5.299394251778721809e-03
5.306562781333923687e-03
5.077171185985207384e-03
5.183126730844378645e-03
5.270830215886234890e-03
5.197576014325022697e-03
5.382572999224066734e-03
5.248031066730618650e-03
5.494269542396068573e-03
5.237024417147040714e-03
5.206506326794623982e-03
5.484220432117581021e-03
5.245992820709944118e-03
5.665751732885837208e-03
5.613752873614430428e-03
5.867756297811865460e-03
5.296894721686840404e-03
5.232991743832826267e-03
5.210588965564966028e-03
5.383585719391703953e-03
5.321338446810841907e-03
5.133945494890213013e-03
5.185972200706601143e-03
5.043950164690613747e-03
5.041109444573521441e-03
5.129601340740919113e-03
5.095691559836268772e-03
5.347859067842364485e-03
5.193427950143813913e-03
5.231312289834022349e-03
5.482506705448031425e-03
5.299934279173612248e-03
5.244638677686453213e-03
5.549644632264971560e-03
5.041369423270225698e-03
5.881476029753684824e-03
5.029287375509739096e-03
5.201474996283650398e-03
5.421637371182441538e-03
5.296923872083425695e-03
5.246375640854239637e-03
5.290651274845003908e-03
5.004505906254052942e-03
5.095930350944399660e-03
4.986576316878199404e-03
4.989798925817012613e-03
5.108858831226826061e-03
4.989439994096756328e-03
4.969071596860885620e-03
5.039626825600862156e-03
5.120999086648226131e-03
5.018274998292326927e-03
4.993478022515773947e-03
4.979737894609570156e-03
5.122207244858146061e-03
4.939241241663694729e-03
5.164849758148193533e-03
5.210485542193055153e-03
4.993333481252193451e-03
5.019735964015126402e-03
5.107144499197602619e-03
5.092340428382158626e-03
5.206093145534396345e-03
5.169784650206565857e-03
5.011723004281520497e-03
5.026144068688153874e-03
5.039098160341382200e-03
5.132798571139574051e-03
5.015117302536964590e-03
5.007032630965113293e-03
5.080723389983177359e-03
4.994238913059234793e-03
4.927250649780034672e-03
5.093017546460032637e-03
5.020397529006004160e-03
5.088070081546903003e-03
5.132341617718338619e-03
4.984239954501390804e-03
4.993342747911811048e-03
5.040485691279172724e-03
5.005307309329509562e-03
5.075750267133116375e-03
4.996731877326965332e-03
5.092238681390881885e-03
5.107099050655960690e-03
5.017050169408321034e-03
5.032372195273637772e-03
5.180687550455332149e-03
5.032231891527771603e-03
4.967893240973353386e-03
4.956041602417826999e-03
4.983915574848651539e-03
4.983967356383800680e-03
4.984127636998891657e-03
4.966698680073022495e-03
5.045126844197511846e-03
4.970118310302496303e-03
5.098746670410036867e-03
5.139214219525456429e-03
5.135431513190269123e-03
5.018881103023886507e-03
4.927610279992222786e-03
4.960381751880049359e-03
5.038501182571053678e-03
4.987380653619766409e-03
4.947613598778844227e-03
4.982438916340470141e-03
5.086696287617087191e-03
4.978700564242899765e-03
4.960906761698424990e-03
5.232207104563712727e-03
5.173420673236251224e-03
5.014894716441631491e-03
5.013647768646478479e-03
5.073476769030094320e-03
5.234180530533194368e-03
5.096411239355802883e-03
4.956010356545447956e-03
5.062292190268635403e-03
4.990404238924384117e-03
5.045608384534716606e-03
5.051238881424069578e-03
5.079609947279095997e-03
4.934705933555961002e-03
4.999320255592465401e-03
4.990173783153295343e-03
4.982161987572908575e-03
4.951567715033888470e-03
5.123141035437583750e-03
5.011498741805553263e-03
4.941899608820676630e-03
4.902014508843421936e-03
5.042915884405374700e-03
5.096338177099824125e-03
5.016923230141401117e-03
4.940508073195815433e-03
4.880424588918685913e-03
4.950074153020978321e-03
5.017127748578787197e-03
5.149313504807651390e-03
5.109749035909771919e-03
4.948526294901967396e-03
4.885333264246583332e-03
4.941702075302601034e-03
4.900773661211133350e-03
4.865489387884736235e-03
4.854430397972464735e-03
4.871915886178612362e-03
4.869395168498158455e-03
4.954514466226101269e-03
4.874716699123382742e-03
4.912621993571520025e-03
4.860286181792616671e-03
4.846482258290052587e-03
4.898328380659222429e-03
4.834151919931172978e-03
4.838198143988847906e-03
4.836418712511658495e-03
4.892687592655420130e-03
4.951974656432866877e-03
4.858997464179992502e-03
4.870635131374001850e-03
4.864160763099789273e-03
4.875293141230941166e-03
4.867744166404008865e-03
4.934472590684890400e-03
4.850253416225314314e-03
4.859894933179021055e-03
4.896406456828117718e-03
4.868529736995697021e-03
4.866002453491091381e-03
4.872077004984020840e-03
4.901275783777236765e-03
4.997120285406708544e-03
4.883583309128880848e-03
4.879258293658495123e-03
4.871261678636074413e-03
4.949354566633701324e-03
4.873595107346773495e-03
4.935514042153954159e-03
4.833440762013196945e-03
4.862530948594212185e-03
4.921809211373329510e-03
4.857213562354445111e-03
4.827381158247589892e-03
4.886978259310126478e-03
4.830267652869224895e-03
4.844579682685434992e-03
4.810893582180142750e-03
4.826072789728641683e-03
4.813286475837230682e-03
4.848559899255633181e-03
4.850608063861727715e-03
4.846457671374082392e-03
4.916068632155656815e-03
4.867373034358024597e-03
4.840331990271807064e-03
4.823838500306010593e-03
4.848714219406247139e-03
4.862776584923267018e-03
4.835973330773413355e-03
4.859027732163667505e-03
4.912560991942882711e-03
4.847355373203754599e-03
4.848656011745333672e-03
4.895336320623755108e-03
4.838611930608749390e-03
4.838244756683707237e-03
4.833709262311458414e-03
4.816628806293010538e-03
4.809239367023110563e-03
4.886514274403452873e-03
4.842894570901990110e-03
4.809037642553448330e-03
4.843146679922938694e-03
4.873503884300589735e-03
4.841660242527722965e-03
4.983193520456552332e-03
4.857921041548252106e-03
4.914203984662890087e-03
4.857977014034986149e-03
4.931519366800784718e-03
4.826590325683355678e-03
4.791707266122102737e-03
4.802756616845727314e-03
4.823307786136865442e-03
4.830376012250781059e-03
4.888789309188723391e-03
4.860165715217590506e-03
4.941737838089465748e-03
4.970312770456075842e-03
4.862926155328750784e-03
4.829717567190527916e-03
4.853259585797786539e-03
4.797387681901454752e-03
4.893377749249338757e-03
4.834956629201770176e-03
4.814168764278292309e-03
4.856403358280659069e-03
4.863261757418513125e-03
4.808714147657155991e-03
4.798614745959639202e-03
4.795721918344497854e-03
4.788613738492130886e-03
4.795697610825299870e-03
4.787623556330800403e-03
4.786541592329740871e-03
4.810924525372684002e-03
4.791710549034178604e-03
4.804271319881081408e-03
4.868597025051712990e-03
4.830795014277100910e-03
4.799320688471197735e-03
4.784668982028961355e-03
4.779346846044063221e-03
4.783112043514847929e-03
4.808205645531415939e-03
4.812883073464035641e-03
4.774657078087329865e-03
4.778336593881249081e-03
4.793353425338864153e-03
4.782640840858221054e-03
4.782432503998279398e-03
4.851158661767840559e-03
4.784194706007838423e-03
4.783103009685873985e-03
4.806148028001189579e-03
4.793681856244802648e-03
4.805127950385212551e-03
4.781802254728973085e-03
4.801429389044642275e-03
4.761979868635535414e-03
4.780176817439496864e-03
4.799733031541108738e-03
4.815585911273956299e-03
4.800211219117045229e-03
4.792835563421249390e-03
4.773447173647582531e-03
4.825822589918970888e-03
4.777435073629021298e-03
4.796828422695398157e-03
4.779283469542860811e-03
4.797621071338653911e-03
4.858680069446563721e-03
4.787582764402031552e-03
4.778254684060812343e-03
4.762659920379519810e-03
4.779395740479230534e-03
4.775224812328815113e-03
4.763860395178199161e-03
4.774739360436796795e-03
4.790963977575302471e-03
4.783933097496628588e-03
4.765585297718644142e-03
4.767680354416370218e-03
4.766393452882766724e-03
4.769917624071240252e-03
4.790732613764702927e-03
4.765752889215946371e-03
4.762804182246327227e-03
4.773546895012259657e-03
4.801807692274451256e-03
4.764159861952066595e-03
4.756567254662513906e-03
4.777895100414752787e-03
4.771549673750996763e-03
4.775049025192856442e-03
4.768173280172050173e-03
4.785646405071020300e-03
4.774467553943395615e-03
4.785109078511595726e-03
4.755118396133184433e-03
4.768514400348066937e-03
4.791306238621473659e-03
4.788153851404785936e-03
4.813785478472709482e-03
4.781246883794665337e-03
4.836481390520929943e-03
4.757239040918648590e-03
4.782345192506909197e-03
4.780012788251042713e-03
4.777622409164905548e-03
4.778898507356643850e-03
4.786480125039816250e-03
4.778002854436635971e-03
4.751349100843071938e-03
4.763114266097545624e-03
4.747043782845139677e-03
4.762088321149349560e-03
4.757478460669517170e-03
4.776543192565441305e-03
4.782680748030542980e-03
4.744378430768847292e-03
4.799049394205212420e-03
4.750400874763726841e-03
4.759095422923564737e-03
4.759282339364290237e-03
4.757739417254924601e-03
4.771912330761551510e-03
4.754452733322978020e-03
4.756276588886975895e-03
4.748152848333120173e-03
4.767006542533635920e-03
4.773150617256760771e-03
4.747911589220166206e-03
4.755666293203830546e-03
4.761280771344899958e-03
4.744618618860840971e-03
4.735966748557985002e-03
4.743082122877240528e-03
4.759751912206411535e-03
4.745361488312482487e-03
4.755424149334430521e-03
4.754294501617550503e-03
4.736014641821384430e-03
4.733889503404498447e-03
4.761848179623484438e-03
4.736389685422182257e-03
4.750520782545208584e-03
4.733987804502248938e-03
4.760697018355131149e-03
4.734367737546563495e-03
4.739407100714743137e-03
4.739372991025447845e-03
4.736771946772933353e-03
4.762460989877581423e-03
4.773949412629008640e-03
4.732223134487867702e-03
4.763714969158172607e-03
4.738100338727235794e-03
4.776243213564157139e-03
4.763018526136875326e-03
4.737788811326026917e-03
4.746531974524259914e-03
4.739230731502175331e-03
4.738382529467344284e-03
4.770963080227374684e-03
4.737286944873631001e-03
4.729664605110883886e-03
4.761836584657430302e-03
4.735278757289051663e-03
4.743839194998144930e-03
4.757217783480882818e-03
4.744986863806843411e-03
4.748674621805548494e-03
4.755902104079723358e-03
4.770478559657930981e-03
4.752117581665516247e-03
4.729604627937078302e-03
4.726923955604434187e-03
4.735937761142850096e-03
4.727985849604010929e-03
4.744839342311024839e-03
4.756852705031633551e-03
4.778793733566999609e-03
4.731442872434854161e-03
4.735611379146575928e-03
4.738406511023640633e-03
4.729970498010516514e-03
4.733081534504890095e-03
4.730085097253322775e-03
4.738010652363300497e-03
4.806479997932910572e-03
4.740531649440526615e-03
4.729836806654929768e-03
4.723548796027899135e-03
4.724091524258256306e-03
4.741907818242907524e-03
4.727237205952405756e-03
4.734819289296865463e-03
4.731052787974476814e-03
4.740829952061176647e-03
4.725130321457981890e-03
4.725227272137999882e-03
4.724844172596931284e-03
4.732870543375611132e-03
4.728757031261921102e-03
4.752501146867871284e-03
4.758494114503264774e-03
4.734810255467891520e-03
4.736793646588921720e-03
4.730274109169841160e-03
4.722212115302682270e-03
4.725905507802963604e-03
4.745287820696830750e-03
4.732477525249123400e-03
4.757352732121944081e-03
4.731750814244151115e-03
4.723402205854654312e-03
4.750687489286064755e-03
4.724902706220746387e-03
4.726934758946299379e-03
4.736614506691693913e-03
4.744966002181172544e-03
4.735006368719041348e-03
4.725504945963620966e-03
4.745868034660816193e-03
4.735302412882447243e-03
4.746221425011754209e-03
4.737226478755474264e-03
4.726743837818503206e-03
4.727367544546723366e-03
4.718601331114768635e-03
4.722486110404133450e-03
4.736138926818967039e-03
4.717072891071438963e-03
4.727508127689361746e-03
4.720014100894331759e-03
4.714629380032420158e-03
4.714388959109782826e-03
4.717511171475052660e-03
4.722672980278730392e-03
4.722470697015523737e-03
4.714610287919640541e-03
4.719748347997665579e-03
4.717377945780754089e-03
4.717973852530121456e-03
4.717759788036346436e-03
4.713946837000548840e-03
4.729875316843390638e-03
4.715722799301147287e-03
4.711352987214922905e-03
4.712804453447461128e-03
4.720878554508090019e-03
4.722423665225505655e-03
4.713000054471195091e-03
4.713976755738258362e-03
4.715532809495925730e-03
4.712832532823086132e-03
4.720209585502743894e-03
4.710913915187120264e-03
4.727203957736491810e-03
4.714438598603010525e-03
4.722535982728004803e-03
4.720477527007460941e-03
4.714924283325672497e-03
4.715803777799010277e-03
4.711436806246638298e-03
4.715544218197464769e-03
4.718343773856758898e-03
4.727197391912340944e-03
4.716017609462141644e-03
4.717849055305122982e-03
4.715422913432121103e-03
4.714541090652346784e-03
4.712562495842576200e-03
4.736059764400124723e-03
4.710852354764938528e-03
4.722237493842840542e-03
4.716417239978909666e-03
4.714270797558128487e-03
4.713030811399221247e-03
4.714638274163007563e-03
4.711574059911072254e-03
4.716697707772254597e-03
4.711786145344376217e-03
4.718232294544577252e-03
4.717858554795384234e-03
4.719487857073545456e-03
4.713579732924699957e-03
4.718009335920214826e-03
4.706539399921894247e-03
4.712024610489607204e-03
4.710245830938220198e-03
4.712496232241391962e-03
4.714237689040601080e-03
4.717539343982934778e-03
4.706807853654027159e-03
4.713277379050850695e-03
4.709865059703588139e-03
4.718010406941175114e-03
4.711408494040369641e-03
4.711154242977499615e-03
4.730383818969130690e-03
4.709310363978147507e-03
4.709965595975518053e-03
4.713775077834725553e-03
4.705026140436529766e-03
4.712235322222113956e-03
4.711419530212879354e-03
4.713118029758334333e-03
4.721373831853270357e-03
4.709455743432044636e-03
4.716039588674903089e-03
4.713934333994984800e-03
4.715492157265544285e-03
4.708940768614411701e-03
4.709091130644082676e-03
4.710835078731179584e-03
4.709274647757411350e-03
4.713736427947879011e-03
4.714874504134059126e-03
4.704904858954250813e-03
4.706902522593736302e-03
4.706360399723052979e-03
4.708846565335988998e-03
4.705361230298877109e-03
4.720984492450952530e-03
4.708781186491250818e-03
4.705132124945521702e-03
4.709761869162320917e-03
