1.505328863859176636e+00
9.428851902484893799e-01
5.764797031879425049e-01
5.322820246219635010e-01
4.676248580217361450e-01
4.053354561328887939e-01
3.818396478891372681e-01
3.672284185886383057e-01
3.231744617223739624e-01
9.112435430288314819e-01
6.751451194286346436e-01
3.737549781799316406e-01
4.518044441938400269e-01
4.119686931371688843e-01
3.380800038576126099e-01
4.074195921421051025e-01
3.439692258834838867e-01
4.620900303125381470e-01
5.972305685281753540e-01
5.182484537363052368e-01
3.650412112474441528e-01
3.767861723899841309e-01
3.649607598781585693e-01
4.228274673223495483e-01
3.533902168273925781e-01
2.982103377580642700e-01
2.975657731294631958e-01
2.876771241426467896e-01
2.912584990262985229e-01
4.947404414415359497e-01
2.669942080974578857e-01
3.122700303792953491e-01
3.064612895250320435e-01
2.968451529741287231e-01
2.712115645408630371e-01
3.250151574611663818e-01
4.777987599372863770e-01
4.288068711757659912e-01
4.052140563726425171e-01
3.126727342605590820e-01
3.645530343055725098e-01
3.620242625474929810e-01
3.458340913057327271e-01
4.238611608743667603e-01
2.786762118339538574e-01
2.915057390928268433e-01
2.860312312841415405e-01
2.932843714952468872e-01
3.273614645004272461e-01
2.822044044733047485e-01
2.698721438646316528e-01
2.739292532205581665e-01
2.637145146727561951e-01
2.632553279399871826e-01
3.027984350919723511e-01
2.746026217937469482e-01
2.967315763235092163e-01
2.653109654784202576e-01
2.683074697852134705e-01
2.986290752887725830e-01
2.889173179864883423e-01
3.387141227722167969e-01
4.277094602584838867e-01
2.919141650199890137e-01
3.138302564620971680e-01
3.455123156309127808e-01
3.042039424180984497e-01
2.550680860877037048e-01
3.030049651861190796e-01
2.916059046983718872e-01
3.137588202953338623e-01
3.139567673206329346e-01
3.208141624927520752e-01
3.282959163188934326e-01
2.573756054043769836e-01
2.958205044269561768e-01
3.326598554849624634e-01
2.852954864501953125e-01
2.765737697482109070e-01
3.325269222259521484e-01
3.012336939573287964e-01
3.388269841670989990e-01
2.754572480916976929e-01
2.935953438282012939e-01
2.936625778675079346e-01
3.100927919149398804e-01
3.124180436134338379e-01
2.902457863092422485e-01
3.085518628358840942e-01
2.912430018186569214e-01
3.435727059841156006e-01
3.343276679515838623e-01
2.765827327966690063e-01
2.884222120046615601e-01
2.541530728340148926e-01
3.092616498470306396e-01
3.210444897413253784e-01
3.725384473800659180e-01
3.810348957777023315e-01
2.740215063095092773e-01
2.755132764577865601e-01
2.587582468986511230e-01
2.752320468425750732e-01
2.576902657747268677e-01
2.672117501497268677e-01
2.804948985576629639e-01
2.925651669502258301e-01
2.929822355508804321e-01
2.811625450849533081e-01
2.822001576423645020e-01
2.782763987779617310e-01
2.519434764981269836e-01
2.967951595783233643e-01
2.757651731371879578e-01
2.601680159568786621e-01
2.726092487573623657e-01
2.706504315137863159e-01
2.837079316377639771e-01
2.808295339345932007e-01
2.805675715208053589e-01
2.925501018762588501e-01
2.661056965589523315e-01
2.718564718961715698e-01
2.708607688546180725e-01
2.731940299272537231e-01
2.767110019922256470e-01
2.705641537904739380e-01
2.811644226312637329e-01
2.665750682353973389e-01
2.581906169652938843e-01
2.772037088871002197e-01
2.722173631191253662e-01
2.603806331753730774e-01
2.715129554271697998e-01
3.005916178226470947e-01
3.095734566450119019e-01
3.236758410930633545e-01
2.743589729070663452e-01
3.283846676349639893e-01
2.861451208591461182e-01
3.181942850351333618e-01
2.595005407929420471e-01
2.696729600429534912e-01
2.706220000982284546e-01
2.768507003784179688e-01
2.780220955610275269e-01
3.254437595605850220e-01
2.748788893222808838e-01
2.884338945150375366e-01
2.647490277886390686e-01
2.704965621232986450e-01
2.825040817260742188e-01
2.736097574234008789e-01
3.026622235774993896e-01
3.144139796495437622e-01
2.894718497991561890e-01
2.761785537004470825e-01
2.843747586011886597e-01
2.676918283104896545e-01
2.909460812807083130e-01
2.726557850837707520e-01
2.748748958110809326e-01
2.703611925244331360e-01
2.976619750261306763e-01
2.678553462028503418e-01
2.731015831232070923e-01
2.661264762282371521e-01
2.754538357257843018e-01
2.779493629932403564e-01
2.842339873313903809e-01
4.078078269958496094e-01
2.924293726682662964e-01
3.218469321727752686e-01
2.586772963404655457e-01
2.824345976114273071e-01
2.730230987071990967e-01
2.759199887514114380e-01
2.954458296298980713e-01
2.827061861753463745e-01
3.062611967325210571e-01
2.731480598449707031e-01
2.639174982905387878e-01
2.793784439563751221e-01
2.667969465255737305e-01
2.768384069204330444e-01
2.695295363664627075e-01
2.795439809560775757e-01
2.688396126031875610e-01
2.772992104291915894e-01
2.629202604293823242e-01
2.716758847236633301e-01
2.740720361471176147e-01
2.862008959054946899e-01
2.866981327533721924e-01
3.246234655380249023e-01
2.792607694864273071e-01
2.856292575597763062e-01
2.712260633707046509e-01
2.836579680442810059e-01
2.584256753325462341e-01
2.714090943336486816e-01
2.685855925083160400e-01
2.609878107905387878e-01
2.773144096136093140e-01
2.814255356788635254e-01
2.695505470037460327e-01
2.694125473499298096e-01
2.738747894763946533e-01
2.714822217822074890e-01
2.661142721772193909e-01
2.649940624833106995e-01
2.825091332197189331e-01
2.657004520297050476e-01
2.692779898643493652e-01
2.763634696602821350e-01
2.666221410036087036e-01
2.589596882462501526e-01
2.772083282470703125e-01
2.722965404391288757e-01
2.643607482314109802e-01
2.695012390613555908e-01
2.842825651168823242e-01
2.732572630047798157e-01
2.865336537361145020e-01
2.590725496411323547e-01
2.778607159852981567e-01
2.649227157235145569e-01
2.723674699664115906e-01
2.700668945908546448e-01
2.770759835839271545e-01
2.772963345050811768e-01
2.740036547183990479e-01
2.655261754989624023e-01
2.629079893231391907e-01
2.698641568422317505e-01
2.660289630293846130e-01
2.729831710457801819e-01
2.740276753902435303e-01
2.879242599010467529e-01
2.673869356513023376e-01
2.795764803886413574e-01
2.678093463182449341e-01
2.776101082563400269e-01
2.696791440248489380e-01
2.718469947576522827e-01
2.718115597963333130e-01
2.651509493589401245e-01
2.714853137731552124e-01
2.640814259648323059e-01
2.736389786005020142e-01
2.727836519479751587e-01
2.790009975433349609e-01
2.587043121457099915e-01
2.679354026913642883e-01
2.649751305580139160e-01
2.705529034137725830e-01
2.702725008130073547e-01
2.678225412964820862e-01
2.799654752016067505e-01
2.732529193162918091e-01
2.580900490283966064e-01
2.674641013145446777e-01
2.712543308734893799e-01
2.692955806851387024e-01
2.730250060558319092e-01
2.718707323074340820e-01
2.646078765392303467e-01
2.748242095112800598e-01
2.659602165222167969e-01
2.843191772699356079e-01
2.720668017864227295e-01
2.729915380477905273e-01
2.687136977910995483e-01
2.741860896348953247e-01
2.655077651143074036e-01
2.653667703270912170e-01
2.687114253640174866e-01
2.675822004675865173e-01
2.704279422760009766e-01
2.761412560939788818e-01
2.674956843256950378e-01
2.728336453437805176e-01
2.675521969795227051e-01
2.684450894594192505e-01
2.639532461762428284e-01
2.726789712905883789e-01
2.664783746004104614e-01
2.614867687225341797e-01
2.607106566429138184e-01
2.686167284846305847e-01
2.690474167466163635e-01
2.702803313732147217e-01
2.785141170024871826e-01
2.701357007026672363e-01
2.753314524888992310e-01
2.720976918935775757e-01
2.712416201829910278e-01
2.705526947975158691e-01
2.707609236240386963e-01
2.658948749303817749e-01
2.686036899685859680e-01
2.669368982315063477e-01
2.672487050294876099e-01
2.639409974217414856e-01
2.760629057884216309e-01
2.626674026250839233e-01
2.745284438133239746e-01
2.632555365562438965e-01
2.679724544286727905e-01
2.663934454321861267e-01
2.641559913754463196e-01
2.687765955924987793e-01
2.707102596759796143e-01
2.641418799757957458e-01
2.696472555398941040e-01
2.616887614130973816e-01
2.694119662046432495e-01
2.692784368991851807e-01
2.671848386526107788e-01
2.708404064178466797e-01
2.669076696038246155e-01
2.745877355337142944e-01
2.771353572607040405e-01
2.733807861804962158e-01
2.671692371368408203e-01
2.691069394350051880e-01
2.734639495611190796e-01
2.701149731874465942e-01
2.739899903535842896e-01
2.710739672183990479e-01
2.702318727970123291e-01
2.759114354848861694e-01
2.679437845945358276e-01
2.768698036670684814e-01
2.625580653548240662e-01
2.683596834540367126e-01
2.724492251873016357e-01
2.684603035449981689e-01
2.692744508385658264e-01
2.604870274662971497e-01
2.685570195317268372e-01
2.735253423452377319e-01
2.704631686210632324e-01
2.631289511919021606e-01
2.775044739246368408e-01
2.656277865171432495e-01
2.689774408936500549e-01
2.728496640920639038e-01
2.664468362927436829e-01
2.781977057456970215e-01
2.619269564747810364e-01
2.656867578625679016e-01
2.753953039646148682e-01
2.642034664750099182e-01
2.625370100140571594e-01
2.692001014947891235e-01
2.745818793773651123e-01
2.678968831896781921e-01
2.682306766510009766e-01
2.736812680959701538e-01
2.658093199133872986e-01
2.759245783090591431e-01
2.629799172282218933e-01
2.732198536396026611e-01
2.630062028765678406e-01
2.696456760168075562e-01
2.674472630023956299e-01
2.638174667954444885e-01
2.727922499179840088e-01
2.657926753163337708e-01
2.715417593717575073e-01
2.758843600749969482e-01
2.631355896592140198e-01
2.736441940069198608e-01
2.613908573985099792e-01
2.647902145981788635e-01
2.620933428406715393e-01
2.644904479384422302e-01
2.675636783242225647e-01
2.642200291156768799e-01
2.672875225543975830e-01
2.686595618724822998e-01
2.711806595325469971e-01
2.622934207320213318e-01
2.635358870029449463e-01
2.632112801074981689e-01
2.722147554159164429e-01
2.653187289834022522e-01
2.725310474634170532e-01
2.703488171100616455e-01
2.739642858505249023e-01
2.640299201011657715e-01
2.709680497646331787e-01
2.663616016507148743e-01
2.715047150850296021e-01
2.665838450193405151e-01
2.700077891349792480e-01
2.628220170736312866e-01
2.642931416630744934e-01
2.692571580410003662e-01
2.747664749622344971e-01
2.714828699827194214e-01
2.634246870875358582e-01
2.722568958997726440e-01
2.662835121154785156e-01
2.644895017147064209e-01
2.660344913601875305e-01
2.604083344340324402e-01
2.641620635986328125e-01
2.702417075634002686e-01
2.731517255306243896e-01
2.646050229668617249e-01
2.698763683438301086e-01
2.735697180032730103e-01
2.645332366228103638e-01
2.675675600767135620e-01
2.674146741628646851e-01
2.685571089386940002e-01
2.699740976095199585e-01
2.751014828681945801e-01
2.759100496768951416e-01
2.693448215723037720e-01
2.677802443504333496e-01
2.643035426735877991e-01
2.705150097608566284e-01
2.660864740610122681e-01
2.574383690953254700e-01
2.629298195242881775e-01
2.709023803472518921e-01
2.611859664320945740e-01
2.778909057378768921e-01
2.665564492344856262e-01
2.677412778139114380e-01
2.661761417984962463e-01
2.657220438122749329e-01
2.639326155185699463e-01
2.696965783834457397e-01
2.698699533939361572e-01
2.697785794734954834e-01
2.644179463386535645e-01
2.739104628562927246e-01
2.690473198890686035e-01
2.600524798035621643e-01
2.687010169029235840e-01
2.641278505325317383e-01
2.693306505680084229e-01
2.660317718982696533e-01
2.721502780914306641e-01
2.722403109073638916e-01
2.626382559537887573e-01
2.597974985837936401e-01
2.681266218423843384e-01
2.695284038782119751e-01
2.681655958294868469e-01
2.649350538849830627e-01
2.613827958703041077e-01
2.668565958738327026e-01
2.637476101517677307e-01
2.623294517397880554e-01
2.589028477668762207e-01
2.692043781280517578e-01
2.622424066066741943e-01
2.725037038326263428e-01
2.712034881114959717e-01
2.652899846434593201e-01
2.583210840821266174e-01
2.721355706453323364e-01
2.666573226451873779e-01
2.696907445788383484e-01
2.654570713639259338e-01
2.698786035180091858e-01
2.718292623758316040e-01
2.629262059926986694e-01
2.683358788490295410e-01
2.699799984693527222e-01
2.617752403020858765e-01
2.618512436747550964e-01
2.664155289530754089e-01
2.614749744534492493e-01
2.666921168565750122e-01
2.740667015314102173e-01
2.697058171033859253e-01
2.656500488519668579e-01
2.621534913778305054e-01
2.620989456772804260e-01
2.615449950098991394e-01
2.680117934942245483e-01
2.704581320285797119e-01
2.703083902597427368e-01
2.640256881713867188e-01
2.599883452057838440e-01
2.615818008780479431e-01
2.630857825279235840e-01
2.620899006724357605e-01
2.625955864787101746e-01
2.668352127075195312e-01
2.674230858683586121e-01
2.689214497804641724e-01
2.737991660833358765e-01
2.684766128659248352e-01
2.693492174148559570e-01
2.699909508228302002e-01
2.765145152807235718e-01
2.720166444778442383e-01
2.715705335140228271e-01
2.632404342293739319e-01
2.640989497303962708e-01
2.639806121587753296e-01
2.678352221846580505e-01
2.732994854450225830e-01
2.635522410273551941e-01
2.705376893281936646e-01
2.633822411298751831e-01
2.704954743385314941e-01
2.683728188276290894e-01
2.618258967995643616e-01
2.634966373443603516e-01
2.621060237288475037e-01
2.668672427535057068e-01
2.705273777246475220e-01
2.700812369585037231e-01
2.663779035210609436e-01
2.674096748232841492e-01
2.706084400415420532e-01
2.637487426400184631e-01
2.716884911060333252e-01
2.654804214835166931e-01
2.666280791163444519e-01
2.638953402638435364e-01
2.654864639043807983e-01
2.706031203269958496e-01
2.682074680924415588e-01
2.674850076436996460e-01
2.645000368356704712e-01
2.603016868233680725e-01
2.730882316827774048e-01
2.716588526964187622e-01
2.662277594208717346e-01
2.647531405091285706e-01
2.651624083518981934e-01
2.730417400598526001e-01
2.669726535677909851e-01
2.650858312845230103e-01
2.635374814271926880e-01
2.577916532754898071e-01
2.607907503843307495e-01
2.601312249898910522e-01
2.664034590125083923e-01
2.725214958190917969e-01
2.676664814352989197e-01
2.679590061306953430e-01
2.649941295385360718e-01
2.645632028579711914e-01
2.671584337949752808e-01
2.629439160227775574e-01
2.636792361736297607e-01
2.682046219706535339e-01
2.652375698089599609e-01
2.681565508246421814e-01
2.649299427866935730e-01
2.699084579944610596e-01
2.689586132764816284e-01
2.630967721343040466e-01
2.662587091326713562e-01
2.654199525713920593e-01
2.597710713744163513e-01
2.717772424221038818e-01
2.681675851345062256e-01
2.632787898182868958e-01
2.730564624071121216e-01
2.660854756832122803e-01
2.575223520398139954e-01
2.666405960917472839e-01
2.729225456714630127e-01
2.659269869327545166e-01
2.651720270514488220e-01
2.725672274827957153e-01
2.640271782875061035e-01
2.644413337111473083e-01
2.692957073450088501e-01
2.625112533569335938e-01
2.655703499913215637e-01
2.646100223064422607e-01
2.708102464675903320e-01
2.696837186813354492e-01
2.665504887700080872e-01
2.738682478666305542e-01
2.662946954369544983e-01
2.680258899927139282e-01
2.669187784194946289e-01
2.659492269158363342e-01
2.725093364715576172e-01
2.696450650691986084e-01
2.620528712868690491e-01
2.697007209062576294e-01
2.639153525233268738e-01
2.634735181927680969e-01
2.700868248939514160e-01
2.677820250391960144e-01
2.698620259761810303e-01
2.734455615282058716e-01
2.657107934355735779e-01
2.657528072595596313e-01
2.655564546585083008e-01
2.667467519640922546e-01
2.679977118968963623e-01
2.702637016773223877e-01
2.698789685964584351e-01
2.609581053256988525e-01
2.703736722469329834e-01
2.646789327263832092e-01
2.665475830435752869e-01
2.706710398197174072e-01
2.625350207090377808e-01
2.647820338606834412e-01
2.712117731571197510e-01
2.677968740463256836e-01
2.620550394058227539e-01
2.647296711802482605e-01
2.726997733116149902e-01
2.680375799536705017e-01
2.654634267091751099e-01
2.744463086128234863e-01
2.674062103033065796e-01
2.594723179936408997e-01
2.641828209161758423e-01
2.694768160581588745e-01
2.640930488705635071e-01
2.636922374367713928e-01
2.665619105100631714e-01
2.666861191391944885e-01
2.615132406353950500e-01
2.658611163496971130e-01
2.635926827788352966e-01
2.619539573788642883e-01
2.684172913432121277e-01
2.633255496621131897e-01
2.690062001347541809e-01
2.729583531618118286e-01
2.656364515423774719e-01
2.678209468722343445e-01
2.587488442659378052e-01
2.645309567451477051e-01
2.664895206689834595e-01
2.670321092009544373e-01
2.694984972476959229e-01
2.636497020721435547e-01
2.597538530826568604e-01
2.745076715946197510e-01
2.703348547220230103e-01
2.755460441112518311e-01
2.631290555000305176e-01
2.626419886946678162e-01
2.688303068280220032e-01
2.644630298018455505e-01
2.638690397143363953e-01
2.670430168509483337e-01
2.594913542270660400e-01
2.642391473054885864e-01
2.639341652393341064e-01
2.710558474063873291e-01
2.678375393152236938e-01
2.684196084737777710e-01
2.701934278011322021e-01
2.687992230057716370e-01
2.644431367516517639e-01
2.755045741796493530e-01
2.691911756992340088e-01
2.660245224833488464e-01
2.760653346776962280e-01
2.720968723297119141e-01
2.625986039638519287e-01
2.701981514692306519e-01
2.695551365613937378e-01
2.691390812397003174e-01
2.685822844505310059e-01
2.705937922000885010e-01
2.645811811089515686e-01
2.656661123037338257e-01
2.632803171873092651e-01
2.660113424062728882e-01
2.700182199478149414e-01
2.705044746398925781e-01
2.688914537429809570e-01
2.647647559642791748e-01
2.689414843916893005e-01
2.636166661977767944e-01
2.689709961414337158e-01
2.650601491332054138e-01
2.780904471874237061e-01
2.607210725545883179e-01
2.674514427781105042e-01
2.677698805928230286e-01
2.651092410087585449e-01
2.637522295117378235e-01
2.678701952099800110e-01
2.668130323290824890e-01
2.629614099860191345e-01
2.684397101402282715e-01
2.740634977817535400e-01
2.605528235435485840e-01
2.667189911007881165e-01
2.668470144271850586e-01
2.610025778412818909e-01
2.644263729453086853e-01
2.659412398934364319e-01
2.677526399493217468e-01
2.727839797735214233e-01
2.637394890189170837e-01
2.680279612541198730e-01
2.726551294326782227e-01
2.659870609641075134e-01
2.640584334731101990e-01
2.692635655403137207e-01
2.662263363599777222e-01
2.616763040423393250e-01
2.662482857704162598e-01
2.735912501811981201e-01
2.624851539731025696e-01
2.681970074772834778e-01
2.748211622238159180e-01
2.673414647579193115e-01
2.671373933553695679e-01
2.647349312901496887e-01
2.646771967411041260e-01
2.727296948432922363e-01
2.683732062578201294e-01
2.652150690555572510e-01
2.618709802627563477e-01
2.717158347368240356e-01
2.629942819476127625e-01
2.707480043172836304e-01
2.599982693791389465e-01
2.742623984813690186e-01
2.669523730874061584e-01
2.672945335507392883e-01
2.706531584262847900e-01
2.724654376506805420e-01
2.686897292733192444e-01
2.693325579166412354e-01
2.674854546785354614e-01
2.672278508543968201e-01
2.668846696615219116e-01
2.665489390492439270e-01
2.724470794200897217e-01
2.703583836555480957e-01
2.717103064060211182e-01
2.648294642567634583e-01
2.735686749219894409e-01
2.679311409592628479e-01
2.624299228191375732e-01
2.638406604528427124e-01
2.639884874224662781e-01
2.649916633963584900e-01
2.652646005153656006e-01
2.669829726219177246e-01
2.685185894370079041e-01
2.673781141638755798e-01
2.661888375878334045e-01
2.765606194734573364e-01
2.632981613278388977e-01
2.681117579340934753e-01
2.700999677181243896e-01
2.625173106789588928e-01
2.601257041096687317e-01
2.668033763766288757e-01
2.656995728611946106e-01
2.658846899867057800e-01
2.570658102631568909e-01
2.704374045133590698e-01
2.626214250922203064e-01
2.686010450124740601e-01
2.687736153602600098e-01
2.671049237251281738e-01
2.698756456375122070e-01
2.653757780790328979e-01
2.629173472523689270e-01
2.707411944866180420e-01
2.714575827121734619e-01
2.633529901504516602e-01
2.692210376262664795e-01
2.625755891203880310e-01
2.640902325510978699e-01
2.706716358661651611e-01
2.584632262587547302e-01
2.672683447599411011e-01
2.630517929792404175e-01
2.676350623369216919e-01
2.665356919169425964e-01
2.689928114414215088e-01
2.730872929096221924e-01
2.679816409945487976e-01
2.713799774646759033e-01
2.630780935287475586e-01
2.733977884054183960e-01
2.679307684302330017e-01
2.684759646654129028e-01
2.632676064968109131e-01
2.672036662697792053e-01
2.736317813396453857e-01
2.597938179969787598e-01
2.632678523659706116e-01
2.633055076003074646e-01
2.693865597248077393e-01
2.646544948220252991e-01
2.673604562878608704e-01
2.683092802762985229e-01
2.641690522432327271e-01
2.672240957617759705e-01
2.695665657520294189e-01
2.616616934537887573e-01
2.714688330888748169e-01
2.595797330141067505e-01
2.620076909661293030e-01
2.687792554497718811e-01
2.684561237692832947e-01
2.608036845922470093e-01
2.639955729246139526e-01
2.669936493039131165e-01
2.673343718051910400e-01
2.745371609926223755e-01
2.593285962939262390e-01
2.681849524378776550e-01
2.662130370736122131e-01
2.628167867660522461e-01
2.717208266258239746e-01
2.668208628892898560e-01
2.679500505328178406e-01
2.650825753808021545e-01
2.673731297254562378e-01
2.645038962364196777e-01
2.647070437669754028e-01
2.585568800568580627e-01
2.620392665266990662e-01
2.717545330524444580e-01
2.723118960857391357e-01
2.589151039719581604e-01
2.642185911536216736e-01
2.646903544664382935e-01
2.659671828150749207e-01
2.683887705206871033e-01
2.653843015432357788e-01
2.709826827049255371e-01
2.671264186501502991e-01
2.669282108545303345e-01
2.633736133575439453e-01
2.654909342527389526e-01
2.705004662275314331e-01
2.628560736775398254e-01
2.635005041956901550e-01
2.630259692668914795e-01
2.664542347192764282e-01
2.642911151051521301e-01
2.594010382890701294e-01
2.585439682006835938e-01
2.710199803113937378e-01
2.677918896079063416e-01
2.665855213999748230e-01
2.683590054512023926e-01
2.744647711515426636e-01
2.674254849553108215e-01
2.624564394354820251e-01
2.636811360716819763e-01
2.672194913029670715e-01
2.669364437460899353e-01
2.649939730763435364e-01
2.630708292126655579e-01
2.702480554580688477e-01
2.683637291193008423e-01
2.655517980456352234e-01
2.646211385726928711e-01
2.677254453301429749e-01
2.719780355691909790e-01
2.641601786017417908e-01
2.667770907282829285e-01
2.596188560128211975e-01
2.733705192804336548e-01
2.668342217803001404e-01
2.701077908277511597e-01
2.691045850515365601e-01
2.707538604736328125e-01
2.613781616091728210e-01
2.660749331116676331e-01
2.687679603695869446e-01
2.747340202331542969e-01
2.721749544143676758e-01
2.738623470067977905e-01
2.664833813905715942e-01
2.653569355607032776e-01
2.713862210512161255e-01
2.709327489137649536e-01
2.716462910175323486e-01
2.702393829822540283e-01
2.690071761608123779e-01
2.631524801254272461e-01
2.622030302882194519e-01
2.600459381937980652e-01
2.636872455477714539e-01
2.582643479108810425e-01
2.661344036459922791e-01
2.648148462176322937e-01
2.680755928158760071e-01
2.667962014675140381e-01
2.744906097650527954e-01
2.689522504806518555e-01
2.721595168113708496e-01
2.587699964642524719e-01
2.626722007989883423e-01
2.654017657041549683e-01
2.612532749772071838e-01
2.704361230134963989e-01
2.616329714655876160e-01
2.690371870994567871e-01
2.656436562538146973e-01
2.675051018595695496e-01
2.605040296912193298e-01
2.672601565718650818e-01
2.636051028966903687e-01
2.693462967872619629e-01
2.721507996320724487e-01
2.670753151178359985e-01
2.690912708640098572e-01
2.663921266794204712e-01
2.704159319400787354e-01
2.658899798989295959e-01
2.604452148079872131e-01
2.664676085114479065e-01
2.649573162198066711e-01
2.638538628816604614e-01
2.638962045311927795e-01
2.663133740425109863e-01
2.626987844705581665e-01
2.708007395267486572e-01
2.718468755483627319e-01
2.651425823569297791e-01
2.666442617774009705e-01
2.660095319151878357e-01
2.641328349709510803e-01
2.616323754191398621e-01
2.661242708563804626e-01
2.677802965044975281e-01
2.658968791365623474e-01
2.665714547038078308e-01
2.764744311571121216e-01
2.692581936717033386e-01
2.654636278748512268e-01
2.689644992351531982e-01
2.692288309335708618e-01
2.720451056957244873e-01
2.623755037784576416e-01
2.617924287915229797e-01
2.602215334773063660e-01
2.743047624826431274e-01
2.694460749626159668e-01
2.677801325917243958e-01
2.595877945423126221e-01
2.624372616410255432e-01
2.638457939028739929e-01
2.724191248416900635e-01
2.644209191203117371e-01
2.712789922952651978e-01
2.599957063794136047e-01
2.680222317576408386e-01
2.644163817167282104e-01
2.750228643417358398e-01
2.710231244564056396e-01
2.671352997422218323e-01
2.675404325127601624e-01
2.629581689834594727e-01
2.656618729233741760e-01
2.623632326722145081e-01
2.743999958038330078e-01
2.619905024766921997e-01
2.679703459143638611e-01
2.763333022594451904e-01
2.647966817021369934e-01
2.696190029382705688e-01
2.645884677767753601e-01
2.705977112054824829e-01
2.664029076695442200e-01
2.706478536128997803e-01
2.636133879423141479e-01
2.613156437873840332e-01
2.712533771991729736e-01
2.656636089086532593e-01
2.628477811813354492e-01
2.612576335668563843e-01
2.676746994256973267e-01
2.700019180774688721e-01
2.645600065588951111e-01
2.643647193908691406e-01
2.651322036981582642e-01
2.662502527236938477e-01
2.632579803466796875e-01
2.616074979305267334e-01
2.695421725511550903e-01
2.655673846602439880e-01
2.675946131348609924e-01
2.640653252601623535e-01
2.649602144956588745e-01
2.720854431390762329e-01
2.650710716843605042e-01
2.669905498623847961e-01
2.679850980639457703e-01
2.750558257102966309e-01
2.699698805809020996e-01
2.686772048473358154e-01
2.663558796048164368e-01
2.700613290071487427e-01
2.625119760632514954e-01
2.634029760956764221e-01
2.622080445289611816e-01
2.720327675342559814e-01
2.717174142599105835e-01
2.650723904371261597e-01
2.643452808260917664e-01
2.681457847356796265e-01
2.640025615692138672e-01
2.660835832357406616e-01
2.659238427877426147e-01
2.621760144829750061e-01
2.738789618015289307e-01
2.648952603340148926e-01
2.733553498983383179e-01
2.621607333421707153e-01
2.600169777870178223e-01
2.631890252232551575e-01
2.583942189812660217e-01
2.659276723861694336e-01
2.682789415121078491e-01
2.674125805497169495e-01
2.711691260337829590e-01
2.642213702201843262e-01
2.599016949534416199e-01
2.727762758731842041e-01
2.653499096632003784e-01
2.617927715182304382e-01
2.629734352231025696e-01
2.672766670584678650e-01
2.701351046562194824e-01
2.641416564583778381e-01
2.680918946862220764e-01
2.672528773546218872e-01
2.626782059669494629e-01
2.637342661619186401e-01
2.659341171383857727e-01
2.635531947016716003e-01
2.636231631040573120e-01
2.734167277812957764e-01
2.648036107420921326e-01
2.735188156366348267e-01
2.637845426797866821e-01
2.604817822575569153e-01
2.674502059817314148e-01
2.676602974534034729e-01
2.654433026909828186e-01
2.604080289602279663e-01
2.680277898907661438e-01
2.615364268422126770e-01
2.742165923118591309e-01
2.722014784812927246e-01
2.699414491653442383e-01
2.668737545609474182e-01
2.684322148561477661e-01
2.699293494224548340e-01
2.643303424119949341e-01
2.706560343503952026e-01
2.645041719079017639e-01
2.692092508077621460e-01
2.639771029353141785e-01
2.723738253116607666e-01
2.689959779381752014e-01
2.717145681381225586e-01
2.657182216644287109e-01
2.640463635325431824e-01
2.673117220401763916e-01
2.643778398633003235e-01
2.712027877569198608e-01
2.717943340539932251e-01
2.612070962786674500e-01
2.701479047536849976e-01
2.680355608463287354e-01
2.645432576537132263e-01
2.696104943752288818e-01
2.718495428562164307e-01
2.721676677465438843e-01
2.589181363582611084e-01
2.714629173278808594e-01
2.632452622056007385e-01
2.682924941182136536e-01
2.686261236667633057e-01
2.629823088645935059e-01
2.762851268053054810e-01
2.622397914528846741e-01
2.620157375931739807e-01
2.716249823570251465e-01
2.673322185873985291e-01
2.635788768529891968e-01
2.618301287293434143e-01
2.631939873099327087e-01
2.654488757252693176e-01
2.646931558847427368e-01
2.620711252093315125e-01
2.659749835729598999e-01
2.634182497859001160e-01
2.682887539267539978e-01
2.654231488704681396e-01
2.683339565992355347e-01
2.665656059980392456e-01
2.617074549198150635e-01
2.688997834920883179e-01
2.625204622745513916e-01
2.708657234907150269e-01
2.675816342234611511e-01
2.703179717063903809e-01
2.750416547060012817e-01
2.715338617563247681e-01
2.594389095902442932e-01
2.681110873818397522e-01
2.652731984853744507e-01
2.717948257923126221e-01
2.666659876704216003e-01
2.692334800958633423e-01
2.687370479106903076e-01
2.707835286855697632e-01
2.705211341381072998e-01
2.630955949425697327e-01
2.692941576242446899e-01
2.695567160844802856e-01
2.661880329251289368e-01
2.629673629999160767e-01
2.661675885319709778e-01
2.649073004722595215e-01
2.611964717507362366e-01
2.644761949777603149e-01
2.651663348078727722e-01
2.632595449686050415e-01
2.664227560162544250e-01
2.652291059494018555e-01
2.661818712949752808e-01
2.677644342184066772e-01
2.634378075599670410e-01
2.683327049016952515e-01
2.616496756672859192e-01
2.701191455125808716e-01
2.693693786859512329e-01
2.684005722403526306e-01
2.656906843185424805e-01
2.689549028873443604e-01
2.670431062579154968e-01
2.632852643728256226e-01
2.578833475708961487e-01
2.653820142149925232e-01
2.639198154211044312e-01
2.715707123279571533e-01
2.624576091766357422e-01
2.612264677882194519e-01
2.639535441994667053e-01
2.628316730260848999e-01
2.717586010694503784e-01
2.743134498596191406e-01
2.664418518543243408e-01
2.660611942410469055e-01
2.744193226099014282e-01
2.629114985466003418e-01
2.616139203310012817e-01
2.679987549781799316e-01
2.682395949959754944e-01
2.651340439915657043e-01
2.584326341748237610e-01
2.694695144891738892e-01
2.628201544284820557e-01
2.690251022577285767e-01
2.626595124602317810e-01
2.687411084771156311e-01
2.704589515924453735e-01
2.656705081462860107e-01
2.712439298629760742e-01
2.662496566772460938e-01
2.624110206961631775e-01
2.650443091988563538e-01
2.667652219533920288e-01
2.686907798051834106e-01
2.701260745525360107e-01
2.714034765958786011e-01
2.670316323637962341e-01
2.702033817768096924e-01
2.728982716798782349e-01
2.730943709611892700e-01
2.595882043242454529e-01
2.607916444540023804e-01
2.670014873147010803e-01
2.695296406745910645e-01
2.662250846624374390e-01
2.712909877300262451e-01
2.658287361264228821e-01
2.669590637087821960e-01
2.688206732273101807e-01
2.752709090709686279e-01
2.722699344158172607e-01
