7.554972171783447266e-02
5.258378013968467712e-02
3.318384382873773575e-02
2.947217132896184921e-02
2.465679775923490524e-02
1.171757234260439873e-02
1.616341853514313698e-02
1.551473140716552734e-02
9.719143155962228775e-03
1.044042268767952919e-02
1.385301817208528519e-02
8.970071328803896904e-03
1.967288181185722351e-02
1.175458449870347977e-02
1.743565453216433525e-02
1.165125775150954723e-02
9.400046430528163910e-03
1.420582504943013191e-02
1.148381875827908516e-02
1.906471513211727142e-02
1.058523263782262802e-02
1.285463431850075722e-02
1.311106840148568153e-02
1.260113669559359550e-02
1.308718323707580566e-02
1.183561142534017563e-02
1.162274088710546494e-02
1.027077855542302132e-02
1.214789552614092827e-02
1.280542835593223572e-02
8.894984610378742218e-03
1.499255839735269547e-02
1.073496718890964985e-02
8.689955109730362892e-03
9.090236388146877289e-03
1.342436950653791428e-02
1.307102385908365250e-02
1.333285961300134659e-02
1.217766990885138512e-02
1.434419909492135048e-02
1.329590845853090286e-02
1.087250187993049622e-02
1.079308101907372475e-02
1.237306976690888405e-02
1.106718787923455238e-02
1.514803105965256691e-02
1.299308286979794502e-02
1.035832986235618591e-02
1.002448075450956821e-02
9.992461185902357101e-03
1.062770886346697807e-02
1.053901761770248413e-02
1.141175255179405212e-02
1.097805937752127647e-02
9.423225885257124901e-03
1.241104491055011749e-02
9.095800807699561119e-03
9.278970304876565933e-03
9.226658614352345467e-03
1.005792617797851562e-02
1.060602627694606781e-02
7.483461173251271248e-03
1.076548313722014427e-02
8.503151359036564827e-03
1.120458077639341354e-02
9.971004910767078400e-03
9.388964157551527023e-03
1.087185833603143692e-02
1.066842814907431602e-02
1.301874779164791107e-02
1.165391085669398308e-02
1.301718177273869514e-02
1.197238359600305557e-02
1.231610262766480446e-02
1.015945849940180779e-02
1.238526776432991028e-02
8.729847613722085953e-03
8.683513151481747627e-03
8.854337735101580620e-03
9.437277447432279587e-03
1.160048507153987885e-02
1.134005282074213028e-02
1.189968921244144440e-02
1.408665161579847336e-02
1.113108219578862190e-02
9.620270226150751114e-03
1.108473213389515877e-02
1.195102185010910034e-02
1.265320973470807076e-02
1.116934884339570999e-02
1.460238313302397728e-02
1.066155172884464264e-02
1.277181180194020271e-02
1.301008043810725212e-02
9.296389762312173843e-03
1.181626971811056137e-02
1.143750734627246857e-02
8.589844685047864914e-03
1.014261320233345032e-02
9.573705261573195457e-03
9.914525784552097321e-03
9.875898249447345734e-03
9.552252478897571564e-03
8.355066413059830666e-03
1.063671335577964783e-02
9.573969291523098946e-03
9.479683591052889824e-03
1.218614354729652405e-02
8.477698313072323799e-03
9.007103741168975830e-03
1.100611407309770584e-02
9.651275817304849625e-03
1.070211874321103096e-02
9.967633057385683060e-03
9.993033949285745621e-03
1.345511153340339661e-02
9.371635969728231430e-03
1.291232975199818611e-02
8.940263418480753899e-03
1.059028133749961853e-02
1.100948406383395195e-02
1.083277538418769836e-02
8.459014818072319031e-03
1.134285237640142441e-02
1.192580955103039742e-02
9.961744770407676697e-03
1.193577470257878304e-02
1.301059639081358910e-02
1.191476592794060707e-02
9.133154759183526039e-03
1.163328159600496292e-02
9.301070356741547585e-03
1.029516803100705147e-02
9.662922006100416183e-03
7.426352472975850105e-03
9.093191940337419510e-03
8.217607741244137287e-03
1.010016491636633873e-02
1.081616850569844246e-02
1.151274191215634346e-02
1.094107935205101967e-02
9.041284443810582161e-03
9.711951017379760742e-03
1.298338687047362328e-02
1.269722823053598404e-02
1.059643551707267761e-02
1.108327787369489670e-02
9.691980201750993729e-03
7.838015560992062092e-03
1.094760140404105186e-02
9.096305817365646362e-03
9.849432390183210373e-03
1.161251682788133621e-02
1.052568480372428894e-02
1.149955065920948982e-02
1.139586232602596283e-02
9.322743862867355347e-03
9.625503793358802795e-03
9.103250456973910332e-03
1.045278506353497505e-02
9.691228624433279037e-03
1.080748299136757851e-02
9.716380387544631958e-03
1.194444810971617699e-02
1.078183436766266823e-02
1.200065435841679573e-02
1.050939084962010384e-02
1.180069940164685249e-02
1.131269941106438637e-02
1.019162544980645180e-02
9.701019851490855217e-03
9.673502529039978981e-03
1.081912172958254814e-02
9.498842060565948486e-03
1.202096790075302124e-02
1.339016249403357506e-02
1.083234231919050217e-02
9.492899756878614426e-03
1.322701154276728630e-02
9.032824775204062462e-03
1.144643779844045639e-02
9.609207976609468460e-03
1.124697364866733551e-02
1.073917513713240623e-02
1.047543995082378387e-02
9.609381202608346939e-03
1.082630269229412079e-02
9.730891324579715729e-03
9.131666971370577812e-03
1.232347730547189713e-02
1.008500158786773682e-02
1.140494644641876221e-02
1.350950123742222786e-02
9.557209908962249756e-03
8.627559291198849678e-03
7.836111355572938919e-03
1.093602599576115608e-02
1.109839836135506630e-02
1.051001343876123428e-02
8.727359818294644356e-03
9.893644135445356369e-03
1.132161263376474380e-02
9.858380071818828583e-03
9.588458342477679253e-03
1.339112641289830208e-02
1.042769942432641983e-02
1.113428873941302299e-02
1.141570787876844406e-02
9.834031574428081512e-03
7.893800502642989159e-03
9.521565400063991547e-03
1.302777370437979698e-02
1.001019962131977081e-02
1.253742258995771408e-02
9.413201129063963890e-03
1.125834882259368896e-02
8.775177644565701485e-03
1.317076943814754486e-02
1.088924054056406021e-02
9.290270740166306496e-03
1.008275710046291351e-02
1.381825609132647514e-02
1.136606093496084213e-02
1.231573941186070442e-02
9.120566071942448616e-03
1.051736855879426003e-02
9.890094399452209473e-03
7.503069471567869186e-03
1.070584403350949287e-02
1.034840196371078491e-02
1.256950013339519501e-02
9.051591390743851662e-03
9.388254955410957336e-03
9.336539078503847122e-03
1.068383036181330681e-02
1.117123709991574287e-02
1.136066392064094543e-02
1.103677833452820778e-02
8.811515988782048225e-03
1.101806014776229858e-02
1.175497798249125481e-02
1.143551757559180260e-02
1.325492141768336296e-02
1.230112370103597641e-02
1.208501402288675308e-02
1.129927206784486771e-02
8.834874024614691734e-03
9.243139065802097321e-03
1.050597801804542542e-02
1.211088383570313454e-02
9.935420006513595581e-03
1.369536342099308968e-02
8.122678613290190697e-03
1.022288063541054726e-02
9.158817818388342857e-03
1.119068125262856483e-02
1.058887504041194916e-02
1.064481539651751518e-02
1.421776693314313889e-02
9.723522700369358063e-03
1.009071804583072662e-02
9.521865285933017731e-03
1.265452615916728973e-02
9.601865662261843681e-03
1.323432475328445435e-02
1.201833179220557213e-02
1.051075849682092667e-02
9.418029803782701492e-03
9.980875998735427856e-03
1.273337891325354576e-02
1.109024463221430779e-02
1.290159439668059349e-02
1.131564332172274590e-02
1.055046031251549721e-02
1.039124280214309692e-02
8.054515696130692959e-03
9.351607644930481911e-03
1.021605636924505234e-02
1.280402997508645058e-02
9.316376177594065666e-03
1.005059806630015373e-02
1.282321382313966751e-02
1.172713935375213623e-02
1.089677307754755020e-02
9.926548693329095840e-03
9.730307385325431824e-03
9.791565593332052231e-03
9.744974318891763687e-03
9.930135682225227356e-03
1.161610055714845657e-02
1.063636550679802895e-02
1.172630582004785538e-02
1.180409546941518784e-02
1.362057123333215714e-02
1.298357965424656868e-02
1.109796622768044472e-02
1.375255780294537544e-02
1.054718811064958572e-02
1.131035154685378075e-02
1.048692595213651657e-02
1.131210476160049438e-02
9.980753529816865921e-03
1.104814792051911354e-02
1.021515624597668648e-02
9.021357866004109383e-03
9.203107329085469246e-03
1.198523817583918571e-02
1.090741017833352089e-02
1.011082623153924942e-02
1.019455259665846825e-02
9.863052051514387131e-03
1.069554314017295837e-02
1.196849951520562172e-02
1.018652506172657013e-02
1.167261926457285881e-02
8.909051306545734406e-03
1.261518150568008423e-02
1.138956099748611450e-02
1.134425960481166840e-02
1.179029652848839760e-02
1.011824328452348709e-02
1.040571462363004684e-02
1.520466129295527935e-02
1.257414696738123894e-02
1.108479686081409454e-02
1.070307102054357529e-02
1.276270905509591103e-02
1.218780269846320152e-02
1.209344435483217239e-02
1.292467443272471428e-02
1.180673344060778618e-02
1.446458650752902031e-02
1.176316943019628525e-02
1.392074348405003548e-02
9.187408722937107086e-03
9.908995591104030609e-03
1.340357819572091103e-02
1.217172062024474144e-02
9.997673332691192627e-03
9.567781817167997360e-03
1.025401614606380463e-02
1.223743660375475883e-02
9.750057244673371315e-03
1.072156429290771484e-02
1.040715398266911507e-02
1.186683680862188339e-02
1.047853939235210419e-02
1.184971584007143974e-02
1.212601829320192337e-02
1.351282326504588127e-02
9.417366236448287964e-03
1.197255868464708328e-02
1.281240582466125488e-02
9.403101401403546333e-03
8.848807075992226601e-03
1.089322101324796677e-02
1.209487300366163254e-02
1.072326395660638809e-02
1.163585390895605087e-02
1.155930478125810623e-02
1.191894942894577980e-02
1.072442997246980667e-02
8.685231907293200493e-03
1.006135763600468636e-02
1.047752425074577332e-02
1.028491510078310966e-02
1.148053212091326714e-02
9.631227701902389526e-03
1.301666302606463432e-02
9.682898176833987236e-03
1.238121977075934410e-02
1.163448253646492958e-02
1.052732439711689949e-02
1.160299545153975487e-02
1.021796837449073792e-02
8.921894012019038200e-03
9.619389893487095833e-03
9.193982928991317749e-03
1.194424973800778389e-02
9.921191725879907608e-03
1.168930064886808395e-02
1.133674709126353264e-02
1.078280201181769371e-02
9.283332386985421181e-03
9.327630046755075455e-03
1.110123936086893082e-02
1.103463210165500641e-02
1.167453126981854439e-02
1.178636541590094566e-02
1.398392114788293839e-02
1.005703816190361977e-02
9.848204907029867172e-03
1.100680092349648476e-02
1.014118827879428864e-02
1.245811302214860916e-02
1.051016012206673622e-02
1.118140248581767082e-02
8.059603162109851837e-03
9.259865852072834969e-03
1.098289387300610542e-02
1.322772353887557983e-02
1.129352860152721405e-02
8.523470256477594376e-03
1.194989634677767754e-02
1.079506846144795418e-02
9.224335663020610809e-03
1.072906795889139175e-02
9.892669506371021271e-03
9.433453669771552086e-03
1.345296483486890793e-02
1.201197551563382149e-02
1.069357292726635933e-02
1.027053035795688629e-02
1.236528158187866211e-02
1.081716222688555717e-02
1.056364504620432854e-02
1.065166946500539780e-02
1.124130701646208763e-02
1.156948180869221687e-02
1.348081184551119804e-02
1.369877299293875694e-02
1.221373956650495529e-02
1.069935364648699760e-02
9.268465917557477951e-03
1.355383498594164848e-02
1.042859721928834915e-02
8.226348087191581726e-03
8.485054131597280502e-03
1.173590216785669327e-02
1.130501553416252136e-02
1.225849706679582596e-02
1.195195829495787621e-02
1.140556298196315765e-02
1.062410324811935425e-02
9.465522598475217819e-03
9.510001866146922112e-03
1.259502768516540527e-02
1.066960114985704422e-02
1.163574354723095894e-02
9.961517527699470520e-03
1.282709138467907906e-02
1.146273640915751457e-02
8.676830213516950607e-03
1.126500684767961502e-02
9.786786977201700211e-03
1.194648165255784988e-02
8.839973947033286095e-03
1.375074079260230064e-02
1.263257628306746483e-02
9.359987918287515640e-03
8.356611942872405052e-03
1.118171820417046547e-02
1.151915220543742180e-02
1.186235854402184486e-02
1.085018832236528397e-02
8.907553041353821754e-03
1.035578129813075066e-02
9.199199732393026352e-03
8.948951493948698044e-03
9.508060757070779800e-03
1.054100366309285164e-02
9.016216732561588287e-03
1.269382471218705177e-02
1.142932055518031120e-02
9.885413572192192078e-03
9.947059676051139832e-03
1.122359884902834892e-02
1.116807898506522179e-02
9.894232731312513351e-03
1.059518195688724518e-02
1.165572553873062134e-02
1.175672560930252075e-02
8.995494339615106583e-03
1.188871124759316444e-02
1.112772943452000618e-02
8.582626469433307648e-03
1.038024993613362312e-02
1.025351509451866150e-02
1.051026768982410431e-02
1.047313679009675980e-02
1.213661767542362213e-02
1.242370624095201492e-02
1.023691706359386444e-02
9.940879885107278824e-03
9.944209828972816467e-03
8.974191965535283089e-03
1.049656001850962639e-02
1.149209402501583099e-02
1.150813931599259377e-02
9.963332675397396088e-03
8.891993202269077301e-03
1.047306647524237633e-02
9.872881695628166199e-03
9.862506762146949768e-03
9.894651360809803009e-03
1.036376459524035454e-02
1.063060527667403221e-02
1.201002439484000206e-02
1.422016508877277374e-02
1.109013147652149200e-02
1.256895950064063072e-02
1.252299174666404724e-02
1.301765954121947289e-02
1.420390792191028595e-02
1.162650296464562416e-02
9.487373288720846176e-03
9.736103005707263947e-03
1.055682450532913208e-02
1.121140178292989731e-02
1.386921200901269913e-02
9.619605029001832008e-03
1.088571129366755486e-02
9.383260505273938179e-03
1.218792935833334923e-02
1.118575315922498703e-02
9.214291349053382874e-03
1.037221308797597885e-02
9.685261175036430359e-03
1.056038076058030128e-02
1.251656189560890198e-02
1.192953996360301971e-02
1.081338804215192795e-02
1.097172917798161507e-02
1.219080714508891106e-02
1.064988318830728531e-02
1.106028771027922630e-02
1.134310523048043251e-02
1.181896310299634933e-02
9.037995012477040291e-03
9.530696319416165352e-03
1.218938175588846207e-02
1.121039129793643951e-02
1.097278762608766556e-02
8.451550500467419624e-03
9.132744278758764267e-03
1.245701778680086136e-02
1.296392036601901054e-02
1.010875077918171883e-02
1.014853594824671745e-02
1.010428229346871376e-02
1.365041499957442284e-02
1.111686881631612778e-02
1.090496964752674103e-02
1.162156555801630020e-02
9.251312585547566414e-03
9.382067946717143059e-03
9.633972309529781342e-03
1.051497925072908401e-02
1.276607485488057137e-02
9.846223052591085434e-03
1.030779909342527390e-02
9.123882045969367027e-03
1.002383418381214142e-02
1.042962819337844849e-02
9.538162266835570335e-03
9.321813238784670830e-03
1.228950824588537216e-02
8.931808639317750931e-03
1.033029053360223770e-02
1.014872081577777863e-02
1.161965820938348770e-02
1.109309121966362000e-02
1.078627957031130791e-02
9.150239871814846992e-03
9.869131259620189667e-03
8.298005675897002220e-03
1.228253031149506569e-02
1.081738434731960297e-02
9.776429738849401474e-03
1.230064639821648598e-02
1.185343367978930473e-02
8.996984222903847694e-03
1.065566949546337128e-02
1.389847649261355400e-02
1.100406935438513756e-02
1.069109048694372177e-02
1.315279398113489151e-02
9.671693202108144760e-03
9.598730830475687981e-03
1.320018386468291283e-02
1.019008550792932510e-02
9.766045492142438889e-03
9.666190482676029205e-03
1.238754112273454666e-02
1.178531907498836517e-02
1.084939669817686081e-02
1.420320803299546242e-02
1.203576382249593735e-02
1.127643045037984848e-02
1.050550164654850960e-02
1.047239918261766434e-02
1.194367045536637306e-02
1.197566930204629898e-02
9.323523845523595810e-03
1.162718329578638077e-02
1.134655391797423363e-02
1.026798970997333527e-02
1.180843263864517212e-02
1.262878952547907829e-02
1.148206228390336037e-02
1.265755342319607735e-02
1.097503118216991425e-02
1.183843333274126053e-02
9.890500456094741821e-03
1.020862720906734467e-02
1.249629724770784378e-02
1.124785328283905983e-02
1.229462632909417152e-02
8.953789481893181801e-03
1.251163287088274956e-02
1.000360120087862015e-02
1.032720506191253662e-02
1.293225632980465889e-02
9.461081353947520256e-03
1.075904397293925285e-02
1.195453433319926262e-02
1.114965928718447685e-02
1.017093611881136894e-02
1.084612682461738586e-02
1.294978614896535873e-02
1.164808589965105057e-02
1.063990080729126930e-02
1.489647105336189270e-02
1.063300389796495438e-02
9.432421997189521790e-03
8.812586544081568718e-03
1.151300314813852310e-02
1.002257317304611206e-02
1.060863491147756577e-02
1.155411452054977417e-02
1.014916598796844482e-02
9.686358273029327393e-03
1.060663117095828056e-02
9.477969491854310036e-03
9.824241511523723602e-03
1.085352851077914238e-02
1.036977348849177361e-02
1.234516547992825508e-02
1.389957312494516373e-02
1.032832171767950058e-02
1.124302297830581665e-02
9.764617308974266052e-03
1.008857320994138718e-02
1.048358995467424393e-02
1.061125844717025757e-02
1.224837033078074455e-02
9.565271669998764992e-03
8.613600162789225578e-03
1.331370091065764427e-02
1.222326746210455894e-02
1.321886153891682625e-02
9.357598377391695976e-03
9.367933496832847595e-03
1.126444619148969650e-02
1.021402794867753983e-02
9.454334387555718422e-03
1.082637999206781387e-02
8.385077584534883499e-03
1.126392092555761337e-02
9.478875203058123589e-03
1.249540876597166061e-02
1.074546948075294495e-02
1.169428974390029907e-02
1.124558039009571075e-02
1.122272433713078499e-02
1.027664542198181152e-02
1.470627216622233391e-02
1.125613367184996605e-02
1.098219584673643112e-02
1.330954534932971001e-02
1.201830804347991943e-02
9.329172549769282341e-03
1.285864086821675301e-02
1.213752385228872299e-02
1.168846571817994118e-02
1.161224953830242157e-02
1.112089818343520164e-02
9.632898727431893349e-03
9.829916991293430328e-03
8.673852542415261269e-03
1.085105491802096367e-02
1.098602684214711189e-02
1.060913596302270889e-02
1.142723765224218369e-02
1.048670010641217232e-02
1.126850256696343422e-02
1.029025856405496597e-02
1.178110763430595398e-02
1.102674892172217369e-02
1.555612822994589806e-02
8.699737489223480225e-03
1.157202292233705521e-02
1.136607443913817406e-02
1.024735951796174049e-02
9.913831017911434174e-03
1.198607869446277618e-02
1.103645004332065582e-02
9.519053390249609947e-03
1.030122721567749977e-02
1.258235145360231400e-02
9.334451286122202873e-03
1.067275926470756531e-02
9.447104996070265770e-03
9.008582914248108864e-03
9.995174594223499298e-03
1.088648336008191109e-02
1.157285459339618683e-02
1.181982690468430519e-02
1.048657391220331192e-02
1.020915666595101357e-02
1.289236871525645256e-02
1.012093946337699890e-02
9.775068610906600952e-03
1.214801613241434097e-02
1.122372224926948547e-02
9.974484797567129135e-03
1.046660589054226875e-02
1.268144557252526283e-02
9.196810191497206688e-03
1.146323047578334808e-02
1.276088831946253777e-02
1.115902932360768318e-02
1.169762900099158287e-02
1.124539226293563843e-02
1.042257295921444893e-02
1.248956518247723579e-02
1.100017363205552101e-02
9.917719755321741104e-03
9.232432581484317780e-03
1.217875443398952484e-02
1.098980009555816650e-02
1.269128127023577690e-02
9.426812874153256416e-03
1.254527876153588295e-02
9.627756895497441292e-03
1.106557250022888184e-02
1.164002809673547745e-02
1.301323249936103821e-02
1.291185757145285606e-02
1.235083863139152527e-02
1.199231017380952835e-02
1.054426468908786774e-02
1.034767832607030869e-02
1.168817840516567230e-02
1.195331383496522903e-02
1.246750308200716972e-02
1.270393794402480125e-02
1.189675042405724525e-02
1.342826103791594505e-02
1.029769470915198326e-02
1.020928751677274704e-02
9.481784887611865997e-03
9.568764828145503998e-03
1.075790496543049812e-02
1.039840513840317726e-02
1.191270723938941956e-02
1.036826753988862038e-02
9.899745695292949677e-03
1.179407769814133644e-02
1.347934128716588020e-02
1.010918524116277695e-02
1.193837635219097137e-02
1.230374258011579514e-02
9.887313935905694962e-03
8.996075717732310295e-03
1.071880850940942764e-02
1.176543068140745163e-02
9.951877873390913010e-03
8.073167642578482628e-03
1.146403374150395393e-02
1.036562258377671242e-02
1.145195588469505310e-02
1.106535270810127258e-02
1.129900570958852768e-02
1.164975017309188843e-02
1.096636196598410606e-02
1.001052558422088623e-02
1.216690242290496826e-02
1.317270705476403236e-02
9.471654193475842476e-03
1.290884008631110191e-02
9.104093071073293686e-03
1.014837669208645821e-02
1.325959898531436920e-02
8.296472718939185143e-03
1.175490254536271095e-02
1.103187492117285728e-02
1.191464066505432129e-02
1.133571891114115715e-02
1.177668292075395584e-02
1.206387253478169441e-02
1.079757837578654289e-02
1.252680178731679916e-02
9.640309493988752365e-03
1.243293005973100662e-02
1.205616584047675133e-02
1.060779159888625145e-02
9.793058503419160843e-03
1.220875047147274017e-02
1.351452153176069260e-02
8.895831881090998650e-03
9.621358243748545647e-03
9.901511948555707932e-03
1.156664500012993813e-02
1.060694968327879906e-02
1.101240841671824455e-02
1.078346837311983109e-02
1.025125849992036819e-02
1.221218192949891090e-02
1.114940503612160683e-02
9.008734254166483879e-03
1.294481847435235977e-02
8.757261792197823524e-03
8.718156022951006889e-03
1.062398217618465424e-02
1.182784512639045715e-02
8.843835443258285522e-03
1.005587354302406311e-02
1.079711690545082092e-02
1.064246101304888725e-02
1.330917468294501305e-02
9.731941157951951027e-03
1.094940165057778358e-02
1.025119097903370857e-02
1.004985859617590904e-02
1.194629073143005371e-02
1.006925292313098907e-02
1.132458494976162910e-02
1.048150146380066872e-02
1.015977654606103897e-02
1.032840600237250328e-02
1.021195575594902039e-02
8.707299130037426949e-03
9.401299525052309036e-03
1.289294939488172531e-02
1.189119508489966393e-02
8.509586332365870476e-03
1.000851579010486603e-02
1.022184872999787331e-02
1.002875808626413345e-02
1.128622470423579216e-02
9.633940877392888069e-03
1.182971335947513580e-02
1.085249893367290497e-02
9.953740052878856659e-03
9.272468043491244316e-03
1.070905989035964012e-02
1.233019446954131126e-02
1.001223502680659294e-02
1.134786196053028107e-02
1.023883605375885963e-02
1.032382901757955551e-02
9.394689695909619331e-03
8.242076612077653408e-03
8.176919189281761646e-03
1.176277548074722290e-02
1.020277198404073715e-02
1.115116570144891739e-02
1.191234122961759567e-02
1.313466718420386314e-02
1.013293070718646049e-02
1.004797779023647308e-02
9.265308966860175133e-03
1.036964775994420052e-02
1.146885426715016365e-02
1.010990887880325317e-02
1.046392647549510002e-02
1.244818326085805893e-02
1.152925658971071243e-02
1.102499570697546005e-02
1.087767444550991058e-02
1.155884331092238426e-02
1.337247947230935097e-02
1.050899643450975418e-02
1.091164629906415939e-02
8.430219488218426704e-03
1.304060360416769981e-02
1.028688903898000717e-02
1.202198443934321404e-02
1.123712258413434029e-02
1.203675474971532822e-02
9.968212805688381195e-03
9.976732544600963593e-03
1.093396591022610664e-02
1.425009593367576599e-02
1.195817533880472183e-02
1.306476956233382225e-02
1.055003190413117409e-02
1.009259931743144989e-02
1.219322392717003822e-02
1.113995490595698357e-02
1.263879332691431046e-02
1.185772428289055824e-02
1.241235109046101570e-02
1.039346214383840561e-02
1.014263043180108070e-02
9.235667763277888298e-03
9.457828477025032043e-03
8.640589891001582146e-03
1.155560277402400970e-02
9.800651110708713531e-03
1.062910398468375206e-02
1.200961833819746971e-02
1.383669907227158546e-02
1.138599030673503876e-02
1.220816001296043396e-02
9.021124104037880898e-03
1.009606430307030678e-02
1.066633453592658043e-02
9.959015529602766037e-03
1.284127077087759972e-02
9.374048095196485519e-03
1.143280277028679848e-02
9.526199661195278168e-03
1.189367799088358879e-02
1.015431620180606842e-02
1.004632236436009407e-02
1.047668140381574631e-02
1.170432241633534431e-02
1.329750567674636841e-02
1.193988183513283730e-02
1.089601498097181320e-02
1.048537017777562141e-02
1.203922089189291000e-02
1.183163793757557869e-02
9.672321612015366554e-03
1.094490149989724159e-02
1.175133790820837021e-02
1.055591506883502007e-02
9.810643736273050308e-03
9.420506656169891357e-03
9.174859849736094475e-03
1.107516838237643242e-02
1.181239960715174675e-02
1.110972231253981590e-02
9.923917241394519806e-03
1.089650392532348633e-02
9.049888933077454567e-03
8.802728960290551186e-03
9.986354038119316101e-03
1.075698714703321457e-02
1.129992166534066200e-02
1.116266846656799316e-02
1.399112353101372719e-02
1.125781936571002007e-02
1.029133982956409454e-02
1.082771131768822670e-02
1.086470996960997581e-02
1.232977444306015968e-02
9.873825125396251678e-03
9.420360205695033073e-03
8.443549508228898048e-03
1.452925940975546837e-02
1.116939866915345192e-02
1.111102476716041565e-02
8.380843792110681534e-03
9.496315149590373039e-03
9.739637374877929688e-03
1.237636897712945938e-02
9.168942226096987724e-03
1.325690466910600662e-02
8.491449290886521339e-03
1.111730281263589859e-02
1.038426719605922699e-02
1.462389389052987099e-02
1.170494779944419861e-02
9.814213961362838745e-03
1.097642909735441208e-02
9.826953988522291183e-03
1.182574313133955002e-02
1.018482120707631111e-02
1.454917108640074730e-02
9.857541881501674652e-03
1.218966394662857056e-02
1.390087651088833809e-02
1.071001449599862099e-02
1.162268640473484993e-02
1.057120878249406815e-02
1.244922121986746788e-02
1.110946806147694588e-02
1.225244347006082535e-02
1.039944589138031006e-02
9.448361117392778397e-03
1.162512181326746941e-02
1.155659882351756096e-02
1.105033606290817261e-02
1.077143661677837372e-02
1.141805294901132584e-02
1.182330632582306862e-02
9.959413204342126846e-03
9.283804334700107574e-03
9.452926227822899818e-03
1.121107488870620728e-02
9.344550082460045815e-03
9.500803193077445030e-03
1.058039255440235138e-02
1.081444276496767998e-02
1.088915718719363213e-02
9.858955629169940948e-03
1.000753650441765785e-02
1.310643414035439491e-02
9.719143155962228775e-03
1.022557867690920830e-02
1.140319462865591049e-02
1.304707350209355354e-02
1.228766096755862236e-02
1.112073566764593124e-02
1.092661451548337936e-02
1.282114628702402115e-02
1.001340476796030998e-02
9.383734548464417458e-03
1.034601777791976929e-02
1.185857038944959641e-02
1.172397797927260399e-02
9.678190574049949646e-03
9.665785823017358780e-03
1.123873936012387276e-02
9.868108201771974564e-03
1.074632909148931503e-02
1.081344950944185257e-02
9.846151340752840042e-03
1.289615128189325333e-02
1.045040506869554520e-02
1.292887562885880470e-02
9.812621865421533585e-03
9.471690049394965172e-03
1.104858005419373512e-02
8.670166367664933205e-03
9.474126854911446571e-03
1.124360272660851479e-02
1.122972927987575531e-02
1.228027138859033585e-02
9.603408630937337875e-03
8.756167721003293991e-03
1.226945919916033745e-02
1.175327505916357040e-02
1.003710459917783737e-02
9.803887922316789627e-03
1.089459424838423729e-02
1.292786514386534691e-02
1.005958300083875656e-02
1.195751084014773369e-02
1.043789694085717201e-02
9.147416800260543823e-03
9.288597851991653442e-03
1.141581172123551369e-02
9.739328641444444656e-03
8.828773396089673042e-03
1.281344052404165268e-02
1.045658392831683159e-02
1.294849906116724014e-02
9.820377454161643982e-03
9.252880234271287918e-03
1.097126770764589310e-02
1.189929153770208359e-02
1.103219948709011078e-02
9.630170185118913651e-03
1.290708826854825020e-02
8.914791047573089600e-03
1.322512002661824226e-02
1.305973948910832405e-02
1.198412757366895676e-02
1.064340258017182350e-02
1.052073109894990921e-02
1.229157624766230583e-02
1.072935294359922409e-02
1.218426739796996117e-02
1.079341769218444824e-02
1.172193884849548340e-02
1.044041803106665611e-02
1.098614931106567383e-02
1.168653648346662521e-02
1.337875425815582275e-02
1.145814778283238411e-02
1.039441348984837532e-02
1.216402323916554451e-02
9.342167060822248459e-03
1.244492316618561745e-02
1.249982416629791260e-02
9.246055735275149345e-03
1.201730221509933472e-02
1.156283728778362274e-02
1.032281247898936272e-02
1.159516256302595139e-02
1.284665474668145180e-02
1.280317828059196472e-02
9.264814667403697968e-03
1.317670801654458046e-02
1.065195491537451744e-02
1.113633299246430397e-02
1.295162038877606392e-02
9.447401622310280800e-03
1.501293713226914406e-02
9.609045460820198059e-03
9.193684672936797142e-03
1.280977064743638039e-02
1.163629069924354553e-02
1.077653514221310616e-02
9.607290616258978844e-03
9.966226294636726379e-03
1.040122890844941139e-02
9.948413353413343430e-03
9.088031714782118797e-03
1.085702190175652504e-02
9.208577452227473259e-03
1.140949968248605728e-02
1.009968854486942291e-02
1.224255003035068512e-02
1.217106683179736137e-02
8.997789118438959122e-03
1.179427513852715492e-02
9.279059479013085365e-03
1.323208445683121681e-02
1.118347281590104103e-02
1.116548851132392883e-02
1.344831427559256554e-02
1.363033708184957504e-02
8.438772289082407951e-03
1.339091779664158821e-02
9.807735215872526169e-03
1.246973825618624687e-02
9.704464115202426910e-03
1.208093715831637383e-02
1.165598910301923752e-02
1.263396302238106728e-02
1.219828799366950989e-02
9.421532507985830307e-03
1.135149272158741951e-02
1.169000659137964249e-02
1.132333558052778244e-02
9.380990173667669296e-03
1.195071078836917877e-02
1.038880087435245514e-02
8.414218435063958168e-03
1.007333584129810333e-02
1.197850564494729042e-02
1.042953738942742348e-02
1.084558712318539619e-02
1.012843754142522812e-02
1.086415024474263191e-02
1.209239754825830460e-02
9.565349435433745384e-03
1.131253829225897789e-02
1.041607744991779327e-02
1.214566966518759727e-02
1.128561235964298248e-02
1.161049399524927139e-02
1.021411409601569176e-02
1.126204151660203934e-02
1.054118340834975243e-02
9.302062680944800377e-03
7.794114295393228531e-03
1.063787657767534256e-02
9.454796323552727699e-03
1.389481080695986748e-02
9.337121387943625450e-03
9.032084606587886810e-03
9.138324530795216560e-03
1.003861287608742714e-02
1.292306557297706604e-02
1.349823502823710442e-02
9.244853165000677109e-03
1.119560748338699341e-02
1.299058180302381516e-02
9.810327552258968353e-03
9.125391719862818718e-03
1.145770633593201637e-02
1.229435764253139496e-02
1.079752482473850250e-02
7.966999779455363750e-03
1.116535766050219536e-02
9.901018347591161728e-03
1.095981802791357040e-02
1.000203052535653114e-02
1.062192115932703018e-02
1.310704182833433151e-02
9.904038161039352417e-03
1.224402990192174911e-02
9.503773413598537445e-03
9.201068431138992310e-03
1.166131487116217613e-02
1.074178470298647881e-02
1.118560740724205971e-02
1.080434443429112434e-02
1.256814599037170410e-02
1.146534178406000137e-02
1.180127775296568871e-02
1.306184660643339157e-02
1.292941300198435783e-02
8.129654568620026112e-03
9.420270798727869987e-03
1.118350680917501450e-02
1.117167342454195023e-02
1.002966146916151047e-02
1.356616057455539703e-02
1.124557014554738998e-02
1.164333708584308624e-02
1.161594642326235771e-02
1.278770714998245239e-02
1.237182598561048508e-02
