1.963058799505233765e+00
6.429091870784759966e-01
4.487682998180389515e-01
2.379546999931335394e-01
1.706770867109298762e-01
1.444721564650535695e-01
1.309737108647823223e-01
1.201565220952034024e-01
1.487240456044673920e-01
1.131873704493045751e-01
8.887629061937332708e-02
6.518728248775004785e-02
4.980688393115997176e-02
5.397428423166274886e-02
3.863787166774272641e-02
4.122926425188779692e-02
3.973823972046375275e-02
3.385957740247249464e-02
2.789973076432943414e-02
2.499157115817069938e-02
2.348434692248702049e-02
2.575770169496536394e-02
2.184892436489462714e-02
2.074932763352990012e-02
1.664764443412423273e-02
1.692657321691513200e-02
1.443999232724308898e-02
1.681071268394589494e-02
1.468771686777472531e-02
1.427378654479980434e-02
1.450802301988005603e-02
1.221695542335510254e-02
1.517788125202059780e-02
1.486753318458795478e-02
1.111785518005490268e-02
1.545758559368550812e-02
2.622440629638731618e-02
2.483856398612260818e-02
2.020988473668694496e-02
2.004939410835504532e-02
1.974618667736649513e-02
1.688680620864033838e-02
1.834867084398865769e-02
1.661732234060764313e-02
1.132388552650809288e-02
1.050752978771924903e-02
8.966012950986623417e-03
8.162707136943937042e-03
9.405955579131842006e-03
1.096702446229755844e-02
9.595156647264957428e-03
8.730899076908826828e-03
7.326153432950377117e-03
8.041417645290493271e-03
7.755326200276612889e-03
8.262630458921194423e-03
7.929324917495251396e-03
7.164851156994700085e-03
9.353626612573861729e-03
1.121339546516537597e-02
8.556056628003716122e-03
7.434897357597947121e-03
7.224683417007327080e-03
7.861179811879993179e-03
7.705058576539159168e-03
7.849767385050655105e-03
8.796325977891683232e-03
6.767818564549088131e-03
8.250582823529839169e-03
8.718024659901856682e-03
8.567427750676870346e-03
6.622068071737885649e-03
6.746082613244652575e-03
8.075219998136162064e-03
7.383717270568013018e-03
6.864231592044234102e-03
7.347208401188254530e-03
8.193700248375535358e-03
1.606348953209817479e-02
1.927204942330718040e-02
1.617176430299878051e-02
1.291581760160625050e-02
1.232615509070456028e-02
7.226234022527933294e-03
7.309158984571695501e-03
6.619320996105670755e-03
5.422295955941081221e-03
7.139953435398638248e-03
6.946931034326553692e-03
6.565284403041005308e-03
5.523229064419865435e-03
4.907092102803290237e-03
4.755960265174508268e-03
6.390268960967659777e-03
5.420962092466652046e-03
5.771488649770617485e-03
5.425999779254198421e-03
4.747005039826035153e-03
5.157367046922445471e-03
5.429903161711990833e-03
5.085184029303491463e-03
4.295313940383493553e-03
4.123346693813800638e-03
3.894264996051788504e-03
3.667657123878598300e-03
3.778996388427913276e-03
3.959263907745480537e-03
3.869276354089379397e-03
3.846809174865484151e-03
3.438981040380895051e-03
3.475882927887141705e-03
3.982994612306356777e-03
3.965902305208146399e-03
3.881300054490566427e-03
3.414430981501936999e-03
3.367626201361417857e-03
3.571066330187022599e-03
3.806124650873243895e-03
4.463470587506890123e-03
3.505686065182089806e-03
3.443737211637198752e-03
3.789843898266553792e-03
3.640043083578348160e-03
3.260532440617680376e-03
3.154432750307023525e-03
3.096043108962476340e-03
3.754823422059416944e-03
3.937169699929654945e-03
3.889217437244951552e-03
3.311681188642978755e-03
3.659105952829122630e-03
3.363822563551366416e-03
3.436503722332417878e-03
3.581054485403001395e-03
3.260944015346467582e-03
3.617862123064696789e-03
3.462767647579312498e-03
3.105421341024339112e-03
2.874838537536561489e-03
3.008188423700630752e-03
3.030119952745735559e-03
2.902818215079605753e-03
3.038629167713224975e-03
3.913858835585415190e-03
6.782527640461921345e-03
5.390229541808367122e-03
6.081992969848215233e-03
4.800404026173055345e-03
3.417476406320929614e-03
2.952138613909483129e-03
2.608305774629116058e-03
2.582993649411946535e-03
2.820906625129282301e-03
3.589376714080572042e-03
2.901267819106578914e-03
2.780656982213258917e-03
2.873298211488872680e-03
3.368021058849990541e-03
3.054201602935791016e-03
2.392293652519583702e-03
2.677459223195910627e-03
2.790810901205986912e-03
3.220935282297432249e-03
4.507677571382373571e-03
6.264486559666692864e-03
5.858809384517371481e-03
5.324730114080011671e-03
5.188456643372774471e-03
5.492390529252588575e-03
5.289914202876389027e-03
4.783248947933316404e-03
4.928807704709469925e-03
4.660582216456532305e-03
4.639064450748265137e-03
4.353908752091228788e-03
4.531214339658617626e-03
4.424077621661126440e-03
4.094289662316441362e-03
3.898934053722769022e-03
4.043222498148679386e-03
4.155978304333984505e-03
3.376044053584337408e-03
3.282231511548161507e-03
4.431593767367303545e-03
3.829875076189637011e-03
3.978912322781980211e-03
3.604542184621095831e-03
3.957709250971675093e-03
2.503247675485909072e-03
2.431558049283921892e-03
2.198666753247380430e-03
2.180703426711261359e-03
2.067564066965133125e-03
2.029161003883928147e-03
2.190091228112578219e-03
2.286714513320475990e-03
2.575290855020284653e-03
1.924678892828524199e-03
1.895878603681921872e-03
1.960968784987926657e-03
2.065121242776512926e-03
2.089231659192591992e-03
1.918056339491158724e-03
1.870448468253016472e-03
1.808670954778790387e-03
1.786965515930205627e-03
1.778180710971355438e-03
1.733935438096523285e-03
1.710578345227986531e-03
1.688169548287987709e-03
1.697745197452604684e-03
1.650997111573815259e-03
1.686111697927117261e-03
1.695338007993996100e-03
1.692461629863828334e-03
1.775145367719232993e-03
1.783789496403187470e-03
1.661308226175606251e-03
1.666263665538281246e-03
1.816676475573331074e-03
1.913457270711660472e-03
1.736170740332454400e-03
1.613537967205047564e-03
1.574915717355906963e-03
1.568761211819946679e-03
1.605656393803656145e-03
1.571792678441852418e-03
1.539975451305508657e-03
1.574042602442204952e-03
1.542100554797798439e-03
1.526232832111418160e-03
1.566236687358468684e-03
1.548792957328259858e-03
1.506179431453347293e-03
1.460738072637468576e-03
1.608000707346946044e-03
1.489724044222384648e-03
1.563192706089466767e-03
1.545215211808681445e-03
1.495944405905902342e-03
1.493223092984408053e-03
1.521369587862864137e-03
1.502054126467555675e-03
1.574765110854059545e-03
1.562019262928515759e-03
1.701691129710525274e-03
1.622759073507040826e-03
1.456918939948082014e-03
1.437814137898385568e-03
1.453646412119269328e-03
1.398229552432894750e-03
1.422830740921199322e-03
1.464894029777497097e-03
1.443500060122460084e-03
1.422980538336560130e-03
1.428248651791363955e-03
1.562170835677534429e-03
1.359762810170650439e-03
1.343619055114686576e-03
1.341002766275778500e-03
1.374288706574588971e-03
1.443874789401888847e-03
1.433199830353260127e-03
1.367875671712681738e-03
1.391983008943498135e-03
1.380433747544884638e-03
1.399265939835459037e-03
1.580412534531205979e-03
1.500933896750211716e-03
1.593282213434576988e-03
1.793342200107872399e-03
2.708939230069518176e-03
2.857981249690055847e-03
2.870757132768630981e-03
1.735846372321248141e-03
1.345831732032820669e-03
1.356882578693330245e-03
1.399412262253463355e-03
1.310577726690098557e-03
1.322786154923960653e-03
1.304041792172938499e-03
1.256894436664879322e-03
1.278270909097045660e-03
1.274892379296943589e-03
1.261442666873335838e-03
1.298143866006284996e-03
1.392553187906742183e-03
1.240988675272092310e-03
1.314023695886135058e-03
1.329598389565944585e-03
1.338991569355130196e-03
1.261446811258792834e-03
1.251944754039868799e-03
1.296894042752683163e-03
1.261578709818422751e-03
1.251110056182369677e-03
1.264327688841149254e-03
1.262054534163326068e-03
1.308674126630649014e-03
1.280498458072543144e-03
1.122254680376499978e-03
1.132109714671969457e-03
1.138423918746411800e-03
1.107206655433401465e-03
1.114723895443603353e-03
1.111522421706467910e-03
1.088358066044747786e-03
1.092796225566416935e-03
1.074579951819032431e-03
1.112918060971423940e-03
1.101143687264993787e-03
1.081456971587613268e-03
1.077619811985641631e-03
1.051393745001405478e-03
1.079959905473515305e-03
1.084267836995422927e-03
1.052076026098802686e-03
1.055507815908640580e-03
1.061982905957847747e-03
1.036763703450560613e-03
1.046180044068023606e-03
1.037720945896580902e-03
1.025405374821275429e-03
1.033816818380728321e-03
1.124927808996290055e-03
1.032120775198563847e-03
1.018817507429048419e-03
1.015599956735968503e-03
1.011289103189483285e-03
1.010842365212738601e-03
1.068693323759362102e-03
9.964855446014553742e-04
1.001275295857340184e-03
9.695588436443358443e-04
9.841097518801689582e-04
1.019339682534336957e-03
9.941818250808864398e-04
1.042539998888969465e-03
1.021320605650544080e-03
1.050938881235197186e-03
1.035457698162645145e-03
1.014091249089688063e-03
1.022523344727233096e-03
1.282506249845028010e-03
2.074953907867893750e-03
1.726566493744030595e-03
1.431929122190922499e-03
1.462622079998254776e-03
1.177190494490787344e-03
1.020726928254589525e-03
9.434686275199055455e-04
9.416389162652194717e-04
9.253411844838410616e-04
9.429068653844296715e-04
9.140832640696317174e-04
9.154310275334865288e-04
9.305061190389096954e-04
9.087223326787352996e-04
9.068782790564000173e-04
9.030520915985107856e-04
8.958370483014733033e-04
9.006826207041740201e-04
9.260751772671938159e-04
9.412480052560567639e-04
9.258050005882978873e-04
9.475788276176900105e-04
9.060204902198165655e-04
1.011805230518803000e-03
9.093917789869010882e-04
9.338654228486121135e-04
9.448816184885799668e-04
9.434267703909426928e-04
9.265339002013206048e-04
8.642675820738077164e-04
8.845983189530670860e-04
9.505595604423433759e-04
9.087579441256820939e-04
9.972559812013060288e-04
9.867716871667653322e-04
1.002469321247190280e-03
9.610856184735893770e-04
1.064362202305346641e-03
1.048513542627915740e-03
9.376107016578316255e-04
8.550484955776483254e-04
8.873028331436216614e-04
8.448850712738931179e-04
8.330026990734040954e-04
8.199532632716000514e-04
8.506344456691294909e-04
8.397775935009121461e-04
8.671408635564148209e-04
8.178823511116207080e-04
8.587715681642293496e-04
8.649012772366404967e-04
8.357162761967629628e-04
8.109868154861033180e-04
8.698720776010304689e-04
8.275806612800806761e-04
9.010029025375843048e-04
8.522435673512518406e-04
7.921429467387496991e-04
7.741307781543582678e-04
7.758403196930884881e-04
7.851799367927014611e-04
7.701224822085350752e-04
7.611240260303020044e-04
7.621082477271556854e-04
7.573754613986238620e-04
7.576030620839446783e-04
7.594724767841399150e-04
7.553542265668511824e-04
7.557874370831996636e-04
7.465703238267451525e-04
7.525703986175358295e-04
7.578629010822623968e-04
7.560279511380941109e-04
7.630103064002469182e-04
7.835025549866259315e-04
7.628052495419979312e-04
7.501626911107450940e-04
7.365383324213325544e-04
7.418456050800159140e-04
7.529019901994615360e-04
7.567480090074241595e-04
7.375235407380386753e-04
7.360758871072902842e-04
7.316487637581304149e-04
7.362896809354424693e-04
7.344885612837970474e-04
7.391831168206408620e-04
7.254446798469870849e-04
7.222679210826754787e-04
7.231003371998667283e-04
7.265632215421646617e-04
7.291344634722917838e-04
7.399907801300287680e-04
7.379365211818367460e-04
7.260377577040344043e-04
7.275854528415948369e-04
7.171698089223355055e-04
7.086712168529630141e-04
7.093511114362627702e-04
7.111057580914348581e-04
7.086316880304365916e-04
7.098641421180218241e-04
7.070144813042134480e-04
7.359912618994712613e-04
7.064424687996506257e-04
7.135539461160078211e-04
7.258507888764142773e-04
7.146680960431695201e-04
6.957179313758388595e-04
7.172517187427728935e-04
7.267490378580987670e-04
6.969007081352174282e-04
6.929756142199039676e-04
7.207108603324741559e-04
7.353288936428725286e-04
7.103828160325065038e-04
6.970700225792825656e-04
7.080805313307792165e-04
6.842673057690263228e-04
6.854957144241779609e-04
7.009813911281525872e-04
6.839263631263747378e-04
6.857115426100790284e-04
7.133023929782212214e-04
7.218308513984083912e-04
7.665017270483076789e-04
7.364811084698885462e-04
7.045051665045320771e-04
8.189454616513103464e-04
8.041295106522739367e-04
9.359053161460906484e-04
8.272545470390469053e-04
7.214135548565536737e-04
6.673341384157537980e-04
6.674732780084013722e-04
6.623921828577295379e-04
6.618902989430353045e-04
6.793524487875401540e-04
6.709987181238829656e-04
6.585538358194753528e-04
6.687590794172137976e-04
6.772026245016604662e-04
6.653356715105474429e-04
6.788112747017294385e-04
6.574396596988662861e-04
6.551269849296659448e-04
6.467650237027555704e-04
6.532670638989656730e-04
6.537886714795604131e-04
6.499134004116057916e-04
6.725008803186938383e-04
6.499396084109320803e-04
6.378328020218759558e-04
6.399646488716825409e-04
6.396375101758167148e-04
6.528514466481282873e-04
6.397288758307695606e-04
6.307281291810795665e-04
6.299430038779974201e-04
6.243912794161587954e-04
6.304878625087440014e-04
6.259738554945215149e-04
6.245639553526416855e-04
6.255049811443313956e-04
6.249039288377389312e-04
6.259058340219780586e-04
6.267212942475452802e-04
6.243252661079168537e-04
6.234622880583629446e-04
6.250552978599444032e-04
6.221303163329138918e-04
6.184058991493656798e-04
6.212127627804875374e-04
6.236854678718373179e-04
6.219396862434222861e-04
6.195335823576897600e-04
6.184269499499350569e-04
6.157056341180577874e-04
6.161115394206717827e-04
6.164274993352592425e-04
6.212554348167031787e-04
6.157861382234842019e-04
6.140429992228746631e-04
6.186841957969591455e-04
6.201626238180324435e-04
6.262640148634090803e-04
6.178327254019677856e-04
6.135341973276808858e-04
6.075040815630927899e-04
6.085728120524436669e-04
6.099057063693180680e-04
6.080058985389769511e-04
6.065294815925881483e-04
6.084213906433433511e-04
6.075280689401552081e-04
6.056323967641219280e-04
6.049338175216689489e-04
6.078591104596853256e-04
6.054421304725110314e-04
6.015263497829437256e-04
5.998669075779616833e-04
6.037687853677198291e-04
6.089737609727308588e-04
6.085391592932865240e-04
6.082166917622088952e-04
6.089665082981809540e-04
6.045453279512003281e-04
6.022360787028447227e-04
5.959606030955910249e-04
5.957977031357586167e-04
5.958919064141809940e-04
5.958673515124246695e-04
5.978504399536177299e-04
5.924481491092592044e-04
5.950583581579849124e-04
5.997352505801245787e-04
5.958404100965708928e-04
6.035297497874126055e-04
5.978632369078695340e-04
6.004449824104085565e-04
5.963309202343225045e-04
6.000159541144966862e-04
5.924149969359860041e-04
5.998553649988024993e-04
5.951601720880717256e-04
5.897554539842531519e-04
5.842190555995329781e-04
5.949836282525211789e-04
5.915620713494718075e-04
5.853504117112606764e-04
5.918105802265926979e-04
5.835183110320940614e-04
5.831558752106502869e-04
6.039717991370707750e-04
5.924863420659675977e-04
5.764272675151005821e-04
5.828848137753084085e-04
5.847004766110330386e-04
5.795013887109235363e-04
5.742515641031786799e-04
5.732641060603782318e-04
5.753164557972922487e-04
5.801560299005358978e-04
5.708833254175260446e-04
5.705999443307519176e-04
5.714223341783508225e-04
5.728020041715353727e-04
5.752556724473833604e-04
5.722156318370252414e-04
5.693438753951341347e-04
5.707125819753855467e-04
5.675063439412042499e-04
5.711475969292223454e-04
5.741636792663485029e-04
5.691745056537911730e-04
5.639235401758924343e-04
5.633219028823077462e-04
5.614933354081586437e-04
5.622854252578691082e-04
5.604830337688326402e-04
5.622510419925674579e-04
5.594594549620524049e-04
5.580233060754835822e-04
5.569798318902030804e-04
5.583418474998325326e-04
5.590488493908196471e-04
5.582119425525889017e-04
5.567742511630058722e-04
5.555625655688344999e-04
5.569608940277249055e-04
5.569672532146797018e-04
5.554875038797036030e-04
5.561588215641677813e-04
5.524718842934816642e-04
5.545802239794283672e-04
5.561157944612204812e-04
5.612732813460752802e-04
5.553589580813422799e-04
5.535796430194750211e-04
5.609117913991212411e-04
5.560147634241730192e-04
5.507548718014732220e-04
5.513349140528589053e-04
5.529601912712678313e-04
5.516978271771222353e-04
5.540245445445179506e-04
5.520356731722131588e-04
5.490245443070307157e-04
5.478173960000276132e-04
5.480223422637209513e-04
5.496171244885772900e-04
5.497361911693587682e-04
5.473440483910963156e-04
5.468344868859275742e-04
5.500838975422084548e-04
5.457475490402430296e-04
5.474982346640900211e-04
5.463422188768163107e-04
5.483025248395279267e-04
5.461049324367195801e-04
5.454968224512413578e-04
5.463416164275258780e-04
5.472746357554570057e-04
5.450156488223001795e-04
5.433208629256114147e-04
5.454023805214092569e-04
5.448402866022661111e-04
5.429108423413708806e-04
5.404851050116121986e-04
5.421694659162312746e-04
5.373610416427254894e-04
5.415400228230282664e-04
5.400329158874228380e-04
5.400906462455168583e-04
5.397648201324045658e-04
5.385282245697453184e-04
5.378834524890407703e-04
5.416908388724550605e-04
5.389138765167445161e-04
5.395376851083710573e-04
5.357810383429751017e-04
5.363842938095331192e-04
5.368752696085721471e-04
5.345067911548539996e-04
5.371368490159512000e-04
5.367501464206725793e-04
5.314199923304840489e-04
5.359643400879576802e-04
5.342194635886698961e-04
5.323917692294343872e-04
5.336752394214272933e-04
5.342437769286334081e-04
5.320041120285168724e-04
5.324569530785084204e-04
5.306691717123612328e-04
5.312149180099368529e-04
5.315861781127750874e-04
5.281089834170415998e-04
5.317156173987314105e-04
5.326738930307329135e-04
5.308204476023092649e-04
5.293138849083334641e-04
5.292542540701105974e-04
5.251423659501597502e-04
5.252164381090551181e-04
5.267904547508805773e-04
5.261341051664203189e-04
5.273264425341040330e-04
5.317822855431586287e-04
5.282229802105575366e-04
5.245369480689987757e-04
5.275817122310400443e-04
5.256652162643149712e-04
5.242170125711708827e-04
5.232505704043432853e-04
5.245401698630303144e-04
5.237605597358197191e-04
5.193738179514184594e-04
5.201929889153689146e-04
5.195235804421827414e-04
5.181570508284494064e-04
5.205367138842120983e-04
5.198460916290059469e-04
5.178451567189768390e-04
5.163646506844088652e-04
5.168178264284506657e-04
5.193077435251325152e-04
5.200810672249644561e-04
5.175005469936877055e-04
5.163592169992626147e-04
5.152464786078780673e-04
5.169228505110367699e-04
5.159129155799746730e-04
5.159828084288165190e-04
5.159435182576999285e-04
5.140393070178106861e-04
5.144363909494132020e-04
5.159020161954686262e-04
5.137326312251389243e-04
5.147474992554634376e-04
5.162398476386443214e-04
5.142764362972229936e-04
5.134493869263679223e-04
5.131159734446555810e-04
5.129781668074429469e-04
5.141973524587228894e-04
5.127028125571087003e-04
5.136812309501692436e-04
5.137423577252775431e-04
5.129806842887774544e-04
5.116935761179774566e-04
5.102718307171017365e-04
5.143043439602479122e-04
5.114686122396960638e-04
5.106452998006715937e-04
5.109683290356770591e-04
5.103036732180043838e-04
5.092198902275413058e-04
5.087821744382381006e-04
5.082088464405387640e-04
5.090316321002319238e-04
5.078726273495704369e-04
5.099526810226961753e-04
5.099827219964935942e-04
5.104638141347095804e-04
5.102011578856036284e-04
5.097948829643428542e-04
5.086220073280856447e-04
5.074258486274629398e-04
5.057591799413785772e-04
5.063853255705908158e-04
5.055795860243961432e-04
5.061163799837231202e-04
5.059061804786324501e-04
5.043534882133826180e-04
5.054596578702331023e-04
5.067890248028561690e-04
5.085394543129951195e-04
5.050356732681394057e-04
5.058612237917259552e-04
5.038710864027961872e-04
5.062555545009672208e-04
5.060564959421754100e-04
5.031137057812884667e-04
5.058746814029291055e-04
5.033293971791863008e-04
5.034175788750872233e-04
5.049658269854262254e-04
5.013289337512105703e-04
5.021866963943466544e-04
5.046121077612042427e-04
5.021831078920513175e-04
5.010539636714384393e-04
5.003832862712443092e-04
5.012071371311322288e-04
5.006098188459872766e-04
4.994728456949815371e-04
5.010868771933019161e-04
5.009489017538726113e-04
4.996642324840650179e-04
4.989345325157046318e-04
4.987778345821424885e-04
4.976687312591820522e-04
4.993065609596669891e-04
4.969748842995613813e-04
4.987954307580366731e-04
4.982439160812646584e-04
5.037498631281778216e-04
4.982774786185473420e-04
4.982608224963769317e-04
4.968717519659548564e-04
4.965670115780085759e-04
4.986237647244707184e-04
4.968746594386175492e-04
4.961599915986880660e-04
4.990891990019008734e-04
4.943192878272383971e-04
4.931342409690842032e-04
4.939299047691747763e-04
4.943495587212964892e-04
4.936761659337207241e-04
4.935722099617123604e-04
4.939250880852341869e-04
4.924097302136942744e-04
4.932633339194581346e-04
4.926958063151687384e-04
4.929853137582540078e-04
4.920023638987913728e-04
4.926677822368219929e-04
4.926532186800613783e-04
4.927457397570833347e-04
4.920731997117399736e-04
4.922130203340203004e-04
4.921738582197576761e-04
4.932394745992496827e-04
4.908531409455463290e-04
4.911584168439730785e-04
4.916412086458876946e-04
4.905553214484825730e-04
4.899957537418230934e-04
4.913347831461579041e-04
4.908400907879695730e-04
4.906366375507786870e-04
4.912087722914292975e-04
4.921682499116286852e-04
4.904457251541316726e-04
4.895681719062850096e-04
4.898120241705328226e-04
4.890731390332803564e-04
4.885081434622406960e-04
4.904367873677983663e-04
4.896129510598256750e-04
4.896755068330094435e-04
4.896850587101653218e-04
4.912781616440043287e-04
4.877919971477240432e-04
4.880944994511082985e-04
4.893100180197506926e-04
4.880646913079544793e-04
4.871196753811091076e-04
4.879585758317261934e-04
4.877815634245053042e-04
4.878200881648808609e-04
4.881169297732412815e-04
4.877749306615442038e-04
4.869496537139639042e-04
4.875604878179729202e-04
4.886911192443221807e-04
4.876990133197978139e-04
4.865159076871350624e-04
4.869563505053520419e-04
4.865477705607190620e-04
4.864895687205717184e-04
4.885035217739641450e-04
4.852380690863355886e-04
4.858590633375570395e-04
4.871831653872504722e-04
4.852475394727662206e-04
4.852149431826546788e-04
4.854990023886784694e-04
4.843779461225494742e-04
4.860052780713885806e-04
4.856878047576174248e-04
4.846591968089341900e-04
4.837462882278487195e-04
4.849631804972887039e-04
4.844161303481087089e-04
4.840612440602853677e-04
4.845986928557977297e-04
4.834778781514614929e-04
4.834855615627020706e-04
4.833080776734277498e-04
4.833248996874317418e-04
4.831422003917395960e-04
4.824770032428204905e-04
4.835552157601341388e-04
4.834750929148867509e-04
4.809510690392926444e-04
4.826094431336968920e-04
4.824526084121316780e-04
4.821842914680018913e-04
4.817241075215861418e-04
4.822576593142002821e-04
4.811739112483337305e-04
4.805238015251234065e-04
4.821777169127017043e-04
4.817209177417680404e-04
4.814427898963913538e-04
4.810209182323888053e-04
4.817807697691023133e-04
4.799481088411994062e-04
4.801975999725982655e-04
4.810592770809307803e-04
4.804398267879150808e-04
4.798831942025572062e-04
4.796721710590645888e-04
4.790724080521613251e-04
4.791657178429886482e-04
4.783320648130029332e-04
4.785950266523286809e-04
4.791361803654581525e-04
4.778865128173493066e-04
4.784807417308911573e-04
4.791302984813228033e-04
4.780842398758977760e-04
4.789633734617382071e-04
4.782952397363260605e-04
4.789879603777080774e-04
4.783364187460392497e-04
4.777430993271991719e-04
4.782558360602706779e-04
4.777453141286969185e-04
4.781898780493065606e-04
4.774026485392823707e-04
4.781295487191527865e-04
4.771479259943589677e-04
4.775424691615626433e-04
4.774685949087142944e-04
4.771973937749862562e-04
4.773444321472197988e-04
4.761356394737958908e-04
4.785056109540164362e-04
4.766829020809382417e-04
4.768933460582047592e-04
4.774585191626101949e-04
4.772752115968614925e-04
4.767170248669572175e-04
4.765078541822731278e-04
4.757866874570026885e-04
4.759406379889697053e-04
4.763744975207373391e-04
4.758426337502896894e-04
4.760137089760974050e-04
4.759073111927136562e-04
4.755561763886362531e-04
4.761002375744283091e-04
4.756660724524408796e-04
4.758034367114305388e-04
4.747620288981124650e-04
4.751514294184744575e-04
4.748563835164531957e-04
4.750822408823296428e-04
4.758499999297782779e-04
4.753283341415226243e-04
4.752152046421542655e-04
4.752884880872443210e-04
4.745873797219246409e-04
4.751128784846514247e-04
4.754030873300507448e-04
4.741871671285480261e-04
4.741918499348685254e-04
4.741760727483779409e-04
4.742506251204758991e-04
4.743024153867736567e-04
4.736395057989284396e-04
4.748923529405146837e-04
4.741799086332321059e-04
4.749915475258603909e-04
4.742534016259014823e-04
4.739299620268866420e-04
4.728569387225433967e-04
4.734565998660400618e-04
4.735575872473418929e-04
4.732551358756609369e-04
4.743295576190575957e-04
4.729099833639338829e-04
4.741666838526725552e-04
4.729959706310183027e-04
4.725198843516409289e-04
4.720774741144850850e-04
4.725105100078508258e-04
4.739998723380267512e-04
4.722324112663045417e-04
4.740714561194181225e-04
4.731632070615887642e-04
4.736541013699024916e-04
4.726058105006814003e-04
4.717069852631538998e-04
4.721146717201918255e-04
4.723760881461203315e-04
4.721298988442868211e-04
4.716179159004241011e-04
4.714488255558535673e-04
4.726256127469241728e-04
4.715040442533790957e-04
4.715149349067360380e-04
4.705223836936056614e-04
4.713457426987588514e-04
4.706603242084383856e-04
4.712875408586114537e-04
4.714048700407147408e-04
4.719367803772911646e-04
4.704616992967203368e-04
4.709830624051392295e-04
4.713045957032590996e-04
4.702069301856681596e-04
