3.919107943773269542e-01
2.460128843784332164e-01
2.078873828053474371e-01
1.529582589864730835e-01
1.299952141940593775e-01
1.190365739166736603e-01
1.129692427814006778e-01
1.082453809678554507e-01
1.199214234948158264e-01
1.053067795932292883e-01
9.320550486445426663e-02
7.960810959339141568e-02
6.975295245647430975e-02
7.220916375517845431e-02
6.113214828073978285e-02
6.271714046597480496e-02
6.173904575407505174e-02
5.694942474365234653e-02
5.155332460999488553e-02
4.801735803484916826e-02
4.695197939872741699e-02
4.894996918737888614e-02
4.502490721642971039e-02
4.368439167737960677e-02
3.922753036022186279e-02
3.967598639428615570e-02
3.657607994973659238e-02
3.923287428915500641e-02
3.672734983265400072e-02
3.615588881075382233e-02
3.672624751925468445e-02
3.342344071716070453e-02
3.741654977202415328e-02
3.706991896033286910e-02
3.191287517547607144e-02
3.738829884678125659e-02
4.699153844267130176e-02
4.857581444084644456e-02
4.352385140955448289e-02
4.338492825627326965e-02
4.301816374063491960e-02
3.985073324292898178e-02
4.185798875987530032e-02
3.933042697608470778e-02
3.262705393135547499e-02
3.128565289080142975e-02
2.887971140444278717e-02
2.768890596926212172e-02
2.945191394537687371e-02
3.209069911390542706e-02
3.015086743980645995e-02
2.857377026230096748e-02
2.606394346803426673e-02
2.748183757066726546e-02
2.699614036828279495e-02
2.785137090831995080e-02
2.715437002480030129e-02
2.591389287263155122e-02
2.953015174716711044e-02
3.237751144915819446e-02
2.833381276577711175e-02
2.645449526607990265e-02
2.597328983247280260e-02
2.714332044124603133e-02
2.690296191722154479e-02
2.706188932061195235e-02
2.875131852924823692e-02
2.519530076533555915e-02
2.781959809362888336e-02
2.868956737220287184e-02
2.834077291190624168e-02
2.491484489291906357e-02
2.510531991720199585e-02
2.747074533253908088e-02
2.627015337347984175e-02
2.537167649716138770e-02
2.626500576734542777e-02
2.776928171515464713e-02
3.734113723039626798e-02
4.255848247557878633e-02
3.869358357042074203e-02
3.455000426620245119e-02
3.364044073969126025e-02
2.598530221730470727e-02
2.610781043767929077e-02
2.482392899692058633e-02
2.245359327644109657e-02
2.578089963644742896e-02
2.542121540755033424e-02
2.479021865874529024e-02
2.270375993102789064e-02
2.130380347371101449e-02
2.089390810579061508e-02
2.444569207727909088e-02
2.255652137100696425e-02
2.328333482146262984e-02
2.257877252995967726e-02
2.097282093018293381e-02
2.194862514734268258e-02
2.241503242403268883e-02
2.185474783182144234e-02
1.989539433270692825e-02
1.945006269961595605e-02
1.883170604705810408e-02
1.813135975971818040e-02
1.850414872169494490e-02
1.903254855424165587e-02
1.883320193737745424e-02
1.856408398598432402e-02
1.757404617965221266e-02
1.770935067906975746e-02
1.910794265568256309e-02
1.905983258038759093e-02
1.890757456421852251e-02
1.755055682733654837e-02
1.743248840793967108e-02
1.799207367002964020e-02
1.857158653438091209e-02
2.021926511079073091e-02
1.792413862422108720e-02
1.774935889989137650e-02
1.858577672392129967e-02
1.828295467421412607e-02
1.721264561638236046e-02
1.676854835823178222e-02
1.669943239539861679e-02
1.857827119529247353e-02
1.920332070440054079e-02
1.901274565607309272e-02
1.740604825317859650e-02
1.841451376676559587e-02
1.755737848579883714e-02
1.776739582419395447e-02
1.822107462212443213e-02
1.723144268617033889e-02
1.821381580084562371e-02
1.787839904427528451e-02
1.687429910525679519e-02
1.620843047276139190e-02
1.653978088870644569e-02
1.666794307529926439e-02
1.635022619739174773e-02
1.673213168978691240e-02
1.906232731416821619e-02
2.480997834354638915e-02
2.234754282981157164e-02
2.361511047929525445e-02
2.119019385427236418e-02
1.782713364809751511e-02
1.655090702697634836e-02
1.535908086225390434e-02
1.530961170792579686e-02
1.616467637941241403e-02
1.831267410889268060e-02
1.636265609413385322e-02
1.605206141248345306e-02
1.633822210133075575e-02
1.764184879139065604e-02
1.682903366163373063e-02
1.473691156134009431e-02
1.570026064291596413e-02
1.607169834896922042e-02
1.732020145282149245e-02
2.029578117653727670e-02
2.385366037487983773e-02
2.329156501218676567e-02
2.256630063056945870e-02
2.208574656397104333e-02
2.250083126127720018e-02
2.205955684185028146e-02
2.131140492856502602e-02
2.154907025396823883e-02
2.089495789259672096e-02
2.080323472619056632e-02
2.029385510832071304e-02
2.073505762964487215e-02
2.030934588983655115e-02
1.975285336375236581e-02
1.895425040274858336e-02
1.922854650765657564e-02
1.988701913505792548e-02
1.780533129349350790e-02
1.735438117757439475e-02
2.034313865005970071e-02
1.891110250726342132e-02
1.938124028965830872e-02
1.824586950242519309e-02
1.918572485446929862e-02
1.527645625174045563e-02
1.491002822294831311e-02
1.415776610374450649e-02
1.412838622927665641e-02
1.372461784631013801e-02
1.360885398462414672e-02
1.412768326699733769e-02
1.452311770990490948e-02
1.546198846772313049e-02
1.317705279216170242e-02
1.314836675301194260e-02
1.326473234221339260e-02
1.373422984033823013e-02
1.379615478217601811e-02
1.320559652522206376e-02
1.300613554194569518e-02
1.278441213071346283e-02
1.268439488485455582e-02
1.267749136313795974e-02
1.247387379407882690e-02
1.231413884088397061e-02
1.231542080640792881e-02
1.225469447672367096e-02
1.217992063611745765e-02
1.226380690932273899e-02
1.239587040618062019e-02
1.225483799353241886e-02
1.273564826697111060e-02
1.272429833188653062e-02
1.224977551028132508e-02
1.226194035261869361e-02
1.278883088380098308e-02
1.329018054530024459e-02
1.258507184684276581e-02
1.203728467226028442e-02
1.185634564608335426e-02
1.185167031362652744e-02
1.200662208721041749e-02
1.187904365360736847e-02
1.173024401068687404e-02
1.186179779469966923e-02
1.173715153709053993e-02
1.170475939288735320e-02
1.184412669390439918e-02
1.182713303714990651e-02
1.160910082980990375e-02
1.144978906959295308e-02
1.208122158423066174e-02
1.157122766599059070e-02
1.185280969366431236e-02
1.177468951791524852e-02
1.161756850779056480e-02
1.158409994095563854e-02
1.170428935438394547e-02
1.161833154037594795e-02
1.195062696933746338e-02
1.189428847283124924e-02
1.244981186464428832e-02
1.217037448659539188e-02
1.143689025193452870e-02
1.134465457871556247e-02
1.139667825773358310e-02
1.120494455099105800e-02
1.128616537898778985e-02
1.149692935869097744e-02
1.136262835934758256e-02
1.128981634974479675e-02
1.131914276629686356e-02
1.193617545068264077e-02
1.103621600195765426e-02
1.088089393451809918e-02
1.092933472245931695e-02
1.107989521697163617e-02
1.140014287084340980e-02
1.133177028968930175e-02
1.105591207742690971e-02
1.121701588854193653e-02
1.112940050661563943e-02
1.125487312674522400e-02
1.193530242890119587e-02
1.169697595760226319e-02
1.207661069929599762e-02
1.280889809131622280e-02
1.566397510468959739e-02
1.638019345700740884e-02
1.628905041143298080e-02
1.246509226039052044e-02
1.101267719641327823e-02
1.099552065134048497e-02
1.116508720442652668e-02
1.083233766257762909e-02
1.084119854494929383e-02
1.074517089873552357e-02
1.057594139128923381e-02
1.064446428790688515e-02
1.060657799243927037e-02
1.055466672405600513e-02
1.077482784166932175e-02
1.119831288233399426e-02
1.043629059568047454e-02
1.084970897063613007e-02
1.087953383103013039e-02
1.092744730412959983e-02
1.056180456653237412e-02
1.055900240316987038e-02
1.078072683885693619e-02
1.061415057629346882e-02
1.054004421457648347e-02
1.057107402011752198e-02
1.063134633004665305e-02
1.079953350126743386e-02
1.071586273610591888e-02
9.871787950396537434e-03
9.913257602602244117e-03
9.968472644686698914e-03
9.807230252772570350e-03
9.798698034137487758e-03
9.788464941084384224e-03
9.693653788417577744e-03
9.682976361364125512e-03
9.593671839684247277e-03
9.773610252887010227e-03
9.769660606980323098e-03
9.657959919422864914e-03
9.616101812571286461e-03
9.490503184497355721e-03
9.673037007451057781e-03
9.674519859254359852e-03
9.520595706999302604e-03
9.494938328862190594e-03
9.556232485920190811e-03
9.417282557114959110e-03
9.467089921236038555e-03
9.425817430019379009e-03
9.394384175539016030e-03
9.447181411087513664e-03
9.892173018306494106e-03
9.411018621176481941e-03
9.349476918578148235e-03
9.317599609494209636e-03
9.323740843683481216e-03
9.302605548873544086e-03
9.649657271802425038e-03
9.254474565386772503e-03
9.257110394537448536e-03
9.117866121232508919e-03
9.190620575100182793e-03
9.397336933761834404e-03
9.256797283887863506e-03
9.546129219233989022e-03
9.399649081751703869e-03
9.566710097715258598e-03
9.527620021253823887e-03
9.389527607709169388e-03
9.406973328441380761e-03
1.064369995146989892e-02
1.372705185785889556e-02
1.254180241376161645e-02
1.142668565735220979e-02
1.156484568491578102e-02
1.026966357603669236e-02
9.431754844263196338e-03
9.001644980162381432e-03
8.979352703318000534e-03
8.866136195138096809e-03
8.988162688910960457e-03
8.845593035221099160e-03
8.840828901156783104e-03
8.908631280064582825e-03
8.791462657973170627e-03
8.769401162862778404e-03
8.741584513336420406e-03
8.717941120266914368e-03
8.752097049728036274e-03
8.930118521675467491e-03
8.995180018246173859e-03
8.929974166676402092e-03
9.115008870139718056e-03
8.822410553693770668e-03
9.393735788762569427e-03
8.847317378967999718e-03
8.997065247967839241e-03
9.063747338950633656e-03
9.023002861067653396e-03
8.941849647089838288e-03
8.628331450745463024e-03
8.730183076113461754e-03
9.130343049764632485e-03
8.905840897932648312e-03
9.346410725265741001e-03
9.291558153927325855e-03
9.398371912539005280e-03
9.183910768479108463e-03
9.762497246265411030e-03
9.653337718918918869e-03
9.038932435214520195e-03
8.556514279916882515e-03
8.819709112867713668e-03
8.523031184449792602e-03
8.429081225767732360e-03
8.369085518643260349e-03
8.547113835811614643e-03
8.482877770438790668e-03
8.657784480601549842e-03
8.388858754187822342e-03
8.621213119477033268e-03
8.666808763518930175e-03
8.445538021624088634e-03
8.349172165617346417e-03
8.713183738291264274e-03
8.451878326013684273e-03
8.854301692917943695e-03
8.623697143048048713e-03
8.221327699720859875e-03
8.124375203624367020e-03
8.107770886272191307e-03
8.179142093285917542e-03
8.065519575029610894e-03
8.015445340424776424e-03
8.021974842995405544e-03
7.997749373316764832e-03
8.002895629033446312e-03
8.002223493531347015e-03
8.006285782903433193e-03
7.994990190491079937e-03
7.942507835105061184e-03
7.972624246031045567e-03
8.011057134717702519e-03
8.011694904416799892e-03
8.041628869250416756e-03
8.241554256528615952e-03
8.062565699219703674e-03
7.968918979167937885e-03
7.893826859071851471e-03
7.922337250784039150e-03
7.999617839232087135e-03
8.005810901522636414e-03
7.908260496333242157e-03
7.878691982477903019e-03
7.882395060732960701e-03
7.901116088032723167e-03
7.882013265043497779e-03
7.915622647851705204e-03
7.840721961110829960e-03
7.819574978202580712e-03
7.822635490447283138e-03
7.841211976483464241e-03
7.865856587886809609e-03
7.935955887660384178e-03
7.930821832269429814e-03
7.857749052345753410e-03
7.845694757997989308e-03
7.793034706264734095e-03
7.762785814702510660e-03
7.736942265182733536e-03
7.734490511938929731e-03
7.742457231506705631e-03
7.766991667449474161e-03
7.728012651205063213e-03
7.946641929447651603e-03
7.738623954355716879e-03
7.782871555536985571e-03
7.903112797066569328e-03
7.768263807520270348e-03
7.677469821646809751e-03
7.818407192826271751e-03
7.900794362649321209e-03
7.687717350199818958e-03
7.675322657451033766e-03
7.844203803688287041e-03
7.956274226307869304e-03
7.795964693650602947e-03
7.716698898002504955e-03
7.771492004394531250e-03
7.619907381013035774e-03
7.639677636325359691e-03
7.714127516373991619e-03
7.651306176558137113e-03
7.626586128026247025e-03
7.806656230241060083e-03
7.902001170441508640e-03
8.189179515466094711e-03
8.019637875258922230e-03
7.783682318404316902e-03
8.498304476961492798e-03
8.452073112130165447e-03
9.182729618623852383e-03
8.595611434429883957e-03
7.904291572049259446e-03
7.558242417871952057e-03
7.515926519408822407e-03
7.506447052583098759e-03
7.481535943225025957e-03
7.623089989647269075e-03
7.536160573363303965e-03
7.476381631568074573e-03
7.526339031755924225e-03
7.603828981518745596e-03
7.521413918584585363e-03
7.601387239992618908e-03
7.470239000394940203e-03
7.449530065059661865e-03
7.400877354666590517e-03
7.441445486620068550e-03
7.452943315729499037e-03
7.409382984042168011e-03
7.608327921479940761e-03
7.412961171939969236e-03
7.330228015780449261e-03
7.337830355390905987e-03
7.344145094975829124e-03
7.451885379850864410e-03
7.360709179192781275e-03
7.295708684250712221e-03
7.290106127038597714e-03
7.263406831771135504e-03
7.280339580029248844e-03
7.273296033963561405e-03
7.252283534035086979e-03
7.243708521127700632e-03
7.252908172085880886e-03
7.260660873726010323e-03
7.260653190314769745e-03
7.257485436275601734e-03
7.244825409725308245e-03
7.251485576853155743e-03
7.244701310992240732e-03
7.220355747267604048e-03
7.236394379287957972e-03
7.246170612052083189e-03
7.233649631962180485e-03
7.224934594705701048e-03
7.216485496610402887e-03
7.201360678300261844e-03
7.207078160718083382e-03
7.202449580654501568e-03
7.227773545309901237e-03
7.192819565534591848e-03
7.193029066547751774e-03
7.219307869672775095e-03
7.240440696477890015e-03
7.271592598408460270e-03
7.241169409826398069e-03
7.184610515832900828e-03
7.156442850828170776e-03
7.158461585640906941e-03
7.163549028337001974e-03
7.156385807320475578e-03
7.145807705819606434e-03
7.162899337708949696e-03
7.156341010704636921e-03
7.138119312003254890e-03
7.123397197574377060e-03
7.155827246606349945e-03
7.141306716948747808e-03
7.110842876136303295e-03
7.108715269714594234e-03
7.126528723165393049e-03
7.169814314693212509e-03
7.164657255634665836e-03
7.177765853703022350e-03
7.177289947867393841e-03
7.143472228199243892e-03
7.121173292398452412e-03
7.086646603420376431e-03
7.083055097609758377e-03
7.085375580936669956e-03
7.087064767256378781e-03
7.088528759777545755e-03
7.058472000062465321e-03
7.081057270988821636e-03
7.137857470661401402e-03
7.095435541123152126e-03
7.147253770381212061e-03
7.109613390639424324e-03
7.121968362480401819e-03
7.111307326704263340e-03
7.120095985010265957e-03
7.072971528396010052e-03
7.122946577146649708e-03
7.088122051209211003e-03
7.051058392971753901e-03
7.021784130483865564e-03
7.081071613356471062e-03
7.080169627442955971e-03
7.048627408221363848e-03
7.066384283825754772e-03
7.006154675036668604e-03
7.002710411325096911e-03
7.167903799563645970e-03
7.068967074155807148e-03
6.957701081410050739e-03
7.001127628609537905e-03
7.022674288600682865e-03
6.992046535015106028e-03
6.962111918255686760e-03
6.948285968974232674e-03
6.961789075285195957e-03
6.985662691295147116e-03
6.935500772669911385e-03
6.912023434415459980e-03
6.922793155536055391e-03
6.957861175760626619e-03
6.975167430937290192e-03
6.934527400881051670e-03
6.912440853193401943e-03
6.911588879302143877e-03
6.892349990084767515e-03
6.938970368355512792e-03
6.982961436733603477e-03
6.921060569584369833e-03
6.910673575475811958e-03
6.879665842279792005e-03
6.875433959066867828e-03
6.874910835176706141e-03
6.867368659004569227e-03
6.874139793217182506e-03
6.860376708209514965e-03
6.843896536156535322e-03
6.843880191445350994e-03
6.848995620384812182e-03
6.848542066290974444e-03
6.852075457572937012e-03
6.835963437333702694e-03
6.831081165000796145e-03
6.839447328820824970e-03
6.841014977544546474e-03
6.829790771007537842e-03
6.833315454423427235e-03
6.817214284092187535e-03
6.822741683572530400e-03
6.828738842159509659e-03
6.866746116429567337e-03
6.835502758622169668e-03
6.824786961078643972e-03
6.876145070418715304e-03
6.837357860058545719e-03
6.797978421673178673e-03
6.799480738118290554e-03
6.809541070833802050e-03
6.792508158832788120e-03
6.808736966922879566e-03
6.802320433780551130e-03
6.784541625529527317e-03
6.788472877815365791e-03
6.778882397338747805e-03
6.793263042345643390e-03
6.797002349048853094e-03
6.796632008627056902e-03
6.782903103157877922e-03
6.782742682844400406e-03
6.778424605727195740e-03
6.770661426708101879e-03
6.774422340095042835e-03
6.776991393417119633e-03
6.765777105465531002e-03
6.766367191448807890e-03
6.765005411580204964e-03
6.778343906626104962e-03
6.761622708290815006e-03
6.762645440176129341e-03
6.758481869474053730e-03
6.757929548621177326e-03
6.751047819852829326e-03
6.743463268503546541e-03
6.739746779203414917e-03
6.733105983585119247e-03
6.740177888423204769e-03
6.735098827630281275e-03
6.728715403005481113e-03
6.725460663437843670e-03
6.718651624396443367e-03
6.714060017839073961e-03
6.741115218028425823e-03
6.721393764019012104e-03
6.712924456223845482e-03
6.709256116300821651e-03
6.702007306739687746e-03
6.714952504262327801e-03
6.703752418980002056e-03
6.697806110605597323e-03
6.721928995102643793e-03
6.689396919682621956e-03
6.693050824105739247e-03
6.689781555905938148e-03
6.682302430272102009e-03
6.691743014380335461e-03
6.688179913908243179e-03
6.688052602112293070e-03
6.681039324030279766e-03
6.669897167012095278e-03
6.673083547502756466e-03
6.695587234571575945e-03
6.663364404812455004e-03
6.689272401854395693e-03
6.686015566810965365e-03
6.671888614073395382e-03
6.665569916367530996e-03
6.646580342203378504e-03
6.633731070905923843e-03
6.635125027969479561e-03
6.639995472505688320e-03
6.643461855128407131e-03
6.647280137985944921e-03
6.694251811131835331e-03
6.656355177983641798e-03
6.638425635173916817e-03
6.664138147607445370e-03
6.638088403269648899e-03
6.624772679060697556e-03
6.626694789156317364e-03
6.635325215756893331e-03
6.629078928381204432e-03
6.600436381995677601e-03
6.595043465495109558e-03
6.597449397668242108e-03
6.599386595189571728e-03
6.605990463867783546e-03
6.589156994596123869e-03
6.582062831148505558e-03
6.582104647532105272e-03
6.580854300409555435e-03
6.596182007342576981e-03
6.593961082398891276e-03
6.585262296721339052e-03
6.573346862569451506e-03
6.575893191620707338e-03
6.577247101813554590e-03
6.571274716407060623e-03
6.571651250123977488e-03
6.577725708484649832e-03
6.565245334059000015e-03
6.560874078422785152e-03
6.567316409200429743e-03
6.564102321863174612e-03
6.565764034166932279e-03
6.572805857285857027e-03
6.557997735217213804e-03
6.559599423781037331e-03
6.554865837097167622e-03
6.553735071793198759e-03
6.558714900165796280e-03
6.552362069487571890e-03
6.558450637385249138e-03
6.562295602634549141e-03
6.551179522648453886e-03
6.549407448619604284e-03
6.547359284013509750e-03
6.558953179046511303e-03
6.539321318268775766e-03
6.542857317253947085e-03
6.539728073403239077e-03
6.535629183053970684e-03
6.529792398214340383e-03
6.525947665795684034e-03
6.526062637567520489e-03
6.523394258692860603e-03
6.530719529837370092e-03
6.540349498391151255e-03
6.536214845255017281e-03
6.537104630842805256e-03
6.537649966776371176e-03
6.536682555451989347e-03
6.531955022364854639e-03
6.517344899475574320e-03
6.512668309733271252e-03
6.510706199333071535e-03
6.505352538079023014e-03
6.504988437518477787e-03
6.509362952783703804e-03
6.502413796260953296e-03
6.507233344018458973e-03
6.509944610297679728e-03
6.516177812591195453e-03
6.511990772560238491e-03
6.505569396540522749e-03
6.503755273297428911e-03
6.513555860146879803e-03
6.517721014097333301e-03
6.498227268457413067e-03
6.513327825814485550e-03
6.489644711837172682e-03
6.491381395608186895e-03
6.498869415372610439e-03
6.484452029690146099e-03
6.495597399771213185e-03
6.499304063618182789e-03
6.479880539700388908e-03
6.474900757893919945e-03
6.471670931205153465e-03
6.479431828483939344e-03
6.475096289068460638e-03
6.473368313163518732e-03
6.484355218708515514e-03
6.472531054168939417e-03
6.465635262429714203e-03
6.466160435229540218e-03
6.464061280712485487e-03
6.459534447640180414e-03
6.458711950108409275e-03
6.449282774701714863e-03
6.464241771027445793e-03
6.468878034502268184e-03
6.488599628210067576e-03
6.466135429218411272e-03
6.464084843173623085e-03
6.457479670643806458e-03
6.451683072373271162e-03
6.459653191268443888e-03
6.455190433189273054e-03
6.453412258997559894e-03
6.467311736196279179e-03
6.433079391717911114e-03
6.429047649726271282e-03
6.430444959551096136e-03
6.426966097205877131e-03
6.427027564495801752e-03
6.429337384179234678e-03
6.427487079054117376e-03
6.424087518826127226e-03
6.422911258414387876e-03
6.426999112591147423e-03
6.422141660004853855e-03
6.420193566009401928e-03
6.422669626772403717e-03
6.421193946152925491e-03
6.419441429898142815e-03
6.423195777460932905e-03
6.422055000439286059e-03
6.424011476337909525e-03
6.419813353568315159e-03
6.412899401038884943e-03
6.409676931798458273e-03
6.410050624981522734e-03
6.410058727487922062e-03
6.408891594037413771e-03
6.409978400915861477e-03
6.408859044313430786e-03
6.406112527474761183e-03
6.411039829254150044e-03
6.419196678325534040e-03
6.409095646813511675e-03
6.400307780131698002e-03
6.402692617848515164e-03
6.398202013224362980e-03
6.399485142901539456e-03
6.403654674068092953e-03
6.406693393364549030e-03
6.400883477181196039e-03
6.400382705032825123e-03
6.407347694039344961e-03
6.393814971670508211e-03
6.392252538353205074e-03
6.393259856849908829e-03
6.391132948920130730e-03
6.388217862695455725e-03
6.389014422893524170e-03
6.392177660018205643e-03
6.389506347477436239e-03
6.390535272657871246e-03
6.387639790773391724e-03
6.385054066777228962e-03
6.391451135277748455e-03
6.394915143027901303e-03
6.394871696829796011e-03
6.382656469941139395e-03
6.382641196250915354e-03
6.381782796233892094e-03
6.385642988607287580e-03
6.390817696228623390e-03
6.376703036949038506e-03
6.379311112686992039e-03
6.378919770941138441e-03
6.378401955589652235e-03
6.373462127521633755e-03
6.375393038615584720e-03
6.373967928811907942e-03
6.373642757534980600e-03
6.373651977628469641e-03
6.368074845522641962e-03
6.369351409375667572e-03
6.375282257795334036e-03
6.368187163025141109e-03
6.367196235805750240e-03
6.367962015792727817e-03
6.359975924715400089e-03
6.358606182038784374e-03
6.356565793976187533e-03
6.359266862273216074e-03
6.356181576848030090e-03
6.356911314651369875e-03
6.361699849367141897e-03
6.355588417500257145e-03
6.354883732274174864e-03
6.354697654023766865e-03
6.352961575612425631e-03
6.351314391940832485e-03
6.350929569453001196e-03
6.348396372050047094e-03
6.350040528923272740e-03
6.344604492187500173e-03
6.346309650689363133e-03
6.350943213328718792e-03
6.348855281248688871e-03
6.343712797388434410e-03
6.343679362908005367e-03
6.345799053087830197e-03
6.346512632444500750e-03
6.342992512509226452e-03
6.340244645252823483e-03
6.337730633094906980e-03
6.335077062249183828e-03
6.330562429502606739e-03
6.327956821769476284e-03
6.329172756522893906e-03
6.326752994209527796e-03
6.329194083809852947e-03
6.327838404104113579e-03
6.327581964433193554e-03
6.330190505832433527e-03
6.326523888856172388e-03
6.329385004937649120e-03
6.327127432450651776e-03
6.329403724521398544e-03
6.328495265915989702e-03
6.329736625775695021e-03
6.328195938840508808e-03
6.321321148425340999e-03
6.323896907269954334e-03
6.323695508763193737e-03
6.320602865889668812e-03
6.321029877290130009e-03
6.320354575291275805e-03
6.320271827280521566e-03
6.322486978024244482e-03
6.318889837712049311e-03
6.316588586196303021e-03
6.320818047970533544e-03
6.317260023206472223e-03
6.318314280360936945e-03
6.317533692345023502e-03
6.319401739165187055e-03
6.314973067492246801e-03
6.313129840418696230e-03
6.312262685969472105e-03
6.311093922704458237e-03
6.310556549578905106e-03
6.311940168961882938e-03
6.311736628413200031e-03
6.308667454868554722e-03
6.308270618319511414e-03
6.309376331046223640e-03
6.306882621720433582e-03
6.308096973225474184e-03
6.307247979566455061e-03
6.307338643819093531e-03
6.306165223941206585e-03
6.304873386397957802e-03
6.308863312005997051e-03
6.307331845164299011e-03
6.306498963385820562e-03
6.303093256428837429e-03
6.303267227485776295e-03
6.307178782299161304e-03
6.304460391402244394e-03
6.300539104267954479e-03
6.299840006977319891e-03
6.300773378461599697e-03
6.298624537885188709e-03
6.298905797302722584e-03
6.297756871208548719e-03
6.303158029913902630e-03
6.300043687224388470e-03
6.298543373122811491e-03
6.300300313159823591e-03
6.297196354717015873e-03
6.293686013668775905e-03
6.293682754039764751e-03
6.292620673775672913e-03
6.293252948671579708e-03
6.294571980834007437e-03
6.295482488349079739e-03
6.294276332482695580e-03
6.294301804155110966e-03
6.289434945210814129e-03
6.287880102172493588e-03
6.297239614650606936e-03
6.294954335317015648e-03
6.293841870501637459e-03
6.292484514415263956e-03
6.292993295937776219e-03
6.290906108915805817e-03
6.290112901479005640e-03
6.285936804488301277e-03
6.285219965502619570e-03
6.286310544237494295e-03
6.286264071241021503e-03
6.282356381416320627e-03
6.280429102480411876e-03
6.282298592850565910e-03
6.286853225901722908e-03
6.278980989009141922e-03
6.279198499396443194e-03
6.279912265017628843e-03
6.277030473574996342e-03
6.281701242551207195e-03
6.279544392600655729e-03
6.280213641002774065e-03
6.278501125052571297e-03
6.276988936588167971e-03
6.276752240955829967e-03
6.278628949075937271e-03
