4.554109076658884869e-01
3.519053558508555279e-01
1.966561277707417899e-01
1.587657580773035593e-01
1.439663271109263010e-01
1.317852685848871774e-01
1.199762051304181371e-01
1.145894005894660950e-01
1.137016614278157506e-01
8.443251500527064468e-02
1.455403665701548166e-01
7.495450476805369522e-02
4.497570668657620979e-02
4.282071565588315559e-02
7.460460066795349121e-02
6.678803265094757080e-02
3.208692247668901848e-02
2.710077352821826935e-02
8.845329781373341416e-02
2.048147842288017273e-02
4.958837976058324409e-02
4.808942973613739014e-02
7.167870302995045517e-02
2.132222242653369904e-02
1.936033243934313572e-02
4.324635987480481697e-02
3.899718075990676880e-02
6.041217967867851257e-02
5.318789929151535034e-02
1.462107369055350679e-02
1.832875361045201504e-02
6.495438019434611465e-02
1.618650772919257366e-02
2.181326660017172611e-02
4.229398568471273018e-02
1.727843719224135197e-02
1.792766526341438293e-02
6.410833944876988266e-02
1.467811005810896498e-02
5.630513280630111694e-02
1.665230405827363216e-02
5.235472321510314941e-02
1.687664290269215786e-02
3.266187943518161774e-02
2.292916923761367798e-02
2.224759819606940067e-02
2.960572453836600101e-02
1.827458105981349945e-02
3.631077458461125923e-02
4.265202333529790474e-02
3.168016175429026055e-02
2.534709312021732330e-02
2.088426922758420193e-02
1.819693545500437534e-02
1.769213409473498547e-02
1.988095293442408359e-02
2.148879008988539493e-02
3.490624700983365608e-02
3.845906133453051018e-02
4.349863777558008598e-02
2.037919498980045319e-02
2.241417827705542362e-02
2.999026204148928440e-02
2.316035764912764347e-02
2.034250025947888577e-02
2.699270223577817165e-02
1.948363023499647892e-02
2.141799467305342472e-02
2.070322756965954983e-02
2.003338063756624973e-02
2.752865105867385864e-02
2.100017604728539669e-02
1.792621488372484959e-02
1.664630820353825771e-02
2.360374853014945984e-02
2.843651113410790646e-02
2.644069120287895203e-02
2.095379432042439663e-02
6.708181897799174453e-02
3.033746965229511261e-02
1.819130033254623413e-02
6.235506385564804077e-02
1.218056368331114393e-02
1.271505809078613859e-02
2.743324264883995056e-02
1.967023871839046478e-02
2.671478378276030338e-02
1.501256413757801056e-02
4.302572334806124138e-02
1.699899416416883469e-02
1.994495217998822414e-02
1.807467825710773468e-02
1.166668161749839783e-02
2.176525443792343140e-02
1.556145648161570173e-02
1.841746829450130463e-02
2.630703585843245304e-02
3.047315031290054321e-02
2.174445862571398533e-02
3.019513127704461300e-02
1.767074471960465229e-02
2.155100678404172146e-02
2.652398807307084286e-02
2.027826383709907532e-02
2.220448603232701504e-02
1.832370118548472607e-02
1.953157782554626465e-02
1.557521987706422806e-02
2.303736346463362492e-02
2.584769266347090519e-02
1.862103988726933682e-02
1.648864833017190182e-02
2.349205935994784153e-02
2.448723030587037289e-02
2.364850665132204807e-02
1.912836823612451553e-02
2.131502268215020382e-02
3.055390777687231815e-02
2.828105414907137669e-02
2.240437517563502109e-02
2.377637227376301968e-02
2.965774821738402164e-02
1.972226612269878387e-02
2.290811017155647278e-02
2.451703262825806820e-02
1.905532926321029663e-02
2.673621227343877041e-02
3.184866718947887421e-02
2.550624683499336243e-02
1.754060791184504711e-02
2.352937621374924862e-02
2.538455401857693874e-02
1.847426500171422958e-02
2.530478499829769135e-02
2.927849814295768738e-02
2.269644166032473362e-02
2.073095055917898930e-02
2.409240975975990295e-02
2.632590817908446110e-02
1.904075437535842144e-02
1.961478249480326855e-02
1.869388204067945480e-02
1.865062862634658813e-02
1.904808109005292141e-02
4.576539993286132812e-02
2.265453028182188785e-02
3.797877331574758125e-02
2.524948368469874180e-02
2.727946763237317288e-02
2.449219177166621006e-02
2.116044269253810131e-02
2.007928738991419590e-02
3.112315386533737183e-02
3.012456806997458256e-02
2.641878773768742764e-02
1.887951480845610416e-02
3.180202965935071541e-02
3.433162036041418480e-02
2.261193841695785522e-02
1.798523217439651489e-02
3.186048132677873207e-02
1.527808668712774855e-02
1.435873750597238541e-02
3.116802064081032955e-02
2.050133763502041614e-02
3.340252364675203728e-02
1.538859587162733078e-02
3.436627549429734779e-02
1.310214710732301134e-02
2.005132225652535641e-02
2.900972465674082554e-02
1.610249622414509571e-02
4.326679309209188057e-02
1.490337494760751724e-02
3.368106732765833305e-02
1.854131153474251545e-02
3.253684937953948975e-02
1.791305777927239620e-02
2.537118953963120663e-02
1.686411847670872891e-02
3.622788811723390984e-02
2.035601002474625790e-02
2.568539852897326267e-02
1.768138290693362438e-02
3.165869663159052300e-02
1.877577695995569229e-02
3.773087387283643318e-02
1.876490780462821209e-02
1.962568735082944119e-02
2.362317095200220859e-02
2.829422987997531891e-02
2.276241406798362732e-02
2.292124306162198269e-02
2.604375965893268585e-02
2.280068707962830746e-02
1.640518940985202789e-02
2.516187665363152706e-02
2.552958826224009312e-02
2.325300872325897217e-02
1.906499328712622440e-02
2.442375198006629944e-02
2.819668687880039215e-02
2.297547459602355957e-02
2.581708071132500851e-02
2.173480826119581974e-02
2.274398505687713623e-02
2.506401886542638027e-02
2.317868856092293942e-02
2.744950167834758759e-02
2.196228255828221523e-02
2.543687013288338863e-02
2.470798976719379425e-02
2.467205033948023998e-02
2.372874754170576847e-02
2.328552367786566532e-02
2.236631947259108341e-02
2.145963472624619686e-02
2.140187006443738937e-02
2.286395554741223538e-02
2.909044238428274906e-02
2.480328828096389771e-02
2.286879407862822330e-02
2.349138508240381992e-02
2.450614484647909916e-02
2.229632933934529507e-02
2.519506526490052425e-02
2.389867541690667355e-02
2.613116179903348171e-02
2.424921654164791107e-02
2.425282200177510464e-02
2.414029526213804996e-02
2.641117634872595585e-02
2.243811916559934616e-02
2.336157858371734619e-02
2.074644217888514316e-02
2.557423586646715916e-02
2.209266896049181736e-02
2.460423919061819828e-02
2.472062781453132629e-02
2.516458121438821041e-02
2.606974480052788937e-02
2.532466004292170322e-02
1.850566609452168262e-02
2.315148028234640873e-02
2.234653818110625065e-02
2.291512209922075272e-02
2.673439805706341946e-02
2.201901686688264095e-02
2.293371285001436985e-02
2.426933621366818630e-02
2.417253516614437103e-02
2.096184529364109039e-02
2.354748981694380558e-02
2.047026716172695160e-02
2.506902627646923065e-02
2.084987424314022064e-02
2.314324987431367123e-02
2.118356432765722275e-02
2.201180377354224407e-02
2.582569358249505245e-02
2.489854519565900051e-02
2.517853553096453464e-02
2.212590662141640865e-02
2.356710347036520756e-02
1.929679637153943264e-02
2.674615445236365116e-02
1.787151116877794266e-02
2.437968024363120281e-02
1.833317832400401318e-02
2.525943766037623203e-02
2.649820285538832462e-02
1.724796059230963505e-02
2.737549878656864166e-02
1.587752935787041866e-02
1.915494352579116821e-02
2.086066268384456635e-02
2.217776079972584927e-02
2.439788791040579594e-02
2.232366117338339603e-02
2.252730913460254669e-02
2.436522891124089443e-02
2.308616538842519009e-02
2.451116777956485748e-02
2.293929116179545605e-02
2.168571079770724094e-02
2.450373582541942596e-02
1.878893561661243439e-02
2.179793299486239636e-02
1.683004712685942650e-02
2.515632721285025394e-02
2.431501851727565014e-02
1.889268308877944946e-02
2.146054121355215824e-02
2.194512418160836018e-02
2.196066267788410187e-02
2.391617714116970814e-02
2.046681599070628368e-02
2.049562148749828339e-02
2.151795942336320877e-02
2.282880774388710773e-02
2.068044555683930599e-02
2.349713693062464512e-02
2.247357120116551601e-02
2.209077154596646511e-02
1.973671155671278751e-02
2.180874223510424412e-02
2.171659717957178867e-02
2.017753291875123978e-02
1.961646446337302410e-02
2.215681380281845844e-02
2.242463765045006954e-02
1.927173789590597153e-02
1.993182270477215565e-02
2.287256127844254291e-02
2.102820451060931004e-02
2.229380980134010315e-02
2.227813036491473400e-02
2.240507366756598270e-02
2.057994777957598484e-02
1.999383916457493984e-02
2.087967532376448429e-02
1.928270421922206879e-02
2.180010018249352657e-02
1.806773959348599232e-02
2.226106263697147369e-02
1.891008609284957134e-02
2.421153429895639420e-02
2.071179759999116146e-02
2.147912047803401947e-02
2.079742898543675625e-02
1.977418052653471744e-02
2.049207501113414764e-02
2.091600249210993565e-02
1.860761425147454060e-02
2.020189352333545685e-02
1.937638285259405888e-02
2.059135896464188778e-02
2.258170396089553833e-02
1.919134302685658253e-02
2.094008711477120602e-02
2.107940831532080853e-02
1.849096920341253281e-02
2.146999227503935612e-02
2.099365927278995514e-02
3.164621877173582482e-02
1.950634395082791531e-02
2.703237844010194027e-02
1.745220056424538410e-02
2.069910615682601929e-02
2.236445310215155399e-02
2.075664730121691906e-02
1.871225734551747524e-02
1.951700790474812305e-02
2.066044292102257526e-02
2.049964790542920315e-02
2.025972027331590652e-02
2.079299402733643734e-02
2.034134728213151180e-02
1.917462144047021866e-02
2.291444968432188034e-02
1.994730097552140438e-02
2.047445376714070522e-02
1.889803757270177090e-02
2.166714953879515446e-02
2.069802333911259853e-02
1.881638976434866703e-02
2.159456101556618893e-02
2.049885628124077999e-02
2.179224913318951809e-02
2.053934025267760075e-02
1.800748457511265957e-02
1.855879804740349567e-02
1.734554922829071796e-02
2.025062901278336727e-02
1.963504403829574585e-02
2.274754395087559902e-02
1.697498342643181599e-02
2.010232148071130001e-02
1.959430643667777264e-02
1.854536992808182919e-02
2.333203206459681309e-02
2.516432541112105167e-02
1.909454974035422123e-02
2.000509730229775227e-02
1.899030432105064392e-02
1.974550789843003071e-02
1.940878853201866150e-02
2.169453042248884952e-02
1.646421601374943935e-02
2.020182770987351620e-02
1.895783065507809437e-02
1.944810555626948559e-02
1.886392757296562195e-02
1.654881549378236019e-02
1.734944339841604233e-02
1.922853725651900089e-02
2.061424031853675842e-02
2.030448056757450104e-02
1.709698978811502457e-02
1.933122519403696060e-02
1.854831414918104923e-02
1.927566776672999180e-02
1.865808200091123581e-02
1.951323791096607960e-02
2.069046348333358765e-02
1.794007979333400726e-02
1.925193580488364017e-02
1.868921332061290741e-02
2.100076309094826496e-02
1.827635522931814194e-02
1.940396241843700409e-02
1.997214648872613907e-02
1.953097339719533920e-02
1.836899792154629910e-02
1.937838240216175831e-02
1.919203003247578823e-02
1.732401580860217297e-02
1.928813134630521023e-02
1.732133111606041706e-02
1.873557828366756439e-02
1.974011523028214657e-02
1.980176816383997715e-02
2.025417890399694443e-02
1.763575275739033901e-02
1.878692551205555714e-02
1.798295167585213863e-02
1.868304920693238461e-02
1.996540526549021519e-02
1.669859001412987709e-02
2.102069991330305851e-02
1.845291039596001423e-02
1.760764885693788528e-02
1.886768452823162079e-02
1.748300561060507977e-02
2.083939065535863125e-02
1.955120762189229214e-02
1.953328773379325867e-02
1.774075006445248806e-02
1.843241353829701626e-02
1.840236845115820682e-02
1.693875202909111977e-02
1.992808841168880463e-02
1.723761515070994579e-02
2.115401936074097836e-02
1.734461759527524197e-02
2.097970526665449142e-02
1.756921441604693615e-02
1.733840350061655045e-02
1.827975983421007908e-02
1.777304522693157196e-02
1.808919943869113922e-02
1.929520877699057377e-02
1.915310012797514713e-02
1.924100083609421932e-02
1.879513822495937347e-02
1.906015289326508724e-02
1.846365071833133698e-02
1.803724033137162411e-02
1.725902625670035564e-02
2.025385977079470837e-02
1.858008404572804653e-02
1.886567162970701969e-02
1.874855533242225647e-02
1.743717398494482040e-02
1.824271709968646252e-02
1.791700193037589275e-02
1.761924320211013043e-02
1.959913844863573826e-02
2.193242932359377659e-02
1.895079420258601391e-02
1.680109494676192486e-02
1.671223497639099873e-02
2.026679428915182865e-02
1.892793737351894379e-02
2.345224718252817905e-02
1.797662644336621082e-02
1.884935547908147060e-02
1.868473738431930542e-02
1.858439544836680210e-02
1.855853013694286346e-02
1.791582194467385494e-02
1.801883677641550816e-02
1.882930068920056141e-02
1.876937225461006165e-02
1.766820686558882511e-02
1.940215658396482468e-02
1.682052730272213734e-02
1.960601626584927357e-02
1.937659736722707748e-02
1.843459966282049931e-02
1.795471428583065784e-02
1.778769989808400356e-02
1.833642522493998325e-02
1.655883373071749889e-02
1.832472595075766361e-02
1.861709915101528168e-02
1.862734028448661053e-02
2.047563530504703522e-02
1.799355136851469791e-02
1.911455827454726017e-02
1.781578734517097473e-02
2.257624361664056778e-02
2.012398031850655758e-02
1.809810412426789486e-02
1.667409281556804859e-02
1.891543343663215637e-02
1.929107060035069668e-02
1.879501466949780666e-02
1.856382812062899387e-02
1.762308645993471146e-02
1.865488290786743164e-02
1.707211385170618809e-02
1.827860002716382229e-02
1.797560043632984161e-02
1.944511570036411285e-02
1.953959465026855469e-02
1.937120097378889835e-02
1.797167460123698032e-02
1.921144997080167019e-02
1.795678026974201202e-02
1.850126373271147526e-02
1.851919914285342014e-02
1.844617569198210918e-02
2.049814071506261826e-02
1.791597375025351727e-02
2.037894632667303085e-02
1.896292343735694885e-02
1.940132646510998524e-02
1.814102319379647457e-02
1.813230322053034985e-02
2.008475797871748722e-02
1.816757178554932392e-02
1.773209962993860245e-02
1.865951468547185146e-02
1.740296060840288914e-02
2.004496132334073269e-02
1.736722079416115963e-02
2.016496099531650543e-02
2.036716416478157043e-02
1.863343579073746883e-02
1.960998059560855114e-02
1.966510154306888580e-02
1.983146245280901707e-02
1.778027694672346115e-02
1.897446687022845066e-02
1.889687310904264450e-02
1.924345828592777252e-02
1.832440868020057678e-02
1.862941154589255535e-02
1.895209463934103764e-02
1.841216161847114563e-02
2.052676367262999332e-02
1.854378171265125275e-02
1.897231830904881275e-02
1.778168013940254963e-02
1.949360469977061069e-02
1.811109731594721592e-02
1.726959925144910812e-02
1.899195338288943088e-02
1.962928318729003155e-02
1.959369238466024399e-02
1.812841556966304779e-02
1.995085303982098782e-02
2.052704120675722874e-02
1.788522334148486340e-02
1.776739023625850677e-02
1.947238203138113022e-02
2.222249656915664673e-02
1.704395810763041294e-02
1.892163045704364777e-02
1.813583758970101559e-02
2.125001574556032932e-02
1.862174272537231445e-02
2.004522892336050785e-02
2.054275323947270596e-02
1.678089518100023270e-02
1.947833659748236454e-02
1.752398783961931980e-02
1.856852509081363678e-02
1.813861665626366818e-02
1.793887962897618496e-02
1.828854065388441086e-02
2.120044485976298534e-02
1.850714503477017200e-02
1.832693753143151486e-02
1.889771316200494766e-02
2.158417242268721378e-02
1.853404721866051472e-02
2.206255216151475906e-02
2.147464764614899838e-02
1.951876903573672092e-02
1.977179075280825413e-02
1.839175696174303806e-02
1.975004188716411591e-02
2.092170808464288712e-02
1.903478056192398071e-02
1.826800157626469814e-02
1.887535738448302067e-02
1.978518658628066265e-02
2.095833017180363453e-02
1.835532579571008682e-02
1.989547659953435146e-02
1.904359087347984314e-02
1.837573635081450260e-02
1.978267325709263599e-02
1.963872089982032776e-02
1.922926834474007404e-02
1.787611717979113377e-02
2.047759635994831837e-02
1.947080530226230621e-02
1.835626705239216602e-02
1.792158093303442001e-02
1.884672604501247406e-02
1.865500832597414768e-02
1.827459534009297573e-02
1.804092650612195217e-02
1.754249477138121807e-02
1.818097165475289143e-02
1.885777339339256287e-02
1.942656499644120419e-02
2.073321367303530491e-02
1.868626258025566853e-02
1.730974546323220051e-02
1.845557801425457001e-02
1.937766900906960285e-02
1.921454537659883499e-02
1.977461545417706287e-02
1.812604162842035294e-02
2.026962178448836124e-02
1.866821727404991901e-02
1.816443229715029514e-02
1.822512224316596985e-02
1.863134155670801914e-02
1.972159867485364163e-02
1.700127947454651081e-02
1.977040929098923885e-02
1.746854527542988575e-02
1.930153680344422543e-02
1.910035374263922489e-02
2.035756284991900242e-02
1.750849653035402298e-02
1.897857586542765415e-02
1.893975647787253178e-02
1.943814475089311600e-02
1.723466751476128780e-02
2.006868893901507175e-02
1.962771452963352203e-02
1.831709283093611515e-02
1.984416879713535309e-02
1.956853518883387363e-02
1.981271368761857235e-02
1.974560879170894623e-02
1.904033931593100346e-02
1.885274983942508698e-02
1.927503943443298340e-02
1.944090612232685089e-02
1.962595557173093044e-02
1.948405367632706844e-02
1.717082938800255573e-02
1.968350261449813843e-02
2.150011031577984608e-02
1.862457673996686935e-02
1.943417638540267944e-02
1.907121296972036362e-02
1.978386534998814381e-02
1.957859471440315247e-02
1.927119617660840237e-02
1.962062561263640606e-02
1.940203271806240082e-02
1.913147264470656597e-02
2.217694775511820995e-02
1.783457926164070881e-02
1.867193635553121567e-02
1.900078449398279190e-02
2.041083698471387112e-02
1.835656166076660156e-02
1.889619852105776585e-02
1.837873489906390392e-02
1.869841851294040680e-02
1.973264353970686710e-02
1.886745852728684628e-02
1.852383961280186855e-02
2.008043043315410614e-02
1.892392678807179249e-02
1.972306023041407383e-02
1.916398635754982746e-02
1.880110800266265869e-02
1.967835426330566406e-02
1.958120241761207581e-02
1.891490009923775875e-02
1.913444325327873230e-02
1.865363307297229767e-02
1.875824729601542271e-02
2.082181784013907230e-02
1.849412545561790466e-02
1.839078993846972668e-02
1.900028189023335659e-02
1.895659323781728745e-02
1.897010890146096432e-02
1.954122943182786190e-02
1.825895595053831852e-02
1.897344241539637363e-02
1.839790275941292561e-02
1.945716328918933868e-02
2.045012855281432354e-02
2.048297443737586224e-02
1.937591843307018280e-02
2.035204134881496429e-02
2.000548566381136692e-02
1.853501858810583866e-02
2.018315034608046329e-02
1.865820400416851044e-02
2.015919331461191177e-02
1.814252976328134537e-02
1.943166367709636688e-02
1.865366846323013306e-02
1.964154280722141266e-02
1.804182368020216740e-02
1.941678859293460846e-02
1.894326166560252392e-02
2.062584863354762280e-02
2.075771552821000301e-02
1.745520656307538235e-02
1.984045654535293579e-02
1.834665394077698505e-02
1.793916616588830948e-02
1.885705006619294369e-02
2.073998811344305790e-02
1.788932022949059689e-02
1.859754106650749958e-02
1.992694102227687836e-02
1.904110734661420071e-02
1.928807112077872074e-02
1.938516149918238438e-02
1.775029177467028416e-02
1.876692225535710537e-02
1.890161943932374203e-02
2.025136413673559940e-02
1.839307292054096973e-02
1.914446117977301395e-02
1.895321719348430634e-02
1.877632457762956619e-02
1.961656784017880642e-02
1.787352903435627735e-02
1.965697978933652126e-02
2.004174143075942993e-02
1.855707479019959652e-02
1.931718985239664829e-02
1.944775351633628094e-02
1.861454329142967976e-02
1.986476778984069824e-02
1.882092344264189518e-02
2.013049585123856747e-02
2.223274329056342327e-02
2.010501921176910400e-02
1.912121661007404327e-02
1.995108959575494015e-02
1.932653039693832397e-02
1.904777251183986664e-02
1.749060147752364361e-02
2.046665549278259277e-02
1.895562435189883030e-02
1.878511719405651093e-02
2.059310488402843475e-02
2.007937214026848591e-02
2.110242843627929688e-02
2.078826446086168289e-02
1.740964657316605366e-02
1.982017916937669003e-02
1.914609844485918796e-02
2.015392109751701355e-02
2.012715426584084713e-02
1.822685915976762772e-02
1.825321807215611256e-02
1.868142125507195675e-02
2.004474059989054882e-02
1.747915614396333694e-02
1.927738077938556671e-02
1.863059711953004086e-02
1.991991015772024906e-02
1.810602378100156784e-02
1.801997361083825314e-02
1.947974661986033237e-02
1.861038493613402164e-02
2.075459994375705719e-02
1.918995504577954495e-02
2.033111235747734821e-02
1.947231218218803406e-02
1.891978985319535053e-02
1.974270275483528889e-02
1.902771368622779846e-02
2.003136898080508030e-02
2.188044941673676289e-02
1.951922538379828251e-02
1.700612142061193668e-02
1.941211335361003876e-02
2.118180971592664719e-02
1.823144685477018356e-02
1.954167398313681400e-02
2.017808581391970432e-02
1.939800226440032208e-02
1.839718160529931271e-02
1.960898625353972233e-02
1.843095074097315586e-02
1.905109484990437710e-02
1.989073865115642548e-02
1.948162664969762051e-02
1.874549376467863834e-02
1.744060342510541164e-02
1.779666760315497601e-02
1.957784934590260303e-02
1.898405421525239944e-02
1.894441836824019634e-02
2.026549043754736698e-02
1.974192385872204983e-02
1.850442091623942173e-02
1.807403502364953243e-02
1.762658730149269104e-02
1.954526578386624538e-02
1.910220955808957302e-02
1.966405722002188480e-02
1.911296757558981693e-02
1.978089784582455837e-02
1.791060157120227814e-02
2.006780480345090115e-02
1.845304047067959988e-02
2.000776057442029202e-02
1.930088425676028049e-02
1.898976725836594784e-02
1.974361886580785000e-02
2.023498745014270031e-02
2.000402100384235382e-02
2.034986702104409420e-02
1.805977212886015690e-02
2.020657000442345821e-02
1.859323804577191555e-02
1.849664064745108402e-02
1.869209265957276142e-02
2.021049708127975464e-02
1.883058187862237179e-02
2.081306837499141693e-02
1.912877584497134006e-02
2.042485090593497074e-02
1.972627267241477966e-02
1.963534019887447357e-02
2.043557291229565823e-02
1.940530538558959961e-02
1.886161478857199467e-02
1.977053408821423733e-02
2.092596453924973690e-02
1.970176833371321476e-02
1.987321240206559383e-02
1.990933281679948055e-02
1.916540227830410004e-02
1.871033292263746262e-02
1.860584566990534580e-02
1.999634287009636677e-02
1.996450684964656830e-02
2.092876595755418026e-02
1.892614054183165348e-02
1.886384623746077335e-02
2.101298732062180721e-02
1.857634540647268295e-02
2.035842649638652802e-02
1.909894185761610783e-02
2.043216271946827686e-02
1.816384835789601124e-02
2.013939929505189144e-02
2.033772878348827362e-02
1.882273517549037933e-02
1.988359416524569309e-02
1.893825766940911495e-02
2.215795063724120342e-02
2.135166432708501816e-02
2.002115920186042786e-02
2.098484057933092117e-02
1.933442366619904720e-02
1.918094108502070225e-02
2.011309595157702648e-02
1.889189394811789310e-02
2.023812631766001499e-02
1.931318144003550327e-02
1.758788805454969406e-02
2.011349176367123806e-02
2.005110060175259792e-02
1.820593296239773548e-02
1.965536052982012546e-02
1.798003135869900501e-02
1.900105426708857334e-02
1.890179949502150333e-02
1.871534312764803684e-02
2.115219272673130035e-02
1.887271304925282681e-02
1.928805032124121868e-02
1.853438156346480167e-02
2.054325677454471588e-02
1.887993079920609676e-02
2.074662782251834869e-02
1.893881677339474476e-02
1.880877527097861088e-02
1.907486158112685001e-02
1.943131039539973057e-02
1.952280787130196774e-02
2.129988837987184525e-02
1.955193902055422581e-02
1.926245850821335995e-02
1.904309727251529694e-02
1.779080306490262234e-02
2.030427971233924114e-02
1.848096679896116257e-02
1.771346914271513737e-02
1.774976247300704205e-02
1.844892961283524715e-02
1.930104816953341282e-02
1.837118932356436932e-02
1.898170262575149536e-02
1.944933366030454636e-02
2.033268225689728939e-02
1.801474299281835556e-02
2.088048029690980911e-02
1.806517348935206616e-02
1.861469540745019913e-02
2.026051220794518673e-02
1.986683097978432858e-02
1.923289522528648376e-02
1.960514547924200809e-02
1.828454434871673584e-02
2.042076364159584045e-02
1.910900138318538666e-02
1.886710027853647983e-02
2.114051580429077148e-02
1.949325141807397091e-02
1.878257219990094387e-02
1.783711245904366291e-02
1.830699698378642284e-02
2.005588946243127071e-02
1.889785441259543217e-02
1.946577616035938263e-02
1.784962508827447891e-02
1.876199152320623398e-02
1.896573292712370670e-02
1.995810804267724239e-02
1.881924395759900295e-02
1.825152834256489956e-02
1.939855267604191982e-02
1.902094980080922329e-02
2.187285572290420532e-02
1.897738190988699711e-02
1.918682766457398617e-02
1.893990797301133358e-02
2.076704862217108524e-02
1.805637155969937527e-02
1.939154540499051296e-02
2.012187056243419647e-02
2.000977937132120132e-02
2.006887209912141048e-02
1.902664452791213989e-02
1.912435206274191654e-02
1.971785879383484638e-02
1.889435263971487797e-02
1.969898988803227627e-02
1.874377454320589817e-02
1.973761183520158016e-02
1.885594179232915127e-02
2.081451192498207092e-02
1.909862024088700497e-02
1.783194175610939777e-02
1.910012153287728512e-02
1.931155535082022465e-02
2.091762982308864594e-02
2.105260174721479416e-02
2.047804836183786392e-02
2.007842840005953991e-02
1.988146764536698544e-02
1.793909166008234024e-02
1.756860082969069481e-02
1.894114383806784832e-02
1.911828853189945221e-02
1.930683664977550507e-02
1.929829642176628113e-02
1.768029543260733402e-02
2.108451227347056187e-02
2.106417932858069622e-02
1.887357917924721920e-02
1.795176696032285690e-02
1.943812395135561741e-02
1.948727977772553646e-02
1.863200993587573254e-02
1.731381301457683361e-02
2.035069031020005428e-02
1.826630719006061554e-02
1.813019750018914425e-02
1.811503525823354721e-02
1.855288849522669994e-02
2.057983415822188175e-02
2.038693272819121563e-02
1.748099892089764393e-02
1.803380219886700428e-02
2.068132193138201916e-02
2.024553095300992214e-02
