2.047448505957921439e-01
1.789201696713765555e-01
1.362422009309132986e-01
1.208317875862121582e-01
1.132202173272768703e-01
1.081648940841356960e-01
1.039957726995150294e-01
9.974654267231623794e-02
1.022061432401339259e-01
8.877112468083699082e-02
1.177954251567522731e-01
8.421197036902110244e-02
6.346261625488598679e-02
6.264361987511317398e-02
8.383493125438690186e-02
7.925875733296076919e-02
5.431738868355751038e-02
4.918961599469184875e-02
9.020661065975825454e-02
4.287413631876309944e-02
6.752563019593556259e-02
6.614330162604649399e-02
8.079856634140014648e-02
4.411540801326433586e-02
4.200269654393196106e-02
6.176555653413137031e-02
5.835570394992828369e-02
7.387770960728327896e-02
6.887158006429672241e-02
3.587624182303746773e-02
4.033991446097692085e-02
7.639243950446446274e-02
3.781936690211296082e-02
4.365308706959088875e-02
6.144849086801210808e-02
3.896698604027429985e-02
4.081467290719350410e-02
7.703538239002227783e-02
3.573972359299659729e-02
7.026153554519017075e-02
3.910297652085622383e-02
6.749033927917480469e-02
3.887507567803064751e-02
5.392794186870256828e-02
4.438051581382751465e-02
4.388187949856122566e-02
5.014389256636301445e-02
3.991553063193956780e-02
5.585615709424018860e-02
6.099179759621620178e-02
5.127344404657682014e-02
4.667695860068003105e-02
4.200046261151631904e-02
3.958296527465184761e-02
3.865202019611994194e-02
4.103536531329154968e-02
4.265099888046582771e-02
5.459323773781458305e-02
5.869107941786447930e-02
6.179560224215189385e-02
4.174151768287023140e-02
4.382464165488878655e-02
5.085106442372003960e-02
4.451668635010719299e-02
4.144464805722236633e-02
4.787602027257283760e-02
3.980393211046854424e-02
4.203909138838449883e-02
4.096110910177230835e-02
4.086152215798696113e-02
4.852431888381639885e-02
4.195265099406242371e-02
3.864199792345365120e-02
3.761479568978150917e-02
4.464094092448552681e-02
4.924627641836801933e-02
4.652383302648862434e-02
4.132863755027452873e-02
7.859992732604344223e-02
5.168113609155019356e-02
3.945568948984146118e-02
7.537889728943507339e-02
3.269391817351182533e-02
3.311055277784665657e-02
4.816354562838872505e-02
3.910854582985242439e-02
4.592714831233024597e-02
3.495971610148747993e-02
5.967487394809722900e-02
3.761606539289156365e-02
3.999691829085350037e-02
3.836336856087049080e-02
3.114301587144533909e-02
4.232714697718620300e-02
3.596477148433526588e-02
3.787297631303469109e-02
4.577356452743212151e-02
4.905443266034126282e-02
4.149919003248214722e-02
4.930625980099042488e-02
3.722578287124633789e-02
4.074028010169664787e-02
4.550581797957420349e-02
3.961392740408579277e-02
4.114386315147081780e-02
3.707552018264929222e-02
3.887111693620681763e-02
3.483241796493530273e-02
4.178712889552116394e-02
4.421598712603250908e-02
3.739890083670616150e-02
3.563076133529344963e-02
4.199955736597379280e-02
4.309945429364839958e-02
4.242403681079546379e-02
3.777326395114263130e-02
4.006166631976763176e-02
4.865686719616254402e-02
4.724954441189765930e-02
4.134998346368471550e-02
4.258581623435020447e-02
4.748936121662458015e-02
3.825235987703005242e-02
4.150448615352312492e-02
4.248206317424774170e-02
3.757003570596376824e-02
4.429159934322039055e-02
4.961698999007543159e-02
4.404248793919881416e-02
3.687215223908424377e-02
4.193489626049995422e-02
4.383703817923863960e-02
3.697881102561950684e-02
4.420809323589006828e-02
4.833693181475003792e-02
4.113684594631195068e-02
3.922765950361887383e-02
4.230267678697904182e-02
4.451132193207740784e-02
3.729045080641905235e-02
3.792481621106465889e-02
3.703430543343225884e-02
3.749916578332582878e-02
3.773992260297139717e-02
5.997473001480102539e-02
4.080324620008468628e-02
5.644926801323890686e-02
4.394570365548133850e-02
4.440607751409212517e-02
4.212632154424985481e-02
3.924699872732162476e-02
3.781913158794244362e-02
4.940217857559522224e-02
4.750351980328559875e-02
4.339101786414781975e-02
3.666099533438682556e-02
4.955651983618736267e-02
5.092749247948328423e-02
3.992454955975214409e-02
3.602790087461471558e-02
4.915747667352358269e-02
3.360234200954437256e-02
3.393858174482981133e-02
4.922038316726684570e-02
3.826777823269367218e-02
5.008905256787935661e-02
3.428603398303190636e-02
5.244912207126617432e-02
3.282726742327213287e-02
3.907278676827748848e-02
4.904569312930107117e-02
3.484160453081130981e-02
5.723669752478599548e-02
3.362787142395973206e-02
5.249742294351259636e-02
3.680028269688288139e-02
4.956059406201044487e-02
3.634949152668317390e-02
4.239197944601377083e-02
3.527577593922615051e-02
5.247402687867482735e-02
3.870978951454162598e-02
4.395805795987447334e-02
3.707402572035789490e-02
4.785210142532984184e-02
3.671700259049733711e-02
5.441558361053466797e-02
3.714030484358469414e-02
3.728276863694190979e-02
4.189844553669293953e-02
4.583955431977907585e-02
4.066263760129610466e-02
4.113698750734329224e-02
4.323335985342661308e-02
4.000650470455487800e-02
3.434140731890996528e-02
4.228596140940984321e-02
4.314682508508364128e-02
4.026576752463976311e-02
3.607359031836191582e-02
4.154476523399353027e-02
4.594468201200167107e-02
3.975878655910491943e-02
4.306656370560327934e-02
3.864470496773719788e-02
3.982768704493840767e-02
4.184772074222564697e-02
4.010320454835891724e-02
4.295297463734944893e-02
3.863440826535224915e-02
4.193444674213727547e-02
4.173039893309275078e-02
4.153229917089144158e-02
4.042829200625419617e-02
3.985860198736190796e-02
3.897113849719365669e-02
3.775311137239138054e-02
3.827674500644207001e-02
3.947907313704490662e-02
4.604321469863256050e-02
4.142913594841957092e-02
3.918348004420598579e-02
3.982657690842946602e-02
4.145333046714464592e-02
3.896465462942918373e-02
4.168725137909253670e-02
4.088101411859194206e-02
4.263375575343767571e-02
4.073191558321317268e-02
4.089663053552309441e-02
4.071270177761713432e-02
4.343137890100479126e-02
3.930567453304926323e-02
3.997086981932321953e-02
3.794937705000241829e-02
4.204407706856727600e-02
3.883169467250505852e-02
4.109818985064824653e-02
4.157163451115290093e-02
4.065687085191408562e-02
4.242916653553644585e-02
4.203102986017862724e-02
3.567320729295412468e-02
4.037877296408017708e-02
3.939889495571454597e-02
3.978023740152517723e-02
4.306058337291081978e-02
3.899534667531649040e-02
3.970046962300936150e-02
4.078301663200060295e-02
4.011808708310127258e-02
3.798457483450571465e-02
4.092209910353025032e-02
3.726889255146185326e-02
4.154766226808229851e-02
3.822627291083335876e-02
4.067757849891980720e-02
3.798500075936317444e-02
3.793352966507276131e-02
4.215253765384355950e-02
4.252053673068682121e-02
4.204761609435081482e-02
3.852169339855512215e-02
4.012828568617502617e-02
3.599536232650279999e-02
4.320554062724113464e-02
3.422578113774458336e-02
4.107693210244178772e-02
3.554556022087732720e-02
4.226282363136609627e-02
4.373648886879285408e-02
3.569361940026283264e-02
4.344013333320617676e-02
3.341928496956825256e-02
3.635251273711522652e-02
3.738675701121488976e-02
3.907420113682746887e-02
4.126139357686042786e-02
3.888617952664693428e-02
3.924934317668279243e-02
4.048545906941095757e-02
3.891490399837493896e-02
4.154638076821962761e-02
3.904624097049236298e-02
3.844884162147840095e-02
4.072805245717366768e-02
3.549001427988211083e-02
3.828295879065990448e-02
3.377717485030492378e-02
4.147040223081906868e-02
4.084627206126848625e-02
3.571626171469688416e-02
3.798188020785649849e-02
3.849892007807890343e-02
3.884293884038925171e-02
3.968161717057228088e-02
3.718467677632967400e-02
3.690848002831140923e-02
3.812245155374208855e-02
3.929752111434936523e-02
3.736910596489906311e-02
3.919901698827743530e-02
3.845880553126335144e-02
3.845742469032605720e-02
3.606533072888851166e-02
3.844976052641868591e-02
3.842391694585482048e-02
3.608725219964981079e-02
3.632510515550772118e-02
3.873083367943763733e-02
3.889181713263193535e-02
3.587644485135873390e-02
3.676528483629226685e-02
3.918299078941345215e-02
3.754738842447599007e-02
3.872196873029073311e-02
3.860518212119738030e-02
3.854652990897496773e-02
3.684435598552227020e-02
3.664847090840339661e-02
3.765535851319631172e-02
3.520417896409829689e-02
3.792326152324676514e-02
3.550048669179280830e-02
3.828705847263336182e-02
3.531114881237348152e-02
4.012811556458473206e-02
3.670975441733995842e-02
3.789770727356275154e-02
3.668076545000076294e-02
3.626112515727678703e-02
3.734953204790750908e-02
3.698700293898582458e-02
3.471171793838342262e-02
3.715720027685165405e-02
3.588222836454709602e-02
3.698791315158208443e-02
3.939989457527796196e-02
3.549949141840139794e-02
3.744975974162419868e-02
3.761304790774980950e-02
3.452671443422635628e-02
3.756135081251462532e-02
3.777313977479934692e-02
4.880883668859799934e-02
3.653015382587909698e-02
4.487841327985127998e-02
3.430559920767942833e-02
3.821688021222750115e-02
3.860085333387056755e-02
3.686898077527681755e-02
3.507951833307743073e-02
3.581106352309385704e-02
3.711126061777273583e-02
3.640082230170568062e-02
3.661129313210646080e-02
3.679886211951573921e-02
3.690376256903012825e-02
3.571016651888688637e-02
3.895704696575800347e-02
3.630246222019195557e-02
3.662416711449623108e-02
3.552680214246114326e-02
3.818111245830854011e-02
3.686616321404775215e-02
3.545286382238069939e-02
3.827421988050142693e-02
3.723489244778951240e-02
3.849056114753087593e-02
3.655214111010233330e-02
3.418449498713016510e-02
3.487571577231089043e-02
3.374668769538402557e-02
3.706336393952369690e-02
3.634453068176905083e-02
3.865949933727582527e-02
3.326735397179921699e-02
3.633261471986770630e-02
3.590971479813257622e-02
3.450997297962506843e-02
4.038848852117856575e-02
4.186821977297464775e-02
3.610335166255632805e-02
3.600902482867240906e-02
3.558893998463948799e-02
3.589229720334211754e-02
3.565002605319023132e-02
3.787734483679135872e-02
3.252565860748291016e-02
3.658004105091094971e-02
3.479902756710847450e-02
3.601578002174695564e-02
3.481718587378660607e-02
3.244644962251186371e-02
3.369982851048310829e-02
3.582473347584406304e-02
3.669608260194460320e-02
3.667862464984258247e-02
3.355363445977369713e-02
3.602302757402261330e-02
3.456534321109453606e-02
3.546503682931264473e-02
3.468270724018415047e-02
3.595455860098203255e-02
3.692520782351493835e-02
3.441552196939786507e-02
3.496347057322660851e-02
3.485511802136898041e-02
3.691535939772924019e-02
3.484346841772397591e-02
3.591081872582435608e-02
3.570716083049774170e-02
3.579907926420370506e-02
3.463459635774294304e-02
3.574596842130025459e-02
3.569280480345090462e-02
3.314881833891073631e-02
3.567581127087274956e-02
3.375636537869771553e-02
3.500609099864959717e-02
3.582205623388290405e-02
3.568740313251813484e-02
3.631571183602014946e-02
3.392262260119120049e-02
3.553203431268533302e-02
3.421081850926081108e-02
3.459703053037325310e-02
3.641998519500096870e-02
3.297133805851141380e-02
3.659269337852796150e-02
3.498905400435129570e-02
3.380641403297583031e-02
3.523164863387743401e-02
3.360882960259914398e-02
3.627614925305048393e-02
3.618345223367214203e-02
3.580401837825775146e-02
3.410185749332109856e-02
3.455757473905881477e-02
3.494666268428166939e-02
3.294115451474984718e-02
3.587464615702629089e-02
3.313115922113259865e-02
3.756552686293920112e-02
3.317112227280934883e-02
3.675843837360540795e-02
3.372735405961672234e-02
3.395546848575273918e-02
3.443680331110954285e-02
3.438315602640310692e-02
3.387847666939099861e-02
3.511217609047889709e-02
3.550832842787107063e-02
3.506569564342498779e-02
3.511736293633779121e-02
3.497820844252904487e-02
3.474048463006814552e-02
3.370786892871061730e-02
3.396573352317015099e-02
3.625728810826937126e-02
3.473591928680738045e-02
3.541838377714157104e-02
3.448152666290601326e-02
3.373432531952857971e-02
3.444765446086724830e-02
3.416613427301248146e-02
3.381280352671941353e-02
3.620847438772519661e-02
3.852663064996401238e-02
3.528877720236778259e-02
3.312579107781251503e-02
3.326420361797014641e-02
3.721746553977330757e-02
3.511273115873336792e-02
3.947343428929647041e-02
3.400903195142745972e-02
3.475242356459299492e-02
3.447106853127479553e-02
3.474774211645126343e-02
3.493796661496162415e-02
3.416490306456883980e-02
3.408138578136762215e-02
3.522415272891521454e-02
3.560895100235939026e-02
3.326296433806419373e-02
3.547185783584912849e-02
3.293684187034765648e-02
3.571259478727976250e-02
3.560722184677918983e-02
3.392512351274490356e-02
3.390445373952388763e-02
3.395526483654975891e-02
3.409092376629511284e-02
3.268448449671268463e-02
3.430258855223655701e-02
3.432939263681570458e-02
3.473956696689128876e-02
3.654893984397252632e-02
3.467045227686563896e-02
3.549194460113843513e-02
3.358355474968751503e-02
3.832121379673480988e-02
3.621086726586023735e-02
3.426424227654933929e-02
3.259405245383580757e-02
3.455800314744313789e-02
3.513910000522931648e-02
3.477853412429491448e-02
3.488630677262941765e-02
3.366805240511894226e-02
3.458097701271375252e-02
3.240151641269525123e-02
3.440199792385101318e-02
3.385468510289987160e-02
3.526415427525838447e-02
3.553293397029241157e-02
3.524861733118692803e-02
3.393721766769886017e-02
3.473942105968793465e-02
3.365113896628221107e-02
3.455392271280288696e-02
3.428948111832141876e-02
3.447735061248143745e-02
3.643492112557093071e-02
3.365340518454710411e-02
3.624335241814454628e-02
3.470594311753908562e-02
3.537573354939619469e-02
3.451445015768209862e-02
3.425050154328346252e-02
3.590491910775502754e-02
3.406540180246035027e-02
3.399843412141004967e-02
3.487810616691907478e-02
3.302659156421820091e-02
3.673158523937066627e-02
3.341827231148878502e-02
3.650816654165586067e-02
3.656736450890699791e-02
3.468336537480354309e-02
3.646687604486942291e-02
3.559778444468975067e-02
3.596474478642145561e-02
3.432901017367839813e-02
3.499876459439595772e-02
3.503437216083208489e-02
3.509824350476264954e-02
3.432191784183184075e-02
3.493472561240196228e-02
3.567435344060262276e-02
3.440095484256744385e-02
3.627060974637667107e-02
3.409083373844623566e-02
3.534001360336939263e-02
3.360863650838533806e-02
3.554006852209568024e-02
3.383234950403372215e-02
3.321159072220325470e-02
3.501289213697115349e-02
3.553608556588491035e-02
3.538091791172822548e-02
3.433165450890859199e-02
3.557041163245836662e-02
3.598771740992864204e-02
3.371074671546617912e-02
3.425433238347371651e-02
3.546095391114553047e-02
3.807238799830277992e-02
3.262949610749880242e-02
3.533645595113436150e-02
3.381590917706489563e-02
3.691073010365168022e-02
3.457448134819666313e-02
3.598975390195846558e-02
3.637628443539142609e-02
3.226573827366033959e-02
3.501673663655916618e-02
3.329163665572801994e-02
3.466677789886792732e-02
3.387454772988954949e-02
3.415062402685483528e-02
3.429028826455274986e-02
3.698449147244294716e-02
3.437554401655992103e-02
3.452169708907604218e-02
3.473960173626741005e-02
3.699163161218166351e-02
3.419744471708933281e-02
3.769774486621221138e-02
3.725544425348440575e-02
3.548976903160413338e-02
3.545281539360681938e-02
3.384100583692391945e-02
3.507391611735025810e-02
3.653853759169578552e-02
3.504315887888272835e-02
3.433960427840550972e-02
3.522404034932454658e-02
3.586661381026109291e-02
3.670194000005722046e-02
3.385546493033567833e-02
3.543276960651079582e-02
3.488823274771372246e-02
3.392395625511804985e-02
3.517613063255945610e-02
3.513073548674583435e-02
3.492367578049501015e-02
3.352103196084499359e-02
3.581946839888890816e-02
3.557383952041467262e-02
3.382942142585913109e-02
3.340712375938892365e-02
3.455818879107633995e-02
3.417832714815934730e-02
3.432640495399633812e-02
3.402808681130409241e-02
3.335828272004922462e-02
3.387257146338621544e-02
3.473328302303949761e-02
3.553743163744608330e-02
3.622291733821233345e-02
3.450054923693338799e-02
3.276222509642442299e-02
3.467563912272453308e-02
3.511834268768628670e-02
3.474175681670507027e-02
3.580475660661856102e-02
3.320286236703395844e-02
3.610266372561454773e-02
3.473136636118093895e-02
3.451478046675523353e-02
3.354693142076333595e-02
3.452090546488761902e-02
3.569196164608001709e-02
3.275745796660581993e-02
3.564715882142385078e-02
3.327277426918347908e-02
3.584212871889273094e-02
3.497633834679921699e-02
3.573631495237350464e-02
3.318651517232259346e-02
3.464747096101442742e-02
3.466697409749031067e-02
3.498812019824981689e-02
3.290305721263090538e-02
3.610162685314814018e-02
3.537315626939138008e-02
3.435365048547586037e-02
3.576616694529851509e-02
3.512513265013694763e-02
3.574663028120994568e-02
3.579359749952951836e-02
3.526646395524343086e-02
3.454470386107762886e-02
3.490408758322397637e-02
3.546262905001640320e-02
3.478419780731201172e-02
3.570450221498807503e-02
3.237664575378099846e-02
3.554049258430799080e-02
3.742550748089949059e-02
3.467543547352155281e-02
3.554189080993334221e-02
3.444757064183553291e-02
3.585672192275524139e-02
3.563051670789718628e-02
3.518229474623998237e-02
3.496029352148374153e-02
3.549620571235815453e-02
3.552039774755636620e-02
3.748875918487707543e-02
3.367193788290023804e-02
3.469095627466837334e-02
3.517879856129487587e-02
3.627177327871322632e-02
3.489577397704124451e-02
3.482039521137873100e-02
3.459091608723004890e-02
3.450978547334671021e-02
3.549574874341487885e-02
3.407308893899122643e-02
3.443512817223867012e-02
3.604941753049691749e-02
3.445524101456006599e-02
3.505989909172058105e-02
3.480879714091619087e-02
3.448991787930329872e-02
3.519350911180178093e-02
3.524903332193692757e-02
3.458908386528491974e-02
3.526732573906580376e-02
3.422413021326065063e-02
3.476795057455698418e-02
3.644051278630892204e-02
3.422340812782446312e-02
3.376723142961660790e-02
3.453308592240015434e-02
3.421056270599365234e-02
3.455342476566632820e-02
3.584132591883341240e-02
3.421805923183759285e-02
3.470087982714176178e-02
3.437556698918342590e-02
3.517696261405944824e-02
3.576185057560602593e-02
3.631188534200191498e-02
3.479795406262079643e-02
3.614936520655950142e-02
3.574019422133763862e-02
3.392466530203819275e-02
3.573736610511938500e-02
3.476879683633645607e-02
3.629475149015585350e-02
3.380245218674341606e-02
3.516393589476744103e-02
3.436666292448838783e-02
3.538797174890836311e-02
3.359028510749340057e-02
3.523109108209609985e-02
3.507229623695214821e-02
3.614188047746817040e-02
3.648356286187966896e-02
3.310932094852129387e-02
3.555710613727569580e-02
3.383649947742620873e-02
3.404532497127851082e-02
3.438242897391319275e-02
3.661988675594329834e-02
3.314081269005934166e-02
3.401924918095270561e-02
3.556712282200654579e-02
3.452298293511072563e-02
3.511740143100420403e-02
3.543609380722045898e-02
3.323123852411905693e-02
3.445502618948618340e-02
3.475067143638928963e-02
3.634398803114891052e-02
3.407952996591726708e-02
3.433407594760259224e-02
3.443952153126398491e-02
3.504574981828530861e-02
3.528173516194025444e-02
3.330884563426176476e-02
3.577538517614205910e-02
3.552930367489656044e-02
3.413164739807447029e-02
3.542711958289146423e-02
3.537223053475221229e-02
3.462218306958675385e-02
3.596180056532224251e-02
3.461464494466781616e-02
3.556936917205651832e-02
3.814503612617651390e-02
3.542885184288024902e-02
3.451126317183176445e-02
3.533294796943664551e-02
3.453468779722849297e-02
3.451492016514142586e-02
3.318650585909684730e-02
3.619833725194136070e-02
3.521121293306350708e-02
3.471215317646662163e-02
3.620060533285140991e-02
3.599316626787185669e-02
3.683604051669438911e-02
3.595837081472078728e-02
3.260845132172107697e-02
3.567657123009363579e-02
3.513819600145021843e-02
3.600229509174823761e-02
3.632423592110475136e-02
3.401842340826988220e-02
3.384386810163656639e-02
3.466020524501800537e-02
3.608947681883970665e-02
3.283056306342283653e-02
3.528314456343650818e-02
3.440036562581857277e-02
3.541831051309903694e-02
3.378899830083052086e-02
3.367742088933785988e-02
3.533287718892097473e-02
3.399571031332015991e-02
3.606415726244449615e-02
3.514726956685384346e-02
3.584774086872736382e-02
3.462701539198557305e-02
3.428535908460617065e-02
3.579728677868843079e-02
3.552942102154096199e-02
3.554955249031385017e-02
3.735940468808015419e-02
3.521211942036946846e-02
3.270805316666761803e-02
3.497143089771270752e-02
3.672514731685320305e-02
3.344059425095716881e-02
3.528826932112375664e-02
3.562887758016586304e-02
3.526879598697026802e-02
3.422223962843418121e-02
3.519120812416076660e-02
3.415957155327001976e-02
3.471916044751802849e-02
3.600975995262464119e-02
3.515073905388513970e-02
3.461975355943044258e-02
3.304909480114778114e-02
3.398616115252176689e-02
3.528463778396447731e-02
3.454669068257013725e-02
3.465563741823037697e-02
3.575930433968702721e-02
3.520131111145019531e-02
3.362878660360971855e-02
3.380060382187366486e-02
3.356271485487619805e-02
3.477135424812635017e-02
3.466310972968737053e-02
3.522063978016376495e-02
3.444189205765724182e-02
3.561436384916305542e-02
3.361683152616024017e-02
3.613104174534479546e-02
3.426582987109819817e-02
3.572027385234832764e-02
3.519434481859207153e-02
3.447991982102394104e-02
3.526008812089761330e-02
3.565836449464162422e-02
3.579494481285413338e-02
3.606023080646991730e-02
3.379218156139055657e-02
3.535484150052070618e-02
3.474622095624605583e-02
3.442205426593621803e-02
3.458186673621336388e-02
3.563113138079643250e-02
3.430477778116861748e-02
3.639772223929563927e-02
3.491086264451345039e-02
3.663496176401773857e-02
3.546942211687564850e-02
3.511175016562143730e-02
3.628766288359960152e-02
3.547526647647222114e-02
3.494022289911905693e-02
3.556783248980840278e-02
3.675985522568225861e-02
3.535735669235388207e-02
3.564719359079996513e-02
3.525224948922792839e-02
3.510899220903714729e-02
3.401363951464494301e-02
3.455414374669393135e-02
3.554164307812849449e-02
3.530361006657282280e-02
3.677647685011228157e-02
3.440452553331851959e-02
3.394817685087522102e-02
3.646470233798027039e-02
3.417957760393619537e-02
3.605164773762226105e-02
3.436156486471494270e-02
3.606302725772062706e-02
3.324345685541629791e-02
3.545875971515973640e-02
3.567703068256378174e-02
3.429704594115415978e-02
3.517189497749010491e-02
3.429176844656467438e-02
3.790269729991754127e-02
3.668496074775854515e-02
3.613025322556495667e-02
3.702873736619949341e-02
3.451545909047126770e-02
3.470316405097643303e-02
3.599592360357443260e-02
3.515065213044484688e-02
3.558285161852836609e-02
3.501676271359125542e-02
3.297948154310385155e-02
3.558374196290969849e-02
3.581609514852365089e-02
3.384864081939061714e-02
3.548118347922960686e-02
3.409293790658315254e-02
3.506958857178688049e-02
3.406223406394322945e-02
3.427543615301450325e-02
3.679203676680723595e-02
3.436630219221115112e-02
3.505409943560758995e-02
3.405509019891420769e-02
3.577017411589622498e-02
3.377957021196683479e-02
3.604177013039588928e-02
3.444473755856355263e-02
3.442197293043136597e-02
3.488843639691670967e-02
3.528756399949391914e-02
3.557024896144866943e-02
3.674106299877166748e-02
3.565873205661773682e-02
3.475182006756464409e-02
3.458026610314846039e-02
3.301971840361753868e-02
3.583810975154241157e-02
3.450416401028633118e-02
3.300272735456625389e-02
3.323428270717462135e-02
3.402234055101871490e-02
3.474474201599756645e-02
3.382754139602184296e-02
3.488690406084060669e-02
3.555743023753166199e-02
3.572376693288484978e-02
3.335415509839852882e-02
3.648421478768189979e-02
3.397567570209503174e-02
3.379441301027933525e-02
3.605880215764045715e-02
3.540512112279733253e-02
3.497883056600888801e-02
3.538077200452486443e-02
3.441503643989562988e-02
3.599345932404200005e-02
3.517618030309677124e-02
3.434203068415323662e-02
3.642636910080909729e-02
3.520980601509412361e-02
3.428423156340917183e-02
3.307706800599893165e-02
3.408124670386314392e-02
3.590025193989276886e-02
3.434369402627149986e-02
3.529477740327516960e-02
3.336513725419839455e-02
3.413936930398146080e-02
3.489221259951591492e-02
3.566097219785054756e-02
3.436577630539735390e-02
3.372661583125591278e-02
3.531250916421413422e-02
3.487128764390945435e-02
3.761321057875951362e-02
3.466628988583882881e-02
3.464746164778868126e-02
3.464775718748569489e-02
3.636262814203897881e-02
3.371189100046952797e-02
3.431120949486891197e-02
3.576676547527313232e-02
3.447917227943738533e-02
3.528117512663205696e-02
3.479431817928949761e-02
3.438609279692173004e-02
3.542111193140348030e-02
3.433380462229251862e-02
3.502378116051355766e-02
3.422414325177669525e-02
3.537029897173245979e-02
3.430649513999620842e-02
3.599742489556471275e-02
3.473864744106928276e-02
3.370643158753713203e-02
3.546490271886190010e-02
3.552055110534032417e-02
3.608785693844159675e-02
3.658712220688661171e-02
3.609409307440122200e-02
3.562875961263974739e-02
3.586155300339063240e-02
3.403505807121594978e-02
3.326433834930261207e-02
3.433437272906303406e-02
3.451078509291013313e-02
3.558929885427156853e-02
3.496431435147921013e-02
3.330859355628490448e-02
3.701140855749448372e-02
3.705808458228906227e-02
3.433957695960998535e-02
3.383748792111873627e-02
3.550370906790097786e-02
3.448592126369476318e-02
3.442358908553918434e-02
3.265656592945257591e-02
3.582543941835562157e-02
3.312116178373495506e-02
3.352292130390802788e-02
3.371098699669042992e-02
3.393994582196076942e-02
3.640835608045259880e-02
3.601591226955255104e-02
3.333225597937902046e-02
3.379185435672601295e-02
3.639704485734304024e-02
3.598687052726745605e-02
