2.122893095016479548e-01
1.674651376903057154e-01
1.323121674358844757e-01
1.046861648559570257e-01
8.742011412978172025e-02
6.396378576755523682e-02
6.627529487013816833e-02
5.907530039548873624e-02
5.760696791112422666e-02
5.277551524341106415e-02
5.171885676681995531e-02
5.104227922856807709e-02
5.746444649994373460e-02
5.518479794263839860e-02
5.278209559619426866e-02
5.045651420950889726e-02
5.109733864665031572e-02
5.229205340147018155e-02
5.807541199028491696e-02
5.763699859380722046e-02
5.814704932272433957e-02
5.417922958731651029e-02
5.324127189815044264e-02
6.698490492999553680e-02
6.277792192995548803e-02
6.001037135720253130e-02
5.850188732147217074e-02
5.342251546680927554e-02
5.765784792602061948e-02
5.903653539717197696e-02
6.211215443909168243e-02
5.906125418841838559e-02
6.234573107212781906e-02
5.897842645645141879e-02
5.656694844365119795e-02
5.007074736058712144e-02
5.745643302798271457e-02
5.505367554724216461e-02
5.134743228554725786e-02
5.198048055171966553e-02
5.373547673225402554e-02
5.131080672144890109e-02
5.197406448423862180e-02
5.595709979534149031e-02
5.164930969476699829e-02
4.442060329020023485e-02
5.277992635965347151e-02
5.592220462858676910e-02
5.761403664946555814e-02
5.855245888233184814e-02
5.731611922383308272e-02
5.742821544408797940e-02
5.442181825637817244e-02
5.985133871436119218e-02
6.078025735914707045e-02
5.469309389591216902e-02
5.157226957380771359e-02
5.213060174137353758e-02
5.517260059714317044e-02
5.362707078456878385e-02
5.154380574822425842e-02
6.399412453174591064e-02
5.675022639334201952e-02
5.314021147787571092e-02
6.580316163599490842e-02
6.284681148827075958e-02
5.914826095104217668e-02
5.963173955678939542e-02
6.130160614848136763e-02
6.062773764133453508e-02
5.624637082219123563e-02
5.266069024801254411e-02
6.237524934113025665e-02
5.537559092044830322e-02
6.268952526152134219e-02
5.086526982486248155e-02
4.983242899179458896e-02
5.863664671778678894e-02
6.454569250345229547e-02
6.721884906291961115e-02
6.388611309230327051e-02
5.783758051693439761e-02
5.100139006972313066e-02
6.924541480839252472e-02
5.809766612946987152e-02
6.103676259517669400e-02
5.024039037525653700e-02
5.317348167300224582e-02
4.981456100940704484e-02
4.787493608891964236e-02
5.940396972000598630e-02
5.990527756512165070e-02
5.885909162461757521e-02
6.787209548056125086e-02
6.592223607003688812e-02
6.470623612403869629e-02
5.837335307151079317e-02
5.501007810235023637e-02
6.772910915315151492e-02
6.619959026575088223e-02
6.443471014499664584e-02
6.123211681842803678e-02
5.820810273289680342e-02
5.625583305954932889e-02
5.599880144000053683e-02
5.536372028291225433e-02
5.741306170821190019e-02
6.037938855588435849e-02
5.719066858291625699e-02
5.474922060966491699e-02
5.600721538066864152e-02
5.259969849139452258e-02
5.050443187355994901e-02
4.831958208233118335e-02
4.957181252539157729e-02
6.062382757663727084e-02
7.057097814977168759e-02
6.508185341954231262e-02
6.219442263245582303e-02
6.092375814914703647e-02
5.958650037646293779e-02
5.736405998468398909e-02
5.273562967777252475e-02
5.188864395022392551e-02
7.079429700970649164e-02
7.027955055236816129e-02
6.878918670117854794e-02
6.881579421460629065e-02
6.833839043974876404e-02
7.022424899041652957e-02
6.954446397721766870e-02
6.672674044966697693e-02
6.583829857409000119e-02
6.484588682651519498e-02
6.646380275487899503e-02
6.428918875753879270e-02
6.357901804149150571e-02
6.392328329384326657e-02
6.072550043463707109e-02
7.126968875527381342e-02
7.116077840328216553e-02
7.070903703570366461e-02
7.095763683319092352e-02
7.079382874071597775e-02
7.011628299951552790e-02
6.770521067082882483e-02
7.007805556058883945e-02
7.163796648383140286e-02
7.031960189342498224e-02
6.841785199940204898e-02
6.942124105989933014e-02
7.079233303666114530e-02
6.966950558125972748e-02
6.945859603583812159e-02
6.969512738287449161e-02
6.986490935087204257e-02
6.708245575428009588e-02
6.834525279700756628e-02
6.902989372611045837e-02
6.931874081492424289e-02
6.904016695916652402e-02
6.816466525197029114e-02
6.607917845249175470e-02
6.523305773735046942e-02
6.630846299231052399e-02
6.223480664193629941e-02
6.590277887880802155e-02
6.409376338124275763e-02
6.337618939578533450e-02
6.364079378545284271e-02
6.394597738981247503e-02
6.267382986843586523e-02
6.254354491829872131e-02
6.499854959547519961e-02
6.600108891725539606e-02
6.545655280351639349e-02
6.760294437408446988e-02
6.831905394792556208e-02
6.759742461144924164e-02
6.498631201684475223e-02
6.794358715415001193e-02
6.651012301445007047e-02
6.697669029235839289e-02
6.689921319484710971e-02
6.404202431440353394e-02
6.519528497010469714e-02
6.779997311532497128e-02
6.690295226871967316e-02
6.896695867180824280e-02
6.826071590185164850e-02
6.832542456686496735e-02
6.908301822841167450e-02
6.680975109338760376e-02
6.739894933998584470e-02
6.859570592641830999e-02
6.733494400978087824e-02
6.855171807110309323e-02
6.531335338950157443e-02
6.471454799175262174e-02
6.433567628264427740e-02
6.395419947803020200e-02
6.297879256308078211e-02
6.279263831675052643e-02
6.393888220191001892e-02
6.513227112591266077e-02
6.547228731215000430e-02
6.657493412494659701e-02
6.661180108785628995e-02
6.630296558141708652e-02
6.536093913018703461e-02
6.518814861774444025e-02
6.465535983443260193e-02
6.410851776599883756e-02
6.597087197005749304e-02
6.640200801193714419e-02
6.396716274321079254e-02
6.530721634626387995e-02
6.411451175808906278e-02
6.335882954299450198e-02
6.305644661188125610e-02
6.633654907345772067e-02
6.704451516270637512e-02
6.556069925427436551e-02
6.647297814488410672e-02
6.604554280638694208e-02
6.515687853097915094e-02
6.589454822242260534e-02
6.670381203293800076e-02
6.739112362265586853e-02
6.595758199691773016e-02
6.565324999392033178e-02
6.612760014832019806e-02
6.723994985222817022e-02
6.694487519562244970e-02
6.691120080649852475e-02
6.659831181168555936e-02
6.547255404293536585e-02
6.553806848824024478e-02
6.522965617477893829e-02
6.676851995289326269e-02
6.584049984812737066e-02
6.551321446895599920e-02
6.557370834052562991e-02
6.538998447358608523e-02
6.513812914490699213e-02
6.782810725271701258e-02
6.795224957168102820e-02
6.778866127133369168e-02
6.607759669423103610e-02
6.876429282128811160e-02
6.934484541416167935e-02
6.763297580182552060e-02
6.817525401711463373e-02
6.919251829385757169e-02
6.851762272417545596e-02
6.852387078106403351e-02
6.884926185011863708e-02
6.842075213789940158e-02
6.801656857132912237e-02
6.700070016086101532e-02
6.721955724060535431e-02
6.592401713132858831e-02
6.574197858572006226e-02
6.876394450664520541e-02
6.750410310924052915e-02
6.711611822247505466e-02
6.693849824368953982e-02
6.720886342227458399e-02
6.823856458067893704e-02
6.890162602066993158e-02
6.806415542960167486e-02
6.842070557177067081e-02
6.793656125664711276e-02
6.681233048439025324e-02
6.683390773832798004e-02
6.730003505945206244e-02
6.745791696012019834e-02
6.764076240360736292e-02
6.670240797102451602e-02
6.911328621208667755e-02
6.840634830296039859e-02
6.770252957940101068e-02
6.868731938302516382e-02
7.007134482264518183e-02
6.906495057046413422e-02
6.836267113685608188e-02
6.762541271746158600e-02
6.781074069440365393e-02
6.686594896018505096e-02
6.749494075775146207e-02
6.781165599822998324e-02
6.809101626276969910e-02
6.739731840789317530e-02
6.633770316839218695e-02
6.598638184368610382e-02
6.584817878901957910e-02
6.717229895293712338e-02
6.723099313676357547e-02
6.583718769252300262e-02
6.644235812127589902e-02
6.521541923284530917e-02
6.362460665404796878e-02
6.413773894309997281e-02
6.351984590291977206e-02
6.701535359025001526e-02
6.424032412469386777e-02
6.306064613163471499e-02
6.295830793678761084e-02
6.313914954662322443e-02
6.332668215036392489e-02
6.303421072661877234e-02
6.564673483371734342e-02
6.401250436902046481e-02
6.359071880578995306e-02
6.329349987208843231e-02
6.469787470996379852e-02
6.589622050523757935e-02
6.625928841531276980e-02
6.560625210404395780e-02
6.436372809112071713e-02
6.516341641545295160e-02
6.514542512595652979e-02
6.560789793729782104e-02
6.439189687371253690e-02
6.393542885780334473e-02
6.459315530955792029e-02
6.725515574216842096e-02
6.544998288154602051e-02
6.429423503577709476e-02
6.478086523711681921e-02
6.566753797233104706e-02
6.594087928533554077e-02
6.522772684693337042e-02
6.397513449192046564e-02
6.396499350666999539e-02
6.396983005106449127e-02
6.370741128921508789e-02
6.432768851518630426e-02
6.690461151301860254e-02
6.508778743445872705e-02
6.413362398743630011e-02
6.607885546982288083e-02
6.723320446908473413e-02
6.639043316245078763e-02
6.423002742230891904e-02
6.480046659708023349e-02
6.487046629190444669e-02
6.586994417011737823e-02
6.677523218095302027e-02
6.705242358148097437e-02
6.658627279102802277e-02
6.614525131881236752e-02
6.700513251125812808e-02
6.846384443342685977e-02
6.824798136949539185e-02
6.697079576551914770e-02
6.732225678861140927e-02
6.692740209400653562e-02
6.660695225000382025e-02
6.591136977076531012e-02
6.564214751124382297e-02
6.611132435500621796e-02
6.532190330326556604e-02
6.678729243576526919e-02
6.660870946943760196e-02
6.631373018026351374e-02
6.559441685676574429e-02
6.497969329357147772e-02
6.487293951213360388e-02
6.496432125568389615e-02
6.518339440226554593e-02
6.567702367901802341e-02
6.575000211596489230e-02
6.624805293977260867e-02
6.547257490456104279e-02
6.665754467248916071e-02
6.574106626212597448e-02
6.730055287480354864e-02
6.665848456323146543e-02
6.862371899187565127e-02
6.902844570577144900e-02
6.762244887650012415e-02
6.843182332813739499e-02
6.808769106864928644e-02
6.966646574437618256e-02
6.877902969717979154e-02
6.868643090128898065e-02
6.859318576753140051e-02
6.856753900647163946e-02
6.767331995069980621e-02
6.704032085835934240e-02
6.668493933975697119e-02
6.580254174768924991e-02
6.712378934025764465e-02
6.627819053828716556e-02
6.681628562510014135e-02
6.717958115041255951e-02
6.695489957928657532e-02
6.912556700408459265e-02
6.853625960648060400e-02
6.870864182710648138e-02
6.811796166002750952e-02
6.807447783648967743e-02
6.773672066628932953e-02
6.775243878364563266e-02
6.706543713808059415e-02
6.712807938456535894e-02
6.645210161805152616e-02
6.620845086872577390e-02
6.606501713395118713e-02
6.560436598956584375e-02
6.544784046709536951e-02
6.541586667299270630e-02
6.554920226335525513e-02
6.608742997050284784e-02
6.615921966731548587e-02
6.596454195678233545e-02
6.577258706092833918e-02
6.579837389290332794e-02
6.655070297420025149e-02
6.513152755796909610e-02
6.530378498136997500e-02
6.534964963793754578e-02
6.460428088903427679e-02
6.515486352145671844e-02
6.569506563246249597e-02
6.590972244739531916e-02
6.693957597017288763e-02
6.599532440304756165e-02
6.652298681437969485e-02
6.760681904852390567e-02
6.900086291134358008e-02
6.929557360708712976e-02
6.976274214684963226e-02
6.881693080067634305e-02
6.854084804654121676e-02
6.777319759130477628e-02
6.734311394393444061e-02
6.883536092936992645e-02
6.804432012140751440e-02
6.784544289112090509e-02
6.727319732308387201e-02
6.739656366407871524e-02
6.722745150327683050e-02
6.753301396965979975e-02
6.726295910775662024e-02
6.718661077320575714e-02
6.663448661565780917e-02
6.678587459027766904e-02
6.706140600144863684e-02
6.796820275485515594e-02
6.773240752518176755e-02
6.750729903578758795e-02
6.729732751846313754e-02
6.754040718078613281e-02
6.735525764524936954e-02
6.708124876022339422e-02
6.774139590561389923e-02
6.799840740859508514e-02
6.739154420793055933e-02
6.787000633776188452e-02
6.823392622172833044e-02
6.786604635417461950e-02
6.789001896977424344e-02
6.775332465767860968e-02
6.764780208468437750e-02
6.740813180804253180e-02
6.724213100969791967e-02
6.731759496033191958e-02
6.672177165746688565e-02
6.712667867541313726e-02
6.741861999034881592e-02
6.701885126531123560e-02
6.684919670224190313e-02
6.713865026831626615e-02
6.687083840370178223e-02
6.649593710899352750e-02
6.597203202545642853e-02
6.568119227886200229e-02
6.607786007225513458e-02
6.584193259477615079e-02
6.561957783997059146e-02
6.550044082105159482e-02
6.581374667584896643e-02
6.591147407889366705e-02
6.637109182775020877e-02
6.586621776223182401e-02
6.605297438800335208e-02
6.639640927314757746e-02
6.682621091604232233e-02
6.634590253233910162e-02
6.628877744078635892e-02
6.632854714989662448e-02
6.538173668086529056e-02
6.534592360258102695e-02
6.561586372554302493e-02
6.788012906908988398e-02
6.760181859135627747e-02
6.636740528047084531e-02
6.633423641324043274e-02
6.598994024097919187e-02
6.561350189149380008e-02
6.516392976045608243e-02
6.566745489835738858e-02
6.545893512666225988e-02
6.527347080409526270e-02
6.509540565311908167e-02
6.470567472279072085e-02
6.464649327099322718e-02
6.454585939645766934e-02
6.418917924165726263e-02
6.440542973577975672e-02
6.440651640295982916e-02
6.432998813688754758e-02
6.433633193373680670e-02
6.403121240437030515e-02
6.468542926013469418e-02
6.467490419745444696e-02
6.426158398389816839e-02
6.423990577459334772e-02
6.396310031414031982e-02
6.347626782953738611e-02
6.497386880218983252e-02
6.460728459060191553e-02
6.470703184604645331e-02
6.453154385089873712e-02
6.409780941903590878e-02
6.371314302086830694e-02
6.359753049910069067e-02
6.351325325667858679e-02
6.400008946657180509e-02
6.352740414440631589e-02
6.386698707938194552e-02
6.337189488112926483e-02
6.359595581889151972e-02
6.383689679205417633e-02
6.376700326800346930e-02
6.340157538652420322e-02
6.351038068532943726e-02
6.370586417615413388e-02
6.443071290850639621e-02
6.366789974272250852e-02
6.349092684686183374e-02
6.335546970367431086e-02
6.286543905735016147e-02
6.244087368249893327e-02
6.222970969974994659e-02
6.235415749251842221e-02
6.224076189100742618e-02
6.228023245930671553e-02
6.205496117472648898e-02
6.245858334004879275e-02
6.263069398701190393e-02
6.234397031366824965e-02
6.209071464836597720e-02
6.201028190553188602e-02
6.218936778604984561e-02
6.310276314616203308e-02
6.270939968526363650e-02
6.271749511361121576e-02
6.193579994142055234e-02
6.356926411390304010e-02
6.338943988084792813e-02
6.275204569101333618e-02
6.156823635101318221e-02
6.172324754297733168e-02
6.148884110152721266e-02
6.201743371784686903e-02
6.230923421680926999e-02
6.210988536477089067e-02
6.229067146778106967e-02
6.204365193843841553e-02
6.195497959852218350e-02
6.205643191933631758e-02
6.133803874254226823e-02
6.246494464576244493e-02
6.238566450774669925e-02
6.369001157581806460e-02
6.299393251538276672e-02
6.236689798533916196e-02
6.573093757033347806e-02
6.512758284807204645e-02
6.428906507790088654e-02
6.615308970212936679e-02
6.429898999631404599e-02
6.352564878761768341e-02
6.443356350064277649e-02
6.352792754769324979e-02
6.277456805109978000e-02
6.238677948713302474e-02
6.251583062112331390e-02
6.310031563043594360e-02
6.271877475082873743e-02
6.209886968135833879e-02
6.229618601500987868e-02
6.315356381237506589e-02
6.219825781881808957e-02
6.186911240220070024e-02
6.197753623127937039e-02
6.157598048448562761e-02
6.168701052665710727e-02
6.149049587547779361e-02
6.149074509739875516e-02
6.212975569069385806e-02
6.326469257473946173e-02
6.241739653050899783e-02
6.171139851212501665e-02
6.172066591680049757e-02
6.191472336649894714e-02
6.114981025457381925e-02
6.124816350638866147e-02
6.096079386770725250e-02
6.103222966194152971e-02
6.068976894021034518e-02
6.058306694030761441e-02
6.148861832916736880e-02
6.056470684707164487e-02
6.056605093181133270e-02
6.164918094873428345e-02
6.303725652396678647e-02
6.102736853063106537e-02
6.116237342357635359e-02
6.057433262467384200e-02
6.026334036141633987e-02
6.005318909883498868e-02
5.980667769908905307e-02
5.982877574861049375e-02
6.054966375231742720e-02
6.318020671606064398e-02
6.084427237510681152e-02
6.021133959293365617e-02
6.028873287141323090e-02
5.994741804897785187e-02
5.950892083346843997e-02
5.940729714930057664e-02
5.939586050808429857e-02
5.956927612423897067e-02
5.937602035701274733e-02
5.903464294970035831e-02
6.311959885060787478e-02
5.923623442649841170e-02
5.963488556444644650e-02
6.129920780658722201e-02
5.953938551247119765e-02
5.938607342541217526e-02
5.919118709862232486e-02
5.907694771885872026e-02
5.873133204877376695e-02
5.864878669381141940e-02
5.927986167371272763e-02
5.858515575528144836e-02
6.015810295939445773e-02
5.950284451246261319e-02
5.898795612156391283e-02
5.984320752322673520e-02
5.879560038447380343e-02
5.883947312831878940e-02
5.843217186629771909e-02
5.842796564102172713e-02
5.890916585922241488e-02
5.808313153684139390e-02
5.807490199804306308e-02
5.949930362403392514e-02
5.854218192398548404e-02
5.798220485448837141e-02
5.803130045533180098e-02
5.754158422350883623e-02
5.765160918235778809e-02
5.752647593617439548e-02
5.745397917926311354e-02
5.743251368403434753e-02
5.735004097223281999e-02
5.716088712215423862e-02
5.707833040505647798e-02
5.690546706318855286e-02
5.685984976589679440e-02
5.690175779163837710e-02
5.657351873815059939e-02
5.648622624576091905e-02
5.687062740325928012e-02
5.842156782746314725e-02
5.682832114398479739e-02
5.636396072804927826e-02
5.630560629069805006e-02
5.630057975649833957e-02
5.628269948065280776e-02
5.634761713445186893e-02
5.844320878386497636e-02
5.652746595442294936e-02
5.635209567844867706e-02
5.584193766117095947e-02
5.609433911740779877e-02
5.567620173096656661e-02
5.570237413048743924e-02
5.541376285254955014e-02
5.540310293436050137e-02
5.530046485364437103e-02
5.523913875222206255e-02
5.516634210944175443e-02
5.547711588442325731e-02
5.493383109569549561e-02
5.526624433696269989e-02
5.547513775527477403e-02
5.546552538871764998e-02
5.503150895237922391e-02
5.489497669041156630e-02
5.469176620244979581e-02
5.462676361203193387e-02
5.453854165971279422e-02
5.442445017397403578e-02
5.438473187386989871e-02
5.458993837237358093e-02
5.465037040412425856e-02
5.436071120202541629e-02
5.425596237182617188e-02
5.434922911226749281e-02
5.436047241091727933e-02
5.411044470965862413e-02
5.426256060600280484e-02
5.470646321773529192e-02
5.414937362074852267e-02
5.408748947083950182e-02
5.380522217601537566e-02
5.382701829075813016e-02
5.387549437582492967e-02
5.378928743302822252e-02
5.377972871065139771e-02
5.373092405498027663e-02
5.390795059502125064e-02
5.361938551068305692e-02
5.415356978774070462e-02
5.357445627450942854e-02
5.427753962576389174e-02
5.412413477897644321e-02
5.355374328792095184e-02
5.359332300722598891e-02
5.338432528078555783e-02
5.360521189868450165e-02
5.329933241009712080e-02
5.347819738090038577e-02
5.318699479103088101e-02
5.361935310065746307e-02
5.346972532570361952e-02
5.352610461413860599e-02
5.333054512739181241e-02
5.308143217116594037e-02
5.300071351230144223e-02
5.280363373458385468e-02
5.276616215705871860e-02
5.275705978274345537e-02
5.272775664925575395e-02
5.271647460758686204e-02
5.286236554384231290e-02
5.264480970799922943e-02
5.314564369618892531e-02
5.262256972491741180e-02
5.292734242975712100e-02
5.242112353444099149e-02
5.256692655384540697e-02
5.249279253184795102e-02
5.233138687908649167e-02
5.237772911787032942e-02
5.223792716860771457e-02
5.229180790483951846e-02
5.274299569427966933e-02
5.231098569929600040e-02
5.216130539774894992e-02
5.223664008080959598e-02
5.205010809004306793e-02
5.192391201853752136e-02
5.194523781538009505e-02
5.197579115629195889e-02
5.185747332870960236e-02
5.178188476711511473e-02
5.176182016730308810e-02
5.194880403578281541e-02
5.177980139851569991e-02
5.164266824722289762e-02
5.155865252017974992e-02
5.153517238795757294e-02
5.155544467270374576e-02
5.142963230609894076e-02
5.138936638832092285e-02
5.134276263415813585e-02
5.136528015136718889e-02
5.121539607644080838e-02
5.125127844512462894e-02
5.122353900223970691e-02
5.123047344386577606e-02
5.135441236197948317e-02
5.112819597125053267e-02
5.119976159185170989e-02
5.100100208073854446e-02
5.097666047513484816e-02
5.082084573805332323e-02
5.151070803403854509e-02
5.184849090874195376e-02
5.150321871042251587e-02
5.107342116534709792e-02
5.102941282093524655e-02
5.075425766408443728e-02
5.089041031897068024e-02
5.069148875772953172e-02
5.064369663596153537e-02
5.067472979426383695e-02
5.060365125536918363e-02
5.053028725087642392e-02
5.056796595454216003e-02
5.049946438521146774e-02
5.046842209994793077e-02
5.047588609158992767e-02
5.045916400849818906e-02
5.040016844868659696e-02
5.037469398230313977e-02
5.038365721702575684e-02
5.032712593674659729e-02
5.033379942178726335e-02
5.031320396810769896e-02
5.028161108493804654e-02
5.020220428705215315e-02
5.031164474785328189e-02
5.026357322931289395e-02
5.072925277054309706e-02
5.011606849730014523e-02
5.018231272697448730e-02
5.003357324749231616e-02
5.005220584571361264e-02
5.003116745501756668e-02
5.000105835497379442e-02
5.001465268433093886e-02
4.995491765439510207e-02
4.994714893400668820e-02
4.991301074624061862e-02
4.993041083216667037e-02
4.986658506095409393e-02
4.989151060581207414e-02
4.986928291618823728e-02
4.982767179608345309e-02
4.991212673485279083e-02
4.965347498655318936e-02
4.984697680920362195e-02
4.968487061560154100e-02
4.963856898248195787e-02
4.976053461432457248e-02
4.961533322930335860e-02
4.977658949792385101e-02
4.963599871844052991e-02
4.960993155837058882e-02
4.952044785022735596e-02
4.952912628650665144e-02
4.944042433053254942e-02
4.946097955107688765e-02
4.937501251697540283e-02
4.936833884567022601e-02
4.939808100461959978e-02
4.944166764616966109e-02
4.915807284414767941e-02
4.927239008247852325e-02
4.926230385899543762e-02
4.922577179968357086e-02
4.927765168249607225e-02
4.914477504789829115e-02
4.910514578223228177e-02
4.912007432430982867e-02
4.908071756362915317e-02
4.905422292649745664e-02
4.906922280788421353e-02
4.904169812798499922e-02
4.897725582122802734e-02
4.900526031851768632e-02
4.913184605538845062e-02
4.924553968012333055e-02
4.920429326593876024e-02
4.946535676717758040e-02
4.889334533363580426e-02
4.904752038419246674e-02
4.874187149107456207e-02
4.875540286302566806e-02
4.876200202852487564e-02
4.876028373837471008e-02
4.882106222212314467e-02
4.872193746268749237e-02
4.870253689587115964e-02
4.867674745619297166e-02
4.859351739287376404e-02
4.866486061364412585e-02
4.866486489772796353e-02
4.859033375978469987e-02
4.860071986913681169e-02
4.857321195304394046e-02
4.858807995915413042e-02
4.861546270549297472e-02
4.865302443504333774e-02
4.867284707725048204e-02
4.860269390046596805e-02
4.926167167723179141e-02
4.890807718038558960e-02
4.893247969448566437e-02
4.869164638221264163e-02
4.853197112679481784e-02
4.827470164746046344e-02
4.841130841523409029e-02
4.826229289174079756e-02
4.831949193030595641e-02
4.830763302743434906e-02
4.829960279166698595e-02
4.831306040287017961e-02
4.826850760728120665e-02
4.826048593968153277e-02
4.824531115591525893e-02
4.826023206114769121e-02
4.822938218712806424e-02
4.820734821259975433e-02
4.820516258478164950e-02
4.818532019853592058e-02
4.816865697503090044e-02
4.817577973008155962e-02
4.812119565904140334e-02
4.814136009663343152e-02
4.820258505642414232e-02
4.812542423605918607e-02
4.811747968196868758e-02
4.809362366795540134e-02
4.808745831251144687e-02
4.809880703687667569e-02
4.806578531861305237e-02
4.802073743194341937e-02
4.805087782442570010e-02
4.803655799478292326e-02
4.804440792649984637e-02
4.798640552908182283e-02
4.798089619725942612e-02
4.795068800449371615e-02
4.796235226094722887e-02
4.792477861046791354e-02
4.793936330825090270e-02
4.791060984134674211e-02
4.790621325373649320e-02
4.788228664547204694e-02
4.786112457513809482e-02
4.787641428411006789e-02
4.785568714141845426e-02
4.782318118959665021e-02
4.779793098568916460e-02
4.780776873230933866e-02
4.779583513736725131e-02
4.778304845094680925e-02
4.778518676757812639e-02
4.778832271695136746e-02
4.770414605736732205e-02
4.772835336625576297e-02
4.775113090872764449e-02
4.771544747054577013e-02
4.769549127668142041e-02
4.768490046262741089e-02
4.767088405787944794e-02
4.762599170207977572e-02
4.763286821544170102e-02
4.763933066278695783e-02
4.768646247684955874e-02
4.759074747562408447e-02
4.769202750176191469e-02
4.757790081202983856e-02
4.755008742213249345e-02
4.756773374974727908e-02
4.754639137536287308e-02
4.750040005892515460e-02
4.748704563826322556e-02
4.747531525790691515e-02
4.747361615300178805e-02
4.745515156537294388e-02
4.744859654456377168e-02
4.742382243275642534e-02
4.744241870939731875e-02
4.741766378283500394e-02
4.738183170557021956e-02
4.738247115164995193e-02
4.737452305853366574e-02
4.735575169324875155e-02
4.735726937651633939e-02
4.734129048883915086e-02
4.733277652412652692e-02
4.728634506464004378e-02
4.731058906763792316e-02
4.728191643953323642e-02
4.725749269127845625e-02
4.725346267223358432e-02
4.724216423928737779e-02
4.722670875489711623e-02
4.720886126160621366e-02
4.720568768680095950e-02
4.720198102295398990e-02
4.715660549700260301e-02
4.714920539408921918e-02
4.714681226760149280e-02
4.711991362273693085e-02
4.710989110171794753e-02
4.709097482264042178e-02
4.708601720631122589e-02
4.701559916138649264e-02
