3.719594160715738784e+00
3.173876762390136719e+00
3.408594409624735366e+00
2.386081854502359878e+00
1.688778758049011230e+00
1.776067773501078362e+00
9.948774576187133789e-01
9.395434657732645300e-01
1.011271258195241218e+00
8.529863158861795691e-01
8.365172346433004114e-01
1.265894651412963867e+00
1.039571960767110115e+00
8.502580126126607629e-01
9.709774653116861609e-01
9.119388858477274207e-01
8.716651995976766321e-01
1.001423895359039307e+00
9.201712012290954590e-01
9.556660453478494910e-01
9.544150829315185547e-01
8.137554725011190149e-01
1.444465796152750725e+00
1.146180550257364983e+00
8.783590793609619141e-01
1.040732999642689949e+00
8.590974807739257812e-01
9.710897008577982215e-01
1.072021901607513428e+00
1.039265433947245354e+00
1.192853192488352532e+00
9.249632159868875769e-01
9.692402283350626258e-01
8.723474144935607910e-01
8.152402242024739953e-01
9.795360962549845008e-01
9.668729106585184363e-01
8.452358047167459754e-01
9.038280646006265906e-01
8.133857448895772668e-01
1.005059758822123284e+00
8.823671340942382812e-01
8.115893205006917688e-01
1.015821655591328865e+00
8.671397368113199500e-01
9.578218062718709680e-01
9.803579847017923621e-01
1.195578952630360847e+00
8.927039305369058875e-01
8.957702716191610071e-01
1.052705446879069084e+00
8.428380886713663367e-01
8.945631980895996094e-01
9.926087856292724609e-01
8.932867248853048059e-01
8.267684976259866980e-01
1.237338284651438469e+00
1.080792109171549553e+00
9.709918498992919922e-01
8.947767416636148718e-01
1.297662456830342537e+00
1.049469451109568352e+00
8.628728787104288367e-01
9.281405210494995117e-01
1.019593079884846931e+00
9.424223303794860840e-01
9.958346883455911902e-01
1.160395920276641846e+00
1.036372741063435798e+00
1.003863275051116943e+00
8.892151912053426477e-01
1.051666259765625000e+00
1.044319947560628181e+00
1.110391259193420410e+00
8.556010723114013672e-01
9.904316862424215051e-01
9.455552498499552039e-01
1.007348775863647461e+00
1.205653945604960198e+00
1.011423369248708015e+00
9.109879136085510254e-01
8.651456038157144812e-01
1.224580268065134758e+00
9.566947619120279578e-01
9.218833446502685547e-01
8.887125849723815918e-01
1.047869145870208740e+00
1.006662249565124512e+00
9.193103114763895300e-01
8.247869610786437988e-01
1.172145307064056396e+00
9.634387691815694543e-01
1.111427903175354004e+00
1.008469760417938232e+00
1.008119126160939460e+00
9.727500677108764648e-01
9.464621742566426965e-01
9.715226888656616211e-01
1.150664687156677246e+00
1.008056104183197021e+00
1.009507616360982185e+00
8.980466127395629883e-01
8.702511588732401160e-01
9.031572540601094934e-01
8.652133345603942871e-01
7.864713867505391809e-01
1.053904215494791741e+00
9.197841684023538855e-01
9.869737227757772180e-01
1.016611079374949211e+00
8.273497819900512695e-01
8.645560145378112793e-01
8.046336968739827844e-01
8.018567760785421106e-01
8.856493433316549035e-01
1.280644456545511956e+00
1.049837827682495117e+00
8.687904278437296179e-01
9.104191263516744348e-01
1.050031503041585212e+00
8.641776641209920617e-01
8.493655323982238770e-01
7.323998610178629187e-01
1.277866125106811523e+00
1.097374320030212402e+00
1.064852356910705566e+00
1.062961181004842048e+00
9.352604349454244348e-01
1.077805002530415779e+00
1.046256522337595696e+00
1.004053413867950439e+00
9.473480979601541785e-01
9.067827463150024414e-01
9.826468825340270996e-01
9.372950196266174316e-01
1.015657265981038337e+00
8.851822415987650183e-01
9.061576525370279578e-01
1.189965049425760979e+00
1.070731778939564949e+00
1.092030684153239006e+00
1.005279242992401123e+00
1.033606986204783196e+00
1.005494276682535881e+00
9.848293860753377649e-01
1.055093089739481682e+00
1.057429671287536621e+00
1.042566696802775139e+00
9.774670799573262903e-01
9.552256067593892785e-01
1.048267006874084473e+00
1.005197346210479736e+00
9.870456457138061523e-01
1.015927672386169434e+00
1.000035901864369636e+00
9.811189770698547363e-01
1.010048031806945801e+00
9.987555146217346191e-01
1.072003006935119629e+00
9.869975845019022254e-01
9.943403204282125207e-01
9.841855565706888465e-01
9.652599493662515906e-01
9.841780463854471472e-01
9.862288832664489746e-01
9.933123389879862097e-01
1.016043941179911370e+00
1.019592165946960449e+00
9.326465129852294922e-01
1.011835396289825439e+00
9.072153170903524133e-01
1.076128880182902092e+00
9.766638278961181641e-01
9.688809315363565711e-01
9.490563074747720984e-01
1.043148795763651604e+00
1.024547060330708748e+00
1.044299662113189697e+00
1.023945132891337151e+00
1.137449661890665764e+00
1.027356108029683357e+00
9.470793803532918664e-01
1.055513302485148186e+00
9.864931106567382812e-01
9.638951818148294715e-01
1.053992847601572747e+00
9.498595396677652625e-01
1.029387354850769043e+00
9.618483185768127441e-01
1.045863926410675049e+00
1.018601198991139656e+00
9.760636091232299805e-01
1.008135100205739265e+00
1.044879257678985596e+00
9.997253219286600379e-01
1.008685231208801270e+00
9.674151142438253137e-01
8.992987473805745813e-01
9.780670404434204102e-01
9.790375630060831336e-01
9.151681065559387207e-01
9.114079674084981653e-01
1.017278273900349861e+00
9.567697842915853235e-01
9.207871158917745325e-01
1.048867543538411384e+00
1.082163532574971443e+00
1.028288324673970466e+00
9.710122545560201379e-01
9.268404841423034668e-01
9.285655419031778601e-01
9.194247921307882043e-01
1.001473923524220710e+00
9.621581037839254114e-01
9.486284255981445312e-01
9.316421151161193848e-01
9.967692693074544641e-01
9.286313454310098914e-01
9.411775072415670129e-01
1.013736267884572273e+00
9.953497250874837610e-01
9.969048897425333289e-01
9.237132867177327844e-01
1.008329749107360840e+00
9.436393181482950476e-01
9.432430664698282508e-01
9.379633466402689246e-01
9.492660959561666223e-01
9.436593453089395789e-01
9.076788028081258508e-01
9.567841092745462683e-01
9.348521033922830847e-01
9.420243899027506140e-01
1.017291943232218498e+00
9.394147594769796106e-01
9.217533667882283899e-01
9.606338739395141602e-01
1.001226981480916267e+00
1.008973161379496331e+00
9.303952654202779504e-01
9.264937241872152063e-01
9.469662904739379883e-01
9.553678433100382117e-01
9.192022879918416711e-01
1.019795338312784905e+00
9.629934430122375488e-01
9.564552505811055871e-01
9.453289111455281946e-01
1.034588515758514404e+00
1.006152689456939697e+00
9.838435252507528039e-01
1.032248675823211670e+00
9.989137053489685059e-01
9.637963573137918738e-01
1.004608054955800300e+00
1.020872215429941887e+00
9.444774190584818152e-01
1.040013372898101807e+00
9.587826927502950403e-01
9.295122623443603516e-01
9.842949112256368371e-01
9.103787342707315711e-01
9.366983373959859582e-01
9.663759469985961914e-01
9.654628237088521692e-01
9.573928515116373328e-01
9.651979406674703332e-01
1.036144713560740227e+00
9.753677248954772949e-01
9.651337067286173133e-01
9.638775388399759558e-01
9.428959091504415246e-01
9.311725298563638953e-01
9.868556261062622070e-01
9.633307456970214844e-01
9.987856348355611535e-01
9.869672457377115515e-01
9.625353217124938965e-01
9.596464236577352258e-01
9.786627491315206262e-01
9.628727634747823450e-01
9.794994592666625977e-01
1.002673804759979248e+00
9.909560879071553918e-01
9.697497685750325891e-01
9.554459452629089355e-01
9.912513097127279016e-01
9.422190785408020020e-01
9.866888324419657019e-01
9.587000608444213867e-01
1.023421605428059822e+00
9.537000854810079309e-01
9.360069036483764648e-01
9.906848271687825891e-01
9.260488748550415039e-01
9.279951254526773718e-01
9.246694842974344519e-01
9.307632644971212121e-01
9.527592857678731653e-01
9.389844139417012903e-01
8.995386759440103797e-01
9.684692819913228723e-01
8.890588482220967981e-01
9.948825240135192871e-01
9.209225376447042200e-01
8.760543664296468469e-01
8.791706959406534461e-01
8.985049923261007043e-01
9.195876320203145715e-01
8.906812866528829309e-01
9.678732156753540039e-01
9.600491523742675781e-01
9.933686455090841028e-01
9.003401001294454309e-01
9.366370240847269324e-01
9.127647479375203821e-01
9.534503420193990442e-01
9.928279717763265344e-01
9.379159609476724890e-01
9.235350290934244422e-01
9.212940732638040808e-01
9.094760020573934289e-01
9.155940016110738489e-01
8.951195478439331055e-01
9.502647916475931433e-01
9.218729734420776367e-01
9.912843306859334680e-01
9.362909396489461633e-01
9.110113978385925293e-01
9.461621840794881555e-01
9.035022457440694543e-01
9.971083998680114746e-01
9.040770729382833215e-01
9.115756154060363770e-01
9.409644802411397668e-01
9.327457745869954797e-01
8.807656963666280481e-01
9.896417061487833289e-01
9.530361493428548547e-01
9.266423781712850305e-01
9.550238053003946570e-01
9.273986220359802246e-01
9.805312554041544226e-01
8.984866142272949219e-01
9.472677111625671387e-01
9.494016766548156738e-01
9.491402308146158484e-01
1.048390309015909905e+00
9.369958639144897461e-01
9.998843272527059289e-01
9.768048524856567383e-01
9.381104509035745886e-01
9.486915667851766321e-01
9.454527497291564941e-01
9.572385350863138465e-01
9.405209024747213098e-01
9.678835868835449219e-01
9.593261082967122766e-01
9.357124567031860352e-01
9.297528664271036414e-01
9.313107927640279504e-01
9.653751850128173828e-01
9.217512011528015137e-01
9.373161792755126953e-01
9.645111759503682825e-01
9.268462459246317175e-01
9.597431619962056848e-01
9.380617539087930945e-01
9.699433247248331336e-01
9.386191368103027344e-01
9.255523482958475379e-01
9.758004347483316687e-01
9.463824629783630371e-01
9.278918107350667688e-01
9.775317112604776648e-01
9.664392669995626184e-01
1.013787726561228508e+00
9.600311319033304480e-01
9.598512450853983191e-01
9.525352915128072473e-01
9.701912005742391321e-01
9.457575877507528039e-01
9.672310551007589075e-01
9.782650073369344446e-01
9.718019167582193640e-01
9.607146779696146277e-01
9.679514964421590539e-01
9.552570978800455359e-01
9.477933247884114953e-01
9.653378725051879883e-01
9.609749714533487586e-01
9.193279544512430457e-01
9.723162253697713586e-01
9.290329813957214355e-01
9.427915414174398157e-01
9.503665169080098840e-01
9.152472217877706262e-01
9.832737644513448450e-01
9.780081907908121375e-01
9.904234806696573523e-01
9.757328232129415246e-01
9.471673965454101562e-01
9.561080932617187500e-01
9.674493273099263879e-01
9.450936913490295410e-01
9.324739972750345496e-01
9.439261555671691895e-01
9.327535827954610559e-01
9.298771619796752930e-01
9.252353509267171594e-01
9.157570004463195801e-01
9.029780228932698938e-01
9.361079335212707520e-01
9.448889295260111121e-01
9.603495597839355469e-01
9.362661242485046387e-01
9.108513792355855676e-01
9.031776388486226770e-01
9.214689731597900391e-01
9.590063691139221191e-01
8.834978143374124793e-01
9.389187693595886230e-01
9.335786104202270508e-01
9.631560842196146277e-01
9.387702941894531250e-01
1.004756192366282219e+00
9.944702982902526855e-01
9.604968229929605750e-01
9.521956046422322961e-01
9.860087633132934570e-01
9.451084534327188758e-01
9.968813061714172363e-01
9.861319661140441895e-01
9.684454401334127160e-01
9.574357867240905762e-01
9.399387240409851074e-01
9.323500394821166992e-01
1.001205583413441902e+00
9.614515701929727820e-01
9.512450098991394043e-01
9.496948917706807825e-01
9.441956082979837683e-01
9.387102127075195312e-01
9.717042446136474609e-01
9.431489507357279090e-01
9.335856437683105469e-01
9.421820441881815222e-01
9.139090577761331824e-01
9.397584398587545129e-01
9.921600619951883582e-01
9.391673405965169641e-01
9.629899462064107629e-01
9.349686106046041223e-01
9.678356846173604700e-01
9.714178442955017090e-01
9.432902534802755090e-01
9.920508662859598425e-01
9.404724240303039551e-01
9.311860799789428711e-01
9.792773326237996789e-01
9.237106641133626672e-01
9.497684637705484656e-01
9.355761011441549035e-01
9.204139709472656250e-01
9.338712493578592566e-01
9.362009565035501746e-01
9.539860685666402551e-01
9.376633564631143836e-01
9.391222000122070312e-01
1.000202775001525879e+00
9.858089089393615723e-01
9.494311213493347168e-01
9.941969712575277063e-01
9.363920092582702637e-01
9.363515377044677734e-01
9.426229993502298621e-01
9.208634694417318078e-01
9.228811462720235559e-01
9.304545323053995398e-01
9.262856443723043176e-01
9.110912481943765906e-01
9.154798388481140137e-01
9.661201039950052527e-01
9.714676539103189734e-01
9.337286750475565222e-01
9.527748624483743933e-01
9.143924117088317871e-01
9.153651197751363489e-01
9.978175163269042969e-01
9.383596181869506836e-01
9.775438308715820312e-01
9.301058053970336914e-01
9.125885963439941406e-01
9.159571528434753418e-01
9.465360442797342566e-01
9.565033713976541785e-01
9.529736836751302453e-01
9.390244285265604285e-01
9.532132744789123535e-01
9.474096695582071570e-01
9.275518457094827918e-01
9.244148731231689453e-01
9.546683430671691895e-01
9.217460552851358679e-01
9.070906440416971472e-01
9.162763953208923340e-01
9.216072161992391321e-01
8.969091574350992468e-01
8.972593545913696289e-01
9.105556209882100793e-01
8.995229204495748254e-01
9.313829143842061731e-01
8.901948730150858191e-01
8.838830987612406043e-01
8.885675271352132532e-01
8.846577405929565430e-01
9.297359784444173547e-01
9.181475043296813965e-01
9.041106104850769043e-01
9.103699127833048133e-01
9.096542398134866980e-01
9.577081799507141113e-01
9.261179367701212195e-01
8.808242877324422571e-01
9.337997237841287879e-01
9.129053155581156043e-01
9.092992941538492468e-01
9.108864665031433105e-01
8.971407413482666016e-01
9.073996146519979211e-01
8.850037256876627234e-01
9.214408596356710168e-01
8.889355063438415527e-01
8.836601177851358679e-01
9.023323456446329383e-01
9.436979889869689941e-01
9.296378493309020996e-01
9.433583418528238562e-01
9.140272339185079309e-01
8.999907573064168664e-01
9.583866397539774207e-01
8.946849107742309570e-01
9.537772138913472864e-01
9.110430479049682617e-01
9.169198870658874512e-01
9.793631633122762414e-01
8.785119255383809778e-01
9.155359268188476562e-01
8.783736427625020715e-01
8.935592770576477051e-01
1.034710645675659180e+00
8.695271611213684082e-01
8.822612563769022254e-01
9.080997705459594727e-01
8.872156143188476562e-01
8.828769127527872351e-01
8.799856305122375488e-01
9.110290408134460449e-01
8.825327754020690918e-01
8.864178458849588660e-01
8.857157230377197266e-01
8.963703314463297156e-01
9.120510816574096680e-01
9.455356001853942871e-01
8.738388021787008020e-01
8.691430886586507532e-01
8.847603599230448035e-01
8.861342867215474817e-01
8.710790077845255164e-01
8.678320248921712610e-01
8.638047973314920691e-01
9.611725608507791785e-01
8.660219510396321985e-01
9.004012942314147949e-01
9.873389005661010742e-01
8.999351461728414270e-01
8.980053067207336426e-01
9.637067715326944617e-01
9.338452418645223352e-01
9.722089370091756555e-01
9.811787406603494910e-01
9.159136613210042688e-01
1.039058407147725349e+00
9.211956063906351355e-01
9.175954858462015418e-01
9.834323326746622351e-01
9.354690909385681152e-01
9.083481828371683386e-01
8.914494514465332031e-01
9.133672316869100305e-01
9.181923071543375281e-01
9.137284755706787109e-01
9.231723348299661902e-01
9.598903457323709754e-01
8.941025733947753906e-01
8.917903304100036621e-01
8.687888383865356445e-01
9.001200000445047644e-01
8.681885202725728723e-01
8.916431069374084473e-01
8.634528915087381629e-01
9.369460344314575195e-01
9.144906202952066687e-01
9.399878978729248047e-01
8.724266688028970984e-01
9.122014244397481653e-01
8.607772986094156531e-01
9.260773261388143274e-01
9.006489117940267297e-01
8.821007609367370605e-01
9.430184563000997278e-01
8.708925843238830566e-01
8.506488998730977746e-01
8.651127616564432410e-01
8.327676057815551758e-01
8.761996626853942871e-01
8.391114870707193640e-01
8.466814955075582239e-01
9.396627942721048621e-01
8.959728280703226355e-01
8.704555233319600793e-01
8.582419753074645996e-01
8.432754675547281531e-01
8.421747088432312012e-01
8.264224727948507043e-01
8.545390566190084192e-01
8.297334909439086914e-01
9.065291086832681922e-01
9.015178481737772254e-01
8.964729706446329383e-01
8.756132125854492188e-01
8.616208235422769812e-01
8.346868356068929407e-01
8.442422946294149133e-01
8.243110577265421179e-01
8.092321157455444336e-01
8.226139545440673828e-01
8.216242591540018347e-01
8.384438753128051758e-01
8.776069283485412598e-01
8.511914014816284180e-01
9.334812959035238000e-01
8.835738897323608398e-01
8.653049866358438758e-01
8.437456289927164343e-01
8.264939983685811731e-01
8.114056984583536414e-01
8.356203635533651086e-01
9.267025589942932129e-01
8.693903883298238489e-01
8.662479122479757043e-01
8.583909273147583008e-01
8.422444860140482215e-01
8.450803955396016809e-01
8.261138598124185828e-01
8.208710948626199988e-01
8.045266071955362586e-01
8.296081026395162317e-01
8.127493063608804968e-01
8.171566327412923547e-01
8.052971959114074707e-01
8.360897898674011230e-01
8.441262245178222656e-01
8.041296203931173059e-01
8.135402599970499304e-01
8.164726893107095984e-01
8.161675135294595984e-01
8.046666781107584265e-01
8.650750517845153809e-01
8.522292176882425574e-01
7.922780315081278113e-01
8.087833325068155554e-01
7.899838487307230261e-01
8.464826941490173340e-01
7.904722293217977258e-01
8.015383283297220496e-01
7.912265261014302942e-01
7.780203223228454590e-01
7.874101400375366211e-01
8.430126110712686804e-01
8.648931781450907019e-01
7.995936274528503418e-01
7.699533502260843543e-01
7.857166528701782227e-01
7.954692641894022254e-01
7.777306437492370605e-01
7.814329266548156738e-01
8.179571827252706262e-01
7.871633569399515418e-01
7.811153332392374304e-01
9.033964276313781738e-01
7.815646727879842492e-01
8.522655765215555457e-01
7.719630797704061242e-01
7.867145140965779992e-01
8.441916704177856445e-01
7.825005253156026575e-01
7.543738285700479773e-01
8.399229447046915320e-01
7.946734031041463586e-01
8.078274528185526160e-01
8.674809336662292480e-01
8.470293283462524414e-01
8.451845248540242883e-01
7.918794751167297363e-01
7.679107586542764929e-01
7.743031183878580359e-01
7.746584415435791016e-01
7.532214721043904992e-01
7.514721949895223352e-01
7.629139224688211707e-01
7.836131254831949500e-01
7.672406435012817383e-01
7.542768518129984168e-01
7.617967724800109863e-01
7.631988326708475379e-01
7.663778463999429968e-01
7.693439324696859094e-01
7.825428843498229980e-01
7.672857046127319336e-01
7.571673790613809851e-01
7.643732825915018347e-01
7.485783696174621582e-01
7.454948425292968750e-01
7.449171940485636023e-01
7.671542763710021973e-01
7.713528672854105261e-01
7.786510586738586426e-01
7.511096199353536340e-01
7.705920735994974402e-01
7.546206911404927942e-01
7.575231393178304407e-01
8.782779375712076453e-01
7.509681781133016321e-01
7.393765846888223914e-01
7.493441104888916016e-01
7.196675936381021765e-01
7.428552707036336633e-01
7.337923248608907434e-01
7.859906554222106934e-01
8.184361060460408899e-01
7.664243578910827637e-01
8.732983867327371863e-01
7.512788176536560059e-01
7.582805554072061804e-01
7.405165036519368860e-01
7.278581062952677039e-01
7.538376251856485633e-01
7.368081410725911828e-01
7.706266641616821289e-01
7.642044226328531531e-01
7.388996481895446777e-01
7.749172846476236609e-01
7.782997290293375281e-01
7.627207239468892785e-01
7.889201839764913293e-01
8.258666396141052246e-01
7.700550158818563196e-01
7.441066106160482141e-01
7.532757719357808801e-01
7.250976363817850379e-01
7.374128103256225586e-01
7.335032820701599121e-01
7.629562815030416223e-01
7.589910030364990234e-01
7.526596585909525183e-01
7.514323194821675989e-01
7.371270457903543738e-01
7.313518722852071496e-01
7.361609935760498047e-01
7.245391607284545898e-01
7.502394914627075195e-01
7.307713429133096961e-01
7.309849063555399207e-01
7.349934180577596399e-01
7.479537924130758020e-01
7.510435581207275391e-01
7.318477829297383996e-01
7.258410056432088586e-01
7.323296070098876953e-01
7.229096492131551477e-01
7.157699465751647949e-01
7.231050729751586914e-01
7.410653829574584961e-01
7.255626320838928223e-01
7.199631532033284875e-01
7.207040786743164062e-01
7.330836057662963867e-01
7.244254549344381067e-01
7.223006486892700195e-01
7.133930126825968054e-01
7.195499340693155554e-01
7.253795862197875977e-01
7.428271373112996789e-01
7.296570539474487305e-01
9.985857804616292688e-01
7.375018795331319543e-01
7.239828904469808313e-01
7.290970683097839355e-01
7.099440097808837891e-01
7.175731658935546875e-01
7.184720039367675781e-01
7.114780147870382043e-01
7.263835469881693152e-01
7.096959948539733887e-01
7.057450811068216590e-01
7.080637812614440918e-01
7.038887143135070801e-01
7.089093526204427453e-01
7.092667818069458008e-01
7.039364576339721680e-01
7.049489021301269531e-01
7.040058970451354980e-01
7.053753932317098352e-01
7.084943254788717004e-01
7.057524919509887695e-01
6.969421307245889929e-01
7.065797050793966028e-01
6.945623358090718957e-01
7.181300520896911621e-01
7.204028169314066199e-01
7.491917212804158899e-01
7.223015427589416504e-01
6.995907624562581750e-01
7.069971760114034387e-01
7.018401026725769043e-01
7.000695466995239258e-01
7.185513575871785852e-01
7.051859498023986816e-01
7.104524374008178711e-01
7.030766407648721961e-01
7.036136786142984656e-01
6.958398222923278809e-01
6.979557275772094727e-01
7.059324383735656738e-01
7.075654864311218262e-01
7.078438401222229004e-01
6.997786561648050574e-01
7.038213809331258508e-01
7.058860460917154578e-01
7.000440756479898718e-01
6.996183196703592566e-01
7.124713063240051270e-01
7.209706505139669153e-01
6.941314538319905969e-01
7.051113049189249304e-01
6.985579729080200195e-01
6.952369610468546179e-01
7.055491010348001746e-01
7.005062103271484375e-01
6.829207936922708777e-01
7.103262742360433313e-01
6.905084252357482910e-01
6.891657114028930664e-01
7.005816499392191199e-01
6.896229982376098633e-01
6.937410632769266394e-01
6.929177244504293176e-01
6.742017467816671106e-01
6.922298868497213098e-01
7.300608952840169641e-01
6.905329227447509766e-01
6.950141986211141321e-01
7.006698250770568848e-01
6.900231043497720984e-01
6.916369795799255371e-01
6.814898848533630371e-01
6.841763655344644812e-01
6.932765444119771692e-01
7.008223732312520715e-01
7.403658032417297363e-01
8.124138116836547852e-01
7.586170633633931848e-01
7.444580396016439172e-01
7.113414804140726355e-01
7.026176055272420617e-01
6.965360840161641809e-01
7.097552021344503137e-01
6.919395724932352332e-01
6.849340001742044715e-01
6.919999122619628906e-01
6.783942977587381629e-01
6.758175094922383996e-01
6.903094053268432617e-01
6.810459891955057410e-01
6.891443133354187012e-01
6.863656838734945032e-01
6.788967649141947058e-01
7.016394535700479773e-01
6.828741033871968957e-01
6.975213885307312012e-01
6.974144776662191125e-01
7.089654604593912390e-01
6.853975256284078332e-01
7.671540379524230957e-01
7.427754600842794153e-01
7.355087995529174805e-01
7.240379850069681433e-01
6.938573718070983887e-01
6.867740750312805176e-01
6.930067141850789758e-01
6.726293563842773438e-01
6.747138102849324914e-01
6.865668892860412598e-01
6.802616516749063758e-01
6.837005615234375000e-01
6.673493186632791785e-01
6.905961434046427039e-01
6.740700006484985352e-01
6.840207576751708984e-01
6.792897582054138184e-01
6.715316375096639367e-01
6.776764591534932825e-01
6.841520667076110840e-01
6.879165768623352051e-01
6.789653698603311804e-01
6.786594192186991004e-01
6.733925739924112586e-01
6.898905436197916297e-01
6.799612641334533691e-01
6.719021002451578406e-01
6.820580760637918738e-01
6.768446167310079309e-01
6.936430533727010461e-01
6.779621243476867676e-01
6.801189581553140906e-01
6.766767303148905066e-01
6.823415358861287805e-01
6.859519084294637414e-01
6.837103168169657019e-01
6.737123727798461914e-01
6.787363688151041297e-01
6.713363925615946082e-01
6.784913539886474609e-01
6.750878691673278809e-01
6.773070494333902625e-01
6.710501114527384070e-01
6.706944704055786133e-01
6.817895372708638879e-01
6.697391271591186523e-01
6.818211078643798828e-01
6.816078821818033484e-01
6.814650893211364746e-01
6.706687609354654578e-01
6.741122603416442871e-01
6.814629832903543738e-01
6.822558045387268066e-01
6.821274956067403528e-01
6.820433537165323523e-01
6.886641979217529297e-01
6.723737915356954309e-01
6.633567412694295617e-01
6.748064359029134485e-01
6.729189952214559289e-01
6.737298766771951941e-01
6.839880545934041711e-01
6.648350159327188758e-01
6.698499321937561035e-01
6.604612867037454871e-01
6.798958778381347656e-01
6.851996978123983117e-01
6.562850673993428918e-01
6.710435350735982629e-01
6.709282596906026575e-01
6.837147275606790808e-01
6.736850738525390625e-01
6.818692286809285852e-01
6.679000655810037879e-01
6.699637969334920617e-01
6.596143245697021484e-01
6.615745425224304199e-01
6.667501131693521765e-01
6.623459259668985633e-01
6.706569790840148926e-01
6.671227018038431433e-01
6.665795048077901575e-01
6.625765363375345496e-01
6.695523659388223914e-01
6.782518227895101282e-01
6.705517967542012903e-01
6.597710847854614258e-01
6.686646540959676477e-01
6.768714388211568567e-01
6.788057088851928711e-01
6.804759303728739050e-01
6.632084250450134277e-01
6.670510967572530481e-01
6.661927501360574988e-01
6.667875647544860840e-01
6.653752525647481653e-01
6.737796068191528320e-01
6.716023683547973633e-01
6.607993642489115027e-01
6.632051070531209680e-01
6.679762800534566614e-01
6.673761606216430664e-01
6.724965572357177734e-01
6.638087828954061242e-01
6.706051627794901160e-01
6.717267433802286414e-01
