2.163971686363220126e+00
1.831274318695068404e+00
1.526891499757766724e+00
1.360805404186248735e+00
1.265004986524581820e+00
1.152689749002456576e+00
1.000707322359084994e+00
9.654037475585937056e-01
1.161292135715484619e+00
9.698489606380462646e-01
9.756756007671356645e-01
9.613426744937896284e-01
9.097282171249390093e-01
9.322729229927062544e-01
9.572049915790558083e-01
8.806831002235412376e-01
8.805557072162628618e-01
8.120756447315216064e-01
1.080537283420562655e+00
1.102022433280944735e+00
9.495004713535308838e-01
8.983128249645233598e-01
9.037996709346771684e-01
1.247908991575241044e+00
1.052916884422302246e+00
9.772141396999358687e-01
9.983301222324371116e-01
9.310397207736968994e-01
9.400607168674468550e-01
9.369967818260193093e-01
8.184814274311065230e-01
8.614303290843963179e-01
1.149351948499679477e+00
1.052494657039642290e+00
1.053557121753692538e+00
1.147763913869857877e+00
9.249845027923584428e-01
9.514034688472747803e-01
9.102235198020934837e-01
9.682799518108368142e-01
1.138989096879959195e+00
1.065880835056304932e+00
1.096438753604888960e+00
1.115434211492538408e+00
9.938921511173248735e-01
1.062307775020599365e+00
1.005845451354980380e+00
1.107388538122177080e+00
1.031549125909805298e+00
9.550885021686553733e-01
9.589559555053710493e-01
9.584455728530884011e-01
9.698349833488464355e-01
1.121640199422836215e+00
1.091264075040817350e+00
1.049184823036193759e+00
9.811421930789947510e-01
9.965415656566619651e-01
9.914919853210448775e-01
1.005542224645614713e+00
9.581397235393523948e-01
1.003871452808380083e+00
1.052128070592880160e+00
1.041428685188293457e+00
1.067689734697341963e+00
1.023405116796493486e+00
1.048078477382659912e+00
9.863618195056915727e-01
9.567630231380462869e-01
9.386385977268218994e-01
9.799775004386901411e-01
8.948660314083098921e-01
8.883695960044860618e-01
9.196404993534088579e-01
8.185185134410858376e-01
1.075078225135803311e+00
1.113859260082244784e+00
1.127910745143890336e+00
1.067422616481781050e+00
1.043626660108566195e+00
1.042408102750778109e+00
1.004924458265304521e+00
9.868938326835632324e-01
9.858598709106445312e-01
9.795434117317199929e-01
9.821220219135284868e-01
1.058298522233962924e+00
1.061100834608077914e+00
1.005880403518676802e+00
1.012062090635299727e+00
9.764605998992920144e-01
9.726154863834380881e-01
9.680099368095398393e-01
1.011741697788238525e+00
1.012577813863754228e+00
1.006580191850662276e+00
1.000332200527191073e+00
1.017996990680694491e+00
1.014299702644348100e+00
1.039734876155853360e+00
9.823155879974365678e-01
9.752934277057647705e-01
9.672837078571319136e-01
9.678874552249908669e-01
9.585910975933075173e-01
9.566187322139739768e-01
9.701159536838531716e-01
9.439194738864898904e-01
9.434774696826935259e-01
9.535273194313049760e-01
9.750506341457366721e-01
9.674783051013946533e-01
9.579890429973602073e-01
9.591817855834960938e-01
9.538062274456023948e-01
9.548904597759246826e-01
9.442815780639648438e-01
9.654722630977630171e-01
9.509916484355926958e-01
9.616234123706817183e-01
9.393662214279174805e-01
9.728256225585937278e-01
9.561772882938385232e-01
9.647559702396393266e-01
9.381538927555084229e-01
9.583356916904449685e-01
9.380028724670410600e-01
9.224606633186340776e-01
9.434768319129943626e-01
9.272064030170440452e-01
9.240740656852721724e-01
9.225939929485320601e-01
9.395055830478667991e-01
1.047037285566329912e+00
1.030422532558441073e+00
9.478843927383422407e-01
9.349916160106659380e-01
9.612160444259643111e-01
9.428402543067931907e-01
9.252008914947509322e-01
9.197465419769287331e-01
9.193025946617126021e-01
9.182085573673248735e-01
9.550894737243652566e-01
9.095413804054259810e-01
8.808284997940063477e-01
8.828944027423858421e-01
1.005546766519546553e+00
9.042250394821167436e-01
8.477040588855743186e-01
7.920540452003479448e-01
8.098266124725341797e-01
8.688175320625305398e-01
9.433876693248748335e-01
8.159829914569854958e-01
7.722255289554595947e-01
7.357400178909301314e-01
7.657783925533294678e-01
9.355384886264801469e-01
8.825656294822692427e-01
7.629467844963073730e-01
6.444289833307266235e-01
6.607286155223845991e-01
6.580110639333724976e-01
6.914076328277587447e-01
6.635413467884063721e-01
6.540562003850937112e-01
8.213148951530456765e-01
7.162742376327514426e-01
8.496983706951141135e-01
7.989555776119232622e-01
6.344605028629303201e-01
5.836979389190674050e-01
6.667711049318313377e-01
7.305528491735457930e-01
6.119798451662064043e-01
5.740300089120864424e-01
5.985067069530487505e-01
6.722815603017806563e-01
7.562796920537948608e-01
7.880855143070221169e-01
6.676013439893722090e-01
6.851766467094421165e-01
6.196693986654281394e-01
6.170622169971465842e-01
6.026682823896407637e-01
4.815292090177535900e-01
4.625114947557449341e-01
6.248910963535309060e-01
6.757142126560211626e-01
7.125470668077469316e-01
6.511512458324432151e-01
5.227675795555114524e-01
4.810367703437805065e-01
4.636972516775131337e-01
5.602877944707870261e-01
5.190392524003982766e-01
4.588629812002181785e-01
5.269052773714065774e-01
4.193121939897537231e-01
4.300481215119361655e-01
3.673650041222572549e-01
3.836704373359680065e-01
3.373010262846946605e-01
3.404486417770385964e-01
3.614668101072311401e-01
3.605896979570388794e-01
4.016479313373565452e-01
3.685969680547714344e-01
3.433494374155998119e-01
3.261490747332572715e-01
3.624791115522384422e-01
3.770152986049651878e-01
4.241346970200538524e-01
3.699019134044647106e-01
3.414220079779625161e-01
3.744848936796188466e-01
3.531112447381019592e-01
3.450534775853156821e-01
3.072205618023872153e-01
3.451012909412384255e-01
4.230978429317474587e-01
3.407892763614654430e-01
3.581821307539939658e-01
3.804548367857932822e-01
3.818766146898269764e-01
3.625534266233444436e-01
3.989376723766326904e-01
3.176709651947021706e-01
3.098893105983734353e-01
3.167265862226485984e-01
3.556518092751502769e-01
3.510882630944252014e-01
4.812685191631317361e-01
4.309031575918197410e-01
3.582829758524894714e-01
3.188154429197311290e-01
3.298484399914741738e-01
3.075058907270431519e-01
3.478275090456008911e-01
3.274511799216270336e-01
3.155819028615951538e-01
4.044151186943054088e-01
4.085275620222091897e-01
3.662707149982452615e-01
4.009408876299858093e-01
3.759379252791404946e-01
3.186222016811370850e-01
3.243877589702606201e-01
3.138979300856590271e-01
3.068379506468772999e-01
3.088472962379455455e-01
3.108118027448654175e-01
3.353732720017433278e-01
3.644460350275039451e-01
3.607545778155326621e-01
4.063010811805725098e-01
3.671192035079002269e-01
3.170072019100189098e-01
3.143221035599708668e-01
3.225576892495155557e-01
2.895927384495735057e-01
2.955138295888900535e-01
3.019453465938568004e-01
3.104831591248512490e-01
3.377225026488304138e-01
3.158892586827278248e-01
3.024300590157508739e-01
3.638008952140808216e-01
3.424286216497421376e-01
3.333611994981765525e-01
3.195114657282829285e-01
3.177821606397628895e-01
3.270582348108291848e-01
2.975639790296554787e-01
2.981270760297775047e-01
3.153882503509521373e-01
3.358773559331894032e-01
3.524575024843216164e-01
2.830663911998271831e-01
2.577634438872337119e-01
2.989770174026489258e-01
3.206952452659607156e-01
3.313251003623008950e-01
3.275668308138847129e-01
4.716565772891044839e-01
3.432888209819793812e-01
3.192557394504547119e-01
3.160460844635963329e-01
3.130226433277130127e-01
2.995447382330894692e-01
3.093951657414436562e-01
3.566840574145316856e-01
4.719683408737182506e-01
3.972012802958488353e-01
4.243166759610176308e-01
3.902709931135177612e-01
3.651675581932067871e-01
3.429180264472961315e-01
3.115524485707282798e-01
2.966037914156913757e-01
2.799049690365791321e-01
2.822967529296874778e-01
2.927140340209007374e-01
3.025548577308654896e-01
2.807232126593589561e-01
2.722323954105377308e-01
2.777078822255134583e-01
2.829249843955040089e-01
2.782373264431953208e-01
2.971187859773635753e-01
2.836942106485366710e-01
2.818094462156295887e-01
2.580229759216308705e-01
2.523194178938865662e-01
2.704327777028083801e-01
2.922289311885833962e-01
2.702294051647186057e-01
2.716425999999046437e-01
2.777750357985496743e-01
2.726190969347953574e-01
2.879110157489776500e-01
2.877216488122940063e-01
2.994072258472442738e-01
2.818277373909950367e-01
2.742201134562492482e-01
3.074001505970954673e-01
2.741410776972770802e-01
2.909394189715385215e-01
2.723550766706466786e-01
2.560296133160591125e-01
2.576092392206191795e-01
2.668198540806770436e-01
2.745881885290145652e-01
2.719401188194751628e-01
2.809270471334457397e-01
2.477141454815864618e-01
2.600266352295875771e-01
2.869917541742325051e-01
2.562855012714863046e-01
2.772576183080673329e-01
2.805521115660667419e-01
2.746177509427070729e-01
2.630224868655204884e-01
2.622367635369300953e-01
2.760144546627998352e-01
2.659294068813323753e-01
2.716332256793975719e-01
2.516840800642967113e-01
2.552619844675064198e-01
2.862054556608200073e-01
2.838203936815261730e-01
2.733169898390769847e-01
2.601618275046348461e-01
2.635665997862816079e-01
2.813447818160056957e-01
2.970126628875732200e-01
3.000768169760704152e-01
2.727782487869262473e-01
2.682716548442840576e-01
2.595244660973549111e-01
2.742378801107406838e-01
2.910784229636192433e-01
2.878228247165680043e-01
2.784516930580139271e-01
3.043652117252350076e-01
2.722162529826164246e-01
2.698411464691162220e-01
2.438885867595672607e-01
2.615090459585189819e-01
2.846880272030830605e-01
2.719993919134139904e-01
2.823854371905326621e-01
2.493149980902671925e-01
2.524680599570274242e-01
2.553375601768493874e-01
2.613162517547607533e-01
2.696545235812664032e-01
3.177893131971359364e-01
2.887769192457199097e-01
2.581023782491683738e-01
2.460817322134971619e-01
2.453984960913658253e-01
2.471137315034866444e-01
2.544329658150673024e-01
2.644656166434288247e-01
2.879483833909034507e-01
3.052058592438697815e-01
2.683072865009307750e-01
2.537684813141822815e-01
2.947892889380455128e-01
3.683538943529128806e-01
2.864113017916679604e-01
2.576945170760154835e-01
2.596181385219097359e-01
2.610770419239997753e-01
2.668482601642608865e-01
2.680565193295478821e-01
2.652759328484535217e-01
2.560987114906311257e-01
2.546187579631805642e-01
2.425215505063533783e-01
2.395748257637023981e-01
2.423778906464576777e-01
2.467128738760948070e-01
2.381260067224502674e-01
2.607384547591209412e-01
2.573951721191406472e-01
2.529528960585594177e-01
2.428398609161376842e-01
2.525223299860954174e-01
2.478014469146728460e-01
2.404316782951355091e-01
2.387762621045112499e-01
2.485223829746246449e-01
2.716314710676669963e-01
2.825038358569145203e-01
2.775513261556625255e-01
2.522635176777839883e-01
2.427066355943679754e-01
2.397052153944969066e-01
2.581178322434425354e-01
2.391838416457176264e-01
2.348533205687999836e-01
2.531405657529831044e-01
2.471429325640201458e-01
2.389955192804336659e-01
2.380540534853935186e-01
2.420755356550216564e-01
2.426330387592315618e-01
2.494502075016498677e-01
2.634840816259383933e-01
2.660070687532424816e-01
2.556857556104660256e-01
2.742812559008598328e-01
2.485099576413631328e-01
2.397393926978111378e-01
2.459272988140583094e-01
2.385209187865257319e-01
2.297788441181182750e-01
2.289321124553680420e-01
2.437555044889450073e-01
2.475037835538387299e-01
2.448491424322128407e-01
2.410763353109359741e-01
2.391374334692955017e-01
2.418354876339435522e-01
2.352642118930816650e-01
2.387566551566124018e-01
2.517858952283859031e-01
2.542444169521331787e-01
2.736836031079292186e-01
2.493506178259849437e-01
2.380077823996543940e-01
2.304314315319061224e-01
2.295519202947616522e-01
2.322229102253913768e-01
2.301797628402710016e-01
2.326639249920844921e-01
2.365856871008872875e-01
2.395753785967826843e-01
2.465397402644157465e-01
2.486056044697761425e-01
2.577068373560905679e-01
2.442524611949920543e-01
2.405205070972442627e-01
2.422896206378936657e-01
2.309888869524002186e-01
2.357896611094474904e-01
2.320601530373096466e-01
2.401962623000145070e-01
2.309867970645427815e-01
2.361056476831436268e-01
2.454059273004531860e-01
2.702726364135742410e-01
2.426395043730735779e-01
2.403639197349548284e-01
2.342412397265434265e-01
2.538922116160392539e-01
2.459702596068382152e-01
2.448182195425033514e-01
2.551705792546272167e-01
2.409952007234096583e-01
2.323276624083518982e-01
2.283576644957065471e-01
2.415881469845771734e-01
2.345231756567955073e-01
2.410244792699813843e-01
2.304359041154384613e-01
2.325930632650852203e-01
2.289774455130100250e-01
2.345361120998859517e-01
2.449375286698341481e-01
2.432650566101074163e-01
2.325050763785839192e-01
2.331495918333530426e-01
2.438869714736938421e-01
2.466635525226593129e-01
2.418388396501541249e-01
2.376716926693916432e-01
2.359461829066276661e-01
2.266506649553775843e-01
2.250516563653945923e-01
2.321627646684646662e-01
2.305984653532505146e-01
2.299669638276100048e-01
2.211318887770175878e-01
2.241846665740013234e-01
2.238962449133396204e-01
2.274962469935417064e-01
2.307509072124958038e-01
2.259808406233787537e-01
2.274144560098648182e-01
2.238926395773887523e-01
2.227919965982437245e-01
2.215152688324451558e-01
2.289925485849380604e-01
2.282982476055622212e-01
2.432260900735855047e-01
2.461904302239417974e-01
2.301177039742469677e-01
2.225043520331382862e-01
2.266651995480060688e-01
2.241043969988822937e-01
2.249090358614921625e-01
2.278306595981121063e-01
2.304517090320587214e-01
2.242657110095024053e-01
2.220907151699066107e-01
2.248630642890930287e-01
2.267228528857231085e-01
2.231622017920017187e-01
2.236588880419731196e-01
2.303774014115333446e-01
2.249255970120430104e-01
2.391744986176490839e-01
2.271835356950759888e-01
2.268967710435390583e-01
2.319831714034080450e-01
2.349634826183319147e-01
2.331863202154636494e-01
2.282948449254035839e-01
2.246303588151931652e-01
2.259209394454955999e-01
2.272233165800571497e-01
2.339901551604270935e-01
2.276184424757957403e-01
2.221077084541320801e-01
2.236099399626255146e-01
2.290759965777397211e-01
2.300164848566055298e-01
2.286790706217289026e-01
2.220991030335426331e-01
2.244713962078094538e-01
2.250570163130760082e-01
2.307181514799594990e-01
2.248507060110568889e-01
2.290233179926872142e-01
2.273874729871749878e-01
2.236224047839641682e-01
2.217023104429244884e-01
2.205082491040229742e-01
2.239286795258522145e-01
2.208731733262538910e-01
2.235142484307289235e-01
2.218039609491825048e-01
2.223046466708183400e-01
2.237633302807807978e-01
2.278839722275733948e-01
2.247984714806079976e-01
2.289745219051838032e-01
2.314863465726375580e-01
2.295349717140197643e-01
2.377638623118400463e-01
2.407719150185584911e-01
2.278708800673484858e-01
2.288081780076026972e-01
2.258228488266467993e-01
2.381340593099594005e-01
2.346799075603485107e-01
2.365699678659439198e-01
2.371642053127288874e-01
2.354044258594512884e-01
2.294106647372245733e-01
2.226020842790603638e-01
2.241280697286129053e-01
2.227666296064853557e-01
2.210185274481773487e-01
2.244851715862750952e-01
2.208780713379382976e-01
2.227387137711048237e-01
2.180680841207504328e-01
2.261273086071014515e-01
2.375942096114158630e-01
2.469101689755916484e-01
2.355250835418701283e-01
2.296548239886760656e-01
2.243119671940803639e-01
2.287621848285198156e-01
2.299702793359756359e-01
2.206280112266540416e-01
2.213765963912010248e-01
2.187443941831588856e-01
2.185101106762886158e-01
2.178305044770240673e-01
2.191030934453010448e-01
2.202030360698699896e-01
2.199867174029350170e-01
2.238183721899986156e-01
2.213008143007755280e-01
2.252073593437671772e-01
2.229727253317833058e-01
2.208105340600013677e-01
2.198590047657489888e-01
2.180784463882446400e-01
2.184570528566837366e-01
2.205249167978763636e-01
2.197146184742450603e-01
2.178331196308135875e-01
2.189582869410514887e-01
2.170974910259246826e-01
2.193279430270194952e-01
2.192293502390384730e-01
2.205154955387115534e-01
2.181924797594547161e-01
2.171185098588466755e-01
2.195780202746391296e-01
2.221109688282013050e-01
2.212436884641647283e-01
2.194324225187301580e-01
2.181119583547115326e-01
2.179400466382503398e-01
2.198193043470382801e-01
2.222486421465873774e-01
2.230533108115196339e-01
2.186043389141559545e-01
2.186865933239459936e-01
2.171414338052272686e-01
2.179899819195270649e-01
2.205854699015617482e-01
2.187604442238807734e-01
2.213041156530380360e-01
2.222778275609016418e-01
2.226364105939865057e-01
2.297722056508064159e-01
2.247512258589267620e-01
2.214992329478263910e-01
2.191382318735122792e-01
2.187252551317215021e-01
2.197768822312355097e-01
2.185916170477867071e-01
2.195781752467155512e-01
2.237737327814102173e-01
2.256107471883296856e-01
2.204549849033355657e-01
2.203939139842986950e-01
2.184406168758869227e-01
2.200255922973156086e-01
2.193715080618858226e-01
2.192202672362327520e-01
2.199231311678886414e-01
2.187420785427093561e-01
2.208842106163501628e-01
2.212154328823089655e-01
2.225378751754760742e-01
2.247408166527748163e-01
2.193912833929062001e-01
2.209614209830760845e-01
2.216621577739715521e-01
2.176764771342277471e-01
2.246111765503883417e-01
2.302398622035980169e-01
2.256626293063163646e-01
2.272143691778182872e-01
2.204574689269065968e-01
2.182850763201713562e-01
2.200548179447650854e-01
2.246233955025672968e-01
2.230744361877441406e-01
2.224056087434291840e-01
2.214953169226646368e-01
2.171581104397773687e-01
2.178573049604892731e-01
2.200733512639999334e-01
2.184064321219921223e-01
2.204507455229759161e-01
2.181094817817211262e-01
2.207594901323318426e-01
2.184118807315826305e-01
2.179048426449298748e-01
2.171143665909767151e-01
2.181755751371383667e-01
2.207508698105812017e-01
2.202909544110298046e-01
2.174420490860939081e-01
2.182541370391845592e-01
2.205253675580024775e-01
2.181540347635745891e-01
2.166903130710124969e-01
2.196082830429077204e-01
2.166341081261634882e-01
2.153320178389549200e-01
2.165133833885192760e-01
2.155211821198463329e-01
2.158406421542167775e-01
2.167269185185432545e-01
2.155700594186782948e-01
2.154810316860675812e-01
2.152338966727256886e-01
2.158611841499805395e-01
2.160781957209110260e-01
2.165910914540290777e-01
2.156017713248729595e-01
2.152289256453513988e-01
2.164338469505310003e-01
2.153305180370807537e-01
2.160256601870060023e-01
2.155950836837291773e-01
2.152441218495368958e-01
2.154416792094707434e-01
2.155899211764335521e-01
2.173331670463085064e-01
2.181190907955169733e-01
2.182987958192825206e-01
2.169705487787723652e-01
2.153389543294906561e-01
2.156173020601272472e-01
2.153759390115737860e-01
2.174588859081268422e-01
2.168876916170120184e-01
2.157872080802917536e-01
2.159207358956337086e-01
2.149196244776248876e-01
2.153451561927795521e-01
2.161766014993190821e-01
2.162996351718902699e-01
2.158203836530447062e-01
2.167625494301319011e-01
2.165141731500625499e-01
2.156873956322669927e-01
2.166292890906333923e-01
2.160976141691207941e-01
2.153372704982757513e-01
2.162335567176341955e-01
2.157540827989578303e-01
2.164226353168487438e-01
2.172771237790584453e-01
2.151029102504253276e-01
2.152378566563129536e-01
2.161599472165107727e-01
2.167535543441772572e-01
2.166815400123596191e-01
2.163517296314239613e-01
2.177317053079605158e-01
2.166341334581375067e-01
2.166838914155960194e-01
2.161499984562396948e-01
2.163888558745384327e-01
2.172679893672466167e-01
2.211027637124061695e-01
2.181244455277919769e-01
2.179422609508037678e-01
2.163584142923355158e-01
2.164237260818481501e-01
2.168694555759430043e-01
2.170909509062766973e-01
2.162792533636093140e-01
2.158039182424545399e-01
2.157004229724407141e-01
2.156606547534465901e-01
2.158498108386993353e-01
2.151010565459728352e-01
2.149622857570648304e-01
2.154036045074462780e-01
2.148048982024192699e-01
2.159778721630573328e-01
2.174869522452354542e-01
2.161088526248931829e-01
2.155747361481189783e-01
2.159700833261012920e-01
2.173893295228481182e-01
2.211358167231082805e-01
2.166395872831344549e-01
2.154028549790382441e-01
2.151111498475074824e-01
2.145446211099624745e-01
2.149039849638939015e-01
2.155716210603713934e-01
2.159676454961299841e-01
2.159253761172294506e-01
2.173164397478103693e-01
2.159665800631046240e-01
2.164740242063999121e-01
2.149850703775882665e-01
2.170096263289451599e-01
2.210679464042186737e-01
2.181570827960968018e-01
2.155125528573989813e-01
2.155462212860584370e-01
2.188248239457607214e-01
2.167743511497974285e-01
2.151654906570911463e-01
2.149179138243198506e-01
2.143146127462386974e-01
2.140702076256275066e-01
2.146359562873840221e-01
2.140405826270580236e-01
2.139643326401710621e-01
2.142260953783989008e-01
2.142185255885124262e-01
2.145256273448467310e-01
2.146380238234996685e-01
2.146410681307315826e-01
2.141668066382408087e-01
2.143824309110641535e-01
2.152353554964065441e-01
2.148950517177581898e-01
2.146434277296066229e-01
2.147618275135755594e-01
2.148993313312530518e-01
2.145726263523101696e-01
2.140284448862075917e-01
2.141647346317768208e-01
2.142054781317710987e-01
2.143047481775283702e-01
2.146985281258821376e-01
2.145981952548026983e-01
2.138618439435958918e-01
2.142055138945579418e-01
2.143585927784442957e-01
2.149380542337894495e-01
2.142164781689643860e-01
2.144877709448337610e-01
2.141574680805206354e-01
2.148968107998371069e-01
2.142413295805454254e-01
2.141222134232521057e-01
2.146335907280444988e-01
2.148367315530776978e-01
2.141805581748485454e-01
2.151093468070030268e-01
2.146360851824283544e-01
2.155527256429195515e-01
2.144161231815814861e-01
2.145760413259267807e-01
2.141838721930980627e-01
2.147782921791076549e-01
2.140404410660266821e-01
2.143468856811523438e-01
2.138379290699958801e-01
2.140459783375263103e-01
2.139829918742179871e-01
2.142104551196098439e-01
2.145374685525894276e-01
2.139359939843416270e-01
2.149828575551509802e-01
2.148914851248264202e-01
2.143097795546054785e-01
2.141768775880336650e-01
2.142449386417865642e-01
2.138434998691081945e-01
2.141977846622467041e-01
2.143055453896522411e-01
2.140996858477592357e-01
2.139269866049289814e-01
2.136345170438289642e-01
2.144996806979179438e-01
2.145099990069866125e-01
2.142476826906204168e-01
2.138936042785644642e-01
2.141177490353584345e-01
2.141875721514225062e-01
2.139914587140083202e-01
2.137363992631435283e-01
2.142950840294361170e-01
2.156189784407615551e-01
2.146168813109397833e-01
2.140732012689113561e-01
2.140261482447385899e-01
2.140480890870094244e-01
2.144263476133346502e-01
2.137825801968574468e-01
2.139496825635433253e-01
2.138808369636535645e-01
2.140791714191436768e-01
2.141506806015968378e-01
2.137779600918293110e-01
2.137479722499847357e-01
2.143307477235794067e-01
2.144531413912773021e-01
2.140588931739330347e-01
2.142473213374614660e-01
2.144006572663784138e-01
2.138904027640819439e-01
2.139000087976455633e-01
2.135380476713180653e-01
2.136159166693687439e-01
2.138384103775024525e-01
2.139999642968177795e-01
2.150001466274261419e-01
2.138339146971702520e-01
2.137224078178405762e-01
2.135795257985591833e-01
2.137329742312431280e-01
2.135885775089264027e-01
2.136368066072464045e-01
2.135351262986660004e-01
2.135532602667808422e-01
2.138923063874244579e-01
2.141159400343894958e-01
2.134503707289695795e-01
2.141422599554062001e-01
2.138524919748306385e-01
2.141989275813102611e-01
2.143087714910507091e-01
2.137777812778949849e-01
2.138995870947837941e-01
2.137419834733009227e-01
2.137086361646652333e-01
2.137204080820083729e-01
2.137866538017988149e-01
2.133237808942794744e-01
2.134571082890033833e-01
2.137511834502220098e-01
2.139652684330940191e-01
2.140358246862888447e-01
2.140055000782012939e-01
2.141438618302345387e-01
2.136665686964988597e-01
2.136329710483551025e-01
2.134313426911830791e-01
2.136140674352645930e-01
2.134785950183868408e-01
2.133007980883121490e-01
2.133376851677894481e-01
2.139161422848701588e-01
2.140359178185463063e-01
2.137040555477142389e-01
2.134496986865997425e-01
2.138804920017719213e-01
2.136124417185783497e-01
2.134036555886268671e-01
2.136205740272998921e-01
2.133668333292007557e-01
2.135372199118137360e-01
2.136505886912345997e-01
2.138064965605735723e-01
2.137932337820530049e-01
2.134609162807464544e-01
2.139596082270145416e-01
2.142579078674316517e-01
2.140404641628265436e-01
2.137798719108104650e-01
2.135253652930259594e-01
2.138348788022995106e-01
2.134924560785293468e-01
2.135680869221687206e-01
2.134075671434402521e-01
2.134715348482131847e-01
2.132669188082218226e-01
2.136010780930518993e-01
2.134255096316337585e-01
2.138271003961563221e-01
2.136954352259635981e-01
2.134700611233711354e-01
2.134224981069564875e-01
2.135531999170780237e-01
2.136919826269149669e-01
2.133773237466812245e-01
2.134454369544983021e-01
2.135474681854248047e-01
2.133848696947097667e-01
2.137766063213348278e-01
2.132751837372779957e-01
2.134546197950840107e-01
2.132708534598350414e-01
2.132455982267856542e-01
2.132663149386644363e-01
2.136578083038330189e-01
2.135558068752288763e-01
2.134049460291862488e-01
2.134271137416362818e-01
2.137131944298744091e-01
2.135191500186920111e-01
2.133301556110382136e-01
2.133438587188720703e-01
2.133607402443885859e-01
2.133646294474601801e-01
2.132862985134124645e-01
2.133411362767219654e-01
2.138705223798751942e-01
2.132868714630603846e-01
2.133223861455917358e-01
2.133849993348121699e-01
2.134192258119583241e-01
2.134690508246421814e-01
2.135658740997314342e-01
2.136311486363410839e-01
2.132714837789535522e-01
2.133727036416530609e-01
