549569
0 0.927241597790271 0.05657361910562031 0.33394571590423583 0.0604584014415741
1 0.5184349538758397 0.0011101337533909828 0.0465796799659729 0.041650094985961915
2 0.5109103568829596 0.0005877557311032433 0.0343656604886055 0.021577260196208953
3 0.5229495433159173 0.0003618600732079358 0.025655122071504593 0.025190545320510863
4 0.516867368016392 0.00037594049848848954 0.03165181455016136 0.024673779010772705
5 0.5199670549482107 0.0002498638127144659 0.024562900960445402 0.014701870381832122
6 0.5129556977190077 0.0003108104775310494 0.02917780140042305 0.019711708724498747
7 0.510733958799392 0.00020302821918448898 0.0233095460832119 0.03105122208595276
8 0.511463369242847 0.00022999558052106295 0.02763012781739235 0.028988131880760194
9 0.5199871826916933 0.00018227526514237978 0.023023533836007117 0.026614515781402587
10 0.5284204091876745 0.00020001661185233387 0.025655515044927597 0.02003408819437027
11 0.5250437101349235 0.00016895592380024028 0.022039673075079917 0.0160985991358757
12 0.5211120508611202 0.00016694353289494756 0.023436851382255555 0.015357398092746735
13 0.5159812089987099 0.00017102710171457147 0.023432092785835267 0.022464729249477386
14 0.5150668858550489 0.00015212783011520515 0.0222086563706398 0.007796184420585633
15 0.5155420727096498 9.437612130568596e-05 0.016072562217712402 0.013980800807476044
16 0.517944494727999 0.00013562062060373136 0.021173108696937563 0.010751742273569107
17 0.5145105440169573 9.055785161763197e-05 0.016562914445996283 0.014834097623825072
18 0.5216996520757675 7.084081344146397e-05 0.014443145409226418 0.02435539335012436
19 0.5180428852327168 0.00014324812786071562 0.0224366053044796 0.018096561431884765
20 0.5131383119150996 0.00012263703429198357 0.019549311578273772 0.012579467743635178
21 0.5175256417132914 0.00015804933853360125 0.02188630798459053 0.02293787568807602
22 0.5132338078692555 6.595875211132807e-05 0.013838479369878769 0.007534068524837494
23 0.512511283159256 7.578363747597904e-05 0.015088095873594285 0.038854299187660216
24 0.5234317411668599 0.00022309127158223418 0.026659765645861627 0.01243281900882721
25 0.5134086697362363 0.0001441921272635227 0.02152080637216568 0.014769132733345031
26 0.5237146010622382 0.00011834646182251162 0.01990268763899803 0.01123077005147934
27 0.5140270488336682 5.1711338091990913e-05 0.011814850077033043 0.010995086580514908
28 0.5149895143695176 0.00012329473880527076 0.020520111545920372 0.03901825308799744
29 0.5135701447725296 0.00012710253064142309 0.02011844827234745 0.01861107975244522
30 0.511105006095022 0.00011054310805775459 0.019504657551646234 0.012422435283660889
31 0.5266537428833544 7.830692997231382e-05 0.01606421934068203 0.017242891788482664
32 0.5042968271300197 0.00011500015454657842 0.02041415286064148 0.0177862286567688
33 0.516526407096535 5.0055380725098076e-05 0.01234776921570301 0.01235979825258255
34 0.5299951019696891 6.610241936868988e-05 0.014921182230114937 0.027927451133728028
35 0.5095924180932343 0.00011028153621737147 0.019930452466011047 0.0228445029258728
36 0.5075562875717878 0.00010011209000367672 0.019566040650010108 0.010902065634727478
37 0.5240739299915731 0.00010728801285949885 0.01925164809823036 0.020434994995594025
38 0.5176075450144708 9.16301597317215e-05 0.017584898814558984 0.015453049540519714
39 0.512837968301028 7.696981730987318e-05 0.01536149388551712 0.01367116391658783
40 0.5149201173335314 4.609517291100929e-05 0.011746588826179504 0.02925223410129547
41 0.5115213361568749 0.00010095224188262364 0.01945517846941948 0.02124571979045868
42 0.5113604180514812 0.00010193184316449333 0.018878595516085624 0.010469956547021866
43 0.5151788610965014 9.272490293369628e-05 0.018267556115984917 0.011854869425296783
44 0.5106691047549248 0.000110019295134407 0.019883406728506088 0.02383420944213867
45 0.524449388962239 8.894838825654005e-05 0.017583918452262877 0.014792169630527496
46 0.5178165971301496 5.337891305316589e-05 0.012659160122275352 0.01607741981744766
47 0.5164367207325995 5.967703878923203e-05 0.014127513766288758 0.019063549935817718
48 0.5092222709208727 6.560701174748829e-05 0.015161712422966957 0.015831287503242492
49 0.5031247320584953 8.485262889735168e-05 0.017977494060993193 0.014799753725528718
50 0.510937285143882 2.5413251169084106e-05 0.008533444568514823 0.006769048795104027
51 0.5200905362144113 1.876735082532832e-05 0.006832590401172638 0.005198182314634323
52 0.5124535770155489 1.7395696604580736e-05 0.0070140095800161366 0.006110660955309868
53 0.5128077398985624 2.4211802001445902e-05 0.008608766295015812 0.011226040720939636
54 0.5126577680930495 2.575191166215518e-05 0.009128566078841686 0.0046797294914722445
55 0.5100678820163012 1.541931499104976e-05 0.0063815206438303 0.009684063047170639
56 0.5116398120298982 2.8131339295214275e-05 0.00944169170409441 0.012947109043598175
57 0.5169023871421814 1.5139923002607247e-05 0.006606707513332367 0.0053564697504043576
58 0.5169314150698483 2.342818030683702e-05 0.00850636912882328 0.005913465097546577
59 0.5116312620230019 1.3539647402467381e-05 0.006124224200844765 0.009831010848283767
60 0.5079211401753128 2.7344699901732383e-05 0.009734431818127632 0.008341365605592727
61 0.5082991449162364 2.6088992026416235e-05 0.00931132597476244 0.00490585520863533
62 0.5105721079744399 1.765890569458861e-05 0.00747877437621355 0.009511055052280426
63 0.5116073046810925 1.5340906729761626e-05 0.006753283590078354 0.010303097516298295
64 0.5227754218503833 2.142815136267018e-05 0.008350546821951866 0.0067223204672336575
65 0.5153657901100814 1.6223511388488986e-05 0.007384525880217552 0.007922135293483734
66 0.5147365350276232 2.3822326124900427e-05 0.009327726654708386 0.009625665098428726
67 0.5154070337302983 2.5405494807273498e-05 0.009097971960902214 0.010038684606552124
68 0.515118985902518 2.3055216656757695e-05 0.008760546907782555 0.008859457969665528
69 0.5225911699235439 2.7761054207076084e-05 0.009535163521766662 0.005439169481396675
70 0.5221480811014771 1.0080999431920646e-05 0.005416453428566456 0.00975334957242012
71 0.5200010132975876 2.5046560976988986e-05 0.009642493367195129 0.015631536245346068
72 0.5145085211843252 1.8707794461079174e-05 0.0077244661301374435 0.012431201487779618
73 0.5118775269947946 2.6195469349659106e-05 0.009590961217880249 0.008639066517353057
74 0.5158657333813608 2.4360431398235958e-05 0.009429504439234734 0.010480321645736694
75 0.5168310790322721 1.4737494016117125e-05 0.0071175721660256385 0.004526418298482895
76 0.5140840201638639 1.957600993137021e-05 0.008243055023252965 0.007814465165138245
77 0.5063368971459568 1.8797197690219036e-05 0.007815354287624358 0.011109860092401504
78 0.5118379527702928 1.5596524394823064e-05 0.007017231948673725 0.004982698634266853
79 0.5175938787870109 9.97259539872175e-06 0.005496930629014969 0.004624997824430465
80 0.5148196839727461 9.719151009903725e-06 0.005353419926017523 0.006719933450222015
81 0.5066622598096728 2.288837225023599e-05 0.00898240327090025 0.009653494507074357
82 0.5083923288621008 2.4379984351980967e-05 0.00953987405449152 0.007620212733745575
83 0.5220520216971636 2.714983346322697e-05 0.009217807956039905 0.004257054030895233
84 0.5191984702832997 2.5892492690218205e-05 0.009664413444697857 0.007945089638233184
85 0.5129972188733518 2.4318253117598943e-05 0.009134539999067784 0.006142372637987137
86 0.518988183233887 1.9578106675908204e-05 0.008136677622795106 0.00843608632683754
87 0.5110176880843937 1.6825496659294003e-05 0.007472359158098698 0.007265278249979019
88 0.5110959028825164 2.290302126766619e-05 0.008768041640520096 0.011301766335964202
89 0.5170809892006218 2.2415474659283064e-05 0.009012076124548912 0.010287399739027023
90 0.5144626819528639 2.6216934320473228e-05 0.009379149220883846 0.006343250721693039
91 0.5124732460826635 2.0281174588490103e-05 0.00894433656334877 0.008631211072206497
92 0.5138075309805572 2.6527478548814544e-05 0.009657599352300168 0.00751364067196846
93 0.5152335478924215 2.1034944525126774e-05 0.00876423543691635 0.006214936152100563
94 0.5062873777933419 1.2658916330110514e-05 0.006176032647490501 0.0051941689848899845
95 0.5181425344198942 1.8874941893045617e-05 0.007701837748289108 0.008966948986053467
96 0.5297665889374912 2.062230971205281e-05 0.008403047233819962 0.007893777936697006
97 0.5119684059172869 2.1979673010719126e-05 0.009010619439184665 0.006157412230968475
98 0.5241991127841175 1.989746075196308e-05 0.008277755424380303 0.008536519110202789
99 0.5113667151890695 2.1839123664904037e-05 0.008829616144299507 0.009172555506229401
100 0.5136721190065145 4.340276133234511e-06 0.0031614291965961455 0.0024515559896826746
101 0.5120743056759238 3.965806486121437e-06 0.003119200948625803 0.003732912391424179
102 0.5065170559100807 6.4344328654897255e-06 0.004150440588593483 0.003472424820065498
103 0.5201294659636915 4.265358879820269e-06 0.003071703512221575 0.005685121193528176
104 0.5157497329637408 5.676958342064608e-06 0.0039366608150303364 0.0021515189856290817
105 0.515559840016067 5.468986366850004e-06 0.003802356779575348 0.004839927479624748
106 0.5166218220256269 7.187562678154791e-06 0.0046587069183588025 0.0051248489320278165
107 0.5156389400362968 3.693551465175915e-06 0.0030206051990389823 0.0032902069017291067
108 0.5157116930931807 3.3862111195048783e-06 0.002681123796850443 0.0033828268945217134
109 0.5079820016399026 6.445905009968555e-06 0.004191547099500895 0.003390483409166336
110 0.5115122688002884 6.766722472093534e-06 0.0045342638976871965 0.0028561050444841384
111 0.5121754510328174 6.07429513365787e-06 0.004482298206537962 0.003023364022374153
112 0.5169576378539205 7.465349651738506e-06 0.004640573490411043 0.004134891331195831
113 0.5177873428910971 6.572287718427106e-06 0.004598122160881758 0.00494778499007225
114 0.5108939451165497 6.501111666921133e-06 0.004654223579913378 0.0034016039595007896
115 0.5242700520902872 6.1622790042292765e-06 0.004177141550928355 0.0057264090329408645
116 0.5231929700821638 5.2103220309618334e-06 0.0038946043699979783 0.0045408415794372554
117 0.5235716877505183 4.5635491869688845e-06 0.0036178380474448206 0.0045944382250308995
118 0.5241554542444646 6.668002158676245e-06 0.0045730965808033945 0.004491807594895363
119 0.5194785366766155 5.119239052646662e-06 0.0036463052853941916 0.005273010060191155
120 0.5135806412436068 6.0602768633089e-06 0.004209433276206255 0.004003074541687965
121 0.5144919538870454 5.670061104865454e-06 0.004300217837095261 0.0029284638911485673
122 0.5165714011527598 3.977915199584459e-06 0.0032145306430757044 0.002759188450872898
123 0.5160057530738413 5.848636610608082e-06 0.0041259160302579406 0.004640029594302177
124 0.5193393360823393 3.556248923359817e-06 0.0031026997715234757 0.002015789858996868
125 0.5125947347842157 3.4116422432362016e-06 0.0030341526977717874 0.00441736675798893
126 0.5108636259101331 6.433396587226525e-06 0.0045386205203831196 0.0030587706714868546
127 0.5143134756945074 5.113123515911866e-06 0.003774773579090834 0.0038265065848827363
128 0.5133496900089085 6.644481918556266e-06 0.004774639677256345 0.0026706063002347948
129 0.5123037970624864 7.4131874737304315e-06 0.004632648572325706 0.005734910443425179
130 0.5148728583008051 5.285336948190889e-06 0.004057383917272091 0.003284825682640076
131 0.5124375307932496 5.316200265497173e-06 0.00401935189589858 0.0058450897783041
132 0.5152962598949671 6.1888490245110005e-06 0.004604687094688416 0.0051759336143732074
133 0.5143645401112735 5.008855443975335e-06 0.003535073921084404 0.003889174684882164
134 0.512588799931109 4.735452852173694e-06 0.003547757623717189 0.002334911786019802
135 0.5169372376985848 2.780826052912744e-06 0.0026833789721131323 0.002881687581539154
136 0.5106198308058083 2.9588333006813627e-06 0.0027827465385198594 0.004105506911873818
137 0.5096027390100062 6.349018766513837e-06 0.004422850489616394 0.00280485387891531
138 0.5097202677279711 5.050527255434644e-06 0.0037997684627771376 0.0046278202533721925
139 0.5062011308036745 6.567656437255209e-06 0.004638348922133446 0.0035391756147146224
140 0.5239267284050584 5.301957888832476e-06 0.004086224883794784 0.002181627005338669
141 0.5203863023780286 7.155477713922665e-06 0.004650613643229008 0.002349513955414295
142 0.5144780068658292 5.247470722906655e-06 0.003788782760500908 0.0024025452882051467
143 0.5135481059551239 3.023304352609557e-06 0.002797042556107044 0.004215428233146667
144 0.5192784438841045 6.794470982640632e-06 0.0045704863965511325 0.005035801455378532
145 0.5086395218968391 4.2942813820445735e-06 0.003625173516571522 0.0029252320155501365
146 0.5136086568236351 6.490320126886217e-06 0.0047784910760819916 0.005258560925722122
147 0.5154764610342681 6.678206395918096e-06 0.004714049484580755 0.004268083199858666
148 0.5101884948089719 6.553151124535362e-06 0.004592551071196794 0.005373973250389099
149 0.5123131391592324 5.491307688316738e-06 0.004157740987837315 0.002406084164977074
150 0.5207465481944382 1.603117801209919e-06 0.0017137188278138638 0.0029255806654691695
151 0.5146030918695033 1.9340605268780564e-06 0.0022090679723769427 0.002485131397843361
152 0.5213871579617262 1.609643987023901e-06 0.0017563437055796384 0.0023959455639123916
153 0.5117630050517619 2.709357144681235e-06 0.0024209771025925876 0.0019748594984412195
154 0.5132710570469499 1.3895840757527367e-06 0.0015261755157262088 0.0013638005405664443
155 0.51385611994192 1.4308776189864148e-06 0.0015262453630566597 0.0021969714388251306
156 0.5145390112884343 2.1796173103894032e-06 0.0022849714066833257 0.0026891334354877472
157 0.5133309033699334 2.072729669180262e-06 0.002148225424811244 0.001795777752995491
158 0.5131604978814721 1.9128020386460775e-06 0.002264780892059207 0.0032360219955444337
159 0.5177686670795083 2.0312495956886777e-06 0.00216833864711225 0.0018298861011862755
160 0.5130907180719078 3.2908650251783913e-06 0.003010913448408246 0.0025405288860201837
161 0.515755461063236 1.6962142643706102e-06 0.0017060813512653112 0.0021248049661517143
162 0.5228455569595098 1.9723233054946832e-06 0.00206281104311347 0.0017728904634714126
163 0.516631780192256 1.28156103329502e-06 0.0014202246703207493 0.0013623947650194168
164 0.5162616558372974 1.3395487559364483e-06 0.0015342636313289404 0.002150529436767101
165 0.5084806587547064 1.6032184879577471e-06 0.0017380607072263955 0.002677873708307743
166 0.5208091642707586 1.5546674987376718e-06 0.0018756427131593227 0.0015823225118219853
167 0.5175081370398402 2.2517884400485856e-06 0.0023940283842384816 0.0020643389970064164
168 0.5206353720277548 2.408885239901792e-06 0.0024704540520906447 0.002287493459880352
169 0.5138088040985167 2.193853685525937e-06 0.0022758356295526027 0.0026388661190867423
170 0.5137978978455067 2.065601405547568e-06 0.0023423145674169063 0.0021749801933765413
171 0.5139453802257776 2.069216872087054e-06 0.002314220819622278 0.0024926839768886567
172 0.5098086348734796 2.391293231767122e-06 0.0025188247859477997 0.0027097895368933676
173 0.5188085888512433 2.311631783413759e-06 0.0022681587096303702 0.0018368932232260705
174 0.5132297808304429 2.375247745476372e-06 0.0023973591066896918 0.0016545546054840088
175 0.5080399550497532 1.847005654269651e-06 0.0020910936575382947 0.0015476183593273163
176 0.5223717829212546 1.518185816848927e-06 0.0017851974442601203 0.0024089658260345458
177 0.5147377727553248 2.006552167017617e-06 0.002274702278897166 0.002825855426490307
178 0.5109603879973292 1.8438830790046269e-06 0.0023061890080571176 0.0023501050472259522
179 0.5179578429087996 2.0510243012950016e-06 0.002345629034563899 0.002500707432627678
180 0.5161809362471104 2.0869915346111157e-06 0.0022863645981997254 0.001692460235208273
181 0.5175185850821435 1.750174994867848e-06 0.0019910239335149526 0.0025392525270581247
182 0.5120452581904829 1.551079539865441e-06 0.0018929894287139178 0.002986195534467697
183 0.5115158730186522 1.9146603767694616e-06 0.00229040608368814 0.0013344189897179603
184 0.522798792924732 1.6612181278219395e-06 0.0020050673596560954 0.0020530655607581137
185 0.5119138527661562 1.176662001398654e-06 0.0014891195315867663 0.0019315925985574722
186 0.512991167139262 1.7687984137637613e-06 0.002045850483700633 0.0017213833890855313
187 0.5129376319237053 1.4972237909205433e-06 0.0017354771383106709 0.0013360710442066194
188 0.5114779360592365 1.283565778180673e-06 0.0016063102204352617 0.0018586681224405765
189 0.5168992420658469 1.2855544866852142e-06 0.0015305887553840876 0.0015394381433725358
190 0.5127248978242278 2.2250204716556256e-06 0.002467208234593272 0.002661284916102886
191 0.5103140100836754 1.7382009571065283e-06 0.002027983494102955 0.003725310489535332
192 0.5254425099119544 1.6491784839445245e-06 0.0019139488395303488 0.002899000905454159
193 0.5144715853966773 2.4491423505423883e-06 0.002547435399144888 0.002753296494483948
194 0.51718531223014 1.8774088948703137e-06 0.002146004566922784 0.0015478885173797606
195 0.5122583992779255 2.0211540481795964e-06 0.0022893691416829825 0.0029591422155499456
196 0.5119660049676895 2.0826678650109896e-06 0.0024673283752053975 0.0036320400238037107
197 0.5094245332293212 1.742572738976378e-06 0.0020683108046650888 0.003333929404616356
198 0.5188298812136054 1.982067576591362e-06 0.00230876437574625 0.0016587579064071178
199 0.5112975677475333 2.1341697913612736e-06 0.002382036017253995 0.0022709910199046135
200 0.517484778072685 1.1788553564429094e-06 0.0015307396687567233 0.0011591100692749023
201 0.5144336516968906 8.511034539537832e-07 0.0011053753746673464 0.001053061131387949
202 0.5085155689157546 8.714674058296623e-07 0.00101179613545537 0.0013122310116887093
203 0.5205134940333664 8.805962677627122e-07 0.0011579552125185728 0.0011041050776839257
204 0.5136472098529339 7.864462531870231e-07 0.000934569695033133 0.001147820372134447
205 0.5252069709822536 8.890568940955745e-07 0.0011288669025525451 0.0009428731724619865
206 0.5187820000573993 9.414609598934475e-07 0.0011748953023925424 0.0014433263428509236
207 0.513856410048902 9.361845317812367e-07 0.001309500528499484 0.001471322998404503
208 0.5173588651232421 8.607833247253893e-07 0.001042654188349843 0.001084607383236289
209 0.5124797783792019 7.669303802515514e-07 0.0009838703973218798 0.0010378637257963418
210 0.5091215632855892 9.079611010065491e-07 0.0012773245181888341 0.0014069600962102412
211 0.5118136769160628 7.574478009075847e-07 0.000988453439436853 0.0013304360955953597
212 0.517734635155648 9.073012847693462e-07 0.0013011605581268668 0.001544100847095251
213 0.5127684632316232 8.105157421312014e-07 0.0009778319727629422 0.0011356338486075402
214 0.5140820359811187 7.247837886836805e-07 0.0009661431033164263 0.0012614753469824792
215 0.5111828348599374 7.837041853520077e-07 0.0010147682540118694 0.0013439997471868992
216 0.5142920212820172 9.672350533662666e-07 0.0013860011408105492 0.0015572226233780385
217 0.5159933073446155 9.814355394155428e-07 0.0014012848753482104 0.001511633675545454
218 0.5080302669666708 8.712829986734505e-07 0.0011845514625310899 0.0014912784472107888
219 0.5143157579004765 1.0493658237464843e-06 0.0014309047553688287 0.001572179887443781
220 0.5184504138305783 7.809134845615517e-07 0.0010090024331584572 0.0011443294957280158
221 0.5171278980560601 8.038268411780791e-07 0.00097952201962471 0.001200053822249174
222 0.5112675810232759 9.497120001356052e-07 0.001325366236269474 0.0011269220151007176
223 0.5076905456371605 8.77753909094281e-07 0.0011834413278847932 0.0009777351655066012
224 0.5111366687342525 8.437639063174629e-07 0.001110462655313313 0.000999868642538786
225 0.513213980011642 6.925100495891457e-07 0.0009191122418269515 0.0010022387374192475
226 0.5119289439171553 8.2275051241254e-07 0.0011357224071398377 0.0013077163323760032
227 0.5066620330326259 8.281753869709973e-07 0.0011252412479370833 0.0010068783536553382
228 0.5116342306137085 7.67371241465753e-07 0.0009992946973070502 0.0012642861530184745
229 0.5137419668026268 9.500891184188731e-07 0.001308721462264657 0.0012874541245400906
230 0.5145511170849204 8.791665692342576e-07 0.0012508168099448086 0.0010074831917881966
231 0.5169514608569443 8.343976730884606e-07 0.0011602293653413653 0.001895565465092659
232 0.510757677257061 8.262431884986654e-07 0.0011700457083061338 0.0014466938003897666
233 0.5115879802033305 8.797972742513593e-07 0.001331220698542893 0.0009979952685534954
234 0.5212546489201486 9.273236018714215e-07 0.0012402253821492196 0.0011758212372660636
235 0.5083124907687306 9.76986499239274e-07 0.0013631718726828694 0.001499639581888914
236 0.523181154858321 9.732636371495574e-07 0.0013658715579658747 0.001573965884745121
237 0.5170701406896114 8.426665853278336e-07 0.0012170973950996996 0.0014053225889801978
238 0.5104679907672107 9.131662082495495e-07 0.0013248405903577805 0.0012008751370012761
239 0.5268022445961833 7.557909530930828e-07 0.0010525222178548574 0.0012891202792525292
240 0.5090988110750914 7.311388058894864e-07 0.0009659095006063581 0.0009638983011245728
241 0.5114365951158106 6.979664135542407e-07 0.0009371738042682409 0.00114177281036973
242 0.5193704119883478 8.350172355164886e-07 0.0011937821442261339 0.0009983490128070117
243 0.512210232205689 8.146944801978862e-07 0.001252382098697126 0.0013922225870192052
244 0.5175585593096912 7.337287456721242e-07 0.000993780798278749 0.0011334184184670448
245 0.5149950468912721 6.507910674713457e-07 0.0009455586168915034 0.0011254292167723178
246 0.5145184099674225 6.491007756892486e-07 0.0008971587829291821 0.0010726583749055862
247 0.5110110058449209 8.744587648834567e-07 0.0012959312135353684 0.0015373702347278595
248 0.5148799349553883 9.8454000124093e-07 0.0013782613910734653 0.0013172104954719543
249 0.5123313860967755 6.65675557911527e-07 0.0009056633794680238 0.0010316204931586981
250 0.5067935921251774 5.753485555715088e-07 0.0006934644738212228 0.0008613712899386883
251 0.5115994457155466 5.581122308129238e-07 0.0006757495440542697 0.0009679546952247619
252 0.5103273899294436 6.352209162230338e-07 0.0008217601049691439 0.000879795029759407
253 0.5125513589009643 6.134815686920092e-07 0.0007590553238987922 0.0010430940147489309
254 0.5132298548705876 6.021488319163382e-07 0.0007745389183983207 0.000807829163968563
255 0.5149070238694549 5.936820421936773e-07 0.0007900778064504265 0.0009051153622567653
256 0.5055693788453937 5.701992215279006e-07 0.0007669029776006937 0.0008780372701585293
257 0.5066300132311881 5.719510318158428e-07 0.0007395942732691765 0.000900129172950983
258 0.5105954129248857 5.733663314799742e-07 0.0006761371036991477 0.0008465603180229664
259 0.5150278778746724 5.869997067975419e-07 0.0007258624974638224 0.000941708367317915
260 0.5175230200402439 5.935357134490005e-07 0.0008157350420951844 0.0010967151448130607
261 0.5114095499739051 5.898854462316195e-07 0.0007377610411494971 0.0008594686258584261
262 0.5108582228422165 5.610787810894635e-07 0.0006798981642350554 0.0008489859476685524
263 0.512387540191412 5.698046476254603e-07 0.00068788992613554 0.0008391955774277449
264 0.5102168573066592 5.680844645894467e-07 0.0006882040780037641 0.0008183626923710108
265 0.5123252649791539 5.41324753697836e-07 0.0007369168801233172 0.000861663967370987
266 0.5138824689202011 5.87428318539196e-07 0.0007307145968079567 0.0009256020933389664
267 0.5110003990121186 6.441722301531172e-07 0.0008780537638813258 0.0009145964123308659
268 0.510477673728019 6.144866833324158e-07 0.000884558642283082 0.0010909878835082055
269 0.5151537330821157 6.146970842735299e-07 0.0008549287039786577 0.0009227503929287195
270 0.5168230482377112 5.53994613810005e-07 0.0007279717978090047 0.0009744246304035187
271 0.5175049039535224 6.428330769381319e-07 0.0008652377557009459 0.001104728989303112
272 0.5201168358325958 5.665156151479778e-07 0.0007038268344476819 0.0009454102441668511
273 0.5077542318031192 6.074888995755146e-07 0.0007652558954432607 0.0008557483274489641
274 0.5106114610098302 5.564074606922986e-07 0.0006852889899164438 0.0008467229083180428
275 0.5101126162335277 6.064372523439942e-07 0.0008742354111745954 0.0010715422872453928
276 0.5110550145618618 5.545229181791455e-07 0.0007548740617930889 0.0008901003561913967
277 0.5028333310037851 5.400318401171944e-07 0.0007330264681950212 0.000992491003125906
278 0.5110402419231832 5.691010368025218e-07 0.0007044341471046209 0.0009451493434607983
279 0.5161957461386919 5.45032243550736e-07 0.0007276380266994238 0.0008798662200570107
280 0.5214118007570505 6.080659937879318e-07 0.0008192035034298897 0.0009375324845314026
281 0.5123256612569094 5.797631255433089e-07 0.0007904708348214626 0.0008471560012549162
282 0.5145486737601459 5.490834949739565e-07 0.0007458491651341319 0.0008142616134136915
283 0.5157072711735964 5.379363034663243e-07 0.0006470996160060168 0.0008260675705969334
284 0.5081860106438398 5.708853232277988e-07 0.0007471051160246134 0.0008638224471360445
285 0.5150900296866894 6.155708092592249e-07 0.0008527295319363475 0.0009951458498835563
286 0.5219740471802652 5.843188176868352e-07 0.0007823440432548523 0.0007872770167887211
287 0.5137755493633449 6.114586850003434e-07 0.0008508412782102824 0.0008864672761410475
288 0.5107127940282226 5.360088471206836e-07 0.0007279648911207914 0.0008220344409346581
289 0.5114325182512403 5.649553360598247e-07 0.000716902126558125 0.0009543930925428868
290 0.5072498428635299 5.486214416094981e-07 0.0007158239353448153 0.0008280008286237717
291 0.5129719087854028 5.529339267695832e-07 0.0007191223269328475 0.0008213279582560063
292 0.5117134931497276 5.499368864292365e-07 0.0007030318947508931 0.0008264957368373871
293 0.5123071819543839 5.735857573085923e-07 0.0007789573986083269 0.0010472683608531953
294 0.5108922529034317 5.571563683304249e-07 0.0008013471104204655 0.0008226484805345535
295 0.5186536991968751 6.01089660250409e-07 0.0008335672384127974 0.0008214981853961944
296 0.5119252190925181 5.823930967352453e-07 0.0008186949593946337 0.0010398121923208237
297 0.5191791248507798 6.171524069031876e-07 0.0009075843347236514 0.0008594371937215329
298 0.5296893143095076 5.400506682207151e-07 0.0007381164636462927 0.00104179666377604
299 0.5122047439217567 5.569959878215513e-07 0.0008642975455150008 0.0012049339897930622
300 0.5107893636450171 5.019306490794406e-07 0.0006359313931316137 0.0007976742461323738
301 0.5281371190212667 4.859636626264319e-07 0.0006108894143253565 0.0008713134098798037
302 0.5163178551010787 4.843883520067038e-07 0.0006096421182155609 0.0007541202940046787
303 0.51356231700629 4.895865584586545e-07 0.0005866871001198887 0.0007612566836178303
304 0.5247906986624002 4.852867652260784e-07 0.0005897351521998643 0.0007373519986867905
305 0.5130767519585788 4.904196033805874e-07 0.0005768667859956622 0.0007649235241115093
306 0.5059717348776758 4.886635620238167e-07 0.0005867098714224994 0.0007375322375446558
307 0.5216510859318078 5.045496935807137e-07 0.0005991026293486357 0.0008572418987751007
308 0.514778268057853 4.7338277248343274e-07 0.0005732356659136713 0.0007264664117246866
309 0.51356804324314 4.843763030493165e-07 0.0005856413282454014 0.0007477129064500332
310 0.5191376628354192 4.764627082209927e-07 0.0005689882077276707 0.0007579391542822122
311 0.5099333142861724 4.968916656267197e-07 0.0005998220378533005 0.0007349650003015995
312 0.5042277090251446 4.898284966969868e-07 0.0006087594320997596 0.000820265905931592
313 0.5109572531655431 4.710821288611555e-07 0.0005929398578591645 0.0007336013298481703
314 0.5085328463464975 4.870148043067956e-07 0.0006106963763013482 0.0008277800306677819
315 0.5128377596847713 4.827862147038786e-07 0.0005861309077590704 0.0007305810321122408
316 0.5166352689266205 4.806529697276574e-07 0.0005907827224582434 0.0007776335906237363
317 0.5086593991145492 4.776509612014479e-07 0.0005931944660842419 0.0008993507083505392
318 0.5230136862955987 5.083920549964205e-07 0.0006548929968848825 0.0008039519935846329
319 0.5100326086394489 4.736291930740322e-07 0.0005884716622531415 0.0007804063428193331
320 0.5111350128427148 4.751309831618755e-07 0.000614484442397952 0.0007875707186758518
321 0.5214770552702248 4.913159696684488e-07 0.0006098476918414235 0.000732913576066494
322 0.5118976910598576 4.778644542824395e-07 0.0005988191897049547 0.000737572880461812
323 0.5063614947721362 4.823961843669622e-07 0.0005825086971744895 0.0008079969789832831
324 0.5119749768637121 4.937823416639731e-07 0.0006362046198919415 0.0009826680831611157
325 0.5119120511226356 4.979945771310668e-07 0.0006230021230876446 0.0007904244586825371
326 0.5116200731135905 4.7587494883316595e-07 0.0005864907479844987 0.0007219168543815612
327 0.5078706350177526 4.807935691530929e-07 0.0005796067649498582 0.0008280217554420232
328 0.5123042641207576 4.774779150551467e-07 0.0005791736682876945 0.0007295208889991045
329 0.5177495358511806 4.709617171982927e-07 0.0006068528890609741 0.0007728046458214522
330 0.5233569592237473 4.849372939474961e-07 0.0005890626227483154 0.0007150744181126357
331 0.5113869970664382 4.7474996573981797e-07 0.0005768384048715233 0.0007813364267349243
332 0.5182934226468205 4.808417789092801e-07 0.0006091435812413692 0.0007157380226999521
333 0.5105319241993129 4.946477761791357e-07 0.0005983216222375631 0.0007439862191677093
334 0.5085838711820543 4.716104746904648e-07 0.0005643003694713116 0.0007541344407945871
335 0.522484514862299 4.868229525811785e-07 0.0005777023425325751 0.0007181183062493801
336 0.5196208287961781 4.954215183872179e-07 0.0006023091804236173 0.0007605591882020235
337 0.5251591852866113 4.6486814813562206e-07 0.0005654129348695278 0.0007461422123014927
338 0.5147755490615964 4.6281823919969154e-07 0.0005900118779391051 0.0007669639866799117
339 0.51299391919747 4.775696032766064e-07 0.0005738472901284695 0.0007855293713510036
340 0.5150983831845224 4.758818563388445e-07 0.0006236454220488667 0.0007387382071465254
341 0.5115160220302641 5.02546856466779e-07 0.0006700197802856565 0.0008155209571123123
342 0.509780639782548 4.639345204182632e-07 0.000584232279099524 0.000740157626569271
343 0.5137020833790302 4.683605111921452e-07 0.0005965973911806941 0.0007399009633809328
344 0.501627896912396 4.785607807278325e-07 0.0006010459423996509 0.0008195646200329066
345 0.5083780600689352 4.872463152594264e-07 0.0005854005124419927 0.0007428022567182779
346 0.5114397061988711 4.854370394369312e-07 0.0005962021164596081 0.0008744655176997184
347 0.5071164481341839 4.7601338991398735e-07 0.0006285682171583176 0.0007416488975286483
348 0.5126912300474942 4.5211827043090125e-07 0.0005777895427308977 0.0007088355254381895
349 0.508730239700526 4.7065956913172615e-07 0.0005679484130814671 0.0007957227621227503
350 0.5195901207625866 4.4780534977917343e-07 0.0005361059894785285 0.0007246954832226038
351 0.5200870260596275 4.5146394271000647e-07 0.0005222438727505505 0.0006887570023536682
352 0.5110611491836607 4.532897476039466e-07 0.0005260956818237901 0.0007296532858163118
353 0.5111660547554493 4.492668396594013e-07 0.0005512906070798636 0.0007255487330257893
354 0.5167156853713095 4.534964990909884e-07 0.0005273724487051368 0.000731101706624031
355 0.5124067678116262 4.5186983278711067e-07 0.0005486764693632722 0.0007048152945935726
356 0.5108465370722115 4.614717160222881e-07 0.0005418328372761607 0.0007512239087373019
357 0.5071938950568438 4.579985190744651e-07 0.0005181702799163759 0.0007046798430383205
358 0.5123004619963467 4.543939088108573e-07 0.0005262362640351058 0.0007027478236705065
359 0.5111900381743908 4.4279253824441867e-07 0.0005283070183359086 0.0006910805264487862
360 0.5149125168099999 4.497011575921306e-07 0.0005267214206978679 0.0007228329032659531
361 0.5162329631857574 4.4772989390651217e-07 0.0005371747971512378 0.0007117306161671877
362 0.508836064953357 4.484719169184359e-07 0.0005245258319191635 0.0007578865066170692
363 0.5100723477080464 4.734466532241299e-07 0.0005422629751265049 0.0007926757354289293
364 0.5181738003157079 4.4096907629409544e-07 0.0005308594270609319 0.0006980491057038307
365 0.514197587966919 4.399216621919777e-07 0.0005255032652057707 0.0006966241542249918
366 0.5106968870386481 4.502598113376166e-07 0.0005272958101704716 0.0007078809477388859
367 0.5103886537253857 4.3924054693889047e-07 0.0005392004768364131 0.0006962519977241755
368 0.5166918700560927 4.618334902772858e-07 0.0005324935074895621 0.000694423564709723
369 0.5146026238799095 4.365790145044457e-07 0.0005228820373304188 0.0007174063567072153
370 0.5113095850683749 4.511417888863889e-07 0.0005548822404816746 0.0007171874586492777
371 0.511439390014857 4.5290747600290617e-07 0.0005198078928515315 0.0007170745171606541
372 0.5091466899029911 4.485333436576866e-07 0.0005176555011421442 0.0006954740919172764
373 0.5053697740659118 4.460553103768916e-07 0.0005286373225972057 0.0007334415335208177
374 0.5178674147464335 4.44743155405547e-07 0.0005257094805128873 0.0006920695491135121
375 0.5204576547257602 4.5190409807105426e-07 0.000520703349262476 0.0006887861061841249
376 0.5259542800486088 4.4190683819778085e-07 0.0005397489992901682 0.0007021493185311556
377 0.5108408308587968 4.3513197830691295e-07 0.0005226189885288477 0.0007071095518767833
378 0.517619043122977 4.513647985504576e-07 0.0005352650401182473 0.0008223464153707027
379 0.52906963089481 4.6209731976887267e-07 0.000562169237062335 0.0007017609383910894
380 0.5109489089809358 4.406033271919796e-07 0.0005165756619535387 0.0006976357102394104
381 0.5096652149222791 4.567842936253896e-07 0.0005250992341898382 0.0006817035796120763
382 0.5164558659307659 4.5159985688769667e-07 0.0005256762919016182 0.0006913768593221903
383 0.511512020137161 4.3842609791511223e-07 0.0005301576219499111 0.0006842625793069601
384 0.5257083978503942 4.4842661417021646e-07 0.000515725408680737 0.000686482610180974
385 0.5106156109832227 4.407475615764156e-07 0.0005141983986832201 0.0007568967808037996
386 0.5268624401651323 4.5590938633210956e-07 0.0005422329497523605 0.0007144271861761808
387 0.5175526179373264 4.483074236105722e-07 0.0005266736149787903 0.0007180825527757406
388 0.5098433047533035 4.534794386046315e-07 0.000522193243727088 0.0007028788980096578
389 0.5111238569952548 4.3811315450170694e-07 0.0005204636896960437 0.0007355357520282269
390 0.5041388222016394 4.485507940543698e-07 0.000539185025729239 0.0007141814753413201
391 0.5143827139399946 4.480652314953204e-07 0.0005275172609835863 0.0007008363958448171
392 0.5139353261329234 4.463389954878494e-07 0.0005286222910508514 0.0007067926228046418
393 0.5114133302122355 4.4916366086056316e-07 0.0005342756435275078 0.0006809412781149149
394 0.5070142513141036 4.4513177147820217e-07 0.0005318886837922036 0.0006924188975244761
395 0.5068010217510164 4.4043528269810394e-07 0.0005165503895841538 0.0006792047526687384
396 0.5129767097532749 4.378412960193145e-07 0.0005153850633651018 0.0007126326952129603
397 0.5152458702214062 4.415544693259221e-07 0.0005272786407731474 0.0006974391173571349
398 0.5208344189450145 4.4358490846718724e-07 0.0005270152911543846 0.0006797641888260841
399 0.5200889450497925 4.476764835459335e-07 0.0005296051250770688 0.0007489299029111862
400 0.5068657100200653 4.3566953888074523e-07 0.0005097447573207319 0.0006899308506399393
401 0.5157475480809808 4.311677563251237e-07 0.0004906398025341332 0.0006696512643247842
402 0.5112100769765675 4.32845781901392e-07 0.0004895249656401574 0.00068992480635643
403 0.5127645595930517 4.2797042862474657e-07 0.0004967723488807678 0.0006965706869959831
404 0.512520947959274 4.3612902722145464e-07 0.0004955460974015296 0.0006688258377835155
405 0.5116193238645792 4.336660405712678e-07 0.00048301455611363055 0.0006864377949386835
406 0.5167881338857114 4.226792271211366e-07 0.00048774194112047553 0.0006791684869676828
407 0.5126409940421581 4.3068625323883223e-07 0.0004924084697850049 0.0007097872719168663
408 0.5114149320870638 4.3223493428001803e-07 0.0004893393563106656 0.0006738867517560721
409 0.5244030631147325 4.291581001680811e-07 0.00048509227810427546 0.0006819435302168131
410 0.5106782950460911 4.302334851757905e-07 0.0004868889288045466 0.0006840269546955824
411 0.5126688536256552 4.239843326203641e-07 0.0004923854283988476 0.0006756435148417949
412 0.5131381349638104 4.3216829748615737e-07 0.0004937909883446992 0.0006709081819280982
413 0.5126320943236351 4.275876138493118e-07 0.000491664532572031 0.0006872290372848511
414 0.5186116462573409 4.2286821781090113e-07 0.0004966107541695237 0.0006676697731018066
415 0.5089194853790104 4.367813187755587e-07 0.0005209140148945152 0.0006787293963134289
416 0.5095305228605866 4.2992541018804784e-07 0.0005050651002675295 0.0006749951653182507
417 0.5208306550048292 4.271847294745612e-07 0.0004906737352721394 0.0006768244085833431
418 0.5078920973464847 4.3028736122607826e-07 0.0004899552902206778 0.000675546508282423
419 0.51336425030604 4.321468704659992e-07 0.0004932781206443906 0.0006703507713973522
420 0.5109121953137219 4.335397951749087e-07 0.0004908189144916833 0.0006718535628169775
421 0.5040716449730098 4.2939138658937284e-07 0.00048675412638112903 0.0006909405067563057
422 0.510408665984869 4.378079702149762e-07 0.0005042651295661927 0.0006810551322996616
423 0.5120175890624523 4.309022489223935e-07 0.0004916665381751955 0.0006797173619270324
424 0.518724407069385 4.2933772238740174e-07 0.0004923692704178393 0.0006775840558111667
425 0.5134372189640999 4.287182090223496e-07 0.0004898381251841784 0.0006649693381041289
426 0.5163057022728026 4.2886422736643225e-07 0.0004906665366142988 0.0006646212609484792
427 0.5094522470608354 4.294476083899212e-07 0.0004934617565013469 0.000670829014852643
428 0.5190946068614721 4.330350631320812e-07 0.0004881113707087934 0.0006695991568267345
429 0.5120049063116312 4.331936905543898e-07 0.0004927735798992217 0.0006683096289634705
430 0.5042319856584072 4.294830373297032e-07 0.00048676271690055727 0.0006642822455614805
431 0.5235791197046638 4.299967921639336e-07 0.00048610821831971405 0.0006673246854916215
432 0.5230994559824467 4.23524159742783e-07 0.0004832651396282017 0.0006855382863432169
433 0.5129522099159658 4.3523034829462406e-07 0.00048591503594070675 0.000680583929643035
434 0.5100760320201516 4.2989173635987756e-07 0.0004989401390776038 0.0006958830822259188
435 0.5104349409230053 4.321739933743629e-07 0.0004910513386130333 0.0006778713688254356
436 0.5156540521420538 4.327994176733796e-07 0.0004942235476337373 0.0006569816358387471
437 0.5150891127996147 4.2811363250905286e-07 0.00048783816117793324 0.0006915055867284536
438 0.525902243796736 4.2528270508768175e-07 0.0004907207055948675 0.0006681780889630318
439 0.5126311387866735 4.350414799247915e-07 0.0004935213127173483 0.0006645152112469077
440 0.515367713291198 4.2135872053705724e-07 0.0004812524034641683 0.0006697700871154666
441 0.5132955652661622 4.290691844133221e-07 0.0004852952575311065 0.0006874409690499306
442 0.5198030108585954 4.2367259126763203e-07 0.0004876836910843849 0.0006777839595451951
443 0.5201558843255043 4.236372526023047e-07 0.0004949941001832485 0.0006598403770476579
444 0.5150708360597491 4.305596777953724e-07 0.0004861348862759769 0.0006863941717892885
445 0.5085888970643282 4.260832772118306e-07 0.00048594962479546667 0.0006752925971522928
446 0.5133202569559216 4.222132451303651e-07 0.0004954994185827672 0.0006717213522642851
447 0.5023263152688742 4.2076184886497003e-07 0.00048273653164505957 0.0006876604445278645
448 0.5118296910077333 4.268236676097104e-07 0.0004981028065085411 0.0006629543285816908
449 0.5125923207961023 4.2609973178286963e-07 0.0004846384348347783 0.0006782366754487157
450 0.5156804150901735 4.2179090977256804e-07 0.0004754098430275917 0.0006701057404279709
451 0.515054568182677 4.199588666153886e-07 0.00047578873066231607 0.0006746915634721518
452 0.5064762230031192 4.215416144859319e-07 0.0004710407913662493 0.000659573981538415
453 0.511554486118257 4.185446120175129e-07 0.0004742784127593041 0.000658749546855688
454 0.5151107576675713 4.207073309814291e-07 0.0004724546414799988 0.0006572597241029143
455 0.5093759689480066 4.180887523119736e-07 0.0004738747333176434 0.00066230034455657
456 0.5112488241866231 4.1754018784700977e-07 0.0004700238760560751 0.0006625932548195123
457 0.5121003622189164 4.239728280808208e-07 0.00047211317298933864 0.0006564102927222848
458 0.5117863868363202 4.2325555156708104e-07 0.00047127882484346626 0.0006685173604637385
459 0.5063485968858004 4.2208219817041483e-07 0.00047300954069942234 0.0006554094795137643
460 0.5144936349242926 4.211749858029634e-07 0.00047027831804007293 0.0006568812998011709
461 0.5117489960975945 4.241187320985773e-07 0.000476105451118201 0.0006599410623311996
462 0.5168209252879024 4.174446639382268e-07 0.0004718097937293351 0.0006590206874534487
463 0.5116322170943022 4.181611397413576e-07 0.0004742359300144017 0.0006561009027063846
464 0.5135056520812213 4.198248098319368e-07 0.00047071690717712046 0.0006678780261427164
465 0.5187343219295144 4.2057579598520077e-07 0.0004771946631371975 0.0006678170058876276
466 0.5147266988642514 4.257397029761023e-07 0.0004769142707809806 0.0006664267461746931
467 0.5113962828181684 4.2120706901016546e-07 0.00047395595489069817 0.0006562196649610996
468 0.5162866557948291 4.191776064743635e-07 0.0004689310477115214 0.0006578697403892875
469 0.5195072069764137 4.17168444855065e-07 0.00047136356681585313 0.0006609240360558033
470 0.5125671941787004 4.1957217089105825e-07 0.0004749094434082508 0.0006569069111719728
471 0.5109537579119205 4.206592164734957e-07 0.00047016461519524454 0.0006550210202112794
472 0.5020928080193698 4.1662352227689327e-07 0.00047186724888160825 0.0006609204178676009
473 0.5142194447107613 4.2230249622576823e-07 0.0004704335341230035 0.0006697439774870872
474 0.5144030177034438 4.17601445654725e-07 0.00047217445448040964 0.0006536078220233322
475 0.5119012938812375 4.188155832807183e-07 0.00046999624324962496 0.0006584773724898695
476 0.5116348899900913 4.186240888159887e-07 0.00047060821764171126 0.0006574373412877321
477 0.5197102264501154 4.2151702380976983e-07 0.0004745497973635793 0.0006546223815530539
478 0.5195474838837981 4.1701465214316613e-07 0.0004699636218138039 0.0006578370183706284
479 0.5123362271115184 4.1973720318111416e-07 0.0004704437092877924 0.0006657491903752089
480 0.5117243127897382 4.2075282983944364e-07 0.0004701822241768241 0.0006543883681297303
481 0.5126438117586076 4.1681982139607497e-07 0.000469614970497787 0.0006556254578754306
482 0.5160824889317155 4.1498293498420933e-07 0.0004704768224619329 0.0006574082188308239
483 0.5101611451245844 4.200663827091944e-07 0.00047067726822569965 0.0006570043461397291
484 0.5118377902545035 4.1786467832594096e-07 0.0004744138498790562 0.0006577633554115892
485 0.5141079612076283 4.193862046264485e-07 0.00047541310172528027 0.0006533525139093399
486 0.5093773449771106 4.1753885621886865e-07 0.0004687075391411781 0.0006607982236891984
487 0.5138347130268812 4.1745864962194903e-07 0.0004670921196229756 0.0006518584117293358
488 0.5138129750266671 4.155142051232019e-07 0.00047002736292779446 0.000661294525489211
489 0.5097832642495632 4.1802898913090304e-07 0.00046948975650593636 0.0006522583588957786
490 0.5106235118582845 4.180458123670405e-07 0.0004732535406947136 0.0006569980457425118
491 0.5226530069485307 4.1941738796680285e-07 0.0004702606713399291 0.0006525262305513024
492 0.5073738088831306 4.1999012101001654e-07 0.0004723545969463885 0.0006552293756976724
493 0.5276058153249323 4.213434902311519e-07 0.0004730058736167848 0.0006538693979382515
494 0.5140658048912883 4.178873933824434e-07 0.0004731246377341449 0.0006581101939082145
495 0.5141325928270817 4.1800453377760503e-07 0.0004712185482494533 0.0006561486516147852
496 0.5205466500483453 4.1735778477658414e-07 0.00047074468759819864 0.000654755448922515
497 0.5154262180440128 4.195695241904218e-07 0.0004694913877174258 0.0006510048313066363
498 0.5114261680282652 4.214546489578197e-07 0.000465625676792115 0.0006548418570309877
499 0.5140207377262414 4.202026419619642e-07 0.0004719258155673742 0.0006610568705946207
0 0.00020645209588110447
1 0.0010216247173957527
2 0.0012412144715199247
3 0.0015545217465842143
4 0.0017376835457980633
5 0.0020844567625317723
6 0.002446139231324196
7 0.002755675552180037
8 0.002972106827655807
9 0.0032842396176420152
10 0.003853370959404856
11 0.004135683237109333
12 0.00445903031504713
13 0.004949464258970693
14 0.005161018430953845
15 0.005635026114759967
16 0.005824325402500108
17 0.006235566979739815
18 0.006661612627794966
19 0.007406714343233034
20 0.007769239251501858
21 0.008186619961634278
22 0.008822724805213511
23 0.010101302759721875
24 0.01029205380473286
25 0.0108338269055821
26 0.011228424904402345
27 0.011437346285674721
28 0.01197195571148768
29 0.012628139113076031
30 0.013049121509538963
31 0.0134779954678379
32 0.014451337105128914
33 0.015027876186650246
34 0.016412190336268395
35 0.01687630615197122
36 0.017104810875025578
37 0.017623118139454164
38 0.01781186246080324
39 0.01807845293660648
40 0.018313618740648963
41 0.01879245242162142
42 0.01945688961131964
43 0.02001138219202403
44 0.020379533889354207
45 0.0206081677461043
46 0.02090219725505449
47 0.021358366328058764
48 0.023114606825402007
49 0.023539270972833037
50 0.023806929209968075
51 0.024030182845308445
52 0.024465301612508483
53 0.024675168286194094
54 0.024929811785113998
55 0.025400690632523037
56 0.02572299620078411
57 0.02631870510231238
58 0.029413336582365446
59 0.029771659857942723
60 0.030192972844815813
61 0.030937333169276826
62 0.031433636249857955
63 0.031853608510573395
64 0.03211570451094303
65 0.032584421496721916
66 0.03294882607588079
67 0.033594213469768874
68 0.03442101429391187
69 0.035074947561952285
70 0.03541512593801599
71 0.0355669573036721
72 0.035819303753669374
73 0.03616099392820615
74 0.03649013694666792
75 0.03720016907027457
76 0.04248131102940533
77 0.04301096611015964
78 0.04689825740933884
79 0.04717216822609771
80 0.04742971401719842
81 0.0477508903859416
82 0.04837114173278678
83 0.048701970066758804
84 0.04897162462293636
85 0.04943591410119552
86 0.04979623005783651
87 0.050308636578847654
88 0.05089086551743094
89 0.05122361185203772
90 0.05185502853419166
91 0.05284354246396106
92 0.053612421310390346
93 0.054124141795909964
94 0.05861304768768605
95 0.05893598524562549
96 0.06400791350461077
97 0.06445812484889757
98 0.06481577221711632
99 0.06610543384158518

=============================
Testing error: 6.611e-04
=============================

