549569
0 1.14037518016994 0.06074908532435074 0.3596648111343384 0.07209125995635986
1 0.740357605740428 0.0011702302824414801 0.04512842068076134 0.025409321784973144
2 0.7376648881472647 0.0004613132371014217 0.025903703063726424 0.019475889503955842
3 0.7375101228244603 0.00027025429299101236 0.020836145251989364 0.019593272507190704
4 0.7414585025981069 0.00033614134590607134 0.02712690298259258 0.014450160413980484
5 0.7339254040271044 0.0001646898097169469 0.017983689337968827 0.02053974151611328
6 0.740269913803786 0.00026044254129374165 0.026990851208567618 0.028415439128875734
7 0.7389076217077672 0.00023214227418066002 0.027040371954441072 0.02939557731151581
8 0.7411821102723479 0.000192629932971613 0.023392670556902886 0.015089168548583984
9 0.7361995810642838 0.00017291568236032617 0.020791069597005843 0.01016131043434143
10 0.7360926098190248 0.00010219427476840793 0.014389553889632225 0.027396384477615356
11 0.7420915877446532 0.00016984592148219235 0.02370313885807991 0.016913581490516662
12 0.7373836599290371 0.00017119930671469775 0.022848841071128844 0.024060111045837402
13 0.7384120770730078 0.00015078675281984032 0.021465929359197618 0.021746269166469573
14 0.7360105011612177 0.00013626455460325816 0.019332919746637343 0.020542477369308473
15 0.7373426598496735 0.00013659335549164096 0.02090740852057934 0.028386263251304625
16 0.7383472360670567 0.00016552674871491034 0.022330853283405304 0.011451679617166519
17 0.7403381010517478 6.371828818373615e-05 0.01202235147356987 0.010485359430313111
18 0.7468213778920472 6.007870601024479e-05 0.011345537886023521 0.01168108731508255
19 0.7389885992743075 0.00011034087290681782 0.0179801387488842 0.01137149915099144
20 0.7376293679699302 5.861596244358225e-05 0.011425224840641022 0.012175823748111724
21 0.738958883099258 9.302559625211871e-05 0.016060540571808814 0.023851035237312315
22 0.7377409101463854 8.979774867839296e-05 0.016215380907058714 0.012258106768131256
23 0.7385267931967974 6.48959423233464e-05 0.013285059988498688 0.018331449031829834
24 0.7420146320946515 0.00012334429513430223 0.02083651703596115 0.01768764466047287
25 0.7386586773209274 0.00011933925645280397 0.01889307251572609 0.028472811579704285
26 0.738925124052912 9.930491125487606e-05 0.017286471381783484 0.020492971539497376
27 0.7368988781236112 0.00010905961993557866 0.019264947950839998 0.014617964327335357
28 0.7399680358357728 0.00011342893605615246 0.01965906172990799 0.015778491497039793
29 0.7335545760579407 0.00011402968735637841 0.01919431057572365 0.016468854248523714
30 0.7386023718863726 0.00011184410470377771 0.019163033276796342 0.01956012725830078
31 0.7363105686381459 8.400007776799611e-05 0.016136564254760743 0.017654681205749513
32 0.7354620508849621 7.785375481034863e-05 0.016245240807533264 0.02057599902153015
33 0.7387189920991659 9.716453771943634e-05 0.017761566400527954 0.008232145309448243
34 0.7376116658560932 9.286174514272716e-05 0.017186720691621304 0.009301453679800033
35 0.738432636950165 9.871222293440951e-05 0.018685094848275186 0.016106458902359008
36 0.7368639660999179 7.391935341729549e-05 0.015553588062524796 0.02550428092479706
37 0.7360753337852657 0.00010336649302189471 0.018580300316214562 0.013420022875070572
38 0.7393685532733798 8.761111719650216e-05 0.01748262816667557 0.022702716886997223
39 0.7345495433546603 8.217559039621846e-05 0.01748572291433811 0.01055149883031845
40 0.7419297941960394 8.435050807747757e-05 0.01738614711165428 0.016911909878253938
41 0.7383856396190822 6.884461381559959e-05 0.015477383837103844 0.00895724892616272
42 0.7340921312570572 5.300676590195508e-05 0.012724733471870423 0.021458847522735594
43 0.7432923936285079 7.399118971079588e-05 0.015449543252587319 0.015972567200660707
44 0.7376164519228041 8.561687602195889e-05 0.01734564660489559 0.01807381808757782
45 0.7378488057292998 8.063056080573005e-05 0.016796755626797676 0.018519513309001923
46 0.7385016991756856 6.834257907030405e-05 0.015699006035923956 0.012350411266088485
47 0.772616664879024 8.355873258551583e-05 0.017178689077496527 0.014718047082424164
48 0.8349608690477908 7.840272939574789e-05 0.01647114910185337 0.010245825499296188
49 0.8386641433462501 7.376417332125129e-05 0.01600653900206089 0.011067306399345398
50 0.840201233047992 2.183848142522038e-05 0.0072869728505611416 0.005580397099256515
51 0.840248208027333 1.6212669293054206e-05 0.0051826005950570105 0.005970567986369133
52 0.8399964212439954 1.4926630074114655e-05 0.004910388395190239 0.004083017781376839
53 0.8376666330732405 2.4211889108300966e-05 0.007660434685647487 0.007998756021261216
54 0.8379865461029112 2.5689027406770037e-05 0.008308073304593563 0.008345563113689423
55 0.8399722049944103 2.4624057150504086e-05 0.008029832556843758 0.005213533788919449
56 0.8371686758473516 2.1634953391185263e-05 0.00748364744335413 0.003822353854775429
57 0.8325149081647396 2.232134920632234e-05 0.00791719613224268 0.009687486737966537
58 0.8354382859542966 2.493975101970136e-05 0.008608454473316669 0.005487443953752518
59 0.8387826601974666 2.445750882543507e-05 0.008774615548551083 0.00899527758359909
60 0.8361358921974897 2.0876922872048453e-05 0.007486460350453854 0.006839599758386612
61 0.8410629690624774 2.483740070601925e-05 0.008802033454179764 0.007352165132761002
62 0.8317929436452687 2.3764809157000855e-05 0.008905265375971794 0.010506516993045808
63 0.838111151009798 1.8200120844085178e-05 0.007136375010013581 0.006384408473968506
64 0.83657585689798 2.082913037156686e-05 0.007827555641531944 0.005503037571907043
65 0.7856525466777384 1.199973676875743e-05 0.004918986007571221 0.006875046193599701
66 0.7443483867682517 2.190088039242255e-05 0.007918888926506043 0.0050641480833292
67 0.7429145188070834 2.1493100912266528e-05 0.008493579216301441 0.010814650505781174
68 0.7374503999017179 2.415515354186937e-05 0.00883888541907072 0.005803537741303444
69 0.7408683109097183 2.5284200198711914e-05 0.00886485355347395 0.010403171181678772
70 0.7486556363292038 2.261583380459342e-05 0.00894784563779831 0.007967812716960907
71 0.7409875569865108 2.0154315247964405e-05 0.008027057707309724 0.007407874315977097
72 0.7367832669988275 1.2142500313530036e-05 0.005475219771265983 0.005568998456001281
73 0.7379989791661501 2.4416681517323012e-05 0.008883534774184227 0.008814664632081986
74 0.7447353475727141 1.7342867690786078e-05 0.0071984887719154355 0.007220534980297089
75 0.7423630720004439 1.1049262134292804e-05 0.005115402977913618 0.0050216268002986906
76 0.7425931901670992 1.562779070354736e-05 0.006484395645558834 0.007853678315877915
77 0.736831028945744 1.0294009566678142e-05 0.005117890775203705 0.0048818843066692355
78 0.7418606360442936 1.5393244043480082e-05 0.006353916123509407 0.004789015576243401
79 0.7396451430395246 1.626527358439489e-05 0.006915846884250641 0.00493728369474411
80 0.7399719678796828 2.2057540927562514e-05 0.009010268315672875 0.006703070923686027
81 0.7401509629562497 2.178201510105282e-05 0.008898135215044022 0.008276976197957992
82 0.7410397031344473 2.2681769933114994e-05 0.009073764711618424 0.009204810708761215
83 0.7405417989939451 1.7394679921380885e-05 0.007324220202863216 0.005248291343450546
84 0.740179699845612 1.3047728393758008e-05 0.006148219019174576 0.010035641938447953
85 0.7472529052756727 1.9493962468004612e-05 0.007866390280425548 0.010098876059055328
86 0.737296552862972 1.3177044138501515e-05 0.006131744384765625 0.004516727700829506
87 0.7407999858260155 1.0095600064232713e-05 0.005216137900948524 0.0036831799149513243
88 0.7385904518887401 1.887521492790256e-05 0.00759485387802124 0.012085993140935898
89 0.7389448401518166 2.2647150499324197e-05 0.008988267958164216 0.009995854943990707
90 0.7387853669933975 2.000432672957686e-05 0.008000450402498246 0.006055775210261345
91 0.7387407990172505 2.109115097482572e-05 0.008807490341365338 0.01043322816491127
92 0.7358257011510432 2.1621933365167932e-05 0.008728008762001992 0.009260452389717101
93 0.739010029938072 2.2240076841626433e-05 0.008550910264253616 0.010874540060758591
94 0.7429306204430759 1.7037511383932724e-05 0.006714829001575709 0.006771206557750702
95 0.7417607018724084 1.6778295293988776e-05 0.007454296581447125 0.009491966813802719
96 0.7387823308818042 1.9555174803826956e-05 0.008190161906182766 0.00777571439743042
97 0.74094712221995 1.5968183024597238e-05 0.007024448178708553 0.005755067765712738
98 0.7414459511637688 1.3924968020546658e-05 0.0066376540809869765 0.004065013080835342
99 0.7402106495574117 1.5505862415921e-05 0.00701828196644783 0.006870267689228058
100 0.7399078588932753 6.841163024091657e-06 0.0038550389893352984 0.0030243794992566107
101 0.738261166960001 6.3455037002313475e-06 0.003951664723455906 0.0037355347722768783
102 0.7412281357683241 4.951547979317184e-06 0.0032119347490370273 0.0028593264520168304
103 0.7415599119849503 4.784347988788795e-06 0.0031440479904413223 0.002315872460603714
104 0.7383977849967778 4.286330453169285e-06 0.0027511106319725513 0.0023937281966209412
105 0.739981350954622 4.232926231679812e-06 0.002721460282802582 0.002990550436079502
106 0.7390676522627473 4.830436724887477e-06 0.003045325864106417 0.002437029853463173
107 0.7388728028163314 4.2969623541466715e-06 0.002802927277982235 0.002827950343489647
108 0.74045564327389 4.756991611429839e-06 0.0030084422193467617 0.002238239720463753
109 0.7441590502858162 6.0988996779087755e-06 0.0036820029877126215 0.0033613763004541396
110 0.7365492391400039 4.77785230941663e-06 0.0029530086182057856 0.003367947116494179
111 0.7398778381757438 6.2718054414290234e-06 0.003938130840659142 0.005738406851887703
112 0.7390002380125225 8.787510337242566e-06 0.0049468263089656826 0.005163731873035431
113 0.7356588719412684 4.488502005415285e-06 0.0030376718305051326 0.0029757532104849817
114 0.7402174123562872 4.209380006159336e-06 0.0028210129290819168 0.0030866166204214095
115 0.7401584358885884 7.3928183201132925e-06 0.004611573714762926 0.00809447094798088
116 0.7468088688328862 6.406303027688409e-06 0.003791048422455788 0.003329254277050495
117 0.7398463468998671 6.440308030732922e-06 0.003888973493129015 0.0045781081914901735
118 0.7387768658809364 8.243826036959946e-06 0.004916155636310577 0.003280011974275112
119 0.740821457002312 8.066528316703625e-06 0.004945715427398681 0.00456850178539753
120 0.7372902729548514 7.275618879702961e-06 0.004819744326174259 0.005810402482748032
121 0.7388888862915337 5.29783568822495e-06 0.003678951419889927 0.0026479774340987207
122 0.7408600430935621 4.1255743974488725e-06 0.002791384782642126 0.003217782750725746
123 0.7411631536670029 4.632330985714361e-06 0.0029416233375668525 0.0023936820775270463
124 0.7469791718758643 6.321952716916712e-06 0.004228414244949818 0.005698786675930023
125 0.7416120609268546 7.444384593782161e-06 0.00477147252485156 0.005290239229798317
126 0.740970809943974 4.501029687844493e-06 0.0032034968361258505 0.0027545439824461938
127 0.7391519816592336 4.590932927612812e-06 0.0031571133844554423 0.004218597337603569
128 0.7398066972382367 7.372514005510311e-06 0.0046964953541755675 0.004847684800624847
129 0.7414672416634858 8.050548353821796e-06 0.00480166171118617 0.004309759587049484
130 0.7407106831669807 4.955864349085459e-06 0.0033809959553182125 0.0021430401876568793
131 0.7402449250221252 3.90477662676858e-06 0.002731824092566967 0.0026305561885237696
132 0.7400141470134258 3.665353858650633e-06 0.00278909769654274 0.0027528281509876253
133 0.7394081130623817 4.204752370924325e-06 0.003004665806889534 0.0044118230044841765
134 0.7433658200316131 6.408033350453479e-06 0.004185958731919527 0.004554770067334175
135 0.7383488360792398 6.096998170050938e-06 0.004278618015348911 0.00187212023884058
136 0.7405816591344774 3.4741746208055702e-06 0.002693772554397583 0.0029392071068286897
137 0.7427479000762105 7.128241786631407e-06 0.0046404068619012835 0.006740931421518326
138 0.7403932507149875 7.320329649473933e-06 0.004779347762465477 0.007095201313495636
139 0.7394900266081095 7.1351976771438785e-06 0.0048175759352743625 0.004113551676273346
140 0.7420072332024574 6.93511625058818e-06 0.004536388054490089 0.005862792804837227
141 0.7380607887171209 6.094364084674453e-06 0.004283498592674732 0.003915014639496803
142 0.7391622019931674 5.0745440194077676e-06 0.003832351442426443 0.0026245529577136038
143 0.7412394369021058 3.147014517708158e-06 0.002595604717731476 0.0020681215822696687
144 0.7410349203273654 5.022097794835645e-06 0.003500109042972326 0.005270922482013702
145 0.7399240168742836 6.288770521223341e-06 0.004224271062761545 0.0035084587335586547
146 0.7382472450844944 6.502920048205851e-06 0.004629497569054365 0.005182014852762222
147 0.7403797931037843 6.247700832773262e-06 0.004327353049069643 0.0036211299151182176
148 0.738360155839473 6.32736910802123e-06 0.004502546917647124 0.0058317739516496655
149 0.7394934049807489 3.811543799656647e-06 0.0032734443470835684 0.0032760393992066384
150 0.7408785810694098 2.2647829524657935e-06 0.0019490700084716082 0.0013778100349009037
151 0.7406949889846146 2.2771782101926872e-06 0.001844601383432746 0.0018942344561219215
152 0.7461635419167578 2.8570921938353423e-06 0.0023142290115356445 0.0016143713518977166
153 0.741626551374793 2.444008222823868e-06 0.0020266524963080883 0.0022195868566632273
154 0.7406069790013134 1.9896323456691788e-06 0.001493523795157671 0.0013185800798237324
155 0.7403123755939305 2.6286678235010185e-06 0.0020976328533142807 0.002961046099662781
156 0.7379107149317861 2.670826188477804e-06 0.002332532340660691 0.00287955142557621
157 0.7378691877238452 2.5918218710785366e-06 0.0023972628470510246 0.0017929017171263695
158 0.740326008759439 2.2220255962679404e-06 0.0016686662659049034 0.001536191664636135
159 0.7378186332061887 2.86998363890234e-06 0.0023637389559298754 0.0031721490249037743
160 0.7425104607827961 2.925253971284292e-06 0.0022860964983701707 0.0020739369466900824
161 0.7377741793170571 2.742957835835114e-06 0.002308499399572611 0.002412230186164379
162 0.7436410179361701 2.6790131579446097e-06 0.00233074351772666 0.001677225921303034
163 0.740526913665235 2.3928130053718634e-06 0.0021148165930062533 0.0016030755639076233
164 0.741887014824897 2.1548569586116173e-06 0.0016805792395025493 0.0017419526539742946
165 0.7385045508854091 2.16260055225348e-06 0.001917143663391471 0.0022183022648096084
166 0.741553658619523 2.7041082398682194e-06 0.0022469608038663863 0.0015268067456781864
167 0.7373703718185425 2.591153088360443e-06 0.002193107083439827 0.0022026635706424713
168 0.7409828430972993 2.4688749243750864e-06 0.0023399472311139108 0.002539111413061619
169 0.7404559371061623 2.4443236588922447e-06 0.0022062178626656532 0.0021329523622989656
170 0.7363011250272393 2.17680520478325e-06 0.0019510959647595883 0.0017865072190761566
171 0.7415220909751952 2.511293450879748e-06 0.002279730759561062 0.001660165823996067
172 0.7376929307356477 2.060258724156938e-06 0.0018353375010192394 0.002102312184870243
173 0.7385648409835994 1.7978557548303798e-06 0.0014731062017381191 0.00295881487429142
174 0.742002272978425 2.301732685054958e-06 0.0020849190913140776 0.0011269969865679741
175 0.7408907990902662 2.2624153584160924e-06 0.0017609017379581929 0.002271603010594845
176 0.7440331480465829 2.600745920631198e-06 0.002244332181289792 0.001560724824666977
177 0.739332705270499 1.796334514665432e-06 0.0015622492115944624 0.0012798217684030532
178 0.7393020913004875 1.8150612089584683e-06 0.0015312849637120962 0.0012118936516344546
179 0.7414744477719069 2.356701596681887e-06 0.002221639769151807 0.0016756634786725044
180 0.7388897771015763 2.6211815361421033e-06 0.0022396007608622313 0.0019399162381887435
181 0.7367841671220958 2.3894047529893216e-06 0.0020501397904008627 0.0019515586644411086
182 0.7406300660222769 2.2223923235742404e-06 0.0019572368245571853 0.002438998110592365
183 0.7375945341773331 2.1542042068745106e-06 0.0020565994437783956 0.0024591333419084547
184 0.7415059222839773 2.312647708322402e-06 0.002070726905018091 0.0012332712300121783
185 0.7373962900601327 1.760570629016911e-06 0.001615297768265009 0.0016238830424845218
186 0.7397282989695668 1.746052682278787e-06 0.0015336087308824061 0.0019485603272914886
187 0.742157175205648 2.3432643291698697e-06 0.0020843920763581993 0.0012380527891218663
188 0.741637253202498 1.7680694054433844e-06 0.0016439168564975262 0.0023560518398880958
189 0.7423870707862079 2.1803824967037145e-06 0.0020269700847566127 0.00155654925853014
190 0.7398465210571885 2.262720238377369e-06 0.0021287051979452373 0.002271515540778637
191 0.7426758799701929 2.261391460933737e-06 0.00203790994733572 0.001632187757641077
192 0.7424985957331955 1.7619497128862348e-06 0.0013819970414042473 0.0016229944862425328
193 0.7399291358888149 2.1133960905217464e-06 0.002115960752591491 0.0022403990477323533
194 0.7376664346083999 2.133030345135012e-06 0.0020737480260431766 0.0029942020401358604
195 0.7431382578797638 2.6829162152353094e-06 0.0024461098834872245 0.0024796020239591598
196 0.741527967620641 2.5719604707319378e-06 0.002382589973509312 0.0018940919265151024
197 0.7371862609870732 1.8496217262509162e-06 0.0016254561245441436 0.001432681530714035
198 0.7382378047332168 2.2972665880161003e-06 0.0021483228616416454 0.002992098778486252
199 0.7402468803338706 2.510251521243845e-06 0.002417029857635498 0.002276347316801548
200 0.7379281311295927 1.2749480330853658e-06 0.0011912090936675667 0.00113436633720994
201 0.7407840308733284 1.216197024405119e-06 0.0009898341968655586 0.0012255781143903732
202 0.740688422229141 1.2979211162189585e-06 0.0011636465359479188 0.0014839892275631428
203 0.7384227658621967 1.3374187813042226e-06 0.0011158881578594447 0.0008982178848236799
204 0.7410931922495365 1.3699317021576007e-06 0.0010055812327191235 0.0015749226696789265
205 0.7418976798653603 1.2745583424589313e-06 0.001037978971377015 0.0013484129682183265
206 0.7402085978537798 1.5165482034262823e-06 0.0012906254958361387 0.0011360973678529263
207 0.7398946504108608 1.2924449538331827e-06 0.0010731903398409485 0.0013188170827925206
208 0.7369947480037808 1.422985750849648e-06 0.0011949384789913893 0.0010638155974447728
209 0.7403767420910299 1.511138965071268e-06 0.0012900664322078228 0.0011821558140218257
210 0.7430950826965272 1.3376893254246626e-06 0.000905161508359015 0.0010919379256665706
211 0.7395811812020838 1.2749219678198642e-06 0.0009424777468666435 0.0009226248040795326
212 0.7398126507177949 1.2368207671897835e-06 0.0009663200760260224 0.001395644210278988
213 0.7425222750753164 1.4173891990765242e-06 0.0011812820630148053 0.000921967402100563
214 0.7379961349070072 1.3615203873484915e-06 0.0010759082762524486 0.0012408674135804176
215 0.7402186691761017 1.3742630927993105e-06 0.0010354441171512008 0.0010171312279999257
216 0.7382058817893267 1.5500135135937398e-06 0.001238733783364296 0.0014677684940397739
217 0.7382682878524065 1.4729263200763398e-06 0.0012918248185887933 0.0008843147289007902
218 0.7415011539123952 1.2362519153441553e-06 0.0008601039657369256 0.0009195042867213487
219 0.7387651507742703 1.4608118559067407e-06 0.0012139373337849975 0.0010170435439795255
220 0.7402067808434367 1.397208979625475e-06 0.0011009305529296398 0.0009505327045917511
221 0.736509891692549 1.4512681596556831e-06 0.001180592671968043 0.0015406967885792256
222 0.7414837703108788 1.4534727196746645e-06 0.0012630718350410462 0.0011231490969657897
223 0.7390872747637331 1.225212130577802e-06 0.0010313344160094858 0.0010398666560649872
224 0.743705125991255 1.2267349337946599e-06 0.0008508986728265882 0.00090689642354846
225 0.7396713546477258 1.2593730887289211e-06 0.0010922567592933773 0.0014485097490251064
226 0.739633658900857 1.31866017881066e-06 0.0010842337030917406 0.0010910260677337647
227 0.7386029050685465 1.309794691053412e-06 0.001067830833606422 0.0009063758794218301
228 0.7429719301871955 1.2565401292619072e-06 0.0009004090586677194 0.0009458333346992732
229 0.7437609708867967 1.272321122911535e-06 0.0010422503193840385 0.0010116460174322127
230 0.7399179772473872 1.2892811683684612e-06 0.0010295852227136494 0.001495217140763998
231 0.7419006237760186 1.242585854583922e-06 0.000978996847756207 0.0008952413499355316
232 0.7390213757753372 1.2242629551906248e-06 0.000935147293843329 0.0010717538557946681
233 0.7390292109921575 1.4065399973617332e-06 0.0012694698460400105 0.0014873128943145276
234 0.7382691600359976 1.2694756915720974e-06 0.0010206551011651755 0.0009379593562334775
235 0.7379331211559474 1.2909601748845035e-06 0.0010141648203134536 0.0010796920768916607
236 0.7383629563264549 1.3401619230535288e-06 0.001276109227910638 0.0011888241581618786
237 0.737548965960741 1.2325095063658865e-06 0.0010277960300445557 0.0013699415884912015
238 0.7415012000128627 1.4723099849334177e-06 0.0013844870403409003 0.0014146816357970239
239 0.7421107669360936 1.3195525521325635e-06 0.0010549433091655374 0.0009159946721047163
240 0.7384704891592264 1.26022238042367e-06 0.001078588149510324 0.0010145340859889984
241 0.7394782681949437 1.355749534042161e-06 0.0012626486364752053 0.0012262221239507198
242 0.744201451074332 1.353901851359751e-06 0.001358584032393992 0.0013664628379046917
243 0.7374347075819969 1.2198770343729847e-06 0.0010297506079077721 0.0009174972027540207
244 0.7413927251473069 1.2046549214517199e-06 0.0008892548680305481 0.001058392859995365
245 0.7428695810958743 1.2204693801720624e-06 0.0010358805786818265 0.0018883253261446952
246 0.7378433952108026 1.2148277937740203e-06 0.001040350528433919 0.0011232624575495719
247 0.7392493551596999 1.346719377863792e-06 0.0011868812637403608 0.0011979670263826848
248 0.7401655111461878 1.1797508230415588e-06 0.0010749963959679008 0.0008195826597511769
249 0.7390311090275645 1.1818431653409789e-06 0.000888826459646225 0.0009397263918071986
250 0.7390606151893735 1.0521459135759414e-06 0.0006863261340185999 0.0007903367932885886
251 0.7415429828688502 1.0349737204862208e-06 0.0006554181268438697 0.0007763962168246507
252 0.7450120081193745 1.0478232288591016e-06 0.0007045164033770561 0.0008509350195527077
253 0.740086808335036 1.0897718147617752e-06 0.0007113282140344382 0.0008591496199369431
254 0.7391583379358053 1.0165617813839845e-06 0.0007139440421015024 0.0008785928413271904
255 0.7393729980103672 1.0046418963582937e-06 0.0006786830918863415 0.0007575401477515698
256 0.7417356041260064 1.0323648627519332e-06 0.0007624953426420689 0.0010521874763071537
257 0.738084923941642 1.0903668146511336e-06 0.0007896594023332 0.0009179986827075481
258 0.7403071168810129 1.0498359787192158e-06 0.0007532481430098415 0.0007884497940540314
259 0.7400262728333473 1.0649644522686685e-06 0.0007454586802050471 0.0007579872850328684
260 0.7401444339193404 1.0257316353801116e-06 0.0006854689745232463 0.0007791619934141635
261 0.7422509440220892 1.0705041876235554e-06 0.0007337187509983778 0.0007939987629652024
262 0.7400006079114974 1.0902766287301802e-06 0.000693203128874302 0.0007123798970133066
263 0.739628754556179 1.0713956332608632e-06 0.0006702420739457012 0.0007767705712467432
264 0.7373350788839161 1.0559814603539052e-06 0.0007012793878093361 0.0007387572806328535
265 0.7417452302761376 1.0090883453983678e-06 0.0006860080538317561 0.001008238848298788
266 0.7387379710562527 1.0717513786318022e-06 0.0008002663692459464 0.0007618217635899782
267 0.7409771210514009 1.1172542843951306e-06 0.0008601098004728556 0.0011192289367318153
268 0.7384180747903883 1.0605031010868516e-06 0.0006945726480334998 0.0007909237500280142
269 0.7426861557178199 1.0722788860562105e-06 0.0007171571888029575 0.0009321589302271605
270 0.7413182500749826 1.0486430888079212e-06 0.000743915718048811 0.0011814691312611104
271 0.7385778105817735 1.0380397770148875e-06 0.0007816519122570753 0.0008623189013451338
272 0.7398701440542936 1.044544741191089e-06 0.0007562884176149964 0.0008305326849222184
273 0.7420857800170779 1.0771636571860199e-06 0.0007226311275735498 0.0009452747367322445
274 0.7407332388684154 1.0692301958670215e-06 0.0007681664573028683 0.0007803887873888015
275 0.7402235087938607 1.0963572842115355e-06 0.0008638862082734704 0.0008847657591104507
276 0.7434279252775013 1.0881307636623206e-06 0.0008064246634021401 0.0007594557572156191
277 0.7386598461307585 1.0469817493685695e-06 0.0008309953603893519 0.0007963650673627853
278 0.7401310177519917 1.0611003317961832e-06 0.000849574614316225 0.0010248728841543197
279 0.7411907408386469 1.0351922088602805e-06 0.000858940128237009 0.0008471800293773413
280 0.7388736298307776 1.0311754567027266e-06 0.0007446137713268399 0.0010019825026392937
281 0.7412295769900084 1.0138386659974684e-06 0.0008080998882651329 0.0008865281101316214
282 0.7422685367055237 1.0232482344463278e-06 0.000714494819752872 0.0007675419189035892
283 0.7438548989593983 1.1014625076910533e-06 0.0007593747032806277 0.0009150543902069331
284 0.7424511201679707 1.095723537360982e-06 0.0008404253497719765 0.0009336186945438384
285 0.738116413820535 1.0157625445117446e-06 0.0007063462575897574 0.0008566050790250301
286 0.7381626940332353 1.0106182955382792e-06 0.000671883069910109 0.0007291457988321781
287 0.7436671140603721 1.013272868632953e-06 0.0006819480815902353 0.0008118441700935364
288 0.7445583660155535 1.018768429901229e-06 0.0007376483669504524 0.0006777611188590526
289 0.7396062789484859 1.0744288045216877e-06 0.0007442076727747917 0.0009633564949035645
290 0.7398729738779366 1.011727964979059e-06 0.0006996842874214054 0.0007232353463768959
291 0.7405602820217609 1.0090612025948076e-06 0.0006495380746200681 0.000731129627674818
292 0.740306836552918 1.0061414613105057e-06 0.000705489607527852 0.0009955144673585892
293 0.7372470069676638 1.0551508150058452e-06 0.0008053493909537792 0.0008364928234368562
294 0.7421621577814221 1.000718306016779e-06 0.000641927401535213 0.0007501810789108277
295 0.7419892009347677 9.917809275350465e-07 0.0006634700242429971 0.0007392591144889594
296 0.7412213957868516 9.920766359527988e-07 0.0006548327086493373 0.0006949804164469242
297 0.7396170147694647 1.0215314713235558e-06 0.0006688743159174919 0.0008177098724991083
298 0.7431301968172193 1.0252098970653377e-06 0.0006950569860637188 0.0008578846137970686
299 0.740476249717176 9.811551778682314e-07 0.0006943979104980827 0.000711639653891325
300 0.7384161418303847 9.627635713371774e-07 0.0005815729573369026 0.0006766828708350658
301 0.7438786560669541 9.502099939595609e-07 0.0005648119086399674 0.0006892251875251532
302 0.7433346742764115 9.52682488915002e-07 0.0005848779827356339 0.0006884757149964571
303 0.7440438820049167 9.46864201303299e-07 0.0005979753704741598 0.0006795971095561981
304 0.7386067640036345 9.336395642023376e-07 0.0005878009963780641 0.0006438216660171747
305 0.7420382099226117 9.349226461452532e-07 0.0005511061223223805 0.0006620462331920862
306 0.74257006123662 9.458784808202836e-07 0.0005730180628597736 0.0007018504664301872
307 0.7431945740245283 9.572163197901773e-07 0.000590387343429029 0.0006747138407081365
308 0.742802772205323 9.339531025887027e-07 0.0005852715605869889 0.0006573771685361862
309 0.7391641950234771 9.58196799629718e-07 0.0005754184182733298 0.0006933250930160284
310 0.7391842557117343 9.304571174340026e-07 0.0005789518393576145 0.0007379621267318726
311 0.7393016638234258 9.635879955638416e-07 0.0006272470923140645 0.0006877547223120928
312 0.7378071630373597 9.610960317019134e-07 0.0006080624563619495 0.0006567262765020132
313 0.7405115440487862 9.239995782905908e-07 0.0005750899305567146 0.0006953712925314903
314 0.7401891709305346 9.322796086763673e-07 0.0005735656544566155 0.0006523030623793602
315 0.7399311340413988 9.329316466022419e-07 0.0005915195858106017 0.000653696721419692
316 0.73816406307742 9.327627922672832e-07 0.0005788788003847003 0.0006735560670495033
317 0.7405128590762615 9.303171473362681e-07 0.0005581875653006136 0.0006695928145200015
318 0.7391381566412747 9.318589515672215e-07 0.0005638532852753997 0.0006746041029691696
319 0.7447201460599899 9.002192016893674e-07 0.0005868707173503936 0.0007177949976176024
320 0.7410219889134169 9.216378592213914e-07 0.0005760406320914626 0.0006396412383764983
321 0.7408983111381531 9.370479266124221e-07 0.000571078528650105 0.0006690660584717989
322 0.7365076621063054 9.225591565353852e-07 0.0005647457595914602 0.0006490405835211277
323 0.7390039088204503 9.371793435519749e-07 0.0005773935131728649 0.000755032105371356
324 0.7408202039077878 9.374217388824491e-07 0.0006111915614455939 0.000639281589537859
325 0.7393248397856951 9.392339284275408e-07 0.0005600675735622644 0.0006453334726393223
326 0.7400517743080854 9.372506054816654e-07 0.0005687870141118764 0.0006372940074652433
327 0.7394239762797952 9.335252456565968e-07 0.0005845539178699255 0.0007086536940187216
328 0.7416623230092227 9.351680574809506e-07 0.0005898293908685446 0.0006321713048964739
329 0.742224499117583 9.308307637923008e-07 0.0005816971864551306 0.0006726499740034342
330 0.7411631210707128 9.341114894567682e-07 0.0005586453285068274 0.0007014800142496825
331 0.7394000249914825 9.478278898455983e-07 0.0005680708736181259 0.000640682801604271
332 0.7400808399543166 9.193778680227638e-07 0.0005892101302742959 0.0006893741711974144
333 0.7401180099695921 9.629000668098797e-07 0.0006204480612650514 0.000623722393065691
334 0.7400672803632915 9.23915070103476e-07 0.0005863428181037307 0.0006415471620857716
335 0.740091793704778 9.376892866441722e-07 0.0005553074143826961 0.0006328300014138222
336 0.7403489015996456 9.606634243652934e-07 0.0005728951939381659 0.0006421547383069992
337 0.7394290002994239 9.294336995679941e-07 0.0005701962439343334 0.0006510680448263884
338 0.739516519010067 9.092238367003347e-07 0.0005676469313912094 0.0006647275667637587
339 0.7378119453787804 9.121032874048752e-07 0.000573080888018012 0.0006433242373168469
340 0.7405032492242754 9.190270815651047e-07 0.0005452776253223419 0.0006117335893213748
341 0.737745163962245 9.331633683373752e-07 0.0005611422816291452 0.0006425635609775782
342 0.7375447899103165 9.06814964132252e-07 0.0005595316719263792 0.0006416903622448445
343 0.7472161571495235 9.122785786530585e-07 0.0005985426986590028 0.000781788807362318
344 0.7417280729860067 9.036164718878581e-07 0.0005624009110033512 0.0006707062292844057
345 0.7358593172393739 9.359301314049162e-07 0.0005841079903766513 0.0006501387059688568
346 0.738576146773994 9.197613830735918e-07 0.0006042510019615292 0.0007764934003353118
347 0.7402473250404 8.92138689856381e-07 0.0005517343566752971 0.0006202901247888803
348 0.7393148448318243 8.988664258779977e-07 0.0005347066498361528 0.0006401626765727996
349 0.7412010771222413 9.059761115537413e-07 0.000615635845810175 0.0008114002272486687
350 0.7398062711581588 8.815314714283317e-07 0.0005393190984614194 0.0006206226255744695
351 0.7382497088983655 8.949141138003825e-07 0.0005080809639766812 0.000619364706799388
352 0.7398432157933712 9.018343258659911e-07 0.000509679393377155 0.0006812694948166609
353 0.7380554839037359 8.847954356028253e-07 0.0005345181440934539 0.0006229960918426513
354 0.7405510838143528 8.964628904806204e-07 0.0005030873566865921 0.0005973756406456232
355 0.7386353891342878 8.8112555861386e-07 0.0005036143278703093 0.0006098303478211164
356 0.7369271977804601 9.025110744431686e-07 0.000522295936010778 0.0006116862222552299
357 0.738296392839402 8.97635937615604e-07 0.0005062722559086979 0.0006155916582792997
358 0.7429337622597814 8.934847530639445e-07 0.0005103867659345269 0.0006038297899067402
359 0.7400471149012446 8.899168050646722e-07 0.0005093409391120076 0.0005978660192340612
360 0.7380929030478001 8.7977021792085e-07 0.0005110494061373174 0.0006264261621981859
361 0.7413365920074284 8.894388090396888e-07 0.0005140270018018782 0.0006489002145826817
362 0.7378626950085163 8.856938779189249e-07 0.0005205116118304432 0.0006531244143843651
363 0.7446689610369503 9.255069130276183e-07 0.0005121420049108565 0.0006168558727949857
364 0.7418452510610223 8.72610551354569e-07 0.0005136698358692229 0.0006267443485558033
365 0.7385528380982578 8.823535198487775e-07 0.0005151760089211166 0.0006254784390330315
366 0.7400968023575842 8.989873942155668e-07 0.0005312556349672378 0.0006255284324288369
367 0.737045390997082 8.743058125659786e-07 0.0005195116582326591 0.0006154481973499059
368 0.7412861529737711 9.053391777413822e-07 0.000518818927463144 0.0006105091329663991
369 0.739702682942152 8.76114427690311e-07 0.000509013001807034 0.0006202711723744869
370 0.7385645373724401 8.792850533012597e-07 0.0005099248238839209 0.0006195802148431539
371 0.7379656457342207 8.955025543855299e-07 0.0005053823119960725 0.0005994688998907804
372 0.7416383908130229 8.906221974314121e-07 0.0005106479395180941 0.0006153508462011814
373 0.7359005878679454 8.747080105209192e-07 0.0005167682245373726 0.0006083521991968154
374 0.7408935469575226 8.867853728133923e-07 0.0005075100250542164 0.0006237594224512577
375 0.7393053499981761 8.868005209805574e-07 0.0005084919775836169 0.0006158551946282387
376 0.7379499571397901 8.692399494591996e-07 0.0005108961383812129 0.0005973676312714815
377 0.7437329799868166 8.748570227723463e-07 0.0005012496057897806 0.0005986529029905796
378 0.7412246707826853 8.884072761006223e-07 0.0005090906405821442 0.0006145467795431614
379 0.7450366099365056 8.8762005393761e-07 0.0005226018279790878 0.0006042702682316303
380 0.7412151582539082 8.624166065729355e-07 0.0005103180990554393 0.000622128713876009
381 0.7386028501205146 8.950574786581456e-07 0.0005126015418209136 0.0006061126943677664
382 0.7442761491984129 8.730263287759499e-07 0.0005083527038805187 0.0005868712067604065
383 0.7427621548995376 8.860209162264709e-07 0.0004982607602141797 0.000598407480865717
384 0.7371013406664133 8.754374179176238e-07 0.0005077239675447345 0.0006125469692051411
385 0.7416430911980569 8.787881893468352e-07 0.0005032365252263844 0.0006137143354862928
386 0.736392698250711 8.860426622803174e-07 0.0005164662697352469 0.000601666858419776
387 0.7394449291750789 8.774820603818511e-07 0.0004984359834343195 0.000636287797242403
388 0.7432282050140202 8.712436254754152e-07 0.0005080689829774201 0.0005925180297344923
389 0.739142641890794 8.69405240564447e-07 0.0005039549404755234 0.0006124963331967593
390 0.7432643938809633 8.722004804084804e-07 0.0005107736890204251 0.0006001822184771299
391 0.7391769839450717 8.765196027127331e-07 0.000495871169026941 0.0005898580281063914
392 0.7382543068379164 8.747512123008506e-07 0.0005102688283659518 0.0006062846817076206
393 0.7430813652463257 8.960295641813332e-07 0.0005269623715430498 0.0005995846819132567
394 0.7413189788348973 8.943039804876208e-07 0.000507123161572963 0.0005954474583268165
395 0.7412294368259609 8.737596307284435e-07 0.0005046213273890317 0.0005995126534253359
396 0.7400574199855328 8.644293064818953e-07 0.0005054742433130741 0.000620072791352868
397 0.73617829894647 8.735209830135204e-07 0.0005163706173188984 0.0006271135341376066
398 0.7431082269176841 8.761939522727857e-07 0.0005003280332311988 0.0006548735685646534
399 0.7422607527114451 8.991651884571183e-07 0.0005169561756774783 0.000604671286419034
400 0.7399029219523072 8.647209090639763e-07 0.00048670680774375795 0.000586576871573925
401 0.7430620277300477 8.640789400971016e-07 0.0004797712513245642 0.0005788487009704114
402 0.7386525301262736 8.672274459797791e-07 0.000477072118781507 0.0005857824068516492
403 0.7399072181433439 8.519797673578467e-07 0.00048163556586951016 0.0005880160443484784
404 0.7403960730880499 8.706542625702696e-07 0.00048543042922392487 0.0005939558800309897
405 0.7372567877173424 8.691090938839352e-07 0.0004822428799234331 0.0005846730712801219
406 0.741008685901761 8.586099074747722e-07 0.0004809126299805939 0.000591260539367795
407 0.7381124622188509 8.58528491214372e-07 0.0004788803779520094 0.0006286257971078158
408 0.7377644586376846 8.625978263765433e-07 0.0004843123075552285 0.0005787852220237255
409 0.7413698104210198 8.599690303512375e-07 0.0004784422549419105 0.0005870867241173982
410 0.7395224389620125 8.678840836040536e-07 0.0004830186627805233 0.0005832273932173848
411 0.7404164061881602 8.601515925477087e-07 0.0004773080921731889 0.0005812073219567537
412 0.741927589289844 8.644411679448183e-07 0.0004789285166189075 0.0005927425343543291
413 0.7392474538646638 8.595341165218429e-07 0.00047955588065087796 0.0006083940900862217
414 0.7413762183859944 8.514886980748315e-07 0.00048016544757410886 0.0005917582102119923
415 0.7416847948916256 8.722211422806936e-07 0.00048573180614039303 0.0005775053845718504
416 0.739828079007566 8.614820158214798e-07 0.0004777879943139851 0.0005779208056628704
417 0.7370787700638175 8.603050475741724e-07 0.0004744291673414409 0.0005775145255029202
418 0.7377892551012337 8.601203812119707e-07 0.0004793413714505732 0.0005845058895647526
419 0.7390287513844669 8.671139203997314e-07 0.00048247847706079484 0.0005799450818449259
420 0.7385326959192753 8.70654127389514e-07 0.0004903541258536279 0.0005906349606812
421 0.7398026469163597 8.665899697390956e-07 0.00048221254302188753 0.000577620780095458
422 0.7399311140179634 8.55791621070523e-07 0.0004803998731076717 0.0005977066420018673
423 0.7416853997856379 8.644257607315353e-07 0.00048363778693601486 0.0005814888700842858
424 0.7427376732230186 8.703953596267411e-07 0.00048335945280268786 0.0006082706898450852
425 0.7379200630821288 8.559753979042739e-07 0.0004816057062707841 0.000583475511521101
426 0.7406959850341082 8.537835453026332e-07 0.0004805213385261595 0.0005780548509210349
427 0.7373948623426259 8.634712712485282e-07 0.00048635602509602906 0.0005827998742461204
428 0.7380899609997869 8.650806582366499e-07 0.00047855136590078473 0.0005863871751353145
429 0.740069926250726 8.608896539996636e-07 0.000477603895124048 0.0005784130794927477
430 0.7374917990528047 8.59472338063938e-07 0.0004760205219499767 0.0005891812918707728
431 0.739120626822114 8.503438395024431e-07 0.00047623711358755826 0.0005787706840783358
432 0.7406260608695447 8.630698853906437e-07 0.000479682391975075 0.0005733554344624281
433 0.7402958879247308 8.675344166420018e-07 0.0004772771401330829 0.0005935130827128887
434 0.7441715700551867 8.542532627586752e-07 0.000488714745733887 0.000584839303046465
435 0.7460202598012984 8.581966735832225e-07 0.000480294962413609 0.0005866379477083683
436 0.7387911090627313 8.599261960284821e-07 0.000485470708925277 0.00059199757874012
437 0.7403573817573488 8.529143023494611e-07 0.0004797513550147414 0.0005932353530079126
438 0.7388982428237796 8.611925549217858e-07 0.000474453438539058 0.0005948713701218367
439 0.7410210790112615 8.576353060973929e-07 0.00048075133608654143 0.0006243465933948756
440 0.7436277600936592 8.534049656461207e-07 0.0004850300666876137 0.0005806756857782602
441 0.7413119063712656 8.6559749277626e-07 0.00047922636242583394 0.0005879481323063374
442 0.7392531679943204 8.526064783254128e-07 0.0004782050559297204 0.0005745061486959458
443 0.7380262953229249 8.516568026806226e-07 0.00047397414408624174 0.0005761323170736432
444 0.740997551009059 8.55328713065262e-07 0.00047201295010745523 0.0005845853500068188
445 0.7415024191141129 8.578266078274055e-07 0.0004806009070016444 0.0005915790889412164
446 0.7386404159478843 8.50704342951758e-07 0.00048275030916556717 0.0005762180918827653
447 0.7433180040679872 8.482349590011041e-07 0.0004856346915476024 0.0006136035826057195
448 0.73801996326074 8.543462510601785e-07 0.00048308899998664856 0.0005890268832445145
449 0.7410790990106761 8.477473578238915e-07 0.00047096430184319615 0.0005900457222014666
450 0.7442993591539562 8.463863847651964e-07 0.0004688474480062723 0.0005819748854264617
451 0.741491706110537 8.534234121526652e-07 0.00046801496809348466 0.0005717928800731898
452 0.7405398669652641 8.48119240757228e-07 0.00046209039818495513 0.0005742356181144715
453 0.7402890389785171 8.47288109966371e-07 0.0004691886752843857 0.000576382614672184
454 0.7401265352964401 8.453216734594093e-07 0.0004665705608204007 0.0005787727097049355
455 0.7384591568261385 8.459743458288926e-07 0.00046677398681640623 0.000573722617700696
456 0.740126243326813 8.456948956947485e-07 0.00046254426008090376 0.0005748647544533014
457 0.7416437929496169 8.533630030882477e-07 0.00046583344833925366 0.0005678152479231357
458 0.7403963329270482 8.567971989137391e-07 0.0004621279528364539 0.0005760976765304804
459 0.7418088600970805 8.496810452918169e-07 0.0004634329080581665 0.0005718631856143475
460 0.7383460267446935 8.403239300136533e-07 0.0004618957033380866 0.0005721003049984575
461 0.7387779629789293 8.497858009448578e-07 0.0004637255812995136 0.0005709552112966776
462 0.7426454056985676 8.435563517750211e-07 0.0004615910965949297 0.0005721223913133144
463 0.7409023330546916 8.451291506261782e-07 0.0004690277064219117 0.0005725276283919811
464 0.7349527343176305 8.434311451566145e-07 0.00046361732482910154 0.0005717794457450509
465 0.7408511033281684 8.414759791008919e-07 0.00046254557091742756 0.0005687414761632681
466 0.7390755163505673 8.483024635452807e-07 0.0004628128684125841 0.0005795325431972742
467 0.7421997571364045 8.480243387154474e-07 0.00046622708346694705 0.0005703148292377591
468 0.7402090416289866 8.426926241611454e-07 0.0004625299288891256 0.0005678043328225613
469 0.7411478608846664 8.441783309720563e-07 0.0004653052263893187 0.0005739198997616768
470 0.7406926327385008 8.449905746132913e-07 0.00046563574951142075 0.0005737295467406512
471 0.7447914788499475 8.478389882071724e-07 0.0004641633746214211 0.000571625605225563
472 0.7407042128033936 8.476391203515732e-07 0.0004618634623475373 0.0005693546356633306
473 0.7403704677708447 8.55886938122552e-07 0.00046688218461349605 0.0005744972825050354
474 0.7430888363160193 8.477016598718023e-07 0.0004678659532219172 0.0005704173445701599
475 0.7409305376932025 8.465358009246415e-07 0.00046090700197964907 0.0005677111493423581
476 0.7410396127961576 8.45282980463935e-07 0.000462971318513155 0.0005690371757373214
477 0.7391870222054422 8.523151787187544e-07 0.000465460701379925 0.0005675716372206807
478 0.7407021238468587 8.405286797241729e-07 0.00046272538369521496 0.0005789284687489271
479 0.7410254050046206 8.483089023769707e-07 0.00046160108875483276 0.0005648567155003548
480 0.7402202910743654 8.457208788925641e-07 0.00046057545626536014 0.0005688586831092834
481 0.7414139090105891 8.361840199455628e-07 0.0004632497332058847 0.000568113406188786
482 0.7407854208722711 8.411549799092199e-07 0.00046253333101049066 0.0005666203098371625
483 0.741912767291069 8.426304623299074e-07 0.00046123300725594164 0.000566839799284935
484 0.739585448987782 8.452507091050165e-07 0.00046290556713938716 0.0005660342145711183
485 0.7394771743565798 8.389727037361183e-07 0.00045980668021366 0.0005885424744337798
486 0.7414333857595921 8.495580867418085e-07 0.00046962230931967496 0.0005687992600724102
487 0.7400139421224594 8.392409466750905e-07 0.0004601407926529646 0.0005659306282177568
488 0.7368037709966302 8.371858797318055e-07 0.0004624807280488312 0.0005701297754421831
489 0.7389058363623917 8.449744760241629e-07 0.0004643593924120069 0.0005735762882977724
490 0.7405577423051 8.41747340913912e-07 0.0004672475550323725 0.000566126829944551
491 0.7408201922662556 8.40536380835033e-07 0.00045932501880452034 0.0005664282012730837
492 0.740588610060513 8.469832577873148e-07 0.00046705929562449453 0.0005792495096102357
493 0.7395746987313032 8.477548844609828e-07 0.0004650265662930906 0.0005672122072428465
494 0.7416518349200487 8.399955725124642e-07 0.00046447800612077115 0.0005666373111307621
495 0.7394639709964395 8.431343821513338e-07 0.0004656045804731548 0.0005744231585413218
496 0.7360978666692972 8.46037603530192e-07 0.000458391937892884 0.0005657269665971398
497 0.7375042038038373 8.409729176150904e-07 0.00046071087149903177 0.0005666877329349517
498 0.7382124830037355 8.460701398504966e-07 0.00045989058259874585 0.0005711288191378117
499 0.7403074433095753 8.433799948903697e-07 0.0004620823673903942 0.0005666996724903584
0 0.00021233991719782352
1 0.0009966955985873938
2 0.0011681719042826444
3 0.0015405724407173693
4 0.0017713915731292218
5 0.002115719165885821
6 0.002402624028036371
7 0.0027108067588414997
8 0.002899216822697781
9 0.003196761113940738
10 0.00378394678409677
11 0.004109632063773461
12 0.004417797943460755
13 0.005010053675505333
14 0.0051372881716815755
15 0.005655898465192877
16 0.00580336555140093
17 0.006297390733379871
18 0.006645770190516487
19 0.007309833221370354
20 0.007672423322219402
21 0.008095003169728443
22 0.008794275025138631
23 0.00977721592062153
24 0.009966336932848208
25 0.010461336743901484
26 0.010886896852753125
27 0.011033634349587373
28 0.011471435907878913
29 0.011987403224338777
30 0.01233150290499907
31 0.01266259425028693
32 0.0135779681004351
33 0.014108961666352116
34 0.015254009849741124
35 0.015593725183862261
36 0.015862679327256046
37 0.01628604509460274
38 0.016447468908154406
39 0.01679529646935407
40 0.017014478566125035
41 0.01748174216481857
42 0.017990176478633657
43 0.01831740085617639
44 0.018781223596306518
45 0.019028517766855657
46 0.019350498070707545
47 0.019685402075992897
48 0.02064672575215809
49 0.020921205839840695
50 0.021116403411724605
51 0.021346396548324265
52 0.021755306966952048
53 0.021945602289633825
54 0.022168073570355773
55 0.0225591057096608
56 0.022799984697485343
57 0.02331581260659732
58 0.026328834384912625
59 0.026694680360378698
60 0.027317349886288866
61 0.028118922986323014
62 0.02855300737428479
63 0.028920322802150622
64 0.029243584402138367
65 0.02970508352154866
66 0.029947185976197943
67 0.03043048904510215
68 0.03103295771870762
69 0.03155222663190216
70 0.03186580358305946
71 0.0319813340465771
72 0.032309920541592874
73 0.03260041140310932
74 0.03287016924878117
75 0.033703905981383286
76 0.03687336131406482
77 0.03717898730246816
78 0.04057099171041045
79 0.04082525805279147
80 0.041367984769749455
81 0.041677770190290175
82 0.04222571126592811
83 0.04248426323465537
84 0.04275335122656543
85 0.043159722481505014
86 0.04348708772158716
87 0.043954992419457994
88 0.04444195232645143
89 0.04475148602796253
90 0.0451588439027546
91 0.0460896185686579
92 0.04673762408492621
93 0.04716915728931781
94 0.05026768565585371
95 0.050612958977581
96 0.054893050240934826
97 0.055338597783702426
98 0.055670526970061474
99 0.056670087433303706

=============================
Testing error: 5.667e-04
=============================

