549569
0 2.904987629968673 0.06074908531503752 0.3596648099422455 0.07209125518798828
1 0.7346660979092121 0.0011702302942285315 0.0451284196972847 0.02540932983160019
2 0.7335658869706094 0.00046131480805343015 0.025903769820928575 0.019475376605987547
3 0.7339485730044544 0.0002702175469312351 0.02083315008878708 0.01962840646505356
4 0.733333932235837 0.00034750425162201283 0.03005354142189026 0.031211735010147096
5 0.7380682709626853 0.000263444798765704 0.026016476273536683 0.04007048189640045
6 0.7308222930878401 0.00022231981209188233 0.024820620894432068 0.01893248111009598
7 0.7316611120477319 0.0001917173839683528 0.02144043132662773 0.027972041964530944
8 0.7320508910343051 0.00021172632405068724 0.02488161563873291 0.027195730805397035
9 0.7331244498491287 0.00018094152939738707 0.022241270393133162 0.011333596110343933
10 0.7305535259656608 8.64516568435647e-05 0.012466172233223915 0.012468954622745514
11 0.736135913990438 0.00012705291170277632 0.018222099646925925 0.015500325858592987
12 0.7333631948567927 0.00010028255976067157 0.015210795104503632 0.01575031965970993
13 0.7300798641517758 0.0001179807486187201 0.017867333829402924 0.018367689847946168
14 0.7346278238110244 0.00016255348022241377 0.022276472195982933 0.01787259042263031
15 0.7399508967064321 0.0001524764461646555 0.022549757212400438 0.018608219921588898
16 0.7331966911442578 0.0001454712646227563 0.022267309576272966 0.020802661776542664
17 0.7313413945958018 0.00013255243509775028 0.021052581429481507 0.017972125709056853
18 0.7334132138639688 0.00010226918431726517 0.017107596576213836 0.010305876284837723
19 0.7316445577889681 9.06750858121086e-05 0.01574868080019951 0.02103971064090729
20 0.7339070183224976 0.0001190874086387339 0.019590471252799033 0.011963468790054322
21 0.7363327858038247 0.0001206591049049166 0.019601706489920614 0.01992965638637543
22 0.7348854569718242 0.00011840580435091397 0.019714533403515817 0.018744096755981446
23 0.7317269360646605 0.00011437745866714977 0.01998518569767475 0.017402905821800232
24 0.7333958130329847 0.00011617995660344605 0.019047570303082465 0.015678475499153136
25 0.7374477600678802 4.922685415294836e-05 0.010697902962565422 0.008440331369638444
26 0.7392860841937363 7.174999036578811e-05 0.013943353623151779 0.013628807067871094
27 0.735587009228766 7.983261781191686e-05 0.015540913194417954 0.017227376997470855
28 0.7327803922817111 0.00010087365117215086 0.017886133193969728 0.009326779246330262
29 0.7340779430232942 8.668301177749526e-05 0.016487669736146928 0.015823477506637575
30 0.7390502640046179 0.00011591700400458649 0.018922572746872902 0.03078107237815857
31 0.7330433852039278 0.00010546413413976552 0.018869547218084336 0.014439592957496644
32 0.732483898755163 0.00010315042727597757 0.018976080253720284 0.028908963799476623
33 0.73594328481704 0.00010007838829551475 0.017696376755833625 0.019014706611633302
34 0.7317481189966202 0.00010295795244019245 0.018805087462067605 0.025924482941627504
35 0.7333052717149258 6.207261511008255e-05 0.013406898692250252 0.02036705434322357
36 0.7340319789946079 0.00015815064834896476 0.023134130999445914 0.03514777064323425
37 0.732850425876677 0.00011178255461345543 0.01876499791443348 0.025621513724327086
38 0.7348236571997404 9.135093732766108e-05 0.017870683535933494 0.01967549800872803
39 0.7320268009789288 8.716519412701019e-05 0.016975731775164603 0.016206268966197968
40 0.7397149400785565 7.622865236044163e-05 0.0160041828751564 0.017249842882156374
41 0.7304490166716278 7.998468572623096e-05 0.015788516908884047 0.01864160805940628
42 0.7324935030192137 6.220210538231186e-05 0.013239583477377892 0.011859098076820373
43 0.7353699253872037 5.618598122964613e-05 0.012944378465414047 0.008721766471862792
44 0.7305431738495827 6.898142634781835e-05 0.014550806209444999 0.01763824462890625
45 0.7396687548607588 8.337821764143882e-05 0.017348718106746673 0.01734977722167969
46 0.7348157749511302 7.402291095786494e-05 0.016292904168367386 0.011306879967451096
47 0.7345277490094304 7.088030773957144e-05 0.015834357112646105 0.011202153563499451
48 0.7329474040307105 5.781176254458842e-05 0.012919124081730843 0.02443788677453995
49 0.7395296087488532 8.038435102207586e-05 0.016888852268457412 0.019894431233406066
50 0.7319744690321386 2.840503030711261e-05 0.008715231612324714 0.00600898340344429
51 0.7312501920387149 1.632718724977167e-05 0.005818408906459808 0.011266153901815415
52 0.7344858818687499 2.7410961765781395e-05 0.008636483907699584 0.006533473581075668
53 0.7312008938752115 2.5875096862364445e-05 0.008421765491366386 0.009016651958227158
54 0.7345123998820782 2.5558986772011848e-05 0.008416747950017452 0.009759688675403595
55 0.7361795688048005 2.7958864056927267e-05 0.008799249708652496 0.009157614260911941
56 0.730912365950644 2.254058790185809e-05 0.008041207827627659 0.010257519334554672
57 0.7340322649106383 1.7345278470202173e-05 0.006696680143475533 0.005393907427787781
58 0.7316984450444579 1.5065982524902211e-05 0.005318851262331009 0.004663272798061371
59 0.7348197395913303 1.4373509893630398e-05 0.005347211636602878 0.007186477184295654
60 0.7337156618013978 2.5610721295379335e-05 0.008819296017289162 0.0053058693557977675
61 0.7321725799702108 2.6031594152300387e-05 0.008824694857001304 0.006766010895371437
62 0.7325364081189036 2.4652745532875998e-05 0.008791727647185325 0.009048603028059005
63 0.7319111470133066 2.3504995469920685e-05 0.00877053440362215 0.010017943531274796
64 0.7320543653331697 2.3178024248409203e-05 0.00861112006008625 0.0048454108834266665
65 0.7308097402565181 2.3081863628249266e-05 0.007849146537482738 0.01252479612827301
66 0.7306287451647222 2.3225359600473895e-05 0.008341852188110352 0.007647150158882141
67 0.7297026519663632 2.0056341668350797e-05 0.007612481951713562 0.008704189658164978
68 0.7328808163292706 2.322777934750775e-05 0.008608232602477074 0.007974775284528732
69 0.7350426791235805 2.4678433755980223e-05 0.00874069595336914 0.011518037617206574
70 0.7292627212591469 2.250582656415645e-05 0.008395733200013638 0.0074922960996627805
71 0.7344328602775931 1.26294404572036e-05 0.005505835078656674 0.010109001696109772
72 0.7347702849656343 2.439303052597097e-05 0.008759765967726707 0.00978397399187088
73 0.7349347141571343 2.3795243050699357e-05 0.00826866789162159 0.0057020895928144456
74 0.7357379673048854 2.2759903131372994e-05 0.008394971884787083 0.00913850501179695
75 0.7400130429305136 1.5473876269425092e-05 0.006545856632292271 0.0047677181661129
76 0.7345556509681046 1.6145708432304673e-05 0.006881948366761208 0.005065463706851006
77 0.7356540597975254 2.054255410712358e-05 0.008000409781932831 0.007402480393648147
78 0.7350062192417681 2.0681651431004866e-05 0.007985786542296409 0.006455830708146096
79 0.7306883940473199 1.4240662353586232e-05 0.0068312899321317675 0.005388713702559471
80 0.7350544109940529 1.8070137930408236e-05 0.007044318273663521 0.005691248998045921
81 0.7358066523447633 1.0107332213920017e-05 0.005164468072354793 0.004970012828707695
82 0.7342765205539763 1.0905715398621397e-05 0.005013836398720741 0.003926450535655022
83 0.733580875210464 1.0905261483458162e-05 0.0050219641700387 0.0046819796413183215
84 0.731958522927016 1.1934347489841458e-05 0.00560984280705452 0.005540423467755318
85 0.7357791885733604 9.834007432800717e-06 0.0048757361620664595 0.004263838678598404
86 0.7356042638421059 1.2366006963020482e-05 0.005920362889766693 0.007903337627649307
87 0.7325115487910807 2.115749049153237e-05 0.008039310835301875 0.0051084008067846295
88 0.7317010001279414 1.536151152322418e-05 0.006742500841617584 0.007753084599971771
89 0.7358173001557589 2.4525488420295005e-05 0.008908709526062012 0.00665137343108654
90 0.7335435040295124 2.0461577450987532e-05 0.00836326789110899 0.006882440224289894
91 0.7420809790492058 1.738349076731538e-05 0.007574990399181843 0.0063711278885602955
92 0.7301151975989342 1.546105342640658e-05 0.007196135506033897 0.01290632575750351
93 0.7358592292293906 2.3243978930622688e-05 0.009068443976342678 0.007400360852479935
94 0.7371415589004755 2.098123471114377e-05 0.009006768345832824 0.007949079126119614
95 0.7304813051596284 1.4657927417829342e-05 0.006472344614565372 0.0058542551100254055
96 0.7339183269068599 9.709184992061637e-06 0.0049176902696490285 0.004608541429042816
97 0.7317556068301201 1.0222615555903758e-05 0.005480222068727016 0.007249076962471008
98 0.7342987926676869 1.9422799268795644e-05 0.00845360504835844 0.009585915207862854
99 0.7342531979084015 2.064036666524771e-05 0.008539459437131882 0.011147928684949874
100 0.7350266659632325 9.7586956098894e-06 0.004941461466252804 0.0030104512721300125
101 0.7308482001535594 5.839012458181969e-06 0.003634718615561724 0.003975798040628433
102 0.7341015920974314 6.864666627279803e-06 0.004433624811470509 0.005307618975639344
103 0.7337655988521874 7.351136177931039e-06 0.00439775101095438 0.004910101220011711
104 0.7351796282455325 6.9755719414388295e-06 0.004419917818158865 0.005358195528388023
105 0.7348053609021008 5.56193935040028e-06 0.0034480288103222846 0.002655548267066479
106 0.7336553116329014 4.77815359545275e-06 0.0029965025223791597 0.0031189821660518647
107 0.7358180140145123 7.67691496093903e-06 0.004571710176765918 0.004965682327747345
108 0.7319675670005381 5.116356176131376e-06 0.003051146399229765 0.0030710942298173903
109 0.7321965489536524 4.620822609240349e-06 0.0028114406056702138 0.002390638180077076
110 0.7371646100655198 4.831874686033189e-06 0.003003678400069475 0.004647359624505043
111 0.7298317132517695 7.865747810456015e-06 0.004465392600744963 0.0023648503422737123
112 0.7368172910064459 5.271008802765209e-06 0.003468562826514244 0.0028791987150907517
113 0.7279585851356387 5.158348540135194e-06 0.0034928619638085363 0.002518712468445301
114 0.7311028358526528 4.573902506308514e-06 0.0029385544247925283 0.002272978611290455
115 0.7353142779320478 4.042080720410013e-06 0.0026668609902262687 0.003297845460474491
116 0.7340796659700572 3.978783162210675e-06 0.002758278328925371 0.0032570918276906015
117 0.7293362291529775 4.12640871786607e-06 0.0028961457647383214 0.002708437293767929
118 0.7324263779446483 5.235704027199972e-06 0.00321865239366889 0.0026435723528265955
119 0.734210167080164 7.3079884646176656e-06 0.004306203112006187 0.007085240781307221
120 0.7338984622620046 4.223389770459107e-06 0.0029961311258375643 0.003918409794569016
121 0.7291627773083746 5.60001591281889e-06 0.0036248101778328418 0.004927201420068741
122 0.732226446736604 8.483037804580818e-06 0.004924507819116116 0.004768780991435051
123 0.7365181781351566 5.97371550270509e-06 0.003984289549291134 0.0042160145193338395
124 0.7294713309966028 7.819376724000905e-06 0.0047506275065243245 0.005523679852485657
125 0.7252627951093018 6.950786220158989e-06 0.004585107117891312 0.005680033564567566
126 0.7325291130691767 7.454764490830712e-06 0.004699123989790678 0.003407210558652878
127 0.7361220363527536 7.089113720439854e-06 0.004302505373954773 0.0025597937405109406
128 0.7328276392072439 6.443625995871116e-06 0.004324451588094235 0.004679771363735199
129 0.7291530137881637 6.589701287111893e-06 0.004580570727586746 0.0033986952155828478
130 0.7387485159561038 4.472416230782983e-06 0.0032741408199071886 0.0029532228037714957
131 0.7329635289497674 6.141657881926221e-06 0.004259466126561165 0.0031802314519882202
132 0.7330296481959522 3.700871526461924e-06 0.00265550946444273 0.0021213565394282343
133 0.733209312427789 6.048294582114977e-06 0.004179435752332211 0.003433888256549835
134 0.7335926829837263 4.887497379968409e-06 0.003413382302969694 0.005265410766005516
135 0.7339105638675392 6.67462946012165e-06 0.004637574672698975 0.006215087845921516
136 0.7311968747526407 6.848995810742053e-06 0.004562809091061354 0.005202250182628631
137 0.7357670292258263 6.32965711702127e-06 0.00451700422167778 0.0037381839752197265
138 0.735031368676573 6.723153510392876e-06 0.004484984822571278 0.0034568514674901962
139 0.7320118830539286 6.800256396672922e-06 0.004464669719338417 0.005289917364716529
140 0.7324455766938627 6.369409993567387e-06 0.004485627040266991 0.0036640443652868272
141 0.7302706777118146 7.284796315616404e-06 0.004761767819523812 0.004973154440522194
142 0.7327798367477953 4.449836129651885e-06 0.0033802161030471326 0.0032375097647309304
143 0.7296623513102531 4.793764466057837e-06 0.003616060111671686 0.0023347928002476694
144 0.737730931956321 6.028440739100916e-06 0.004059794493019581 0.0054487413167953495
145 0.7347605181857944 6.085714335313241e-06 0.004253285758197308 0.002777901701629162
146 0.734042159281671 3.156693338723926e-06 0.002601338103413582 0.003671189546585083
147 0.7360455389134586 3.328107040942996e-06 0.0028778535276651382 0.0020899701863527297
148 0.7340605142526329 3.4881118733665064e-06 0.002609089206904173 0.002605549357831478
149 0.734799271915108 3.1490663764088823e-06 0.0026356104165315627 0.0031442178040742876
150 0.7376341838389635 2.9462335191965396e-06 0.002322700431570411 0.0017676098644733428
151 0.7341279527172446 2.1475394161996063e-06 0.001569146206602454 0.0018731578439474105
152 0.734688853379339 2.1057768472587667e-06 0.001436454761773348 0.0013303561508655548
153 0.7337607899680734 2.582093974581312e-06 0.0018736771289259194 0.0013989329710602761
154 0.7318223249167204 2.1308906696049235e-06 0.0014418114628642798 0.0017078792676329612
155 0.7320884140208364 2.8151800165687747e-06 0.0022410779260098935 0.0019565530493855475
156 0.734137340914458 2.9423709730735936e-06 0.002205594278872013 0.0021944522857666017
157 0.730371427256614 2.3155884812808837e-06 0.0018134725522249936 0.0016168535687029362
158 0.7330850809812546 2.077860830240752e-06 0.0014480764027684928 0.0016468358412384987
159 0.7377542890608311 2.305514780971407e-06 0.0015571333188563585 0.0014664935879409313
160 0.7328687938861549 2.222186561766648e-06 0.001680693730711937 0.0031398934125900268
161 0.7355269067920744 2.559474937413597e-06 0.0020335548594594003 0.0024355832114815712
162 0.7343100230209529 2.823429639988717e-06 0.0024871852286159992 0.002866905517876148
163 0.7336664912290871 2.821948277187403e-06 0.0024152021314948796 0.0016240747645497322
164 0.7316904668696225 2.7343222802755916e-06 0.002252020949497819 0.0032379915192723274
165 0.7341013681143522 2.1418578546672506e-06 0.0016908826250582934 0.001539574582129717
166 0.7296210681088269 2.0850794984994535e-06 0.0015580869410187007 0.0018034065142273903
167 0.7373791132122278 2.578149613157166e-06 0.0020136522557586433 0.0018553225696086883
168 0.7335402127355337 2.4294260521173785e-06 0.0018643743861466646 0.0028951075300574303
169 0.7339946469292045 2.8022062065247156e-06 0.0024852531515061854 0.0024076709896326065
170 0.7333851256407797 2.338791173883692e-06 0.0020155750662088395 0.001468721404671669
171 0.73132204124704 2.176739466790423e-06 0.0016430698391050101 0.0012662908434867858
172 0.7360101887024939 2.531467813753352e-06 0.0022279675025492908 0.002056899070739746
173 0.7355471523478627 2.82346726180549e-06 0.0023904943484812976 0.002893904075026512
174 0.7331314305774868 2.608894412787777e-06 0.002454219698905945 0.0018216773122549058
175 0.7423278917558491 2.634163096786324e-06 0.002417729649692774 0.0030418796092271804
176 0.7326567778363824 2.7168104554675663e-06 0.0022899743653833865 0.002839721068739891
177 0.7340340269729495 2.4422829324066696e-06 0.002214309385046363 0.001901770979166031
178 0.7337944069877267 1.8907306775872712e-06 0.0016359845008701087 0.001499965898692608
179 0.7350452309474349 1.8528625693647882e-06 0.0016482906453311444 0.0016292573884129525
180 0.733649464789778 2.347692399382595e-06 0.002165421649813652 0.001602387223392725
181 0.7350868578068912 1.8152898667267436e-06 0.0015641671121120453 0.0016414198465645312
182 0.736870470456779 1.9357936227493155e-06 0.0015485580991953611 0.0014502853527665139
183 0.7343083736486733 1.8573567371049648e-06 0.001609834773465991 0.002866155542433262
184 0.7313848962076008 2.658132108308564e-06 0.002416360516101122 0.0024602118879556655
185 0.7320311758667231 2.0673759698297546e-06 0.001835999397560954 0.0022531162574887277
186 0.7341524208895862 2.1640738958694785e-06 0.0018752490188926458 0.002410113923251629
187 0.7342171310447156 2.19203362519238e-06 0.0018089265022426843 0.0015114830620586873
188 0.7283999370411038 2.0589851374097635e-06 0.0017781179398298264 0.0017680342309176922
189 0.7315673241391778 2.23948180860134e-06 0.0020228736083954574 0.00258222796022892
190 0.7346508768387139 3.020081805971131e-06 0.002715869814157486 0.0027802852168679238
191 0.7323506553657353 3.0093782612539144e-06 0.0024439897742122413 0.002428360804915428
192 0.7329358328133821 2.556642851345714e-06 0.002133627010509372 0.0018515847250819206
193 0.730148911010474 2.238254603241785e-06 0.0021075798869132994 0.0023238591849803923
194 0.7341677150689065 2.8149756877837716e-06 0.0025689509101212023 0.004669234380126
195 0.7316497433930635 3.936864738420809e-06 0.003085450464859605 0.001191902607679367
196 0.7310132859274745 1.7669077439563807e-06 0.0015280078984797 0.0019382641091942787
197 0.7322808047756553 1.9485704297039776e-06 0.001799628483131528 0.0011493423208594322
198 0.7313798321411014 2.070629593617923e-06 0.0020287059508264063 0.0015482472814619542
199 0.7327711218968034 2.6253810733578576e-06 0.0023450503740459682 0.001761174276471138
200 0.7310593188740313 1.6207997128958595e-06 0.0013811629321426153 0.0010809183306992054
201 0.7434913371689618 1.251921712253079e-06 0.0009875574046745896 0.0012353737279772758
202 0.7366683362051845 1.3519275177031886e-06 0.001225389021448791 0.0015137582086026669
203 0.7349120611324906 1.31034680208586e-06 0.0010735186766833067 0.0008876576274633408
204 0.7410024791024625 1.261425770024971e-06 0.000903289976529777 0.001127003487199545
205 0.7355817039497197 1.339505229509541e-06 0.001081212505698204 0.0013233197294175625
206 0.7358743078075349 1.4947645300367184e-06 0.0012088658241555094 0.0012670117802917958
207 0.7373293247073889 1.4366922960107331e-06 0.001299297133460641 0.0015345690213143825
208 0.7326719760894775 1.3583859191612645e-06 0.0009901610566303133 0.0010193482041358948
209 0.7323128278367221 1.3206498353213191e-06 0.000999818050302565 0.001092846766114235
210 0.7335511911660433 1.332892577607936e-06 0.0010393775682896375 0.0008625213056802749
211 0.7342675090767443 1.343705506826609e-06 0.0009598107198253273 0.0009684007428586483
212 0.7334424401633441 1.2604526735060518e-06 0.0009812178667634726 0.0009247364941984415
213 0.7374995453283191 1.3522477534877453e-06 0.0009389437278732657 0.000956567907705903
214 0.7365464116446674 1.2915518323097786e-06 0.0009278014181181789 0.0011373872496187687
215 0.7400201200507581 1.3162336058769597e-06 0.0009385203374549746 0.0010040323995053769
216 0.7293495410121977 1.347322425715447e-06 0.0009760428732261062 0.0010249067097902298
217 0.7356625441461802 1.3627264884519264e-06 0.0009808199610561133 0.001332917045801878
218 0.7335412967950106 1.5396513535392842e-06 0.0012963438695296646 0.0009987714514136314
219 0.7307127597741783 1.3427423810696837e-06 0.0009923381526023148 0.0012568200938403607
220 0.7323276116512716 1.3999691952903958e-06 0.00123011492472142 0.0012573844939470292
221 0.73016137490049 1.6178014061551949e-06 0.001330546997487545 0.0014757274277508259
222 0.7386210127733648 1.4183774501930202e-06 0.0011421024659648538 0.0009738611150532961
223 0.7329883808270097 1.3245444601750477e-06 0.0010747197214514017 0.0012227580323815345
224 0.7299039857462049 1.2832504195614546e-06 0.00106126475520432 0.0011790614388883115
225 0.7322055101394653 1.230103167983998e-06 0.00109996597468853 0.0009790286235511303
226 0.7291845669969916 1.364477064669245e-06 0.001118789584375918 0.001129051297903061
227 0.7311448757536709 1.3780500327698064e-06 0.0012888339841738343 0.0016844121366739273
228 0.7345355870202184 1.2703359456622821e-06 0.00097816245816648 0.0009303259290754795
229 0.7338330601342022 1.2612731747196904e-06 0.0009722659923136235 0.0015022126957774163
230 0.7262221123091877 1.4841396604481361e-06 0.0013361225752159954 0.0012483199685811997
231 0.731834149453789 1.2711477886284683e-06 0.0009438754068687559 0.001107683889567852
232 0.730058372952044 1.2723926050739465e-06 0.0009769764095544815 0.0009360281657427549
233 0.7284582587890327 1.3819931098169035e-06 0.0012650490188971162 0.001194614302366972
234 0.7286651902832091 1.3053019924313958e-06 0.0011421897634863853 0.0017009169049561025
235 0.7315540453419089 1.6026833932869522e-06 0.0013673891443759204 0.0013322767242789268
236 0.7306614830158651 1.33402119658399e-06 0.0010722129317000508 0.001005915105342865
237 0.7315360363572836 1.271086149046141e-06 0.001121650862507522 0.0008407982997596264
238 0.7309482358396053 1.3043140911861428e-06 0.001130036006681621 0.001185811348259449
239 0.7331637851893902 1.2376861953100615e-06 0.0010057845637202263 0.0011049916595220566
240 0.7309089880436659 1.3060812169385372e-06 0.001167685404419899 0.0015531454607844353
241 0.7300833482295275 1.3874819208581358e-06 0.0013752081841230392 0.001406867727637291
242 0.7302656420506537 1.3470436572049494e-06 0.0012247617691755295 0.0009006396494805812
243 0.7302746223285794 1.2684813509622473e-06 0.0012347740065306425 0.0013989158160984515
244 0.730908299330622 1.467761829161418e-06 0.0013094713799655438 0.0010436972975730895
245 0.7275839829817414 1.3046941208472162e-06 0.0012210598941892385 0.0015953083522617817
246 0.73174260975793 1.4577135105753314e-06 0.0013478475622832776 0.0013050293922424315
247 0.729688486084342 1.3302593006869756e-06 0.0012427672352641821 0.0010857629403471947
248 0.7284033987671137 1.1850424634474166e-06 0.0009122146684676409 0.0010943824984133244
249 0.7314483881928027 1.4361190292788706e-06 0.0013279278501868248 0.0015713057294487953
250 0.7326544979587197 1.0838631995824244e-06 0.0007886094385758043 0.0008001051656901836
251 0.7304695448838174 1.018070082281497e-06 0.0006937563959509135 0.0008570536412298679
252 0.7294458723627031 1.074743443183479e-06 0.0007220569783821702 0.0008158828876912593
253 0.7325336169451475 1.0757049647480698e-06 0.0007214554157108069 0.0008295981399714946
254 0.730052453931421 1.0287545559606315e-06 0.0007184331435710192 0.0007865929882973433
255 0.7322595259174705 9.913627799562618e-07 0.0006788835106417536 0.0008438261039555073
256 0.7277200338430703 1.0259751960006724e-06 0.0006624179417267442 0.0007245100289583206
257 0.7324163620360196 1.0334224271701942e-06 0.0006659078188240528 0.0007723466958850622
258 0.7341814558021724 1.0564170641913507e-06 0.0006787977954372763 0.0007883946783840656
259 0.7350206007249653 1.0535421515101007e-06 0.0007323381686583162 0.0007687075063586235
260 0.7331381719559431 1.0540515808799e-06 0.0007843446200713515 0.0008663242030888796
261 0.7292279307730496 1.0560015006433332e-06 0.0006800717562437058 0.0007734212838113308
262 0.7309630722738802 1.072812929763245e-06 0.000744576906785369 0.0007757085002958775
263 0.7293068720027804 1.0644036409956925e-06 0.0006464476389810443 0.0007404188346117735
264 0.7322649220004678 1.0396986141358866e-06 0.0006744532408192754 0.0007681667525321245
265 0.7353310659527779 1.024556698112633e-06 0.0007727326322346926 0.0007968037016689777
266 0.7312113218940794 1.072989579284922e-06 0.0006979660242795945 0.0007883404847234488
267 0.7312518819235265 1.114795297070259e-06 0.0008231963012367487 0.0010974419303238392
268 0.7278866958804429 1.0639594211170332e-06 0.0006844311663880944 0.000831614201888442
269 0.7296107662841678 1.068081177564295e-06 0.0007656114222481847 0.0009366084076464176
270 0.7342487541027367 1.072046697032647e-06 0.0008416406102478505 0.0009561169520020485
271 0.7361686970107257 1.0545479087653575e-06 0.0007337041646242142 0.0008274201862514019
272 0.7268547653220594 1.0580281042393835e-06 0.0007155722957104445 0.000912353154271841
273 0.7303685359656811 1.1091693918530155e-06 0.000747897426597774 0.0008236413728445768
274 0.730666312854737 1.0378444604697278e-06 0.0007054456165060401 0.0007723779138177633
275 0.7288289670832455 1.0245882990034262e-06 0.0006760832332074643 0.0008078561630100011
276 0.7317668190225959 1.0283399537058812e-06 0.0007097255513072014 0.0008706517890095711
277 0.7310192561708391 1.0031182728909016e-06 0.000698079633526504 0.0008264385629445315
278 0.7365646809339523 1.002026127068234e-06 0.0007003163183107972 0.0009408626146614552
279 0.7315011690370739 1.0023791088542566e-06 0.0007545391675084829 0.0008062654361128807
280 0.7304744073189795 1.035281178474179e-06 0.0006631142869591713 0.000800117738544941
281 0.7335707847960293 1.0217749674978905e-06 0.00070157665386796 0.0006849370989948511
282 0.7314351191744208 1.032041650361748e-06 0.0007073298748582602 0.0007792839780449868
283 0.7298782588914037 1.044814913697678e-06 0.000681135980412364 0.0008444209024310112
284 0.7294551716186106 1.0167513929104643e-06 0.0006904698200523854 0.0007937250658869744
285 0.7342245462350547 1.0288723218820905e-06 0.0007011321019381284 0.0008554680831730366
286 0.7338591450825334 1.072277160858448e-06 0.000819036546163261 0.0007973701134324074
287 0.7316213469021022 1.0392989257468344e-06 0.0007859629541635513 0.0008223159797489644
288 0.7334040571004152 9.79086712931121e-07 0.0007299775714054704 0.0007254992425441742
289 0.7299495129846036 1.1117958545625583e-06 0.0008197414679452777 0.0009161353763192892
290 0.7323545715771616 1.0067505072441917e-06 0.0007029286399483681 0.0007805036008358002
291 0.7310051019303501 1.0159045750413044e-06 0.0006681565064936876 0.000786766754463315
292 0.7300373171456158 1.088869102119361e-06 0.0008778778780251742 0.0009750336222350597
293 0.72879976965487 1.0100112919531057e-06 0.0008216541390866041 0.0009198867157101631
294 0.7348187039606273 1.0853478997319144e-06 0.0008780022896826268 0.0010615133307874203
295 0.7291880059055984 1.017557800437885e-06 0.0006722903316840529 0.0007645387481898069
296 0.7305024433881044 1.0031021229650605e-06 0.0006848925398662686 0.0007351487781852484
297 0.7336228298954666 1.0985098965932139e-06 0.0008553661135956645 0.0009705320000648499
298 0.7314550676383078 1.0264915280799868e-06 0.000760972935706377 0.0007523973379284143
299 0.7309882687404752 1.0798495478780977e-06 0.0008461583964526654 0.000878329686820507
300 0.7281383592635393 9.605383805677548e-07 0.0006240316946059466 0.000717516727745533
301 0.7297681588679552 9.442012022020663e-07 0.0005793008469045162 0.000668589249253273
302 0.7286407509818673 9.367655724901169e-07 0.00057252823933959 0.0006637582276016474
303 0.7343218671157956 9.399446346591845e-07 0.0005839404948055745 0.0007132282387465238
304 0.7324464023113251 9.46983284251246e-07 0.0006076325988397003 0.000654148394241929
305 0.7267614891752601 9.408263483123846e-07 0.000569461795501411 0.0006563788652420043
306 0.733464146964252 9.406786621468655e-07 0.0005804283986799419 0.0006550491787493228
307 0.7305642999708652 9.468761044217899e-07 0.0005873692277818918 0.0006654774956405163
308 0.7304685642011464 9.304250911412737e-07 0.0005674834931269289 0.0006400526594370604
309 0.7334407139569521 9.407422454188463e-07 0.0005597942322492599 0.000666789123788476
310 0.7331093256361783 9.276627570287133e-07 0.0005770103572867811 0.0007456135749816894
311 0.734807725995779 9.654972755512858e-07 0.0006113460641354322 0.0007108958624303341
312 0.7304483843035996 9.546956468398093e-07 0.0006054216492921114 0.0006571336835622788
313 0.7289667529985309 9.200915297213897e-07 0.0005726648690178991 0.0007015722058713437
314 0.7301561259664595 9.327365775391172e-07 0.0005760089987888932 0.0006431271135807037
315 0.7318724449723959 9.359754728421876e-07 0.0005971179660409689 0.0006459349114447832
316 0.7302026078104973 9.337014077459571e-07 0.000568282704334706 0.0006760107818990946
317 0.7321576303802431 9.267595495998648e-07 0.0005538157965056599 0.0006831984780728817
318 0.7314392230473459 9.408339187899628e-07 0.0005767136821523309 0.0006470745243132114
319 0.7290017153136432 8.994913484983158e-07 0.0005785088911652565 0.0006828880496323108
320 0.7324387109838426 9.155236105229391e-07 0.0005687359729781747 0.0006450775638222694
321 0.7349512153305113 9.298538128987844e-07 0.0005493607399985194 0.0006671434920281172
322 0.737081962171942 9.197725756138198e-07 0.0005631985869258642 0.0006525852251797915
323 0.732603965792805 9.388828272705041e-07 0.0005737205231562257 0.0007344571780413389
324 0.7347241640090942 9.195568713948888e-07 0.0005750679243355989 0.0006574988085776567
325 0.7325694891624153 9.404430509007966e-07 0.0005652110972441733 0.0007023480907082558
326 0.7344409567303956 9.386768176966598e-07 0.0005716086197644473 0.0006504586525261402
327 0.7306003281846642 9.316374963219687e-07 0.0005849620243534446 0.0007127686589956284
328 0.7312002698890865 9.312720305842959e-07 0.0005889309458434581 0.0006592756882309914
329 0.7316525862552226 9.329089478882224e-07 0.0005925298053771257 0.0006884993612766266
330 0.734697244130075 9.328250632023582e-07 0.0005625301371328532 0.0007096338924020528
331 0.7324102958664298 9.489919297323013e-07 0.0005709906960837543 0.0006558481138199568
332 0.7311853710561991 9.185423938617987e-07 0.0005886894096620381 0.0006671759858727455
333 0.7326101521030068 9.65010868227978e-07 0.000622319083660841 0.0006734004523605108
334 0.7319039278663695 9.21380015199702e-07 0.000586145780980587 0.0006494105979800224
335 0.7339319498278201 9.35372830497272e-07 0.000559271723497659 0.0006386106368154287
336 0.7337795500643551 9.643298780659394e-07 0.0005762980040162802 0.0006449092272669077
337 0.7303375941701233 9.274733911368571e-07 0.0005620277542620897 0.0006415965873748064
338 0.7314269067719579 9.022049772511309e-07 0.0005544620421715081 0.000672373054549098
339 0.7307165139354765 9.198318839764852e-07 0.0005686050206422805 0.0006503505259752274
340 0.7311306153424084 9.156651827879614e-07 0.0005387965217232704 0.0006176206422969699
341 0.7328337328508496 9.371724627627031e-07 0.0005609580548480153 0.00064569097943604
342 0.7325681461952627 9.132666565747626e-07 0.0005667784968391061 0.0006916966009885072
343 0.7285276036709547 9.226881770985074e-07 0.0005966706401668489 0.0007187657151371241
344 0.7338979723863304 9.286849960687959e-07 0.0006143418094143271 0.0006344617810100317
345 0.7308290540240705 9.347412516547137e-07 0.0005775600313208997 0.0007175101432949305
346 0.7367109609767795 9.242142646215257e-07 0.0005950835542753339 0.0007702688127756118
347 0.7292061913758516 8.931683498758502e-07 0.0006074355840682983 0.0007055484503507614
348 0.7314167763106525 8.869284394563692e-07 0.0005595320239663124 0.0006523127388209104
349 0.7314838878810406 9.088041401383862e-07 0.0006072661578655243 0.0007825492694973946
350 0.7348620798438787 8.796194494919973e-07 0.0005352074182592332 0.0006211129110306502
351 0.7311772210523486 8.944177703895662e-07 0.0005097131808288395 0.0006235300656408072
352 0.7361166090704501 9.005476843881866e-07 0.0005106482924893498 0.0006733636930584908
353 0.7313961121253669 8.828333000465704e-07 0.0005333144427277147 0.0006279982998967171
354 0.7332329582422972 8.958075982690162e-07 0.0005064766174182296 0.0006036228965967894
355 0.7292497451417148 8.805166233116779e-07 0.0005050408467650413 0.0006162556260824203
356 0.7321541467681527 9.013144352110203e-07 0.0005223767948336899 0.0006138288788497448
357 0.7319715060293674 8.962105661325381e-07 0.0005047411117702722 0.000618788655847311
358 0.7310186517424881 8.926788883556469e-07 0.000510559756308794 0.0006117785535752773
359 0.7329053361900151 8.868318758814553e-07 0.0005130369025282561 0.0005998195335268974
360 0.7295954748988152 8.781726111095622e-07 0.0005129739847034216 0.000630641607567668
361 0.7328623156063259 8.888335712953221e-07 0.0005161100942641496 0.0006466915737837553
362 0.7307715881615877 8.833978400701881e-07 0.0005190703719854355 0.0006564825493842364
363 0.734996201004833 9.260838050551002e-07 0.0005157496784813702 0.0006171979941427708
364 0.7315954649820924 8.684500297562181e-07 0.0005138826062902808 0.0006270361505448818
365 0.7292829509824514 8.812380575662359e-07 0.0005145628512836992 0.000626574419438839
366 0.7310412996448576 8.97098898775539e-07 0.0005303499018773437 0.0006304760370403528
367 0.7305780523456633 8.714871217208042e-07 0.0005195576525293291 0.000618583494797349
368 0.7300976607948542 9.04239481833713e-07 0.0005179958799853921 0.0006125154998153448
369 0.7325130589306355 8.743251664000695e-07 0.0005136565556749702 0.000626137675717473
370 0.7320831487886608 8.777948626814691e-07 0.0005113391885533929 0.0006281250715255738
371 0.7341063749045134 8.958192182006997e-07 0.0005093512684106827 0.0006042618863284588
372 0.7313300319947302 8.891697126145459e-07 0.0005122001906856894 0.0006225922517478466
373 0.7300214851275086 8.723651519204622e-07 0.0005197853571735322 0.0006233097612857819
374 0.7332887747325003 8.839912647573556e-07 0.0005096196006052196 0.0006240105628967285
375 0.7303202548064291 8.848617727252872e-07 0.000506416751537472 0.0006243901327252388
376 0.7300998219288886 8.669206703970644e-07 0.000512496342882514 0.0006035052333027125
377 0.732236600946635 8.739963962867136e-07 0.0005064488449133932 0.0006059775501489639
378 0.7297233706340194 8.885988745177542e-07 0.0005114398892037571 0.0006200304627418518
379 0.7307446822524071 8.841962787542457e-07 0.0005223501264117658 0.0006074155028909445
380 0.7338228230364621 8.609811471416151e-07 0.0005093952831812203 0.0006226135231554509
381 0.7319447407498956 8.907802885005367e-07 0.0005142302582971752 0.0006154723837971687
382 0.7311651399359107 8.697950798364218e-07 0.0005101501541212201 0.0005943355802446604
383 0.7309867851436138 8.84505192040308e-07 0.0004981506327167153 0.0006041863095015287
384 0.731919074896723 8.749985236988778e-07 0.0005063628270290792 0.0006247792765498161
385 0.7341092731803656 8.781572250882163e-07 0.0005056352275423705 0.0006217332649976015
386 0.7294491464272141 8.835170184440244e-07 0.0005150791974738241 0.0006146331690251827
387 0.7323284419253469 8.76345093061559e-07 0.0005012231292203068 0.000642462857067585
388 0.7306424081325531 8.697549032632423e-07 0.0005079247211106122 0.000599222993478179
389 0.7322942903265357 8.708579668237349e-07 0.0005075972955673933 0.0006188827939331531
390 0.7291515730321407 8.710707374603998e-07 0.0005127565595321357 0.0006045638490468264
391 0.7290772623382509 8.745040835478335e-07 0.0004954005228355527 0.0005949460109695793
392 0.7338958359323442 8.734163270318618e-07 0.0005134013206698001 0.0006085229106247425
393 0.7291678837500513 8.934095832557886e-07 0.0005238703647628426 0.0006093454826623201
394 0.7330315629951656 8.931723390759316e-07 0.0005106206238269806 0.0005982701806351542
395 0.7257404788397253 8.710210355999948e-07 0.0005044220024719835 0.0006059474591165781
396 0.7308312160894275 8.625841813980628e-07 0.0005058141695335508 0.0006253315694630146
397 0.729323469568044 8.708137441004738e-07 0.0005161143508739769 0.0006375663634389639
398 0.7347694919444621 8.746294370709507e-07 0.0005005293670110405 0.0006465776171535254
399 0.7302687163464725 8.967354687428042e-07 0.0005128216221928596 0.0006076063122600318
400 0.7359954821877182 8.643367513627709e-07 0.000488133339677006 0.0005927644716575742
401 0.7335414420813322 8.622311963790707e-07 0.00048062149435281756 0.0005835896544158459
402 0.7294359337538481 8.652715334633853e-07 0.00047870343131944536 0.000590891782194376
403 0.7293327101506293 8.503911294077682e-07 0.00048348975414410234 0.0005924679478630423
404 0.7282362477853894 8.693027013606525e-07 0.0004882345660589635 0.0006007631309330463
405 0.7286084918305278 8.671802447146604e-07 0.0004827225157059729 0.0005899407528340817
406 0.7287453929893672 8.578657973856707e-07 0.00048240453749895097 0.0005987672414630652
407 0.7320274338126183 8.568917549567346e-07 0.0004806633032858372 0.0006308244075626135
408 0.7315331920981407 8.617769365315552e-07 0.0004854910355061293 0.0005838416004553437
409 0.7334102080203593 8.588659758146377e-07 0.0004808909874409437 0.0005939494166523218
410 0.7310278629884124 8.669774300784638e-07 0.00048454053746536377 0.0005876964330673218
411 0.7283803736791015 8.583451805677101e-07 0.00047857841942459343 0.0005868227360770106
412 0.7314306972548366 8.624021746683752e-07 0.00047919886931777 0.0005975367780774832
413 0.7286940086632967 8.579540507014371e-07 0.0004809833196923137 0.0006097864173352719
414 0.7305316091515124 8.505504243316864e-07 0.00048179498687386514 0.0006012862827628851
415 0.7328073037788272 8.705776689055256e-07 0.00048689447809010746 0.0005839412100613117
416 0.7314050062559545 8.593442168702836e-07 0.0004806699911132455 0.0005820811679586768
417 0.7321457481011748 8.585509548453274e-07 0.0004767624610103667 0.0005834127403795719
418 0.7314590932801366 8.585448688691599e-07 0.00048054778994992373 0.0005914044380187989
419 0.7283020820468664 8.657722441895999e-07 0.0004838861203752458 0.0005850628903135657
420 0.7286773538216949 8.704196257980357e-07 0.0004911365588195622 0.0005974786914885044
421 0.72878273203969 8.641010428078744e-07 0.0004829208487644792 0.0005835735145956278
422 0.7346791219897568 8.548714217226916e-07 0.00048372393008321523 0.0006061969697475434
423 0.7301191310398281 8.634485720548924e-07 0.00048530167853459716 0.0005866974219679833
424 0.7340763476677239 8.683497972228337e-07 0.00048334997380152346 0.0006103773694485426
425 0.7315437733195722 8.546032497491751e-07 0.00048190785292536023 0.0005885578971356153
426 0.7380807073786855 8.516986944329119e-07 0.0004819659595377743 0.000581174991093576
427 0.7317821639589965 8.626225956476219e-07 0.00048730468470603225 0.0005871499609202146
428 0.7307310770265758 8.6476279989256e-07 0.00047964805737137794 0.000590113066136837
429 0.7311851037666202 8.600298057714895e-07 0.00047791758365929127 0.0005818556016311049
430 0.7292059580795467 8.584632188401997e-07 0.00047760618478059766 0.0005936239287257194
431 0.7313182409852743 8.486194636248001e-07 0.0004772483445703983 0.0005846523307263851
432 0.7308068927377462 8.610940819764323e-07 0.00048073081439360975 0.0005814355611801148
433 0.7321475711651146 8.662556120597742e-07 0.0004794484619051218 0.0006032081414014102
434 0.7327786316163838 8.545456332598178e-07 0.0004894008985720574 0.0005898121790960431
435 0.7306425799615681 8.582989359595672e-07 0.00048017817735671996 0.0005899487622082234
436 0.7291680639609694 8.583373007553519e-07 0.00048664860101416704 0.0005991825647652149
437 0.7311579152010381 8.517005687025403e-07 0.0004811754943802953 0.0005972280167043209
438 0.7289484622888267 8.599797176245261e-07 0.0004762398060411215 0.0006004886422306299
439 0.7293503186665475 8.559966872212499e-07 0.0004819895578548312 0.0006277991272509099
440 0.730080746114254 8.521668843286533e-07 0.0004856483521871269 0.0005856966692954302
441 0.7316839033737779 8.637209198170126e-07 0.000481161349453032 0.0005949958693236112
442 0.728234157897532 8.512954631711977e-07 0.00048007720755413174 0.0005803162092342973
443 0.7290964489802718 8.505498839816994e-07 0.00047595077566802503 0.0005798797076568007
444 0.7341604270040989 8.538531290724905e-07 0.0004734027935191989 0.000591416833922267
445 0.7263502101413906 8.557297405786813e-07 0.00048005082877352836 0.0005990299023687839
446 0.7304215501062572 8.495641074190985e-07 0.0004836366530507803 0.0005833475198596716
447 0.7303509218618274 8.467654881272324e-07 0.00048691212618723513 0.0006129403412342072
448 0.7280667996965349 8.520370926490273e-07 0.0004830606910400093 0.0005963868647813797
449 0.7322762627154589 8.457563838248916e-07 0.0004717497364617884 0.0005953426007181406
450 0.7305461969226599 8.456606117768217e-07 0.00046956686116755007 0.0005830416129902006
451 0.7339657219126821 8.515973327050119e-07 0.00046897597750648857 0.0005782174784690142
452 0.7306998451240361 8.464020344334245e-07 0.00046403911802917716 0.000580913657322526
453 0.7294841683469713 8.461043103835664e-07 0.00047074406035244466 0.0005811084248125554
454 0.7267870879732072 8.439805340643147e-07 0.0004682946382090449 0.0005812968593090773
455 0.7274306803010404 8.438414157296848e-07 0.0004674362647347152 0.0005786575423553586
456 0.7281302781775594 8.444353803582772e-07 0.0004639981058426201 0.0005825248593464494
457 0.7299178140237927 8.523035813468028e-07 0.0004674178548157215 0.0005729744443669915
458 0.7286825431510806 8.553241573849846e-07 0.0004635275895707309 0.0005812680441886187
459 0.7308280421420932 8.486004108121392e-07 0.000464995741378516 0.000577856870368123
460 0.7293538488447666 8.388871968278977e-07 0.00046397695504128933 0.0005773855652660132
461 0.7308287168852985 8.485589620477186e-07 0.0004649364259094 0.0005761422030627727
462 0.7310357079841197 8.421237545519488e-07 0.00046245202608406543 0.0005765699269250035
463 0.7308633150532842 8.440764192485517e-07 0.00047070126701146363 0.0005789121706038713
464 0.7330125458538532 8.42347552065803e-07 0.000465103660710156 0.0005772921070456505
465 0.7324903863482177 8.404295536834639e-07 0.00046374335046857595 0.0005744259059429169
466 0.7303183884359896 8.468259867200345e-07 0.0004642418907023966 0.0005844984669238329
467 0.7291189474053681 8.457905870429272e-07 0.0004672862677834928 0.0005753343226388097
468 0.7356178262270987 8.418643012930715e-07 0.000464536621235311 0.0005729755014181137
469 0.7311321040615439 8.424381008964588e-07 0.000466953135561198 0.0005798517446964979
470 0.7265988979488611 8.435820513241765e-07 0.00046805833326652645 0.00057839160785079
471 0.7317146598361433 8.472158016559206e-07 0.00046542302425950767 0.0005779615277424454
472 0.7299219029955566 8.46221853620932e-07 0.00046363473683595655 0.0005746682267636061
473 0.7290080976672471 8.545310847907217e-07 0.00046826768200844524 0.0005802900716662407
474 0.732446659822017 8.465002958146784e-07 0.0004689280414022505 0.0005753914080560207
475 0.7355562578886747 8.450252209257769e-07 0.0004620961016044021 0.0005734134512022138
476 0.7320481250062585 8.439459602271882e-07 0.0004646310284733772 0.0005744011886417865
477 0.7348210900090635 8.508888936020753e-07 0.0004667134154587984 0.000572575107216835
478 0.7292995606549084 8.388568216233239e-07 0.0004649337138980627 0.0005835371138527989
479 0.7300491244532168 8.471344363059074e-07 0.00046296184277161954 0.0005710244039073587
480 0.7271118662320077 8.442245201933929e-07 0.00046199247101321817 0.0005739985685795546
481 0.7355585610494018 8.346211241061496e-07 0.0004649935229681432 0.0005730142584070563
482 0.7313080658204854 8.398261160635912e-07 0.0004632306252606213 0.0005716689303517341
483 0.7302154735662043 8.415259761918037e-07 0.0004626680598594248 0.0005730849271640182
484 0.7287210649810731 8.434353969732911e-07 0.0004641840090043843 0.000572086526080966
485 0.7318908269517124 8.385880355277209e-07 0.0004615177474915981 0.0005960086267441511
486 0.7277184496633708 8.47814446522932e-07 0.0004715662831440568 0.0005741524184122681
487 0.7308621886186302 8.386921381742241e-07 0.00046099021658301356 0.0005724252294749022
488 0.7318066111765802 8.354997451220925e-07 0.0004639825290068984 0.0005740355886518955
489 0.7325462368316948 8.439299205775797e-07 0.0004659807444550097 0.0005787629308179021
490 0.7314461972564459 8.406142134731453e-07 0.00046859559882432225 0.0005712210293859244
491 0.7288743071258068 8.390709809091845e-07 0.000460467339027673 0.000572292497381568
492 0.7292387220077217 8.450054510689142e-07 0.00046777579421177504 0.0005840517673641444
493 0.7304744007997215 8.464668250240948e-07 0.00046590916253626345 0.0005720960488542914
494 0.7279229583218694 8.388786764967904e-07 0.0004660920505411923 0.00057183344848454
495 0.7276611309498549 8.417728468046448e-07 0.0004669449618086219 0.0005789493024349212
496 0.7292362088337541 8.448066303401447e-07 0.00045991157926619054 0.0005709520634263754
497 0.7303134072571993 8.390441082894995e-07 0.00046273535257205367 0.0005714748566970229
498 0.7298097521997988 8.454752679298849e-07 0.0004615937815979123 0.0005764369620010257
499 0.7290547527372837 8.414945622092774e-07 0.0004632900897413492 0.0005717683210968972
0 0.00021071678202133626
1 0.0008166705374605954
2 0.00016915611922740936
3 0.0003752190968953073
4 0.00022391854145098478
5 0.0003421723085921258
6 0.0002938437392003834
7 0.00032374574220739305
8 0.00018942826136481017
9 0.0003054050903301686
10 0.0005916831432841718
11 0.00031586954719386995
12 0.0003143930225633085
13 0.0006090646493248641
14 0.00012971773685421795
15 0.0005169523064978421
16 0.0001552464091219008
17 0.000494170468300581
18 0.0003525304200593382
19 0.0006541242473758757
20 0.000357866840204224
21 0.00042514948290772736
22 0.0006815022206865251
23 0.0009564771316945553
24 0.00018337795336265117
25 0.0005101552815176547
26 0.00043696194188669324
27 0.00013726014003623277
28 0.0004221430281177163
29 0.0005076227243989706
30 0.0003454314137343317
31 0.000332154450006783
32 0.0009319392265751958
33 0.0005219065933488309
34 0.0011588743655011058
35 0.000335836288286373
36 0.00026874602190218866
37 0.00042745089740492404
38 0.00016216262883972377
39 0.00035612774081528187
40 0.00022447280935011804
41 0.00046129676047712564
42 0.0005019743693992496
43 0.00033763889223337173
44 0.00045333345769904554
45 0.000253844860708341
46 0.00033460636041127145
47 0.0003309226012788713
48 0.000981542281806469
49 0.00028365812613628805
50 0.0001995529019040987
51 0.000218582630623132
52 0.0004233711224514991
53 0.00018784926214721054
54 0.0002269913675263524
55 0.000385769089916721
56 0.0002453896158840507
57 0.0005135952378623188
58 0.003092702478170395
59 0.0003667448181658983
60 0.0005973295192234218
61 0.0007997637731023133
62 0.00043061774340458214
63 0.00035777900484390557
64 0.0003159285697620362
65 0.0004518192436080426
66 0.00024105215561576188
67 0.0005131545476615429
68 0.0006118500605225563
69 0.0005197134451009333
70 0.00032132226624526083
71 0.00011748221731977537
72 0.00033092949888668954
73 0.00028244132408872247
74 0.0002672807895578444
75 0.000861887470819056
76 0.00329621066339314
77 0.0003070398815907538
78 0.003337858011946082
79 0.00025893765268847346
80 0.0005518528050743043
81 0.0003236137272324413
82 0.0005503437714651227
83 0.00025647098664194345
84 0.0002739565388765186
85 0.00039102541632018983
86 0.00033254767186008394
87 0.00047495984472334385
88 0.00048584776232019067
89 0.00031455408316105604
90 0.0003804509178735316
91 0.0009447511401958764
92 0.0006413161172531545
93 0.0004369762318674475
94 0.0033160210587084293
95 0.0003400130372028798
96 0.004330453462898731
97 0.00045727219549007714
98 0.0003124320646747947
99 0.0009746417053975165
