2.116672724485397228e-01
1.506722271442413330e-01
8.798099085688590448e-02
1.236639007925987299e-01
9.971226826310157498e-02
7.691743522882461825e-02
7.682498916983604431e-02
5.886930823326110701e-02
4.978368878364562711e-02
6.189608201384544373e-02
7.059003449976444799e-02
6.361875943839549741e-02
6.383703052997588556e-02
7.013679631054400843e-02
5.862848386168480197e-02
6.247297413647175113e-02
5.528722554445266585e-02
5.579573549330234250e-02
5.412334315478802005e-02
5.638881847262382230e-02
6.203351393342017989e-02
5.903514251112938066e-02
6.245811507105827193e-02
6.260393001139163971e-02
5.605320259928703308e-02
4.892520569264888902e-02
7.304211072623729983e-02
6.613860949873924533e-02
6.116320192813873291e-02
5.488815680146217485e-02
5.568111315369606018e-02
5.707778520882129947e-02
5.738911032676696777e-02
5.759904384613036971e-02
5.922523550689220290e-02
5.516740716993808608e-02
6.032422631978988370e-02
5.935620591044425687e-02
5.531833283603191515e-02
5.366502106189727922e-02
6.818143501877785284e-02
6.169830858707427840e-02
6.334630884230137149e-02
5.814940817654132982e-02
5.695457421243190627e-02
5.823348499834537367e-02
6.513221263885497769e-02
6.220097802579403062e-02
6.393589228391646784e-02
6.150684319436550140e-02
6.196824871003627638e-02
5.842790566384792328e-02
6.186869442462920865e-02
6.052694767713547030e-02
5.963312499225139479e-02
6.261656992137432098e-02
6.229134202003479281e-02
6.182685643434524675e-02
6.041019596159458160e-02
6.393233463168143671e-02
5.841700434684753140e-02
5.906270854175090651e-02
6.156406402587890486e-02
5.695794597268104276e-02
7.085963115096091669e-02
6.795885190367698114e-02
6.721760779619216641e-02
6.442492716014384946e-02
6.721934825181960504e-02
6.142357997596263608e-02
6.792501509189605158e-02
6.046607196331024031e-02
6.828838735818862360e-02
6.537460386753082831e-02
6.620645560324192602e-02
6.197988577187061449e-02
7.072419337928295691e-02
6.895678788423538486e-02
6.606721207499503812e-02
6.668269298970699865e-02
6.536899954080581387e-02
6.785158105194569189e-02
6.711938977241516113e-02
6.660007871687412262e-02
6.693988442420958918e-02
6.798534058034419458e-02
6.853889450430869501e-02
7.083289995789528171e-02
6.975839398801327029e-02
6.907555051147937220e-02
6.956633292138576785e-02
6.185485906898975650e-02
6.367433331906795224e-02
6.558835059404373447e-02
6.297634281218052188e-02
6.427948512136935633e-02
6.092854291200637540e-02
6.351175494492053430e-02
6.406514979898929318e-02
6.443721875548362454e-02
5.996042490005493164e-02
6.072834804654121676e-02
6.134209223091602325e-02
6.039480865001678467e-02
6.082351170480251173e-02
5.970140397548675398e-02
5.867122896015643935e-02
5.627104230225086351e-02
5.490382015705108643e-02
5.601183697581291199e-02
5.581413507461548129e-02
5.739899389445781569e-02
5.877546295523643216e-02
5.757446326315403262e-02
5.926165729761123657e-02
6.023960411548614363e-02
5.984550788998603543e-02
5.614573210477828702e-02
5.679178088903426985e-02
5.675571523606777469e-02
5.589795336127281050e-02
5.653203874826431136e-02
5.645138546824455400e-02
5.749444998800754686e-02
6.761245317757129392e-02
6.382839456200599393e-02
6.208655573427677293e-02
6.038948856294155260e-02
6.526682265102863589e-02
6.392376385629176816e-02
6.167444437742233138e-02
5.813511684536933760e-02
5.514361597597598752e-02
5.599817559123039523e-02
5.767840109765529771e-02
5.991946160793304443e-02
5.689201317727565765e-02
5.559140294790267806e-02
5.711674839258194109e-02
5.397596880793571750e-02
5.882734358310699740e-02
5.916781648993492404e-02
5.635211281478404860e-02
5.737455114722252170e-02
5.810538120567798615e-02
5.860569290816784044e-02
5.749466344714164456e-02
5.891763605177402496e-02
5.834492892026901106e-02
5.508210211992263516e-02
5.537900514900684357e-02
5.853956788778304915e-02
6.091080382466316362e-02
6.191799901425838748e-02
5.938931629061698636e-02
5.930419564247131625e-02
6.052193939685821672e-02
5.733066648244857649e-02
6.476287133991717737e-02
6.077064014971256256e-02
5.676040928810834746e-02
5.462965928018093109e-02
5.595047809183597426e-02
5.780447609722614427e-02
5.899799652397632460e-02
5.651843734085559845e-02
6.446449533104896268e-02
6.398726850748062689e-02
6.175833418965339522e-02
6.110216788947582522e-02
5.932360067963600436e-02
5.742620415985584537e-02
6.017373725771903853e-02
5.974986813962459425e-02
5.922377929091453275e-02
5.853093080222606520e-02
5.753960125148296217e-02
5.634271651506424228e-02
5.847273133695125857e-02
5.907979942858219286e-02
6.045054271817207336e-02
5.988729894161224504e-02
6.059751547873019895e-02
5.833693481981754025e-02
5.596825554966926297e-02
5.638971365988254547e-02
5.886112973093986234e-02
5.695511288940906247e-02
5.621832534670830051e-02
5.596431642770767489e-02
5.384024418890476227e-02
5.989459604024886807e-02
5.889633186161517819e-02
6.104776673018932204e-02
5.790308639407158037e-02
5.734319277107715468e-02
6.007591858506202559e-02
5.880039371550083160e-02
5.738502740859985352e-02
5.502173230051994601e-02
6.084274873137474060e-02
5.607601925730705539e-02
5.551292933523654938e-02
5.361929796636104306e-02
5.800049901008606096e-02
5.833572074770927707e-02
5.754955485463142395e-02
5.583493523299694339e-02
5.547592230141162872e-02
5.343172922730445723e-02
5.362168103456497331e-02
5.269817411899566789e-02
5.998548045754432956e-02
6.502383574843406677e-02
6.397108100354671756e-02
6.016943864524364194e-02
5.948918163776397566e-02
5.598149579018354277e-02
5.513162873685360094e-02
5.210558697581291199e-02
5.594987682998180112e-02
5.366783812642097334e-02
5.293750800192355971e-02
5.191103853285312930e-02
5.432413946837186952e-02
5.632469505071639737e-02
5.575065948069095334e-02
5.480652973055839816e-02
5.673068650066852292e-02
6.191575899720191956e-02
5.990103110671043257e-02
5.767601951956748824e-02
5.478834733366966248e-02
5.493621602654456815e-02
5.733706951141357561e-02
5.662760101258754869e-02
5.507003962993621549e-02
5.228932127356529513e-02
5.058426335453987399e-02
5.042674615979194502e-02
5.083882957696914812e-02
5.407164487987756868e-02
5.321456156671047072e-02
5.165325589478016177e-02
5.200370941311120709e-02
5.108273550868034502e-02
4.965693950653075894e-02
4.964812584221363345e-02
5.258250199258327623e-02
5.242880210280418535e-02
5.031826253980398178e-02
5.141236707568168363e-02
5.244308970868587216e-02
5.177443474531173706e-02
5.118398182094097137e-02
4.932017438113689423e-02
4.773203581571579257e-02
4.848780035972595492e-02
5.774515457451343675e-02
5.352402366697787961e-02
5.199792943894863267e-02
5.184171386063098769e-02
5.078693963587284366e-02
5.769604630768299103e-02
5.906876772642135481e-02
5.709929130971432010e-02
5.688520707190036774e-02
5.552601218223571916e-02
5.275329425930976729e-02
5.254593752324580869e-02
5.389724224805832187e-02
5.326789952814579149e-02
5.304716005921363692e-02
5.161625165492296496e-02
5.030934549868106703e-02
4.937872663140296936e-02
5.069094188511371474e-02
5.035560801625251631e-02
4.872152768075466156e-02
5.066521428525447984e-02
5.223808363080024997e-02
5.200353115797042708e-02
5.250773318111896792e-02
4.980990029871464053e-02
4.895199052989483018e-02
5.000075660645961900e-02
4.904657006263733049e-02
4.890801981091499190e-02
5.125814788043499270e-02
5.131512060761451999e-02
5.060624144971370697e-02
5.026210658252239227e-02
4.898309186100959639e-02
4.853555280715227127e-02
4.913829080760478973e-02
5.497185178101062636e-02
5.749636739492416243e-02
5.596238039433956007e-02
5.608888193964958052e-02
5.322388038039207320e-02
5.128505378961563388e-02
5.054889619350433350e-02
4.911598041653632979e-02
4.788264855742454390e-02
4.630389697849750241e-02
4.512536898255348206e-02
5.035516787320375165e-02
4.938018620014190951e-02
4.744108486920595169e-02
4.712493307888507982e-02
4.515361990779638568e-02
4.548956267535686493e-02
4.586749784648418149e-02
4.613117091357708116e-02
4.520424716174602231e-02
4.432890359312295636e-02
4.462803862988948961e-02
4.781605117022991180e-02
4.515537396073341508e-02
4.393766839057207385e-02
4.363307431340217313e-02
4.447374660521745404e-02
4.538464695215225359e-02
4.312250334769487242e-02
4.244256243109702925e-02
4.180894643068313460e-02
4.116304125636816025e-02
4.132784046232700070e-02
4.331025406718254367e-02
4.315448012202978412e-02
4.454490225762128969e-02
4.409942068159580092e-02
4.352466892451047759e-02
4.260011240839958052e-02
4.248780962079763690e-02
4.207985829561948499e-02
4.143308941274881363e-02
4.095723312348127643e-02
3.963999953120946745e-02
3.917361740022897582e-02
3.782786056399345398e-02
4.669210053980350772e-02
4.615776147693395615e-02
4.442608505487442155e-02
4.424646906554698805e-02
4.286186881363392154e-02
4.216359443962573728e-02
4.049912616610527177e-02
4.151191953569650928e-02
4.077765773981809755e-02
4.067162983119487762e-02
4.735401757061481753e-02
4.425176847726106782e-02
4.329597502946853915e-02
4.109576847404241423e-02
4.052363950759172578e-02
3.893595580011606494e-02
3.954400420188904086e-02
4.010178595781326016e-02
4.045776333659887453e-02
4.000839442014694075e-02
3.921985365450382510e-02
3.862539306282997131e-02
3.887054715305567065e-02
3.787758275866508206e-02
3.820225354284047942e-02
3.732547815889120102e-02
3.715670146048068861e-02
3.707587644457817355e-02
3.659780379384756227e-02
3.713889122009277066e-02
3.880516644567251483e-02
3.888411317020654817e-02
3.669781703501939774e-02
3.689673338085412702e-02
3.680807687342167039e-02
3.579509668052196364e-02
3.638393543660640994e-02
3.914628420025110384e-02
3.713200036436319074e-02
3.624025527387857160e-02
3.523127380758524219e-02
3.549928367137909074e-02
3.603276051580905914e-02
3.480679653584957400e-02
3.663215301930904111e-02
3.518257401883602420e-02
3.448171559721231738e-02
3.454997371882199964e-02
3.823791164904832840e-02
3.730831220746040622e-02
3.443619199097156663e-02
3.448829185217618803e-02
3.570282012224197665e-02
3.589162919670343260e-02
3.438163250684737882e-02
3.469478916376829425e-02
3.411630000919103900e-02
3.358338847756385526e-02
3.719726502895355502e-02
3.553077057003974776e-02
3.402028400450944623e-02
3.278651256114244184e-02
3.339099287986755510e-02
3.240560013800859729e-02
3.224472589790820798e-02
3.165377601981163302e-02
3.208427149802446643e-02
3.204400576651096622e-02
3.167528621852398057e-02
3.157501006498932700e-02
3.103803899139166017e-02
3.125272104516625682e-02
3.000820446759462287e-02
3.131748978048563142e-02
3.070479035377502580e-02
3.058976288884878228e-02
2.987934499979019026e-02
2.947333678603172163e-02
2.941593304276466508e-02
2.947081327438354562e-02
2.931521926075220108e-02
2.857906110584735801e-02
2.862827349454164644e-02
2.816103119403123856e-02
2.760974429547786643e-02
2.784439921379089355e-02
3.428120035678148408e-02
3.178300727158785144e-02
2.951615331694483826e-02
2.830997407436370780e-02
2.785463947802781920e-02
2.777820024639367918e-02
2.739959508180618217e-02
2.685246318578720162e-02
2.698089610785246034e-02
2.742081396281719277e-02
2.689754813909530501e-02
2.677873950451612611e-02
2.676755944266915460e-02
2.753199748694896629e-02
2.729060370475053926e-02
2.785686496645212173e-02
2.954805400222539763e-02
2.906962763518095016e-02
2.747266702353954454e-02
2.724635321646928787e-02
2.662784056738019128e-02
2.679305998608470102e-02
2.647106014192104201e-02
2.572614997625350883e-02
2.649636268615722726e-02
2.658806461840867996e-02
2.641807859763502936e-02
2.613771148025989532e-02
2.755671208724379609e-02
2.658094298094510963e-02
2.560735950246453146e-02
2.527535418048500876e-02
2.717513227835297723e-02
2.564849508926272253e-02
2.516187410801649232e-02
2.530167512595653603e-02
2.516209017485380312e-02
2.532593384385108809e-02
2.485911790281534334e-02
2.598415222018957138e-02
2.591116316616535326e-02
2.835895959287881851e-02
2.682932326570153236e-02
2.549635805189609528e-02
2.508637588471174240e-02
2.431389987468719413e-02
2.432997468858957152e-02
2.448805645108222823e-02
2.402196656912565162e-02
2.424436770379543443e-02
2.389328032732009749e-02
2.392431702464819024e-02
2.377357240766286850e-02
2.389965541660785814e-02
2.334596179425716539e-02
2.352295760065317015e-02
2.325389254838228226e-02
2.284099869430065294e-02
2.291316250339150290e-02
2.255349652841687202e-02
2.237637378275394301e-02
2.278308831155300210e-02
2.403466124087572098e-02
2.717615701258182387e-02
2.657685782760381768e-02
2.572351545095443587e-02
2.454834077507257392e-02
2.428491041064262390e-02
2.422809069976210664e-02
2.374063078314065864e-02
2.414389569312334199e-02
2.429899461567401955e-02
2.355080638080835412e-02
2.323359427973627905e-02
2.303099781274795671e-02
2.297607492655515810e-02
2.252260185778141161e-02
2.254576729610562394e-02
2.232932839542627404e-02
2.237264635041356226e-02
2.226314712315797736e-02
2.194455647841096063e-02
2.190665621310472488e-02
2.251073932275176118e-02
2.216142704710364481e-02
2.189807817339897017e-02
2.180942380800843239e-02
2.167453486472368379e-02
2.147831749171018670e-02
2.136322613805532317e-02
2.128873150795698027e-02
2.123943110927939415e-02
2.120142313651740551e-02
2.089951671659946372e-02
2.101365420967340331e-02
2.098233271390199592e-02
2.088350141420960288e-02
2.104491973295807838e-02
2.142555499449372292e-02
2.064571557566523621e-02
2.061081537976861000e-02
2.074062842875719001e-02
2.054166467860341072e-02
2.049472052603960176e-02
2.037300486117601256e-02
2.041711248457431932e-02
2.012071823701262405e-02
2.002955526113510062e-02
2.003887323662638734e-02
1.981773292645811965e-02
1.986414557322859625e-02
1.973798479884862969e-02
2.123772101476788590e-02
2.002127803862095018e-02
2.011421825736760954e-02
1.959492778405547142e-02
1.986191859468817641e-02
1.940292874351143976e-02
1.964315269142389436e-02
1.946335555985569815e-02
1.933488277718424866e-02
1.946720760315656662e-02
1.927270004525780817e-02
1.899291826412081649e-02
1.919726226478814940e-02
1.898032836616039137e-02
1.900775833055377145e-02
1.910345712676644186e-02
1.889882786199450354e-02
1.899063019081950049e-02
1.928820526227354934e-02
1.951038241386413713e-02
1.867958279326558182e-02
1.869653332978487084e-02
1.899431515485048433e-02
1.890215706080198427e-02
1.888724714517593314e-02
1.857309294864535262e-02
1.838501393795013289e-02
1.834410782903432915e-02
1.846433030441403320e-02
1.838882733136415482e-02
1.882997574284672737e-02
1.918439902365207811e-02
1.891702516004443307e-02
1.841623941436409950e-02
1.873887404799461434e-02
1.790281068533659120e-02
1.814137166365981102e-02
1.808207919821143081e-02
1.810354711487889220e-02
1.798918116837739875e-02
1.788209369406103949e-02
1.782301459461450507e-02
1.773390173912048340e-02
1.769254337996244500e-02
1.782250311225652695e-02
1.765675731003284524e-02
1.768343048170208792e-02
1.756481211632490019e-02
1.909436732530593941e-02
1.840013721957802634e-02
1.772289332002401421e-02
1.818807227537035803e-02
1.777247460559010575e-02
1.746073318645358086e-02
1.738730091601610114e-02
1.759454524144530435e-02
1.716686738654971123e-02
1.775648477487266202e-02
1.772662494331598421e-02
1.722917705774307251e-02
1.716619431972503731e-02
1.709667053073644569e-02
1.704818010330200195e-02
1.720744473859667917e-02
1.697453670203685760e-02
1.701237009838223527e-02
1.704780524596571922e-02
1.695817317813634942e-02
1.716740969568491051e-02
1.693025808781385352e-02
1.698078988119959901e-02
1.698251403868198534e-02
1.688039442524313927e-02
1.693812590092420509e-02
1.695810910314321518e-02
1.674714460968971391e-02
1.676529226824641228e-02
1.684303553774952819e-02
1.681100409477949073e-02
1.667899778112769127e-02
1.678164545446634431e-02
1.663579745218157768e-02
1.665542088449001312e-02
1.673868633806705614e-02
1.716214269399642806e-02
1.674770303070545127e-02
1.652218392118811469e-02
1.663988186046481271e-02
1.646459577605128427e-02
1.639829380437731604e-02
1.644956329837441583e-02
1.642582761123776575e-02
1.654788004234433035e-02
1.647472660988569260e-02
1.637044213712215285e-02
1.641613314859569073e-02
1.646163538098335127e-02
1.629247283563017845e-02
1.622067969292402198e-02
1.637097382918000291e-02
1.616864167153835366e-02
1.626893403008580069e-02
1.625415850430727074e-02
1.610635323449969430e-02
1.629839455708861212e-02
1.623540529981255462e-02
1.619435148313641548e-02
1.612541032955050468e-02
1.607703915797174116e-02
1.617529289796948433e-02
1.607760726474225660e-02
1.591804688796400954e-02
1.614603931084275176e-02
1.605196362361311843e-02
1.597736626863479475e-02
1.599380876868963103e-02
1.583345015533268313e-02
1.593595799058675905e-02
1.583210369572043280e-02
1.583584696054458549e-02
1.577073326334357123e-02
1.584854712709784369e-02
1.566513534635305405e-02
1.588651109486818175e-02
1.569477245211601396e-02
1.568827060982585023e-02
1.569880563765764167e-02
1.583245284855365823e-02
1.568715777248144011e-02
1.558923795819282601e-02
1.562915071845054696e-02
1.551896259188651969e-02
1.558428793214261532e-02
1.546982536092400551e-02
1.546984631568193436e-02
1.554658049717545440e-02
1.557707670144736767e-02
1.619315566495060921e-02
1.542131341993808677e-02
1.554379966109991143e-02
1.535112829878926277e-02
1.541687054559588363e-02
1.543864086270332371e-02
1.543110981583595276e-02
1.538885422050952946e-02
1.523876255378127029e-02
1.535064773634076118e-02
1.533475527539849247e-02
1.523469779640436103e-02
1.528157657012343441e-02
1.518817255273461307e-02
1.512456210330128704e-02
1.516013834625482525e-02
1.519867638126015663e-02
1.507847867906093528e-02
1.523006362840533326e-02
1.498967511579394306e-02
1.514989379793405498e-02
1.495063127949833835e-02
1.505180196836590836e-02
1.516749951988458599e-02
1.488752141594886814e-02
1.486804150044918060e-02
1.492663766257464920e-02
1.490500466898083722e-02
1.506959991529583862e-02
1.487740045413374866e-02
1.484311916865408386e-02
1.485959971323609283e-02
1.485673831775784562e-02
1.488382853567600181e-02
1.481359899044036935e-02
1.493566818535327877e-02
1.489020427688956226e-02
1.484978576190769742e-02
1.475762343034148216e-02
1.490183514542877709e-02
1.481152065098285606e-02
1.486923806369304726e-02
1.482152761891484226e-02
1.488899774849414791e-02
1.481287823989987408e-02
1.478418596088886330e-02
1.479355236515402829e-02
1.481361659243702819e-02
1.477062352932989597e-02
1.477612201124429633e-02
1.485120924189686775e-02
1.476050438359379803e-02
1.463681487366557191e-02
1.474293805658817222e-02
1.469052499160170520e-02
1.476635839790105785e-02
1.468472285196185077e-02
1.464079031720757519e-02
1.472759637981653144e-02
1.461525810882449185e-02
1.463704379275441135e-02
1.459087114781141246e-02
1.465068841353058850e-02
1.454661674797535012e-02
1.463978858664631913e-02
1.463780011981725623e-02
1.452773944474756648e-02
1.460350807756185566e-02
1.458704946562647785e-02
1.448134407401084969e-02
1.454167934134602616e-02
1.451330929994583060e-02
1.445198850706219673e-02
1.457893117330968415e-02
1.448634266853332520e-02
1.450978107750415871e-02
1.449578609317541192e-02
1.443238528445362975e-02
1.450363406911492348e-02
1.447923900559544563e-02
1.439663646742701461e-02
1.441026483662426541e-02
1.445828564465045929e-02
1.437345966696739266e-02
1.442056861706078087e-02
1.437508268281817436e-02
1.435419740155339206e-02
1.441980204544961522e-02
1.446562269702553714e-02
1.450107488781213726e-02
1.440151361748576164e-02
1.433922080323100055e-02
1.426190650090575218e-02
1.421888368204235996e-02
1.420108098536729778e-02
1.431728079915046623e-02
1.421378459781408310e-02
1.415624571964144672e-02
1.421387279406189849e-02
1.414959784597158432e-02
1.422669617459177901e-02
1.420387467369437287e-02
1.412338484078645706e-02
1.415111431851983140e-02
1.419933978468179703e-02
1.415179059840738704e-02
1.427235053852200439e-02
1.406961027532815933e-02
1.409612838178873027e-02
1.418329179286956752e-02
1.414393540471792221e-02
1.408321368508040974e-02
1.414780011400580337e-02
1.411053556948900153e-02
1.405559508129954407e-02
1.407368853688240051e-02
1.406266652047634055e-02
1.411265060305595329e-02
1.407910725101828645e-02
1.406696280464530061e-02
1.402777531184256146e-02
1.404957263730466366e-02
1.388071617111563683e-02
1.403696425259113277e-02
1.400309535674750840e-02
1.392237767577171256e-02
1.395505690015852451e-02
1.403869446367025410e-02
1.395508088171482086e-02
1.392626315355300834e-02
1.395852668210864102e-02
1.397543521597981522e-02
1.397975971922278335e-02
1.395313087850809028e-02
1.392967598512768676e-02
1.391684394329786335e-02
1.391478767618536949e-02
1.391811370849609444e-02
1.394207561388611724e-02
1.388249499723315239e-02
1.392204286530613830e-02
1.395639991387724946e-02
1.387964263558387826e-02
1.392594156786799466e-02
1.390512455254793237e-02
1.389773786067962681e-02
1.385811027139425243e-02
1.389602171257138183e-02
1.389569938182830776e-02
1.387355234473943745e-02
1.384588992223143543e-02
1.387754646129906247e-02
1.384108886122703552e-02
1.388182071968913078e-02
1.384741161018610001e-02
1.385554168373346294e-02
1.384316124022006919e-02
1.385956713929772412e-02
1.385091012343764305e-02
1.385228466242551838e-02
1.383174117654561996e-02
1.379980430938303540e-02
1.383154559880495071e-02
1.379451947286725044e-02
1.379215130582451751e-02
1.380054214969277451e-02
1.379970414564013481e-02
1.381486989557743038e-02
1.379020037129521405e-02
1.377756125293672085e-02
1.376710906624794076e-02
1.378134796395897796e-02
1.379771549254655769e-02
1.370789664797484805e-02
1.378628117963671615e-02
1.372755076736211811e-02
1.372926738113164867e-02
1.370918527245521511e-02
1.377099901437759365e-02
1.369523066096007755e-02
1.366150248795747722e-02
1.373128932900726830e-02
1.368234697729349067e-02
1.372473258525133168e-02
1.365311872214078869e-02
1.371941510587930749e-02
1.368571640923619236e-02
1.368156531825661694e-02
1.363172004930674960e-02
1.364662768319249188e-02
1.365383770316839183e-02
1.366152795962989261e-02
1.364226322621107067e-02
1.362938354723155533e-02
1.364619387313723529e-02
1.364367185160517658e-02
1.359025090932846139e-02
1.361892325803637505e-02
1.359181022271513904e-02
1.362210232764482498e-02
1.359156072139739921e-02
1.355413077399134601e-02
1.357707800343632698e-02
1.357110943645238946e-02
1.361494935117662022e-02
1.354297129437327316e-02
1.354472758248448372e-02
1.363147571682929958e-02
1.359305977821350167e-02
1.353072514757514000e-02
1.352764656767249142e-02
1.358361961320042610e-02
1.352749280631542275e-02
1.351441489532589912e-02
1.351015092805027927e-02
1.354944314807653497e-02
1.349554387852549588e-02
1.350455214269459178e-02
1.352679482661187614e-02
1.350249014794826542e-02
1.348318457603454520e-02
1.348630925640463898e-02
1.345498971641063621e-02
1.344923307187855313e-02
1.347488155588507687e-02
1.345400037243962323e-02
1.344920080155134236e-02
1.346278674900531699e-02
1.346076205372810294e-02
1.346989464946091175e-02
1.344434972852468456e-02
1.346365362405776978e-02
1.345194857567548821e-02
1.345849698409438099e-02
1.345491353422403370e-02
1.341831581667065655e-02
1.342953797429799999e-02
1.344719347544014523e-02
1.343621117994189297e-02
1.345697687938809430e-02
1.343299355357885361e-02
1.339307250455021824e-02
1.342039508745074272e-02
1.341373929753899609e-02
1.341183334589004551e-02
1.344287958927452634e-02
1.341108251363038947e-02
1.338612716645002330e-02
1.342770578339696000e-02
1.340304706245660712e-02
1.340488861314952443e-02
1.341911684721708298e-02
1.340576126240193913e-02
1.338976947590708733e-02
1.338410954922437598e-02
1.338130678050220013e-02
1.338051920756697620e-02
1.339905159547924961e-02
1.336583169177174568e-02
1.337240310385823250e-02
1.336936401203274796e-02
1.337417364120483364e-02
1.336783897131681512e-02
1.338047636672854389e-02
1.339185414835810696e-02
1.337069300934672425e-02
1.333995349705219269e-02
1.333987582474946941e-02
1.337983170524239575e-02
1.336838919669389690e-02
1.331442417576909031e-02
1.336008748039603164e-02
1.334390947595238616e-02
1.332595897838473320e-02
1.329963938333094189e-02
1.336654871702194249e-02
1.335222031921148335e-02
1.330977715551853215e-02
1.334674935787916183e-02
1.331831626594066550e-02
1.331149386242031982e-02
1.332664433866739308e-02
1.332140071317553486e-02
1.330311135388910840e-02
1.328439367935061420e-02
1.331993374042212894e-02
1.330300262197852204e-02
1.326946197077632020e-02
1.328644566237926518e-02
1.326935221441090038e-02
1.329937297850847244e-02
1.330812061205506255e-02
1.331397285684943199e-02
1.327752647921442986e-02
1.323122521862387692e-02
1.324849664233624866e-02
1.328363912180066143e-02
1.326135164126753842e-02
1.324893534183502197e-02
1.325294245034456218e-02
1.326757105998694827e-02
1.325573604553937843e-02
1.325488621369004180e-02
1.325224288739263942e-02
1.324234874919056823e-02
1.324923546053469181e-02
1.322223427705466678e-02
1.323546497151255677e-02
1.323386114090681007e-02
1.325431261211633752e-02
1.326195043511688675e-02
1.322362693026661942e-02
1.320677194744348561e-02
1.319134007208049367e-02
1.323519377037882770e-02
1.322296587750315666e-02
1.322620306164026295e-02
1.321421023458242347e-02
1.318634883500635624e-02
1.317896498367190396e-02
1.323663885705173016e-02
1.320820748805999825e-02
1.316310488618910313e-02
1.317315148189663818e-02
