4.288481831550598145e+00
3.821004045009613215e+00
2.216082751750946045e+00
3.058885920047759832e+00
2.551615262031555087e+00
1.782845258712768555e+00
1.809490114450454712e+00
1.282836323976516812e+00
1.098376947641372725e+00
1.202161896228790328e+00
1.335103994607925504e+00
1.134832644462585360e+00
1.121900224685668856e+00
1.138997322320938199e+00
1.020572167634963945e+00
1.074513500928878873e+00
1.050404524803161710e+00
9.986444771289825217e-01
9.048732697963715044e-01
1.076991343498229892e+00
1.048035562038421631e+00
1.172789800167083785e+00
1.135353511571884244e+00
1.114643883705139116e+00
1.007458001375198364e+00
9.171014428138732910e-01
1.341217529773712114e+00
1.122332853078842119e+00
1.005712515115738004e+00
9.456940591335296631e-01
9.811926186084747314e-01
9.829597651958466020e-01
1.010385173559188887e+00
9.488658666610717551e-01
1.001736170053482144e+00
9.487527251243591531e-01
1.030959880352020352e+00
9.817052900791167769e-01
9.796029984951019065e-01
9.532207369804381880e-01
1.217630076408386275e+00
1.009769779443740800e+00
1.022260779142379672e+00
1.012214654684066684e+00
9.912691473960876243e-01
1.028751343488693237e+00
1.061351805925369263e+00
1.016007119417190463e+00
1.038602888584136963e+00
1.004923397302627475e+00
1.020396763086318881e+00
9.641714274883270708e-01
9.770021498203277366e-01
9.965669989585876909e-01
9.487161576747894509e-01
9.831482052803039995e-01
1.013604462146759033e+00
1.020885336399078414e+00
9.960559964179992454e-01
1.012875437736511230e+00
9.708545804023742676e-01
1.009438973665237382e+00
1.019292122125625699e+00
1.011821627616882324e+00
1.138180375099182129e+00
1.042339098453521684e+00
1.010711336135864169e+00
9.999436736106872559e-01
1.038971716165542514e+00
9.965363204479217307e-01
1.085241550207137973e+00
1.009090816974639981e+00
1.097945636510849088e+00
1.028833293914794833e+00
1.020804983377456621e+00
1.036919432878494307e+00
1.095521026849746615e+00
1.029582870006561235e+00
1.039472043514251709e+00
1.025484609603881880e+00
1.027906763553619429e+00
1.030411010980606168e+00
1.010589987039566040e+00
1.007921016216278165e+00
1.053744941949844360e+00
1.042190676927566617e+00
1.068119496107101440e+00
1.062604188919067383e+00
1.051169973611831621e+00
1.079643964767456055e+00
1.051208925247192338e+00
1.030980980396270841e+00
1.001242434978485196e+00
1.029710972309112460e+00
9.838498115539551225e-01
1.020905560255050748e+00
9.912121415138244185e-01
1.018807995319366499e+00
1.000206845998764082e+00
9.879439532756805198e-01
9.827733516693115678e-01
9.592216193675995317e-01
9.533402919769287109e-01
9.364664554595947266e-01
9.426318824291228804e-01
9.285081982612609641e-01
9.164874255657196045e-01
9.147623777389526367e-01
9.105432271957397683e-01
9.340595960617065208e-01
9.131845772266388161e-01
9.305652797222137007e-01
9.515648782253265381e-01
9.376302421092986839e-01
9.591977238655090554e-01
9.294191181659698930e-01
9.127987265586853249e-01
9.177042305469512717e-01
9.111489295959472878e-01
9.136226296424865279e-01
9.166435301303863525e-01
9.106291055679320845e-01
9.203644275665283647e-01
9.661749601364135742e-01
1.066548436880111694e+00
9.742658376693725808e-01
9.433904886245727539e-01
9.745565235614777055e-01
1.022858107089996249e+00
9.696707546710967573e-01
9.299595355987548828e-01
9.154492974281310813e-01
9.005839645862578902e-01
9.267468869686126265e-01
9.636988997459411399e-01
9.429926156997681108e-01
9.065444588661193404e-01
9.014539599418640581e-01
9.346728801727295366e-01
9.139384448528289351e-01
9.806444287300110085e-01
9.367262661457061990e-01
9.328656017780303511e-01
9.426855742931365967e-01
9.384417295455932395e-01
9.522570788860320601e-01
9.409836292266845481e-01
9.391727209091186301e-01
9.134103953838348389e-01
8.903439640998840332e-01
9.648556530475616011e-01
9.855306088924408181e-01
9.709463119506835938e-01
9.324693679809570312e-01
9.052271783351898415e-01
9.494959950447082742e-01
9.554750800132751909e-01
9.403671503067017046e-01
1.007774651050567627e+00
9.440034091472625510e-01
9.210424244403838667e-01
8.881945908069610596e-01
9.684961795806884544e-01
9.671620070934295876e-01
9.511503696441649947e-01
9.286779046058655229e-01
1.025435113906860263e+00
9.780227065086364302e-01
9.520032525062560591e-01
9.297172605991363969e-01
9.074225127696990967e-01
9.143389821052551047e-01
9.664921939373016802e-01
9.438806891441344771e-01
9.394198536872864214e-01
9.270402729511261208e-01
9.191638171672821267e-01
9.081152439117431419e-01
9.555460691452026811e-01
9.214440405368804488e-01
9.703209638595581277e-01
9.305780053138732466e-01
9.434994995594024880e-01
9.227281987667084184e-01
9.305211246013641579e-01
9.287912964820861372e-01
9.609686911106110063e-01
9.236859142780303733e-01
9.149977684020995650e-01
8.997885942459106223e-01
8.923766076564788596e-01
1.020223909616470248e+00
9.584806263446807861e-01
9.534527957439422607e-01
9.047886669635772927e-01
9.483296692371367964e-01
1.007078468799591064e+00
9.429574549198150857e-01
9.188411056995391402e-01
9.064851462841033714e-01
1.011655288934707686e+00
9.124589264392852783e-01
8.779600262641906738e-01
8.733659923076629861e-01
1.003569227457046464e+00
9.452347636222839800e-01
9.091742873191833718e-01
9.071802139282226785e-01
8.865550935268402544e-01
8.643129229545593040e-01
8.815177261829376665e-01
8.814896285533905251e-01
1.048851066827773959e+00
1.040158700942993120e+00
9.598205327987671120e-01
9.323319375514984575e-01
8.973188877105713335e-01
8.670546174049377219e-01
8.679657518863678201e-01
8.730136394500732644e-01
9.415313601493835449e-01
8.948843777179718018e-01
8.903621196746825950e-01
8.743680477142333762e-01
9.757353723049163596e-01
9.640815496444702370e-01
9.040671288967132568e-01
9.012342691421508789e-01
9.648454129695892556e-01
1.007073026895523027e+00
9.860168337821960671e-01
9.242170870304107222e-01
8.811317265033722368e-01
8.913723707199097124e-01
9.493793427944183794e-01
9.101965725421905518e-01
8.856296122074127641e-01
8.685498297214507835e-01
8.653205633163452148e-01
8.681988060474395974e-01
8.870894610881805420e-01
9.418432235717772993e-01
9.058560013771057573e-01
8.754298269748688188e-01
9.194721043109893577e-01
8.689636707305907759e-01
8.505985200405120628e-01
8.819969296455383301e-01
9.331715464591979758e-01
8.918445110321044922e-01
8.926964521408080611e-01
9.219988703727721724e-01
9.074236929416656938e-01
8.920491337776184082e-01
8.723104596138000488e-01
8.447491288185119407e-01
8.226733803749084473e-01
8.977892816066741499e-01
1.077187377214431807e+00
9.531856894493102583e-01
8.955581247806548850e-01
8.732912719249725786e-01
8.777085900306701438e-01
1.005504715442657515e+00
1.002104175090789751e+00
9.427707195281982422e-01
8.949519574642181841e-01
8.772999703884124534e-01
8.541044116020202193e-01
9.035808503627776878e-01
9.481076538562774880e-01
9.134743750095367654e-01
9.178242087364196777e-01
8.647037208080291526e-01
8.539767146110535112e-01
8.834526538848876953e-01
9.274787902832031250e-01
9.073275029659271240e-01
8.737950265407562478e-01
9.093747079372406228e-01
9.183785676956176536e-01
9.136488974094391091e-01
8.786038458347320557e-01
8.622592270374298540e-01
8.625773429870605691e-01
8.694507539272308128e-01
8.541092991828918013e-01
8.875030159950256792e-01
9.605010509490966575e-01
8.960124075412749800e-01
8.654146194458007812e-01
8.645930290222167969e-01
8.538943827152252197e-01
8.529260098934173806e-01
9.035611391067505105e-01
1.008458471298217862e+00
1.013157808780670077e+00
9.564254999160766157e-01
9.342693030834198220e-01
8.918910562992096169e-01
8.471610724925995317e-01
8.245159268379211870e-01
7.942570209503173606e-01
7.870222151279449019e-01
7.695325434207915816e-01
7.728853702545166460e-01
9.295058250427246094e-01
8.940270781517029031e-01
8.714548110961913840e-01
8.605153381824492964e-01
8.129447102546691895e-01
8.060710489749908225e-01
8.434800982475281206e-01
8.509659409523010476e-01
8.592351377010345459e-01
8.399941146373748335e-01
8.470890998840332475e-01
9.097351729869842529e-01
8.417081892490386741e-01
7.847573935985565630e-01
8.181110739707946333e-01
8.415794312953949197e-01
8.536481142044067827e-01
8.167493760585784468e-01
8.041293978691100852e-01
7.620607435703277144e-01
7.328472614288330522e-01
7.739893138408661111e-01
8.943782508373260276e-01
8.954460620880126953e-01
9.272816479206085205e-01
9.045150518417358620e-01
8.680415034294128862e-01
8.335318028926849143e-01
7.939523875713347945e-01
7.849073886871338335e-01
7.879420995712280718e-01
8.066855907440185769e-01
7.362754046916961670e-01
7.219730436801909956e-01
7.143400132656096968e-01
1.063437062501907393e+00
9.970211803913116011e-01
8.661064028739928755e-01
8.635478079319000022e-01
8.163329303264618142e-01
7.926235318183898482e-01
7.827214896678924561e-01
8.193960905075072798e-01
8.211547851562499556e-01
8.106894791126251221e-01
9.689362168312072310e-01
8.861110210418701172e-01
8.640653491020202637e-01
8.235068678855895774e-01
7.831502914428710715e-01
7.434763073921203391e-01
7.672102987766266091e-01
8.675228416919708030e-01
8.143904387950897661e-01
8.041966974735259566e-01
7.969569027423858421e-01
7.492527902126312478e-01
8.080904662609100786e-01
7.280358195304870161e-01
7.218155443668365923e-01
7.281286001205444780e-01
7.061146974563599077e-01
7.864540159702301247e-01
7.677071690559387207e-01
7.633051395416259322e-01
8.472878336906433105e-01
8.274718642234801802e-01
7.926845788955688699e-01
8.287964463233947754e-01
7.961492836475372314e-01
7.351931154727935347e-01
7.719902873039246050e-01
9.232597947120666504e-01
7.723823845386504905e-01
7.511198282241821067e-01
7.197351992130279763e-01
7.564970493316650613e-01
7.924161970615386519e-01
7.650448620319366677e-01
8.107688307762146440e-01
7.310818374156952126e-01
7.203721702098846436e-01
7.277403593063354048e-01
8.862885713577270952e-01
8.289556920528411421e-01
7.418310284614563210e-01
7.431468904018402322e-01
7.924178600311279075e-01
8.390350759029387984e-01
7.569208502769469993e-01
7.370267629623412642e-01
7.594607174396514893e-01
7.105732917785644309e-01
8.482227981090545432e-01
7.999512970447539839e-01
7.065576612949371338e-01
6.662343740463256836e-01
6.717254757881164773e-01
6.547226786613464800e-01
6.479978144168854204e-01
6.421201109886169878e-01
7.134165406227112038e-01
7.334597945213318093e-01
6.776619613170623557e-01
6.485839307308196577e-01
6.545478165149688499e-01
6.555010557174683061e-01
6.278430640697478804e-01
6.960778236389160156e-01
6.898128032684326394e-01
6.722261488437653032e-01
6.324003577232361062e-01
6.170710265636444314e-01
6.227467596530914529e-01
6.651497066020966020e-01
6.908123075962067094e-01
6.166157841682433638e-01
6.240010917186736839e-01
5.943128198385239092e-01
5.903912186622619629e-01
6.176035463809966819e-01
9.815521299839019553e-01
7.871184051036834717e-01
7.204398334026336226e-01
6.590626180171966775e-01
6.044557273387909380e-01
5.826319992542267068e-01
6.194813907146453635e-01
6.009409815073013528e-01
5.848831713199615923e-01
6.222174495458603349e-01
6.583317041397094282e-01
6.254397690296172874e-01
6.832143723964690940e-01
6.741962790489196555e-01
6.731491088867187500e-01
7.247330754995345847e-01
8.203041732311249223e-01
7.110150158405303955e-01
6.234387785196304765e-01
6.371762633323669878e-01
6.598732531070709006e-01
6.542496204376220259e-01
6.432707726955413374e-01
5.888313025236129317e-01
6.184317648410797563e-01
6.769022107124328391e-01
6.344474136829376665e-01
5.964227586984633955e-01
7.234779775142670122e-01
7.121327221393585205e-01
6.528009206056595293e-01
6.171285778284072432e-01
7.655406773090362993e-01
6.781875520944595781e-01
6.130780309438705888e-01
6.044780969619750755e-01
6.325471878051758257e-01
6.151026725769043191e-01
6.360158413648605569e-01
7.090911567211151123e-01
6.961934328079223411e-01
8.075333714485168901e-01
7.060999810695648415e-01
6.235113143920898438e-01
6.234080076217651811e-01
5.868077993392943892e-01
5.801143646240234375e-01
6.318308025598525779e-01
6.270942449569701926e-01
6.431672990322112593e-01
6.258016645908355269e-01
6.021372646093368086e-01
5.626460909843444824e-01
6.042561709880829302e-01
5.958730369806289895e-01
6.518841892480849998e-01
5.829525291919708252e-01
5.687143951654434204e-01
5.492649227380752563e-01
5.325239062309264915e-01
5.294652283191680908e-01
5.783539503812790139e-01
6.412331879138946089e-01
7.817771434783935547e-01
8.142518281936645952e-01
7.333469033241272195e-01
6.594526559114456399e-01
6.546310275793075784e-01
6.326001316308975664e-01
6.492832630872726885e-01
6.281173139810561912e-01
6.807591646909714189e-01
6.210145801305770874e-01
5.712641716003418191e-01
5.406182467937469260e-01
5.474872738122940063e-01
5.380611151456833330e-01
5.228115320205688477e-01
5.242249369621276855e-01
5.351775258779525313e-01
5.512219250202179399e-01
5.198563247919082420e-01
5.211076468229294267e-01
5.860420286655425581e-01
5.625445216894149336e-01
5.359102994203567283e-01
5.163448929786682573e-01
5.073586761951446311e-01
5.094462633132934570e-01
5.045225322246551514e-01
5.025960028171538863e-01
4.979760169982910267e-01
5.030241906642913818e-01
5.033609211444854958e-01
4.993100613355636597e-01
5.083343595266341941e-01
5.297374516725540383e-01
5.467819511890411599e-01
6.098927080631255659e-01
5.350564062595367654e-01
5.119825839996338113e-01
5.084920704364777055e-01
5.038492918014526589e-01
5.142739057540893777e-01
5.130742222070694414e-01
5.190411597490310891e-01
5.335536718368529829e-01
5.050781160593033059e-01
4.998130947351455688e-01
4.949935317039489968e-01
4.946339875459671021e-01
5.000068515539168867e-01
6.087252855300903098e-01
5.855587929487228172e-01
6.025185316801071611e-01
5.373747348785400391e-01
5.500392585992812666e-01
5.335419654846191850e-01
5.339214801788330078e-01
5.387257099151611106e-01
5.158030271530151811e-01
5.091060131788254228e-01
5.012238651514053789e-01
5.092591166496276411e-01
5.159726291894912720e-01
5.061770826578140259e-01
5.044614672660827637e-01
5.028849691152572632e-01
4.877429455518722534e-01
5.251699686050415039e-01
5.804262340068817583e-01
6.054305583238601685e-01
5.185308098793030007e-01
5.165402799844741599e-01
5.453945726156235185e-01
5.352872520685195701e-01
5.519845068454742876e-01
5.047428399324417336e-01
4.867456465959548728e-01
4.767404526472091564e-01
4.734634578227996937e-01
4.863933473825454712e-01
5.327068895101547685e-01
5.945122957229613814e-01
5.974016904830932173e-01
5.371952027082442793e-01
5.441328674554825051e-01
5.247972071170806663e-01
5.340665161609650102e-01
5.493479073047637939e-01
5.234623998403549194e-01
5.356912970542907493e-01
5.225226849317550215e-01
4.910020470619201882e-01
4.795661032199859397e-01
4.812119722366333119e-01
4.818521410226822010e-01
4.677257686853408813e-01
4.675374418497085793e-01
4.750127285718918069e-01
6.542608618736267534e-01
5.980694353580474631e-01
5.294795036315917969e-01
5.308498650789260642e-01
5.298227250576019731e-01
4.834009706974029541e-01
4.799416095018386730e-01
4.773450851440429465e-01
4.813532918691635354e-01
4.973368734121322854e-01
5.215562790632247703e-01
5.535467475652694480e-01
4.987387001514435036e-01
4.723587632179260254e-01
4.612947851419448853e-01
4.668364554643630870e-01
4.697140336036682018e-01
4.668155401945114358e-01
4.600210994482040183e-01
4.598600745201110729e-01
4.629258126020431297e-01
4.575238883495330589e-01
4.524089545011520386e-01
4.518736273050308339e-01
4.525332540273666604e-01
4.517678976058959739e-01
4.534568995237350242e-01
4.539115518331527932e-01
4.503438353538513073e-01
4.505254179239273071e-01
4.528247088193893544e-01
4.618317276239395364e-01
4.598736643791198619e-01
4.669278621673583762e-01
4.938475459814071766e-01
4.977420657873153909e-01
5.096209853887557761e-01
4.740516781806946023e-01
4.954809010028838889e-01
4.863328337669372559e-01
4.694215059280395508e-01
4.585361003875732533e-01
4.543455034494400246e-01
4.693944901227951050e-01
4.751586288213729969e-01
4.769462168216705433e-01
4.609484523534774780e-01
4.601366072893142700e-01
4.758219778537750022e-01
4.612092286348342673e-01
4.487859964370727317e-01
4.537032723426818737e-01
4.504669427871704213e-01
4.494808018207550049e-01
4.524952650070190319e-01
4.590351641178130881e-01
4.583588868379592784e-01
4.805695086717605702e-01
4.947070956230163463e-01
4.711590975522995106e-01
4.531136006116867065e-01
4.520771116018295066e-01
4.493761271238326804e-01
4.460254460573196411e-01
4.505358964204788097e-01
4.633612513542175182e-01
4.656078845262527355e-01
4.536325544118881004e-01
4.505313605070114247e-01
4.523794740438461526e-01
4.530251920223236084e-01
4.489664554595947377e-01
4.442570686340331920e-01
4.419454634189605713e-01
4.462049186229705700e-01
4.507024556398391835e-01
4.443867474794387928e-01
4.388106882572174183e-01
4.452574253082275391e-01
4.491387039422988781e-01
4.484525769948959351e-01
4.433679640293121116e-01
4.420962154865265004e-01
4.497140139341354592e-01
4.443717390298843606e-01
4.375264853239059226e-01
4.403680086135864369e-01
4.437121182680129894e-01
4.542366296052932628e-01
5.670815825462340865e-01
4.929984956979751587e-01
4.887329488992691040e-01
4.459108531475067250e-01
4.394533634185791016e-01
4.372000068426132313e-01
4.481287419795990101e-01
4.567017287015914806e-01
4.478598415851592907e-01
4.389205515384674294e-01
4.430018395185470470e-01
4.417080253362655751e-01
4.379413962364196999e-01
4.384509652853011974e-01
4.344400256872177346e-01
4.312743991613388062e-01
4.323742151260375755e-01
4.394198894500732644e-01
4.401180952787399070e-01
4.422875732183456643e-01
4.543785095214843972e-01
4.440384477376937977e-01
4.609204381704330444e-01
4.750198245048523060e-01
4.547600954771041648e-01
4.520336031913757546e-01
4.387747615575790516e-01
4.378782212734222412e-01
4.548058003187179787e-01
4.393520087003707775e-01
4.358430981636047252e-01
4.287532716989517212e-01
4.288811594247817771e-01
4.303303837776183971e-01
4.314378440380096658e-01
4.385573416948318481e-01
4.316351324319839255e-01
4.327811837196350320e-01
4.283523023128509299e-01
4.289819151163101196e-01
4.283308595418929832e-01
4.267139524221420510e-01
4.258882999420166016e-01
4.278265446424484031e-01
4.250486433506012185e-01
4.247093379497527965e-01
4.255675524473190308e-01
4.248315751552581565e-01
4.245130002498626598e-01
4.249677658081054688e-01
4.290458440780639537e-01
4.354761242866516113e-01
4.311138957738876454e-01
4.261912107467651367e-01
4.258747965097427479e-01
4.285828083753585593e-01
4.250865042209625022e-01
4.248276561498641746e-01
4.265846520662307517e-01
4.268228918313979880e-01
4.266933828592300304e-01
4.295254379510879406e-01
4.267519950866699441e-01
4.283903092145919800e-01
4.271266222000121848e-01
4.255614221096039040e-01
4.240570992231368908e-01
4.277462959289550781e-01
4.300729185342788696e-01
4.269502669572829978e-01
4.230804383754730447e-01
4.217406630516052357e-01
4.227611243724823109e-01
4.250179082155227661e-01
4.236499369144439697e-01
4.229400664567947166e-01
4.223449051380157582e-01
4.225435465574264304e-01
4.223975986242294312e-01
4.227786511182785034e-01
4.217320710420608409e-01
4.240821301937103271e-01
4.240715861320495383e-01
4.221331357955932506e-01
4.213753908872604481e-01
4.235083758831024170e-01
4.231023401021957175e-01
4.214439392089843750e-01
4.382162988185882568e-01
4.762084871530533059e-01
4.655605763196944968e-01
4.569715023040771262e-01
4.399734020233154186e-01
4.317731231451034657e-01
4.320811271667480691e-01
4.290701389312744363e-01
4.442717343568801658e-01
4.430522739887237660e-01
4.321649610996246560e-01
4.228307843208313210e-01
4.229632139205932728e-01
4.195880919694900402e-01
4.190095216035842896e-01
4.188330858945846780e-01
4.182058632373809592e-01
4.186663329601287842e-01
4.195307672023773082e-01
4.238474309444427712e-01
4.193252861499786599e-01
4.191677004098892101e-01
4.168347150087356456e-01
4.181939959526062012e-01
4.179552614688873402e-01
4.194720417261123546e-01
4.180618911981582864e-01
4.192945331335067860e-01
4.228588700294494407e-01
4.203630357980728260e-01
4.180903255939483754e-01
4.198969542980194314e-01
4.166949868202209362e-01
4.180481076240539773e-01
4.202752023935317771e-01
4.205193340778350941e-01
4.165781170129775890e-01
4.170483946800231934e-01
4.155335366725921853e-01
4.170330643653869518e-01
4.168693810701370461e-01
4.149809986352920310e-01
4.150919646024703868e-01
4.140504568815231434e-01
4.148839533329010121e-01
4.150374710559844860e-01
4.147025853395461814e-01
4.161907523870468362e-01
4.145822137594222800e-01
4.151654630899429543e-01
4.155398368835448997e-01
4.155529290437698364e-01
4.137516021728515625e-01
4.132891029119491466e-01
4.133317232131957786e-01
4.142725795507430919e-01
4.124439775943756215e-01
4.124334692955017312e-01
4.129118770360946655e-01
4.135662704706192239e-01
4.120542734861373790e-01
4.123513936996460183e-01
4.121122986078262218e-01
4.123207002878189198e-01
4.123151808977126853e-01
4.119164735078811868e-01
4.118438214063644409e-01
4.117966383695602639e-01
4.116045296192168967e-01
4.117394804954528920e-01
4.142593711614608876e-01
4.123362749814987183e-01
4.122321575880050770e-01
4.129131644964217918e-01
4.148715585470199585e-01
4.121941059827804454e-01
4.117042809724807961e-01
4.112386733293533214e-01
4.114254385232925526e-01
4.111575961112975963e-01
4.113351970911026112e-01
4.108264416456222645e-01
4.111537188291549683e-01
4.121317386627197377e-01
4.102735906839370950e-01
4.126386284828186257e-01
4.135957837104797252e-01
4.124043375253677590e-01
4.108792901039123313e-01
4.121404469013214000e-01
4.118390649557113758e-01
4.123923629522323608e-01
4.100402116775512806e-01
4.105111122131347434e-01
4.120811998844146617e-01
4.125320822000503318e-01
4.127817124128341786e-01
4.143160760402679332e-01
4.121339350938796886e-01
4.114611387252807839e-01
4.113638937473297341e-01
4.095347523689270020e-01
4.115359038114547729e-01
4.126389712095260842e-01
4.120411425828933716e-01
4.108652889728546254e-01
4.123124659061431774e-01
4.095833182334899791e-01
4.101324409246444591e-01
4.092918306589126698e-01
4.096036672592163197e-01
4.110190689563751332e-01
4.099389225244521873e-01
4.087529033422470093e-01
4.091115295886993408e-01
4.081779897212982067e-01
4.086217105388641468e-01
4.105870366096496804e-01
4.090389966964721458e-01
4.096646398305893166e-01
4.086080074310302623e-01
4.087372601032256969e-01
4.082148998975753673e-01
4.089489668607712014e-01
4.086326271295547263e-01
4.089450299739837424e-01
4.093603551387786643e-01
4.094771713018417469e-01
4.104901641607284768e-01
4.087388128042220847e-01
4.091195076704025047e-01
4.124725311994552612e-01
4.080800145864486583e-01
4.073849946260452159e-01
4.080556601285934559e-01
4.074512094259262196e-01
4.078293263912201039e-01
4.075227141380309837e-01
4.062633067369461060e-01
4.065923839807510376e-01
4.063795685768127330e-01
4.063797622919082531e-01
4.065577715635299572e-01
4.063545107841491921e-01
4.064764678478240967e-01
4.060583114624023438e-01
4.063481092453002930e-01
4.069615840911865456e-01
4.063363015651703103e-01
4.060302704572677501e-01
4.063505619764328225e-01
4.062606692314147949e-01
4.060275167226791160e-01
4.060449302196502686e-01
4.060881495475768821e-01
4.070965021848678700e-01
4.057633399963379017e-01
4.060104489326477051e-01
4.064148724079131858e-01
4.059585869312286599e-01
4.059799730777740590e-01
4.062965959310531616e-01
4.056138873100280651e-01
4.054377794265747181e-01
4.054432570934295432e-01
4.053125232458114624e-01
4.055065453052520974e-01
4.051851749420166127e-01
4.051316946744918934e-01
4.056227475404739491e-01
4.054424583911895863e-01
4.049452245235443115e-01
4.052886486053466908e-01
4.049756407737731823e-01
4.048496007919311634e-01
4.048327714204787986e-01
4.053607046604156272e-01
4.049486428499221580e-01
4.056464821100235207e-01
4.053019523620605691e-01
4.059514611959457175e-01
4.053481340408325306e-01
4.055342614650726540e-01
4.059184044599533081e-01
4.051145166158676147e-01
4.047466397285461315e-01
4.051984161138534324e-01
4.052372485399245994e-01
4.048215657472610252e-01
4.051828771829605325e-01
4.052874267101287953e-01
4.048578500747680442e-01
4.044368535280227772e-01
4.044217556715011819e-01
4.044452995061874612e-01
4.046380907297134621e-01
4.043461740016937034e-01
4.043502420186996238e-01
4.043031841516494529e-01
4.041601955890655740e-01
4.043516188859939686e-01
4.042806625366210938e-01
4.046051859855651633e-01
4.044970840215683094e-01
4.069161117076873779e-01
4.086156755685806385e-01
4.100105196237563976e-01
4.038452953100204468e-01
4.043555080890655629e-01
4.048717945814132579e-01
4.037545055150985607e-01
4.037420719861984364e-01
4.035756796598434226e-01
4.036424487829208263e-01
4.034593522548675648e-01
4.040956646203994751e-01
4.033912628889083640e-01
4.036011070013046376e-01
4.045591205358505249e-01
4.037576168775558472e-01
4.045753389596938865e-01
4.044140756130218395e-01
4.038483768701553456e-01
4.036417305469512939e-01
4.034853994846344105e-01
4.030985981225967407e-01
4.032144963741302601e-01
4.029576987028121726e-01
4.027754813432693481e-01
4.027141332626342773e-01
4.035380125045776589e-01
4.030092597007751687e-01
4.035368978977203480e-01
4.028924256563186646e-01
4.030482858419418557e-01
4.032946348190307728e-01
