4.534711043039957978e+00
3.305695652961730957e+00
4.714823961257934570e+00
2.334959665934244644e+00
2.012754042943318833e+00
2.594128966331481934e+00
1.358875115712483650e+00
1.128283739089965820e+00
1.085348367691040039e+00
1.444562514623006111e+00
1.214637796084086174e+00
1.061143815517425537e+00
1.174737095832824707e+00
1.053360164165496826e+00
1.030891815821329827e+00
8.733957211176553992e-01
8.314823309580484656e-01
8.712454239527384070e-01
8.122157255808512000e-01
1.407109141349792480e+00
1.014405528704325432e+00
1.198339541753133064e+00
1.117053528626759773e+00
9.626383185386657715e-01
8.316792845726013184e-01
1.010176996390024895e+00
1.076549490292866951e+00
9.926840265591939660e-01
8.754458228747049597e-01
9.561557968457540246e-01
8.783158262570699426e-01
9.331033627192178992e-01
9.792983929316202429e-01
8.673748373985290527e-01
8.484020829200744629e-01
9.375581343968709680e-01
9.658213257789611816e-01
8.305240074793497351e-01
9.461916486422220496e-01
9.349904259045919153e-01
1.074166079362233406e+00
1.116270085175832039e+00
1.000166098276774163e+00
8.721012075742086145e-01
9.021269480387369422e-01
1.038107017676035637e+00
1.005512237548828125e+00
8.602667649586995813e-01
1.052321692307790046e+00
1.020605365435282463e+00
9.770345290501912805e-01
8.928868770599365234e-01
9.764920870463053015e-01
9.721245368321737024e-01
8.733785152435302734e-01
8.761175870895385742e-01
1.011351406574249268e+00
9.362428983052571985e-01
1.023732145627339607e+00
1.040801306565602546e+00
8.538780808448791504e-01
1.026514530181884766e+00
9.072922666867574426e-01
1.166967868804931641e+00
1.087628265221913582e+00
9.431368907292684289e-01
9.456236163775125769e-01
1.004312177499135261e+00
9.054452379544576379e-01
1.167554616928100586e+00
9.411240220069885254e-01
1.043649057547251457e+00
1.057311157385508293e+00
1.032034377257029290e+00
1.006938993930816650e+00
1.077474415302276611e+00
1.033738136291503906e+00
9.699290394783020020e-01
1.096090873082478767e+00
1.140233675638834709e+00
1.000054518381754631e+00
9.673789540926615027e-01
1.020375510056813484e+00
9.985587199529012414e-01
9.745958646138509485e-01
9.935170014699300500e-01
1.056106885274251228e+00
1.041963537534077888e+00
1.039750436941782707e+00
1.010753432909647698e+00
9.500541885693868371e-01
9.977471232414245605e-01
9.217571814854940149e-01
9.237354397773742676e-01
1.015437940756479973e+00
9.364435076713562012e-01
9.838033914566040039e-01
9.537068009376525879e-01
9.826669891675313684e-01
8.950806260108947754e-01
9.133875966072082520e-01
9.001877307891845703e-01
8.939125339190164832e-01
8.749900658925374719e-01
8.786977330843607215e-01
8.475687702496846887e-01
8.962784012158712121e-01
8.382255633672078821e-01
8.682968616485595703e-01
9.487272302309671668e-01
9.145717024803161621e-01
8.986868858337402344e-01
8.667526642481485633e-01
8.736192782719930383e-01
8.728755911191304895e-01
8.649300336837768555e-01
9.067558248837789270e-01
8.305533528327941895e-01
8.408644000689188269e-01
9.503752191861470910e-01
8.247362375259399414e-01
8.760109345118204383e-01
8.569357395172119141e-01
1.188390374183654785e+00
9.404947161674499512e-01
9.456432859102884558e-01
9.316940506299337121e-01
1.028109629948933845e+00
1.067023138205210442e+00
8.945919473965963098e-01
8.555521567662557336e-01
9.549321134885152551e-01
8.435473839441934851e-01
9.359895189603170129e-01
9.361945986747741699e-01
8.805368940035501746e-01
8.498633702596029016e-01
8.281680146853128699e-01
8.530634244283040735e-01
1.050771395365397209e+00
9.420966903368631629e-01
8.790590961774190637e-01
9.125247399012247351e-01
8.431978225708007812e-01
9.477968613306680945e-01
8.442737658818563196e-01
9.336171348889669153e-01
8.605586489041646692e-01
8.139184514681497840e-01
8.101326227188110352e-01
9.361074566841125488e-01
1.016178826491038079e+00
9.283645947774251672e-01
8.753616412480672571e-01
9.201429486274719238e-01
8.596904277801513672e-01
8.667682607968648645e-01
8.872637152671813965e-01
9.508503874142965051e-01
8.989270925521850586e-01
8.163163661956787109e-01
9.753060142199198035e-01
1.009255011876424080e+00
8.727307319641113281e-01
8.324110706647237512e-01
1.065450231234232659e+00
9.214774568875631067e-01
9.506913026173909875e-01
9.185936848322550086e-01
8.616717855135599402e-01
8.424143592516580847e-01
8.964202006657918664e-01
9.121293425559997559e-01
8.648912310600280762e-01
8.916682998339334754e-01
9.095119635264078406e-01
9.879980285962423059e-01
8.827335437138875696e-01
8.638203740119934082e-01
8.692923784255981445e-01
8.739666541417440149e-01
8.282297253608703613e-01
8.762056827545166016e-01
8.576381007830301550e-01
8.599512974421182898e-01
8.708557486534118652e-01
8.857336640357971191e-01
8.275518019994100305e-01
8.475765387217203406e-01
8.382174372673034668e-01
1.010767340660095215e+00
9.190302888552347449e-01
8.503925800323486328e-01
8.574776053428649902e-01
8.210584918657938269e-01
8.885260025660196570e-01
8.812756737073262903e-01
8.701360623041788367e-01
8.567141095797220496e-01
1.048268040021260505e+00
8.844295541445413855e-01
8.477355043093363074e-01
9.187775254249572754e-01
8.662863175074259070e-01
8.602700829505920410e-01
8.768232266108194617e-01
8.449518680572509766e-01
8.337070345878601074e-01
8.057386477788289758e-01
8.065966765085855750e-01
8.128027319908142090e-01
1.120444297790527344e+00
1.038287401199340820e+00
9.243810574213663367e-01
8.782277504603067664e-01
8.477203051249185828e-01
8.696813583374023438e-01
8.340888420740762976e-01
9.431292215983072547e-01
9.195939302444458008e-01
8.466011087099710730e-01
8.561201890309652063e-01
7.719689011573791504e-01
9.098196427027384070e-01
8.170839746793111535e-01
9.378556410471597937e-01
8.160806298255920410e-01
1.108276247978210449e+00
8.956292072931925086e-01
1.015420774618784661e+00
8.659084240595499304e-01
8.262179096539815637e-01
7.984319726626077918e-01
9.905698895454406738e-01
8.520866433779398230e-01
8.883139093716939660e-01
8.344046274820963172e-01
7.858276367187500000e-01
9.360001484553018836e-01
7.721660931905111047e-01
7.746938467025756836e-01
8.160256544748941687e-01
9.087945620218912390e-01
9.602480133374532434e-01
8.066244125366210938e-01
7.646717230478922156e-01
7.806979815165201453e-01
1.057095785935719734e+00
8.084517916043599817e-01
8.931312759717305871e-01
9.892511566480001184e-01
8.504668275515238074e-01
8.752657373746236535e-01
8.224942286809285852e-01
7.774486740430196496e-01
7.884165843327840539e-01
7.269941767056783410e-01
1.173571924368540520e+00
1.047819773356119866e+00
8.205896615982055664e-01
9.348785678545633582e-01
8.870423634847005578e-01
8.483447829882303504e-01
9.533479809761047363e-01
9.128992557525634766e-01
8.624157706896463660e-01
8.240776658058166504e-01
7.989633878072103235e-01
8.240884145100911828e-01
8.517431616783142090e-01
8.773392438888549805e-01
1.013782779375712151e+00
9.143940806388854980e-01
8.848686615626016883e-01
7.945005297660827637e-01
8.991335630416870117e-01
9.736391703287760047e-01
8.303191264470418664e-01
8.500186602274576453e-01
9.026099840799967078e-01
9.027737379074096680e-01
8.245171705881754187e-01
8.020794192949930457e-01
7.814721663792928430e-01
8.853488763173421594e-01
8.120779196421304968e-01
7.737510402997335168e-01
8.197293678919473914e-01
8.404071331024169922e-01
7.810763319333394739e-01
8.243499795595804480e-01
8.246663212776184082e-01
8.447469075520833703e-01
8.823499083518981934e-01
8.290978670120239258e-01
1.143192350864410400e+00
9.695309797922769812e-01
8.458233873049417761e-01
8.268615802129110071e-01
7.898801763852437707e-01
7.867620984713236121e-01
7.600338459014892578e-01
7.487004001935323450e-01
7.583000262578328821e-01
7.519032359123229980e-01
7.214471697807312012e-01
9.287574092547098425e-01
8.355345129966735840e-01
8.369098901748657227e-01
8.365015188852945593e-01
7.208214402198791504e-01
7.666800220807393762e-01
9.385973612467447547e-01
7.816958824793497351e-01
7.387926379839578894e-01
9.228569865226745605e-01
7.884844541549682617e-01
8.211426536242166785e-01
7.293691237767537805e-01
7.860795656840006140e-01
1.013579885164896721e+00
9.860880176226297644e-01
8.328087925910949707e-01
9.475118915239969519e-01
7.401661872863769531e-01
6.744257807731628418e-01
7.472400466601053504e-01
7.245524724324544641e-01
8.801867564519246789e-01
1.106830974419911628e+00
8.596216837565103797e-01
9.750849207242330285e-01
8.546566764513651160e-01
6.937635342280069617e-01
7.877888878186544153e-01
6.921919385592142371e-01
7.004993756612142297e-01
6.846063534418741492e-01
7.110535701115926477e-01
6.704548796017965051e-01
7.286816438039144250e-01
1.098997553189595466e+00
7.874246637026468543e-01
7.959343989690145227e-01
7.301152745882669715e-01
7.506880760192871094e-01
7.537077069282531738e-01
7.891995708147684363e-01
9.149427413940429688e-01
7.761943737665811804e-01
9.219468633333841590e-01
9.453935821851094934e-01
7.840243180592855188e-01
7.714328765869140625e-01
7.358750899632772180e-01
7.430757482846578332e-01
7.693646748860677453e-01
7.744565804799398157e-01
7.454100251197814941e-01
9.446637034416198730e-01
7.103983561197916297e-01
7.144224246342977258e-01
7.654006282488504675e-01
7.347699602444967004e-01
6.648190617561340332e-01
7.238955497741699219e-01
6.392306486765543250e-01
6.998249888420104980e-01
7.228289246559143066e-01
8.083164294560750696e-01
6.759047706921895715e-01
8.827542861302694055e-01
8.134534557660421106e-01
7.467675209045410156e-01
9.382836818695068359e-01
7.084023157755533484e-01
6.716532707214355469e-01
8.685030738512674597e-01
8.013885418574014929e-01
7.601954936981201172e-01
7.010608315467834473e-01
7.994656960169473914e-01
7.580062349637349817e-01
7.566331823666890832e-01
7.069844802220662805e-01
6.951604882876077918e-01
6.532171765963236121e-01
6.380381981531778601e-01
6.755507389704386023e-01
8.460419178009033203e-01
6.770007014274597168e-01
8.394620617230733606e-01
7.256031831105550500e-01
7.935086488723754883e-01
6.909266114234924316e-01
6.848238905270894739e-01
8.462933301925659180e-01
7.959938049316406250e-01
6.302686929702758789e-01
7.895033558209737512e-01
8.099652528762817383e-01
6.135107676188150672e-01
6.338486671447753906e-01
6.170603632926940918e-01
6.743270158767700195e-01
5.879109303156534461e-01
6.087593436241149902e-01
7.579324444135030481e-01
6.485319932301839563e-01
6.671734650929769250e-01
6.342172622680664062e-01
6.290082931518554688e-01
5.832688808441162109e-01
5.898994604746500281e-01
6.789606610933939246e-01
8.071918686230977746e-01
6.342227260271707800e-01
5.762484669685363770e-01
6.489118933677673340e-01
6.409368117650350305e-01
6.513407429059346887e-01
6.900868415832519531e-01
5.740603208541870117e-01
5.840909481048583984e-01
5.605091651280721399e-01
5.430855154991149902e-01
9.265176852544149133e-01
8.050537109375000000e-01
6.942446827888488770e-01
6.279402772585550574e-01
5.447978973388671875e-01
6.052379409472147254e-01
5.721165140469869348e-01
5.772475798924764367e-01
5.819439689318338660e-01
5.425788362820943567e-01
5.539274414380391809e-01
5.470464825630187988e-01
5.937458872795104980e-01
7.360080281893411902e-01
6.399620572725931433e-01
7.338576118151346472e-01
8.463076750437418250e-01
7.888958056767781946e-01
6.167982618014017371e-01
5.971193710962930945e-01
6.171892881393432617e-01
6.768119732538858679e-01
6.851301391919454309e-01
5.736048817634582520e-01
6.342478990554809570e-01
7.375595966974893836e-01
6.465173165003458289e-01
5.658294558525085449e-01
5.669688582420349121e-01
7.133819460868835449e-01
6.248934268951416016e-01
5.908748110135396692e-01
7.416547735532125207e-01
7.155333360036214563e-01
6.098778049151102332e-01
5.593886574109395715e-01
6.076723933219909668e-01
5.717798272768656043e-01
7.230353156725565222e-01
6.393227577209472656e-01
7.188597122828165320e-01
6.436781088511148718e-01
8.559436599413553504e-01
6.537188589572906494e-01
6.106683810551961633e-01
5.369934936364492151e-01
5.338717500368753699e-01
5.547818342844644812e-01
5.860262314478555945e-01
6.179227431615194055e-01
5.351806481679280969e-01
7.236319780349731445e-01
5.582786599795023230e-01
6.139375766118367883e-01
7.103411157925924035e-01
6.219703356424967078e-01
5.491715272267659875e-01
5.223944981892904016e-01
5.296772420406341553e-01
5.317100683848062781e-01
5.069584449132283899e-01
5.111730694770812988e-01
7.052582303682962683e-01
5.938375194867452356e-01
1.104590853055318123e+00
6.080814997355142859e-01
7.025317152341207239e-01
6.897431015968322754e-01
6.309170126914978027e-01
5.704505642255147668e-01
6.056543986002603797e-01
7.791172862052917480e-01
5.475202600161234168e-01
5.400330424308776855e-01
5.256845752398172644e-01
5.187803109486898157e-01
5.155088901519775391e-01
4.984098474184672223e-01
5.088692704836527136e-01
5.084301233291625977e-01
5.535454551378885535e-01
4.985993206501007080e-01
5.008891721566518518e-01
5.394133925437927246e-01
6.215790510177612305e-01
5.527662436167398718e-01
5.151985685030618933e-01
4.862526357173919678e-01
4.998100002606709613e-01
4.913888772328694476e-01
4.770490825176239014e-01
4.725570877393086566e-01
5.057972868283590051e-01
4.773335456848144531e-01
4.826739033063252582e-01
4.922648966312408447e-01
4.888992508252461566e-01
5.287113388379415246e-01
6.519455115000406531e-01
5.012289186318715783e-01
4.986086885134379254e-01
4.722633063793182373e-01
5.087409913539886475e-01
5.249109665552774695e-01
5.491122603416442871e-01
5.215565462907155725e-01
4.873445034027099609e-01
5.374231934547424316e-01
5.220883886019388465e-01
4.795039594173431396e-01
4.977726240952809467e-01
4.812599321206410541e-01
4.991669754187266217e-01
7.843481500943502160e-01
5.935930808385213586e-01
5.052747925122579309e-01
5.531287789344787598e-01
5.144263207912445068e-01
5.091445644696553918e-01
6.442503233750661584e-01
4.981098075707753314e-01
4.807741542657216205e-01
4.971286157766978131e-01
5.176967779795328406e-01
5.121530393759409217e-01
5.091694096724191931e-01
5.481314361095428467e-01
4.987468421459197998e-01
5.380846063295999793e-01
4.878553152084350586e-01
5.541738073031107215e-01
6.945515771706899377e-01
4.966291288534800397e-01
4.825169642766316547e-01
5.411593218644460412e-01
5.182541906833648682e-01
7.632336616516113281e-01
4.670377175013224469e-01
4.609464704990386963e-01
4.654237230618794574e-01
4.647522469361622943e-01
5.083164771397908899e-01
5.002317329247792932e-01
6.704688668251037598e-01
9.056688348452249793e-01
5.504529873530069617e-01
4.701619048913319721e-01
5.076649586359659461e-01
6.040470401446024207e-01
5.181644161542257043e-01
5.290433863798776892e-01
5.268755753835042688e-01
5.870196024576822547e-01
4.578868448734283447e-01
5.149131715297698975e-01
4.795765479405720844e-01
4.928498168786366596e-01
4.798622628053029193e-01
4.919017354647318707e-01
4.764493703842163086e-01
4.713298380374908447e-01
6.921450098355611535e-01
5.063700576623281213e-01
5.027114947636922571e-01
5.479418337345123291e-01
4.782226781050364361e-01
4.554133514563242779e-01
4.608152906099955426e-01
4.648364186286926270e-01
4.429819881916046143e-01
5.878037611643472937e-01
5.049804747104644775e-01
5.493910213311513635e-01
4.806648294130961285e-01
4.872139394283294678e-01
4.457134803136189594e-01
4.607987602551777973e-01
4.472046097119649066e-01
4.876971046129862652e-01
4.691879947980244769e-01
4.508060316244761334e-01
4.973197182019551410e-01
4.467130800088246478e-01
4.501993556817372455e-01
4.436231354872385846e-01
4.677391946315765381e-01
4.610924422740936279e-01
4.755711356798807965e-01
4.388266702493031635e-01
4.620039562384287701e-01
4.516882499059041156e-01
4.523931543032328473e-01
4.420917729536692486e-01
4.740150670210520611e-01
4.648546278476715088e-01
4.852583607037861957e-01
4.456267654895782471e-01
4.853519101937611713e-01
5.817272762457529334e-01
5.562256276607513428e-01
4.591965774695078717e-01
4.897780418395996094e-01
4.615571300188700543e-01
4.778737326463063373e-01
4.639038244883219586e-01
4.547007381916046143e-01
4.840676387151082172e-01
4.539069135983784808e-01
4.899214406808217181e-01
4.477026065190632953e-01
4.549906154473622455e-01
4.615186750888824463e-01
4.786372979482014789e-01
4.582790931065877094e-01
4.512592057387034283e-01
4.479481379191080914e-01
4.393702149391174316e-01
4.559681713581085205e-01
4.403786361217498779e-01
5.338695347309112549e-01
4.932232499122619629e-01
4.397261838118235455e-01
4.416035115718841553e-01
4.287893672784169330e-01
4.484349985917409076e-01
4.460923771063486920e-01
4.481543401877085553e-01
4.447451035181681500e-01
4.532229502995808734e-01
4.425707260767619000e-01
4.637164672215779437e-01
4.526565571626027240e-01
4.598160982131958008e-01
4.440258542696635113e-01
4.407752255598704205e-01
4.375219742457072125e-01
4.554773767789204730e-01
4.357454379399617328e-01
4.377490480740864887e-01
4.368793467680613385e-01
4.516116281350453510e-01
4.548316895961761475e-01
4.400503834088643207e-01
4.340707957744598389e-01
4.454616308212280273e-01
4.402947525183359967e-01
4.615228474140167236e-01
4.597006638844807758e-01
4.554692606131235944e-01
5.462940235932668420e-01
4.701280196507771625e-01
5.308922131856282922e-01
4.517459173997243060e-01
4.420915047327677594e-01
4.493430852890014648e-01
4.581949412822723389e-01
4.559778273105621338e-01
4.600927730401356830e-01
4.526280264059702740e-01
4.469474057356516705e-01
4.278000195821126117e-01
4.337534507115681781e-01
4.537346065044403076e-01
4.374059736728668213e-01
4.315791328748067035e-01
4.336339135964711322e-01
4.392187396685282574e-01
4.427456458409627094e-01
4.643226166566212787e-01
4.655273159344990863e-01
4.538803497950236188e-01
4.570388595263163434e-01
4.609754979610443115e-01
4.806219140688578473e-01
4.897582928339640485e-01
4.375943442185719623e-01
4.304088354110717773e-01
4.541806677977244244e-01
4.653688569863637103e-01
4.732987980047861920e-01
4.468979438145955219e-01
4.314745366573333740e-01
4.320199886957804547e-01
4.326118727525075092e-01
4.263282020886738910e-01
4.378949503103892194e-01
4.312592049439747943e-01
4.408762256304423199e-01
4.268443584442138672e-01
4.337293108304341449e-01
4.293071230252583637e-01
4.318904777367909564e-01
4.302583535512288226e-01
4.427058299382527484e-01
4.243164161841074811e-01
4.242616395155588971e-01
4.361967742443084717e-01
4.464703202247619629e-01
4.339090089003245221e-01
4.362710018952687396e-01
4.593863387902577533e-01
4.954606691996256695e-01
4.522787431875864850e-01
4.366299013296763287e-01
4.378503958384196149e-01
4.384894867738087787e-01
4.466518759727478027e-01
4.413654704888661517e-01
4.334992567698160992e-01
4.247778952121734619e-01
4.316415687402089252e-01
4.329066673914591656e-01
4.462780356407165527e-01
4.316384792327880859e-01
4.392668803532918109e-01
4.354915420214335309e-01
4.443503419558207379e-01
4.429484705130259381e-01
4.419322709242503033e-01
4.290822545687357770e-01
4.344258606433868408e-01
4.264174600442250385e-01
4.300301969051361084e-01
4.448827008406321393e-01
4.235316514968872070e-01
4.314966996510823383e-01
4.299681683381398334e-01
4.300798277060191022e-01
4.387937784194946289e-01
4.472960730393727435e-01
4.272952179114024029e-01
4.318612913290659772e-01
4.315732618172963275e-01
4.323401451110839844e-01
4.523847897847493305e-01
4.588390489419301166e-01
4.390039642651875629e-01
4.454891681671142578e-01
5.223251978556314734e-01
4.672527611255645752e-01
4.369605978329976215e-01
4.728896121184031354e-01
5.004882613817850379e-01
4.343344171841939105e-01
4.204930861790974750e-01
4.336688319842020856e-01
4.315030872821807861e-01
4.544562598069508685e-01
4.722175697485606061e-01
4.251229067643483295e-01
4.295018116633097516e-01
4.250365893046061383e-01
4.196846187114715576e-01
4.373964071273803711e-01
4.266437391440073834e-01
4.382061362266540527e-01
4.308461447556813373e-01
4.390844106674194336e-01
4.294855594635009766e-01
4.392202198505401611e-01
4.215504030386607037e-01
4.289513727029164447e-01
4.259271522363026752e-01
4.286234279473622455e-01
4.207399586836497174e-01
4.251817961533864154e-01
4.234177668889363422e-01
4.449527859687805176e-01
4.389763573805491315e-01
4.201160569985707416e-01
4.413014352321624756e-01
4.175149202346801758e-01
4.207336505254109515e-01
4.299336473147074567e-01
4.266655842463175641e-01
4.224415421485900879e-01
4.261810779571533203e-01
4.262996514638264789e-01
4.295330246289570941e-01
4.232758680979410992e-01
4.248438378175099506e-01
4.230141540368397846e-01
4.277423918247222900e-01
4.257445931434631348e-01
4.441793362299601422e-01
4.340929985046386719e-01
4.371205468972523822e-01
4.203446308771769391e-01
4.343217114607493268e-01
4.226550857226054059e-01
4.247386952241261615e-01
4.260492026805877686e-01
4.360517859458923340e-01
4.250527322292327881e-01
4.332495629787445068e-01
4.221916099389393939e-01
4.214911858240763531e-01
4.261646866798400879e-01
4.343064129352569580e-01
4.211296041806538715e-01
4.236572682857513428e-01
4.251629014809926166e-01
4.239445726076762067e-01
4.234444697697957172e-01
4.335794051488240375e-01
4.228607217470805035e-01
4.206349154313405170e-01
4.379467169443766461e-01
4.271515309810638428e-01
4.234340588251749860e-01
4.257131516933441162e-01
4.212437172730763568e-01
4.251707394917805805e-01
4.212679664293925152e-01
4.333214759826660156e-01
4.223958253860473633e-01
4.240324099858601703e-01
4.332794646422068463e-01
4.220610062281290875e-01
4.236060877641041889e-01
4.323768516381581439e-01
4.298435151576995850e-01
4.251475930213928223e-01
4.370817244052886963e-01
4.232785503069559918e-01
4.216039379437764301e-01
4.240429004033406390e-01
4.262669285138447894e-01
4.279120465119679584e-01
4.311582148075103760e-01
4.228012363115946637e-01
4.338792363802592145e-01
4.220627943674723492e-01
4.261209666728973389e-01
4.335165719191233502e-01
4.245790441830952777e-01
4.235561887423197613e-01
4.350083172321319580e-01
4.220680495103200092e-01
4.284872909386952533e-01
4.257693588733673096e-01
4.271233479181925641e-01
4.392123123009999408e-01
4.208064774672190533e-01
4.235748251279194965e-01
4.225422739982604980e-01
4.226584037144978656e-01
4.236350456873576031e-01
4.194078842798869000e-01
4.248110850652058734e-01
4.202068646748860492e-01
4.326588412125905170e-01
4.213152130444844379e-01
4.333310425281524658e-01
4.242146015167236328e-01
4.364831149578094482e-01
4.230876068274180279e-01
4.351011812686920166e-01
4.305563072363535748e-01
4.151697158813476562e-01
4.310524861017863141e-01
4.311118622620900287e-01
4.316663543383280621e-01
4.240349233150482178e-01
4.225570658842722760e-01
4.265723427136738910e-01
4.192689061164855957e-01
4.305877387523651123e-01
4.278425574302673340e-01
4.250338176886240826e-01
4.341342151165008545e-01
4.222377240657806396e-01
4.191561043262481689e-01
4.235251049200693951e-01
4.188212653001149310e-01
4.209509591261546002e-01
4.309410353501637592e-01
4.218136866887410297e-01
4.304821391900380267e-01
4.283219476540883197e-01
4.207523067792256488e-01
4.311836957931518555e-01
4.215590755144755231e-01
4.315655728181203021e-01
4.312035739421844482e-01
4.168267448743184223e-01
4.199337760607401715e-01
4.227285583813985004e-01
4.211751520633697510e-01
4.215811789035797119e-01
4.209601481755574359e-01
4.186184008916218890e-01
4.224538008371989117e-01
4.193567037582397461e-01
4.224177598953247070e-01
4.343208471934000836e-01
4.212704996267954694e-01
4.190959632396697998e-01
4.206050932407379150e-01
4.303634762763977051e-01
4.180330733458201276e-01
4.220260381698608398e-01
4.289560119311014996e-01
4.206785162289937152e-01
4.202254911263783588e-01
4.213492870330810547e-01
4.182309408982594623e-01
4.203893939654032574e-01
4.288225869337717877e-01
4.184159040451049805e-01
4.204941987991333008e-01
4.204839269320170270e-01
4.208745360374450684e-01
4.291138052940368652e-01
4.290544490019480572e-01
4.207760294278462543e-01
4.196809828281402588e-01
4.208886623382568359e-01
4.274073044459025250e-01
4.303124149640401019e-01
4.326539238293965473e-01
4.225927591323852539e-01
4.294310510158538818e-01
4.202688535054524555e-01
4.171720345815022601e-01
4.225286146004994525e-01
4.228113094965617047e-01
4.307870169480641498e-01
4.222737948099772320e-01
4.309061070283253803e-01
4.218642612298329486e-01
4.196222325166066303e-01
4.207622905572255267e-01
4.194425841172536029e-01
4.177297552426655902e-01
4.194729328155517578e-01
4.192108213901519775e-01
4.202715555826823102e-01
4.169478217760722027e-01
4.183887243270874023e-01
4.221459825833638324e-01
4.317999482154846191e-01
4.286229610443115234e-01
4.244929452737172260e-01
4.211663007736206055e-01
4.218100607395172119e-01
4.193490246931712018e-01
4.175789852937062396e-01
4.182379841804504395e-01
4.202508429686228619e-01
4.302735924720764160e-01
4.192979733149210797e-01
4.272298216819763184e-01
4.184319277604420795e-01
4.273250897725422992e-01
4.208749035994212018e-01
4.185008108615875244e-01
4.190930326779683246e-01
4.201078315575917377e-01
4.228069384892781390e-01
4.212478796641032086e-01
4.214387834072113037e-01
4.171896576881408691e-01
4.267524182796478271e-01
4.277394612630208148e-01
4.180879195531209125e-01
4.203352828820546283e-01
4.190515875816345215e-01
4.198390642801920758e-01
4.188931186993916644e-01
4.209337035814921246e-01
4.212423264980316162e-01
4.191090563933054791e-01
4.191635151704152240e-01
