1.419301231702168875e-01
8.329907804727554321e-02
1.277363325158754892e-01
9.095347921053568985e-02
6.718254089355468750e-02
9.833895663420359756e-02
4.237801829973856377e-02
4.936084151268005371e-02
4.120683545867601799e-02
5.612357954184214043e-02
5.256224920352300239e-02
4.769929374257723259e-02
5.816873535513877869e-02
4.916769762833913399e-02
4.887788618604341911e-02
4.034885764122009277e-02
3.929776946703592705e-02
4.008693372209867073e-02
3.677537540594736504e-02
4.971247911453247070e-02
4.475388303399085999e-02
5.523152152697245049e-02
4.391851400335630012e-02
5.393310387929280830e-02
3.627891528109709190e-02
3.371285771330197883e-02
5.220559239387512207e-02
4.780708377559979988e-02
3.949444865187009407e-02
4.226399088899294304e-02
3.924671436349550652e-02
4.363316670060157776e-02
4.693068688114484383e-02
4.103888198733329773e-02
4.246140023072560860e-02
3.824368243416150642e-02
5.094879493117332458e-02
3.965185706814130379e-02
4.475428101917108131e-02
3.570419301589330269e-02
5.058066298564275337e-02
5.361879865328470635e-02
4.364761089285214973e-02
4.386958355704943108e-02
4.249611869454383850e-02
5.272506798307100701e-02
4.941427831848462654e-02
4.101130055884519982e-02
4.976236323515573906e-02
4.636656741301218437e-02
4.044619761407375336e-02
4.552417745192845894e-02
4.801041136185327934e-02
4.417268310983975960e-02
4.340953628222147392e-02
4.439526796340942383e-02
5.306217571099599434e-02
5.089525133371353149e-02
4.902458811799684929e-02
4.329481720924377441e-02
4.334596792856851982e-02
4.766540726025899483e-02
4.286611825227737427e-02
5.623634283741315437e-02
5.282560735940933228e-02
5.167165274421373772e-02
5.251835659146308899e-02
4.971435169378916191e-02
4.976842304070790840e-02
5.686430508891741203e-02
4.762374858061472344e-02
5.134926115473111702e-02
5.460024500886598992e-02
5.172669266661008430e-02
4.708301151792208122e-02
5.183099582791328430e-02
5.991877491275469231e-02
5.262140557169914246e-02
5.149169514576593804e-02
5.397887031237284111e-02
5.210741112629572319e-02
5.394857749342918396e-02
4.546650002400080132e-02
5.131311217943827080e-02
5.452416837215423584e-02
4.835604255398114754e-02
5.343563730518022942e-02
6.025103479623794556e-02
5.311755711833635735e-02
5.579280853271484375e-02
5.347576613227526116e-02
4.820642496148744988e-02
4.825827603538831306e-02
4.855593045552571846e-02
4.964725300669670105e-02
4.695628831783930229e-02
5.046223476529121399e-02
4.665429890155792236e-02
4.953380425771077705e-02
4.863499974211057258e-02
4.734048371513684822e-02
4.873001575469970703e-02
4.779649277528127266e-02
4.811965053280194832e-02
4.614090671141942573e-02
4.541327928503354622e-02
4.481485734383264946e-02
4.225984960794448853e-02
4.280748839179674553e-02
3.962190014620622230e-02
4.377725347876548767e-02
4.752525935570398735e-02
4.413502290844917297e-02
4.691758627692858147e-02
4.336689412593841553e-02
4.590881988406181335e-02
4.522377873460451531e-02
4.215064520637194084e-02
4.313301046689351631e-02
4.557752485076586174e-02
4.313855618238449097e-02
4.108538726965586113e-02
4.261795058846473694e-02
5.469261606534322334e-02
5.148696775237718987e-02
5.052033190925916267e-02
4.411327838897705078e-02
5.250018214186032844e-02
4.806121687094370293e-02
5.026253312826156616e-02
4.530695577462514473e-02
4.445154095689455437e-02
4.223152995109558105e-02
4.186870406071344780e-02
4.905723904569943977e-02
4.299048955241838860e-02
4.059073204795519280e-02
3.921964329977830482e-02
4.094942659139633179e-02
4.338547339042028023e-02
4.089261218905448914e-02
4.510002459088961052e-02
4.496008654435475899e-02
4.099690293272336555e-02
4.494533439477284981e-02
4.259392494956652092e-02
4.421827321251233650e-02
4.266073678930600716e-02
4.387441029151280952e-02
4.028352225820223259e-02
4.403634245196978020e-02
4.436211784680684639e-02
4.695955788095792366e-02
4.740318159262339043e-02
3.917809389531612396e-02
4.245803877711296082e-02
4.596428324778874946e-02
4.650799681742986275e-02
4.792256777485211922e-02
4.477113982041677070e-02
4.234685624639192986e-02
3.742090053856372833e-02
4.297653834025064873e-02
4.279364272952079773e-02
4.346816614270210266e-02
4.689657688140869141e-02
5.001880476872126030e-02
4.740215837955474854e-02
4.596912364164987969e-02
4.761446764071782661e-02
4.266553620497385430e-02
4.430950184663137031e-02
4.067864082753658295e-02
4.198293387889862061e-02
4.264505828420320915e-02
4.160675965249538422e-02
4.268493875861167908e-02
4.415423795580863953e-02
4.205524921417236328e-02
4.487150286634763313e-02
4.967680697639783455e-02
4.327944914499918388e-02
4.845653225978215767e-02
4.395951951543489861e-02
4.193541159232457710e-02
3.942748904228210449e-02
4.228228578964868950e-02
4.368038102984428406e-02
4.073349013924598694e-02
3.955365841587384773e-02
4.144962380329767632e-02
4.018115873138109612e-02
4.096047021448612213e-02
4.290261367956797051e-02
4.254843294620513916e-02
4.305655757586161064e-02
4.286366949478784966e-02
4.536236077547073364e-02
4.121814047296842171e-02
4.433677097161611153e-02
4.189064974586168694e-02
4.094326371947924065e-02
4.127566019694010185e-02
4.157104094823201729e-02
4.157100121180216240e-02
4.712289075056711601e-02
4.217427099744478630e-02
4.152125865221023560e-02
4.236109554767608643e-02
3.778085423012574745e-02
3.901575133204460144e-02
4.075916235645612312e-02
5.533096939325332642e-02
5.211709191401799751e-02
4.830784723162651062e-02
4.563925911982854439e-02
4.071077518165111542e-02
4.103885094324747490e-02
3.984167799353599548e-02
3.967509418725967407e-02
4.231349006295204163e-02
3.908926248550415039e-02
3.878726934393247200e-02
4.107813661297162605e-02
3.893720606962839531e-02
3.832495585083961487e-02
4.106670183440049721e-02
4.498224705457687378e-02
4.107993716994921135e-02
4.624161496758460999e-02
4.260276133815447258e-02
4.371178398529688286e-02
4.109218468268712593e-02
4.329819977283477783e-02
4.362162450949350762e-02
4.130662729342778755e-02
4.294972866773605347e-02
3.835839778184890747e-02
3.571257678170999122e-02
3.777348746856053902e-02
3.764390697081883980e-02
4.010876143972078728e-02
3.643313857416311669e-02
3.904584050178527832e-02
3.883743037780126167e-02
3.651362905899683403e-02
3.696829080581665039e-02
3.871271386742591858e-02
3.792758534351984429e-02
3.799700364470481873e-02
3.827594220638275146e-02
3.719957421223322319e-02
3.945982083678245544e-02
3.722959073881308006e-02
3.589995764195919037e-02
3.777988813817501068e-02
3.236131121714910103e-02
4.469461490710576607e-02
4.056258313357830048e-02
4.009727264444033074e-02
3.822592149178186821e-02
3.507607492307821678e-02
4.187477442125479149e-02
4.275787249207496643e-02
4.774934550126393867e-02
4.412964855631192757e-02
4.186765228708585335e-02
4.185658569137255119e-02
3.612467957039674354e-02
3.560099067787329125e-02
3.832302552958329750e-02
3.682099344829718041e-02
3.932682176431020332e-02
3.625008215506871773e-02
3.555009141564369202e-02
3.591418017943700386e-02
3.600544606645902229e-02
3.436966240406036377e-02
3.854516024390856194e-02
3.651136656602223945e-02
3.898660838603973389e-02
3.564587173362573219e-02
3.581169930597146583e-02
3.683496514956156181e-02
3.880668245255947113e-02
3.748137317597866058e-02
3.216006668905416893e-02
3.957239227990309166e-02
3.840990240375200676e-02
3.927611000835895538e-02
3.360633117457231117e-02
3.723392200966676308e-02
3.488231450319290161e-02
3.562518581748008728e-02
3.319243341684341431e-02
4.636729384462038445e-02
3.989732265472412109e-02
3.931526715556780266e-02
4.080413530270258354e-02
3.740724672873815132e-02
3.949848562479019165e-02
3.840952242414156365e-02
3.762459258238474297e-02
3.491260235508283211e-02
3.344506956636905670e-02
3.340633648137251305e-02
3.660094241301218437e-02
3.675329436858495308e-02
3.231187413136164116e-02
3.261780304213365150e-02
3.427901243170102669e-02
3.269681272407373024e-02
3.464351842800775932e-02
3.468335978686809540e-02
3.614570510884126259e-02
3.417014765242735314e-02
3.466570253173510002e-02
3.472804091870784760e-02
3.542716987431049347e-02
3.082001395523548126e-02
3.135666251182556152e-02
3.262573542694250511e-02
3.200733910004297661e-02
3.002218157052993774e-02
3.012552050252755367e-02
2.999301254749298096e-02
2.961516877015431606e-02
2.792502442995707310e-02
3.076139216621716702e-02
3.072947512070338047e-02
3.089436888694763184e-02
3.220323907832304405e-02
3.089765769739945614e-02
3.055599083503087246e-02
3.103099452952544010e-02
2.993039352198441708e-02
3.078414748112360752e-02
3.018039775391419613e-02
2.794846954445044315e-02
2.835478074848651886e-02
2.978149615228176117e-02
3.494670242071151733e-02
3.189985143641630577e-02
3.334754270811875893e-02
3.187503976126512123e-02
2.839104675998290264e-02
3.046523655454317844e-02
3.211923626561959816e-02
3.203804232180118561e-02
2.932056163748105251e-02
3.257203102111816406e-02
3.148870977262655663e-02
3.351641694704691338e-02
3.289265185594558716e-02
2.816348398725191868e-02
2.770538193484147274e-02
2.926719995836416996e-02
2.696658795078595364e-02
2.873471503456433498e-02
2.825281955301761627e-02
2.954113172988096989e-02
2.943407930433750153e-02
3.061370613674322880e-02
2.845270124574502194e-02
2.741572633385658264e-02
2.709467088182767117e-02
2.822401809195677555e-02
2.812362027664979183e-02
2.629580597082773960e-02
2.630423940718173981e-02
2.460734980801741398e-02
3.402854626377423836e-02
2.475411755343278133e-02
2.875886422892411434e-02
2.599613865216572964e-02
2.653974356750647343e-02
2.663122862577438354e-02
2.711032206813494480e-02
2.875165020426114285e-02
2.600697179635365688e-02
2.796453796327114105e-02
2.438744530081748962e-02
2.610674872994422913e-02
2.513766226669152462e-02
2.626461846133073055e-02
2.631245056788126743e-02
2.639367679754893101e-02
2.583709793786207951e-02
2.579507666329542911e-02
2.681283528606097019e-02
2.480899170041084290e-02
2.790606642762820042e-02
2.499669666091601170e-02
2.623787708580493927e-02
2.464695336918036259e-02
2.396757279833157742e-02
2.533217084904511654e-02
2.620006290574868404e-02
2.463021936515967167e-02
2.917662262916564941e-02
2.406058336297671116e-02
2.201500100394089901e-02
2.460948067406813419e-02
2.372678990165392673e-02
2.320845238864421844e-02
2.407762904961903774e-02
2.335868030786514282e-02
2.444609130422274387e-02
2.305025110642115391e-02
2.109492787470420086e-02
2.312075595060984409e-02
2.296354373296101772e-02
2.386499320467313015e-02
2.208330730597178257e-02
2.451912251611550533e-02
2.200098894536495209e-02
2.366683073341846466e-02
2.297649253159761429e-02
2.224858912328879154e-02
2.209264288345972813e-02
2.072695891062418735e-02
2.104270054648319996e-02
1.999264707167943203e-02
2.046800280610720432e-02
2.113211589554945743e-02
2.003633975982666016e-02
2.508543059229850769e-02
2.286205130318800724e-02
1.937561575323343277e-02
2.187229134142398834e-02
2.201570011675357819e-02
1.993237559994061672e-02
2.141395366440216816e-02
2.102407875160376347e-02
2.046340828140576565e-02
2.007060994704564297e-02
1.844258637477954113e-02
1.750183384865522385e-02
1.990685549875100338e-02
2.006250619888305664e-02
1.896086893975734711e-02
2.216639742255210876e-02
2.003149005273978031e-02
2.238668253024419033e-02
2.078042986492316044e-02
1.947378056744734562e-02
1.868035520116488254e-02
2.070518272618452824e-02
2.088337888320286953e-02
1.922424137592315674e-02
2.012895420193672180e-02
2.137417532503604889e-02
2.052261866629123688e-02
1.945701365669568264e-02
1.918126766880353176e-02
2.022800967097282410e-02
1.755061528335015095e-02
1.876041417320569241e-02
1.886993894974390781e-02
1.979670114815235138e-02
1.845526105413834370e-02
1.862969870368639744e-02
1.925989302496115482e-02
1.834274331728617466e-02
1.835822686553001404e-02
1.930783130228519440e-02
1.992061051229635990e-02
1.870554623504479611e-02
1.682958643262584889e-02
1.897799627234538281e-02
1.861772996683915340e-02
1.862961364289124691e-02
1.735828258097171783e-02
1.831221953034400940e-02
1.687027048319578171e-02
1.903884423275788509e-02
1.702959338823954380e-02
1.710625520596901691e-02
1.667417027056217194e-02
1.815371960401535034e-02
1.717234154542287075e-02
1.772514823824167252e-02
1.790833317985137188e-02
1.770067897935708248e-02
1.708988472819328308e-02
1.670864814271529400e-02
1.731605082750320435e-02
1.677373299996058262e-02
1.774445610741774357e-02
1.702601059029499805e-02
2.050100173801183701e-02
1.740928584088881695e-02
1.685486702869335926e-02
1.741722070922454083e-02
1.807829054693381107e-02
1.727773901075124741e-02
1.808754447847604752e-02
1.714148869117100918e-02
1.691665841887394703e-02
1.891747862100601196e-02
1.696467120200395584e-02
1.721970116098721706e-02
1.673125382512807846e-02
1.723254347840945042e-02
1.795330084860324860e-02
1.701108707735935963e-02
1.707556409140427792e-02
1.753866982956727230e-02
1.707724481821060181e-02
1.673881585399309910e-02
1.710620832939942562e-02
1.548928457001844984e-02
1.574740031113227093e-02
1.583249618609746182e-02
1.546459613988796812e-02
1.686596932510535038e-02
1.690035033971071243e-02
1.603906725843747341e-02
1.589700331290562832e-02
1.532450132071971893e-02
1.591471706827481472e-02
1.541947325070699114e-02
1.542532288779815096e-02
1.544897537678480148e-02
1.654387358576059341e-02
1.483671118815740007e-02
1.463728335996468920e-02
1.601446419954299927e-02
1.557872320214907270e-02
1.487013294051090818e-02
1.460085716098546982e-02
1.542574229339758497e-02
1.565792815138896191e-02
1.480907822648684126e-02
1.549407094717025757e-02
1.459664230545361895e-02
1.562403452893098253e-02
1.409086429824431795e-02
1.536436627308527571e-02
1.546102420737346071e-02
1.700620477398236477e-02
1.429790320495764357e-02
1.495463897784551043e-02
1.435045618563890457e-02
1.632589101791381836e-02
1.538309392829736132e-02
1.357307471334934235e-02
1.441053114831447601e-02
1.423850748687982559e-02
1.522246344635883909e-02
1.506126051147778887e-02
1.468206848949193954e-02
1.435403774182001692e-02
1.485414244234561920e-02
1.495313675453265566e-02
1.414975772301355940e-02
1.520279267181952852e-02
1.450542919337749481e-02
1.507557773341735262e-02
1.353985164314508438e-02
1.458828151226043701e-02
1.591925354053576672e-02
1.464401123424371141e-02
1.364264823496341705e-02
1.447570323944091797e-02
1.303088261435429197e-02
1.356406975537538528e-02
1.462547232707341570e-02
1.383538947751124758e-02
1.346196824063857454e-02
1.529583552231391329e-02
1.433122996240854263e-02
1.353040896356105804e-02
1.403231825679540634e-02
1.330944740523894686e-02
1.489076825479666334e-02
1.451190033306678194e-02
1.340008992701768875e-02
1.425705353418985945e-02
1.377438195049762726e-02
1.236324338242411613e-02
1.409809074054161650e-02
1.426415797322988510e-02
1.295582856982946396e-02
1.379893223444620710e-02
1.372350783397754091e-02
1.323402766138315201e-02
1.428200925389925581e-02
1.310714365293582338e-02
1.240225353588660616e-02
1.434504582236210447e-02
1.260598283261060715e-02
1.307296101003885269e-02
1.310389271626869780e-02
1.269527679930130583e-02
1.262397288034359556e-02
1.309216363976399046e-02
1.303729539116223711e-02
1.290281675755977631e-02
1.283755277593930620e-02
1.280496300508578676e-02
1.357043503473202330e-02
1.286549555758635145e-02
1.332724932581186295e-02
1.302953561147054094e-02
1.344481389969587326e-02
1.292603742331266403e-02
1.293869937459627729e-02
1.232486932228008848e-02
1.264431110272804838e-02
1.294294775774081606e-02
1.178097119554877281e-02
1.398300472646951675e-02
1.305738091468811035e-02
1.340467793246110338e-02
1.291822704176107985e-02
1.302814700951178926e-02
1.257049168149630171e-02
1.211095818628867525e-02
1.338311067471901518e-02
1.260588349153598207e-02
1.380958842734495741e-02
1.230492660154899019e-02
1.300850479553143126e-02
1.240721003462870974e-02
1.322038192301988602e-02
1.251143620659907717e-02
1.318547533204158205e-02
1.231453847140073776e-02
1.254339857647816282e-02
1.336940750479698181e-02
1.371019426733255386e-02
1.235462104280789751e-02
1.352203699449698072e-02
1.261418561140696150e-02
1.253924487779537779e-02
1.295420527458190918e-02
1.386870474865039247e-02
1.311210387696822542e-02
1.268179838856061357e-02
1.282853322724501234e-02
1.315368711948394775e-02
1.261083098749319654e-02
1.255465981860955614e-02
1.220677172144254106e-02
1.282889520128568071e-02
1.231768696258465391e-02
1.224716845899820328e-02
1.329136329392592054e-02
1.209306934227546114e-02
1.246569926540056807e-02
1.329706919689973253e-02
1.243137878676255602e-02
1.196684222668409348e-02
1.372526368747154814e-02
1.234945282340049744e-02
1.264947559684514999e-02
1.310824044048786163e-02
1.305093336850404739e-02
1.177027542144060135e-02
1.203363637129465681e-02
1.292385036746660811e-02
1.291098725050687790e-02
1.270033388088146788e-02
1.282732778539260286e-02
1.234435321142276186e-02
1.296153447280327421e-02
1.285507498929897886e-02
1.246129131565491301e-02
1.244416646659374237e-02
1.180011437584956545e-02
1.241864139835039717e-02
1.228979385147492033e-02
1.331596417973438841e-02
1.284700725227594376e-02
1.314684158811966520e-02
1.271442634363969225e-02
1.203538446376721006e-02
1.292392952988545042e-02
1.195738526682058912e-02
1.179455996801455873e-02
1.283201606323321718e-02
1.191217731684446335e-02
1.224197540432214737e-02
1.206636211524407011e-02
1.194639503955841064e-02
1.146939241637786287e-02
1.243900073071320909e-02
1.212155229101578337e-02
1.166109958042701143e-02
1.234952360391616821e-02
1.222341662893692595e-02
1.231825972596804243e-02
1.249777774016062361e-02
1.245650990555683714e-02
1.167521470536788362e-02
1.249660396327575106e-02
1.222166015456120115e-02
1.228929373125235182e-02
1.118392807741959948e-02
1.168645235399405104e-02
1.074134434262911421e-02
1.207811882098515886e-02
1.226587903996308702e-02
1.202703018983205217e-02
1.181209770341714281e-02
1.129636478920777697e-02
1.197447565694650072e-02
1.309995508442322355e-02
1.177499505380789381e-02
1.209265521417061430e-02
1.204265529910723311e-02
1.274673516551653486e-02
1.225195173174142838e-02
1.139047121008237261e-02
1.176409640659888643e-02
1.160544808954000473e-02
1.190598743657271009e-02
1.177039804557959181e-02
1.229599304497241974e-02
1.161182268212238890e-02
1.106414167831341368e-02
1.232226938009262085e-02
1.209764058391253096e-02
1.181720383465290070e-02
1.236944086849689484e-02
1.186501296857992750e-02
1.180655478189388853e-02
1.170116849243640900e-02
1.205252638707558256e-02
1.099939364939928055e-02
1.189144669721523863e-02
1.096875173971056938e-02
1.198536281784375566e-02
1.222234778106212616e-02
1.159230774889389616e-02
1.107643110056718248e-02
1.334874518215656281e-02
1.203583708653847319e-02
1.219509697208801847e-02
1.131784698615471464e-02
1.145332492887973785e-02
1.177631442745526689e-02
1.129319208363691908e-02
1.214282742391029936e-02
1.248953398317098618e-02
1.173157213876644712e-02
1.122325845062732697e-02
1.201049207399288755e-02
1.152889709919691086e-02
1.109787976990143400e-02
1.211614534258842468e-02
1.262857516606648821e-02
1.222497100631395918e-02
1.118816388770937920e-02
1.230331168820460695e-02
1.274451706558465958e-02
1.091003464534878731e-02
1.132819242775440216e-02
1.216820410142342192e-02
1.148760784417390823e-02
1.159408657501141172e-02
1.134406123310327530e-02
1.197688002139329910e-02
1.162551560749610323e-02
1.152651632825533491e-02
1.154694085319836992e-02
1.227104570716619492e-02
1.102764625102281570e-02
1.122892772157987017e-02
1.104168562839428526e-02
1.168024105330308336e-02
1.108743995428085327e-02
1.220294771095116991e-02
1.102910439173380476e-02
1.183948634813229185e-02
1.156536489725112915e-02
1.176101621240377426e-02
1.164282765239477158e-02
1.112449696908394438e-02
1.198586076498031616e-02
1.157091185450553894e-02
1.175952889025211334e-02
1.119465815524260145e-02
1.136162380377451521e-02
1.190994276354710203e-02
1.133911435802777666e-02
1.179532582561174971e-02
1.200831029564142227e-02
1.179776992648839951e-02
1.101509326448043245e-02
1.124079059809446335e-02
1.132275133083263975e-02
1.163123827427625656e-02
1.149721660961707491e-02
1.108710095286369324e-02
1.153349721183379549e-02
1.066820540775855440e-02
1.088590609530607801e-02
1.181191081802050215e-02
1.087109232321381569e-02
1.024631100396315199e-02
1.183158097167809862e-02
1.136210933327674866e-02
1.205799294014771837e-02
1.094394984344641310e-02
1.100615784525871277e-02
1.139195418606201750e-02
1.167653718342383760e-02
1.134035084396600723e-02
1.180151291191577911e-02
1.111753129710753817e-02
1.149346400052309036e-02
1.158218768735726732e-02
1.128716239084800142e-02
1.135227611909309965e-02
1.130537036806344986e-02
1.253021166970332521e-02
1.178060627231995207e-02
1.189669563124577147e-02
1.063498963291446310e-02
1.127523059646288496e-02
1.136017839113871199e-02
1.066298115377624887e-02
1.139704789966344833e-02
1.112802233546972275e-02
1.128377548108498198e-02
1.207568092892567259e-02
1.163607804725567442e-02
1.161873651047547716e-02
1.207103704412778276e-02
1.106122446556886095e-02
1.121432241052389145e-02
1.050786472236116785e-02
1.196724579979976076e-02
1.089133849988381010e-02
1.186768927921851534e-02
1.116868263731400114e-02
1.190533706297477144e-02
1.182894129306077957e-02
1.160516403615474701e-02
1.076004343728224379e-02
1.143097846458355528e-02
1.112196035683155060e-02
1.078281970694661140e-02
1.125389523804187775e-02
1.127639350791772264e-02
1.119949513425429720e-02
1.146060942361752134e-02
1.145082494864861113e-02
1.118365147461493868e-02
1.216149392227331739e-02
1.118393770108620268e-02
1.111978478729724884e-02
1.106785486141840559e-02
1.138771604746580124e-02
1.140424888581037521e-02
1.126026796797911268e-02
1.165368656317392927e-02
1.136833522468805313e-02
1.097835910816987413e-02
1.180669634292523008e-02
1.110133249312639236e-02
1.141691114753484726e-02
1.137640668700138670e-02
1.128302359332641024e-02
1.145208161324262619e-02
1.151306803027788740e-02
1.138638146221637726e-02
1.099767008175452608e-02
1.160251690695683104e-02
1.073048605273167234e-02
1.224472249547640425e-02
1.189922448247671127e-02
1.185210266460975069e-02
1.203593704849481583e-02
1.060731383040547371e-02
1.151835825294256210e-02
1.090593015154202837e-02
1.181650689492622953e-02
1.185782843579848665e-02
1.125442795455455780e-02
1.075198097775379759e-02
1.141514132420221907e-02
1.185430524249871630e-02
1.086014105627934080e-02
1.137729066734512705e-02
1.135593249152104002e-02
1.092197808126608473e-02
1.114796505620082277e-02
1.151805867751439470e-02
1.130093463386098486e-02
1.187511316190163237e-02
1.103431483109792131e-02
1.173992330829302412e-02
1.135541933278242689e-02
1.102005752424399000e-02
1.043488675107558626e-02
1.171342904369036299e-02
1.158221097042163271e-02
1.086281271030505556e-02
1.188017924626668352e-02
1.112692958364884001e-02
1.215290961166222948e-02
1.184194938590129274e-02
1.036933949217200279e-02
1.109599353124698061e-02
1.034752031167348284e-02
1.138252733896175962e-02
1.106436923146247864e-02
1.137206051498651505e-02
1.041983487084507942e-02
1.133894640952348709e-02
1.101713317135969740e-02
1.110962964594364166e-02
1.078917086124420166e-02
1.225651241838932037e-02
1.087701475868622404e-02
1.187179051339626312e-02
1.045354036614298820e-02
1.165190928926070589e-02
1.150013754765192610e-02
1.190241891890764236e-02
1.109154925992091555e-02
1.134717992196480375e-02
1.105873348812262159e-02
1.091042999178171158e-02
1.113769132643938065e-02
1.101861925174792665e-02
1.163821884741385836e-02
1.082015596330165863e-02
1.147185731679201126e-02
1.099589063475529295e-02
1.142666923503080946e-02
1.069395119945208174e-02
1.025395188480615616e-02
1.113184603552023512e-02
1.144248371322949785e-02
1.090732620408137697e-02
1.120310525099436384e-02
1.085025227318207365e-02
1.121525776882966417e-02
1.077411044389009476e-02
1.090269318471352201e-02
1.104599858323732954e-02
1.081934850662946701e-02
1.099821552634239197e-02
1.145914414276679415e-02
1.087241185208161730e-02
1.207105070352554321e-02
1.107781318326791185e-02
1.068550472458203691e-02
1.126768874625364882e-02
1.129161535451809507e-02
1.174907914052406889e-02
1.082051824778318405e-02
1.108985890944798845e-02
1.188697728017965895e-02
1.122051943093538284e-02
1.112277961025635344e-02
1.102141849696636200e-02
1.123797024289766890e-02
1.145027857273817062e-02
1.150900498032569885e-02
1.136053788165251356e-02
1.111314073204994202e-02
1.157772106428941149e-02
1.147482637315988541e-02
1.100388665994008440e-02
1.098503234485785109e-02
1.058209439118703264e-02
1.108729404707749742e-02
1.102748916794856447e-02
1.125585474073886871e-02
1.076915984352429766e-02
1.113644521683454514e-02
1.163488284995158571e-02
1.092997596909602541e-02
9.913638699799776077e-03
1.119947743912537950e-02
1.076256328572829622e-02
1.167157012969255447e-02
1.083394295225540739e-02
1.113656753053267855e-02
1.143595545242230040e-02
1.135142830510934252e-02
1.142667140811681747e-02
1.062168118854363817e-02
1.153716941674550432e-02
1.088121440261602402e-02
1.083494567622741121e-02
1.106275928517182726e-02
1.126324261228243452e-02
1.072360699375470537e-02
1.033932700132330317e-02
1.137911186863978762e-02
1.127949263900518417e-02
1.183535096546014208e-02
1.144056115299463272e-02
1.120294164866209030e-02
