6.375658780336379561e-01
1.918521910905837957e-01
1.089762851595878629e-01
6.633935607969761172e-02
4.592084325850009918e-02
3.762307185679673871e-02
3.341223504394293109e-02
2.549079544842243125e-02
2.834730725735425810e-02
2.440915387123823027e-02
2.312189005315303664e-02
2.228941377252340386e-02
2.086185161024332185e-02
2.065661195665597846e-02
1.912480928003788133e-02
1.759223146364092757e-02
1.923368405550718307e-02
1.843664627522230079e-02
1.734544811770320077e-02
1.725521273910999437e-02
1.808630824089050432e-02
1.421867227181792225e-02
1.482512606307864224e-02
1.757513424381613662e-02
1.315563404932618141e-02
1.293883081525564263e-02
1.280747391283512150e-02
1.372522125020623172e-02
1.608587475493550301e-02
2.056674696505069594e-02
1.837065331637859414e-02
1.510743098333477974e-02
1.516953092068433831e-02
1.442158296704292367e-02
1.477123685181140969e-02
1.351720737293362652e-02
1.476575098931789433e-02
1.386263389140367577e-02
1.411295412108302082e-02
1.348825115710496937e-02
1.381113482639193500e-02
1.324375048279762337e-02
1.352067990228533745e-02
1.279661227017641137e-02
1.255392171442508767e-02
1.224100943654775689e-02
1.096528079360723461e-02
1.043953965418040718e-02
1.267530350014567375e-02
8.627661922946571610e-03
8.280947711318731655e-03
9.124459419399499199e-03
1.166900321841239999e-02
8.997010160237550389e-03
6.129297078587114811e-03
6.611606571823358536e-03
7.312654424458742489e-03
9.130061464384197842e-03
6.392010347917675625e-03
8.737137774005532265e-03
7.633904274553060358e-03
7.376644667237997402e-03
8.470266964286566128e-03
1.069320887327194179e-02
9.337925398722291687e-03
1.111321537755429779e-02
1.388335404917597805e-02
1.317982655018568039e-02
1.306004868820309639e-02
1.298438264057040145e-02
1.204424938187003205e-02
1.232898426242172787e-02
1.228916728869080578e-02
1.199858179315924610e-02
1.117496006190776825e-02
1.044292957521975040e-02
8.946033311076462269e-03
6.827345257624984134e-03
8.027149597182869911e-03
7.167906500399112701e-03
6.246019480749964367e-03
6.413067039102315729e-03
1.187471458688378265e-02
1.015916215255856583e-02
9.012818103656172752e-03
1.158876786939799786e-02
1.184553075581789086e-02
1.101184659637510777e-02
1.238878518342971871e-02
1.137025989592075313e-02
1.114762239158153569e-02
1.194602828472852638e-02
1.117442189715802704e-02
1.114817485213279689e-02
1.065359190106391837e-02
1.079648127779364586e-02
1.095397975295782020e-02
1.083075990900397335e-02
1.095312563702464069e-02
1.034450940787792241e-02
6.208897498436271971e-03
5.584205966442823410e-03
4.497226187959313046e-03
3.740015858784318144e-03
4.682525340467691248e-03
5.388485197909176176e-03
5.276449210941791708e-03
5.305495392531156366e-03
5.634060222655534397e-03
5.499270209111273115e-03
5.525991506874561483e-03
5.460751848295331348e-03
5.560876755043864424e-03
5.464282422326505358e-03
3.314921027049422351e-03
3.307436429895460779e-03
3.320106375031173403e-03
3.711606678552925760e-03
4.592721280641853636e-03
4.090080689638853247e-03
4.007180896587669502e-03
4.260006686672567974e-03
4.163424321450293238e-03
4.274256131611764604e-03
3.769846819341182882e-03
3.252048185095190915e-03
4.156668251380324190e-03
5.060380022041499441e-03
4.925746074877679521e-03
6.195892067626118833e-03
4.972947482019663031e-03
5.348687106743454760e-03
5.436450522392988031e-03
5.353122367523610592e-03
5.754897417500614946e-03
5.888360925018787731e-03
5.784974666312336922e-03
5.617633508518338030e-03
5.861077294684946710e-03
5.697871558368206024e-03
5.761559214442968022e-03
5.720266466960310589e-03
5.675620911642908877e-03
5.711685353890061552e-03
5.620801867917179888e-03
5.510573089122772043e-03
5.746619449928403248e-03
5.491479882039129734e-03
5.513535067439079458e-03
5.188834760338068355e-03
4.001301596872508526e-03
4.836346954107284546e-03
5.470515368506312717e-03
5.611405847594142307e-03
5.408640438690781767e-03
5.650430964305996721e-03
5.577200441621243954e-03
5.601840722374617880e-03
5.574390478432178671e-03
5.363267939537763249e-03
5.629403982311487198e-03
5.382989859208464276e-03
5.292349122464656483e-03
5.157042481005191976e-03
4.599840147420763969e-03
4.975326079875230963e-03
4.886930575594305992e-03
4.844599240459501917e-03
5.130324419587850918e-03
5.601811269298195665e-03
4.739982890896499157e-03
5.235938588157296181e-03
5.425464315339923078e-03
5.606115562841296196e-03
5.529110319912433624e-03
5.115177691914140831e-03
5.448899837210774769e-03
4.922449775040149862e-03
5.007809633389115681e-03
4.091735184192657644e-03
2.981369709596037951e-03
3.453217400237918074e-03
3.068855754099786195e-03
2.923218696378171270e-03
3.548011591192334890e-03
3.142109489999711514e-03
3.539701295085251505e-03
3.349035372957587329e-03
3.184734517708420667e-03
3.329974575899541465e-03
2.884091436862945643e-03
3.226000233553349972e-03
3.044438594952225512e-03
3.890897659584879702e-03
4.615843808278441256e-03
5.423644091933965683e-03
5.829873820766806256e-03
5.859507573768496166e-03
5.513307848013937126e-03
5.153882270678878004e-03
4.359170200768858021e-03
4.508801060728729118e-03
3.846167959272861394e-03
1.942807575687766075e-03
2.081977971829474146e-03
2.228328585624694911e-03
1.806472858879715118e-03
2.118364581838250073e-03
2.059890155214816245e-03
2.565598569344729012e-03
2.754813735373318282e-03
2.348134841304272327e-03
2.546802512370049953e-03
2.024948771577328444e-03
1.556555100250989199e-03
1.691934850532561454e-03
1.753755949903279586e-03
1.743849285412579862e-03
2.521505765616893942e-03
2.228577667847275560e-03
2.013641386292874900e-03
1.885700807906687216e-03
1.862213341519236651e-03
1.849407854024320841e-03
1.959617366082966328e-03
1.590433157980442134e-03
1.667510217521339568e-03
1.719929056707769589e-03
1.689228182658553080e-03
1.792067673522978978e-03
2.759527019225061113e-03
3.032174706459045237e-03
3.128503076732158748e-03
3.237554430961608973e-03
3.134962636977434158e-03
3.210374945774674502e-03
3.204562887549400503e-03
3.042093198746442968e-03
3.147955820895731623e-03
3.070100024342536753e-03
3.113883803598582658e-03
3.085887781344354066e-03
3.019577381201088342e-03
2.218277496285736734e-03
3.150282683782279405e-03
3.153507527895271605e-03
2.180458942893892440e-03
1.634976582136005207e-03
1.591612084303051147e-03
2.311311254743486643e-03
2.630692336242646152e-03
3.109619300812482660e-03
2.960710856132209474e-03
2.980576315894723112e-03
1.947224896866828203e-03
2.248738275375217113e-03
1.874990074429660992e-03
1.593640889041125774e-03
2.200003305915743113e-03
1.881832676008343653e-03
1.654690713621675968e-03
1.437022176105529070e-03
1.581176277250051585e-03
1.705701032187789765e-03
1.917276636231690689e-03
2.130907471291720954e-03
2.930236561223864382e-03
2.605109289288520640e-03
2.282379474490880793e-03
1.895807543769478885e-03
2.632074733264744369e-03
3.152539161965250882e-03
2.686107344925403421e-03
1.746255927719175729e-03
2.381383883766830054e-03
2.492706128396094019e-03
2.365078870207071391e-03
2.724875020794570359e-03
2.962144743651151831e-03
3.327484731562435540e-03
3.317807870917022402e-03
3.121986519545316696e-03
3.338502487167716026e-03
3.130550985224544915e-03
3.210832353215664452e-03
3.114666463807225141e-03
3.205712744966149417e-03
2.952840761281549931e-03
3.253158926963805979e-03
3.042257204651832407e-03
2.914332447107881481e-03
2.797372615896165458e-03
3.141295898240059701e-03
3.052951814606785601e-03
3.116454649716615850e-03
3.134018951095640746e-03
2.900748630054295063e-03
3.166850435081869537e-03
2.867705025710165674e-03
3.170704469084739685e-03
1.953852782025933439e-03
1.268822140991687688e-03
1.416466839145869017e-03
1.226078311447054148e-03
1.225261815125122623e-03
1.094794331584125670e-03
1.175369636621326295e-03
1.233306038193404588e-03
1.390763756353408011e-03
1.487099897349253253e-03
1.528794318437576207e-03
1.597547216806560711e-03
1.570879260543733792e-03
1.527393027208745393e-03
1.571651885751634880e-03
1.548009610269218770e-03
1.503211946692317811e-03
1.161782396957278338e-03
1.143594278255477634e-03
1.289200154133141041e-03
1.017375325318425894e-03
1.078512083040550351e-03
1.170797430677339391e-03
1.247102970955893311e-03
9.751200035680085204e-04
1.152336376253515439e-03
1.330749050248414365e-03
1.568632316775619984e-03
1.102282764622941570e-03
1.194971177028492093e-03
1.152541569899767551e-03
1.203153852839022918e-03
9.592691669240594344e-04
9.872229129541665316e-04
9.819048165809363560e-04
9.258356585633009672e-04
8.730409259442240217e-04
9.912964305840432644e-04
9.669591265264898972e-04
1.026011182693764481e-03
1.261775603052228733e-03
1.232203794643282890e-03
1.090329448925331278e-03
1.104645442683249669e-03
1.300411426927894310e-03
1.172786194365471515e-03
1.167220895877108021e-03
1.704984880052506880e-03
2.119989122729748314e-03
2.064107998739927920e-03
1.507015188690274997e-03
1.432493480388075200e-03
1.089280843734741124e-03
1.077392045408487233e-03
9.739881381392479377e-04
9.914648544508963823e-04
1.028120220871642145e-03
1.120200101286172823e-03
1.083785318769514561e-03
1.100269920425489588e-03
1.119948580162599770e-03
1.138159813126549081e-03
9.899271361064165397e-04
8.597179257776588202e-04
1.144218049012124452e-03
1.322363619692623615e-03
1.857431337703019294e-03
1.100879907608032270e-03
1.066556788282469002e-03
1.166009466396644798e-03
1.125030312687158671e-03
1.058877370087429838e-03
1.124086056370288047e-03
1.279335794970393268e-03
1.156544929835945455e-03
1.008126500528305682e-03
1.097687461879104376e-03
1.151661353651434096e-03
1.022669021040201187e-03
1.024205394787713842e-03
1.376062829513102683e-03
1.494779030326753811e-03
1.343052415177226110e-03
1.398018840700387998e-03
1.079403993207961234e-03
1.504940172890201254e-03
1.550535741262137846e-03
1.410006120568141298e-03
1.119998813373968092e-03
1.152389909839257511e-03
1.114064967259764585e-03
1.024318550480529623e-03
1.047106063924729781e-03
1.085972675355151296e-03
1.238089211983606176e-03
1.876302680466324178e-03
1.932533702347427563e-03
1.920362212695181457e-03
1.858013076707720843e-03
1.900507055688649503e-03
1.175363402580842376e-03
9.552937059197575071e-04
8.566509815864265399e-04
7.704266114160418727e-04
6.514225387945771217e-04
6.078833539504557848e-04
6.207161350175738335e-04
6.419175828341394446e-04
7.362486154306680181e-04
6.810703140217811086e-04
6.394034251570701165e-04
6.154268339741975069e-04
6.064345710910856507e-04
6.008439871948212168e-04
5.994861567160114646e-04
5.903453595237806873e-04
6.587762094568460963e-04
6.181668723002076149e-04
6.264730123803019740e-04
6.993828457780182795e-04
7.175881997682154395e-04
6.769047991838306405e-04
6.455892405938356681e-04
5.872908979654312567e-04
6.139754899777471802e-04
6.538727146107703014e-04
6.375325901899486780e-04
5.796037381514907100e-04
6.305397313553839705e-04
6.037036073394119740e-04
6.283988012000917955e-04
6.491498410468920848e-04
7.106339267920702913e-04
6.812287669163197062e-04
7.332638371735811667e-04
6.767865444999188618e-04
6.273521023103967743e-04
6.027964875102043586e-04
6.282522052060812278e-04
6.201069976668804667e-04
6.996334239374845786e-04
6.091552786529064178e-04
6.152623682282865047e-04
5.721499910578131676e-04
5.849943729117513137e-04
6.274962681345642047e-04
6.524511351017281630e-04
7.091281178873032765e-04
6.864471302833408334e-04
6.738212425261736350e-04
6.249021680559962988e-04
5.925721459789201184e-04
6.335368088912218809e-04
6.149849825305864649e-04
6.042602937668562369e-04
6.262292154133319855e-04
5.945853918092325330e-04
5.984517163597046895e-04
5.803392501547932842e-04
6.057180638890713236e-04
5.985267576761543968e-04
6.296269712038338184e-04
7.218892162200063901e-04
6.368541507981717587e-04
6.526008393848315315e-04
5.834803916513920264e-04
6.092739291489124515e-04
6.188552884850651243e-04
6.227271340321749015e-04
6.110229238402098634e-04
6.170466484036296172e-04
6.482589931692927642e-04
6.106489105150103786e-04
7.091405335813760541e-04
7.417614571750164466e-04
8.287737902719527917e-04
7.701158232521265528e-04
7.847025932278484323e-04
6.343454821035266139e-04
6.333558005280793147e-04
6.662655272521078370e-04
6.481384247308596752e-04
6.184088444570079880e-04
6.266731419600546143e-04
6.554483348736539700e-04
6.001226953230798461e-04
6.114930642070248506e-04
6.217599031515419917e-04
6.419425480999052525e-04
6.233708932995796420e-04
6.569976219907402559e-04
6.106470769736916044e-04
6.365689798258245425e-04
6.491710664704442024e-04
6.350957439281046824e-04
7.040013617370278077e-04
7.447327079717069864e-04
7.116865599527955055e-04
7.435587584041058584e-04
7.985170348547398610e-04
7.019256590865552425e-04
5.665753356879577258e-04
5.305866798153147101e-04
5.177791055757552819e-04
5.040639487560838027e-04
4.832854669075459025e-04
5.138048902153969245e-04
5.099764850456268029e-04
4.936594981700181744e-04
4.903146589640527530e-04
4.863723443122580647e-04
4.906936199404298826e-04
4.935680626658722758e-04
4.999775381293147369e-04
4.832070932025090077e-04
4.779000591952353716e-04
4.765064251841977130e-04
4.793331056134775173e-04
4.866455099545419325e-04
4.804300522664561976e-04
4.941257939208298922e-04
4.882218141574412801e-04
4.971547168679535389e-04
5.050785548519343138e-04
4.870894394116475961e-04
5.001824261853471615e-04
4.824772709980607250e-04
4.655815457226708423e-04
4.643395106540992748e-04
4.757675167638808597e-04
4.898135230178013444e-04
4.872365214396268238e-04
4.832694801734760512e-04
4.799704445758834590e-04
4.855383507674559734e-04
4.785507131600752690e-04
4.718192620202899088e-04
4.751217406010255001e-04
4.854679835261777152e-04
4.845570656470954418e-04
4.788709367858245860e-04
4.929274437017738819e-04
4.935608099913224795e-04
4.845357470912858844e-04
4.867843817919492722e-04
4.736122587928548672e-04
4.743655852507799972e-04
4.684177605668082616e-04
4.713781934697181095e-04
4.902006970951333425e-04
4.971355112502351837e-04
4.740262054838240255e-04
4.927683330606669188e-04
4.823176073841750839e-04
4.906743124593049288e-04
5.018934927647933798e-04
4.917411395581438704e-04
4.989827779354527376e-04
5.042796576162800627e-04
4.875629820162430406e-04
4.993913898942992091e-04
5.168648756807669564e-04
5.175962694920599027e-04
5.052657186752184792e-04
4.753083689138293049e-04
4.747844446683302739e-04
4.938173195114358826e-04
4.921100393403321288e-04
4.897235194221138954e-04
4.908683768007904291e-04
4.840051144128665220e-04
4.849633376579731811e-04
4.871154640568420399e-04
4.943529638694599271e-04
4.814431304112076759e-04
4.927836009301245646e-04
4.836979351239278913e-04
4.637293342966586243e-04
5.029597115935758190e-04
4.888432100415230014e-04
4.674986179452389262e-04
4.784667515195906271e-04
4.773173219291493513e-04
5.113011051435023329e-04
4.883110465016216256e-04
4.731599474325776100e-04
4.784643708262592446e-04
5.108795681735500910e-04
5.339797615306451483e-04
5.003093654522671862e-04
4.843334754696115851e-04
5.004069564165547924e-04
5.354249326046556668e-04
4.935196164296939535e-04
5.004181439289823174e-04
5.054733686847612045e-04
5.083364754682407000e-04
5.132702528499067263e-04
4.938252357533201142e-04
4.838852444663643945e-04
4.655707336496561657e-04
4.527324665104970228e-04
4.479885887121781490e-04
4.435595474205911160e-04
4.345822992036118995e-04
4.385481995996087898e-04
4.483619908569380424e-04
4.383288003737107028e-04
4.322821216192096363e-04
4.381252074381336570e-04
4.324490670114755847e-04
4.375000222353264906e-04
4.391663474962115505e-04
4.391014896100387194e-04
4.344966175267472755e-04
4.334853263571858514e-04
4.369863949250429652e-04
4.368228517705574740e-04
4.386485612485558011e-04
4.401247162604704391e-04
4.407799773616716049e-04
4.381633596494794000e-04
4.373539821244776357e-04
4.332622862420976379e-04
4.352417570771649588e-04
4.343124717706814517e-04
4.392147093312814832e-04
4.422965022968128215e-04
4.476102883927524198e-04
4.478261340409517505e-04
4.365553002571687211e-04
4.483232449274510254e-04
4.363706626463681676e-04
4.351578769274056175e-04
4.332854761742055308e-04
4.391791124362498630e-04
4.336855519795790206e-04
4.313443991122767112e-04
4.371471382910385945e-04
4.377085744636133205e-04
4.324623907450586449e-04
4.285415372578427087e-04
4.300425993278622410e-04
4.345483874203637351e-04
4.348218324594199766e-04
4.322441760450601795e-04
4.244463983923196576e-04
4.225770942866802324e-04
4.271386773325502656e-04
4.392231639940291643e-04
4.311621276428923119e-04
4.263928567524999380e-04
4.328098963014781692e-04
4.386679735034704425e-04
4.341685242252424468e-04
4.347416601376607797e-04
4.439659824129194021e-04
4.332125798100605715e-04
4.250839701853692532e-04
4.255754203768446933e-04
4.348503483925014517e-04
4.464033001568168293e-04
4.498436464928090572e-04
4.361835948657244227e-04
4.331301926868036281e-04
4.410906811244785894e-04
4.384368192404508699e-04
4.276627645594998977e-04
4.244940268108621023e-04
4.244673269568011382e-04
4.315193160437047698e-04
4.384746600408106934e-04
4.376171564217656851e-04
4.476620873901992819e-04
4.493582237046211958e-04
4.450873704627156149e-04
4.393140960019081939e-04
4.389103036373853467e-04
4.286967450752854347e-04
4.237789893522858403e-04
4.279970336938276779e-04
4.314924997743219246e-04
4.321443266235291958e-04
4.350499686552211534e-04
4.273399681551381946e-04
4.217774723656475436e-04
4.317827144404873143e-04
4.275944520486518741e-04
4.253802326275035739e-04
4.339383856859058250e-04
4.351024952484294881e-04
4.430044471519067992e-04
4.500364768318831812e-04
4.395799187477678061e-04
4.389928770251572241e-04
4.394964198581874371e-04
4.270018980605527759e-04
4.363213054602965821e-04
4.389509849715977907e-04
4.277626605471596013e-04
4.186430363915860436e-04
4.153094254434108517e-04
4.127150285057723631e-04
4.190551146166399013e-04
4.190776176983490803e-04
4.160661133937537887e-04
4.139754542848095515e-04
4.174390924163162708e-04
4.190887440927326571e-04
4.138890682952478420e-04
4.151267610723152865e-04
4.132051748456433199e-04
4.122249287320300720e-04
4.099425772437825582e-04
4.111029178602620742e-04
4.135544499149545810e-04
4.126709332922473767e-04
4.141220153542235385e-04
4.121918202145025026e-04
4.117449570912867785e-04
4.086988657945766937e-04
4.107759974431246736e-04
4.166035563684999726e-04
4.157277144258841872e-04
4.147603351157158505e-04
4.158949363045394204e-04
4.124332539504393718e-04
4.112525522941723357e-04
4.095618933206424117e-04
4.088827030500396869e-04
4.132157278945669749e-04
4.124787868931889317e-04
4.155748029006645083e-04
4.151741828536614992e-04
4.110351990675553788e-04
4.127939871978014816e-04
4.149002721533179500e-04
4.128021217184141387e-04
4.132665111683308861e-04
4.140045784879475832e-04
4.205189994536340454e-04
4.148921230807900646e-04
4.111247282708063613e-04
4.087230016011744846e-04
4.073491581948474050e-04
4.105556901777163040e-04
4.159939504461363175e-04
4.185781755950301777e-04
4.175400797976181019e-04
4.142886493355035673e-04
4.088698507985100042e-04
4.092217946890741804e-04
4.113612812943756580e-04
4.087151319254189730e-04
4.086637403815984509e-04
4.144168458878994096e-04
4.088459041668102362e-04
4.086560715222731016e-04
4.131867608521133661e-04
4.110806592507287968e-04
4.169264313532039415e-04
4.136476549319922707e-04
4.092651855899020813e-04
4.126084182644263127e-04
4.123560298467055180e-04
4.118431534152477980e-04
4.084934946149587523e-04
4.077111167134717324e-04
4.085649154148995768e-04
4.139978002058341991e-04
4.129220382310449860e-04
4.068807495059445392e-04
4.088375309947878014e-04
4.217850480927154530e-04
4.164360434515401721e-04
4.092029877938330065e-04
4.076302429893985391e-04
4.100089106941595782e-04
4.097575991181656827e-04
4.088980174856260527e-04
4.076190380146726966e-04
4.077130608493462097e-04
4.088120302185416330e-04
4.100710822967812311e-04
4.083174921106546900e-04
4.122294660191982876e-04
4.121192439924925674e-04
4.153070447500795234e-04
4.107837448827922344e-04
4.077002813573926687e-04
4.110199253773316633e-04
4.108071880182251334e-04
4.128536646021530141e-04
4.142194375162944198e-04
4.037875653011724244e-04
4.074243915965780616e-04
4.116639174753800035e-04
4.221243434585630894e-04
4.145796730881556760e-04
4.091317154234275005e-04
4.060363746248185526e-04
4.035929101519286849e-04
4.022569337394088507e-04
4.022056207759305943e-04
4.028247145470231988e-04
3.999665816081687700e-04
4.010683333035558462e-04
4.034867131849750985e-04
4.022509121568873416e-04
4.009815253084525683e-04
4.024260502774268606e-04
4.027940769447013627e-04
4.027616232633590698e-04
4.006274248240515590e-04
3.998266300186514963e-04
4.006483330158516873e-04
4.016204184154048562e-04
3.988972021033987403e-04
4.000184650067240217e-04
4.009460157249122641e-04
4.005727096227928996e-04
4.023304587462917187e-04
4.008066549431532838e-04
4.041407926706597317e-04
4.017846600618213632e-04
4.001498746220022440e-04
4.001645022071897875e-04
4.011974873719736717e-04
4.042087908601388552e-04
3.997361549409106157e-04
4.005151859018951654e-04
4.026533744763582836e-04
4.042828659294173121e-04
4.039997322252020131e-04
4.045083100209012411e-04
4.023651534225791801e-04
4.025643691420555223e-04
4.001106106443330754e-04
3.985974646639078747e-04
4.007503885077312589e-04
4.017716710222885013e-04
4.010531090898439397e-04
4.007499286672100208e-04
4.029213916510343443e-04
3.993111575255170573e-04
3.995663166278973113e-04
4.020623135147616376e-04
3.989164659287780632e-04
4.043861146783456098e-04
4.038394719827920090e-04
3.985466901212930679e-04
4.013976344140246294e-04
4.003438836662098657e-04
4.013968224171549299e-04
3.989614197053015232e-04
4.007449257187545516e-04
3.990277560660615780e-04
3.985731804277747653e-04
3.989273012848570726e-04
3.991580102592706897e-04
3.994063707068562616e-04
3.976104402681812427e-04
3.990787896327674606e-04
3.995644918177276958e-04
3.978778026066720269e-04
3.993174090282991312e-04
4.006358329206705202e-04
4.018849664134904959e-04
4.017271421616896987e-04
4.005346447229385268e-04
3.989188553532585502e-04
3.994008817244321325e-04
4.064438777277246334e-04
4.015959188109263561e-04
4.012225865153595697e-04
4.029083909699693431e-04
3.987586736911907575e-04
3.985266026575118520e-04
4.000108165200799704e-04
4.022727109258994352e-04
4.026018345030024431e-04
4.019697313196957328e-04
3.985211747931316712e-04
4.003939946414902915e-04
3.983167611295357130e-04
3.990439930930733464e-04
3.995201725047081600e-04
4.013654601294547103e-04
4.002427682280540683e-04
3.981426241807639707e-04
3.997198247816413533e-04
3.989600954810157418e-04
3.982581867603585016e-04
3.992133220890537121e-04
3.969647077610716224e-04
3.970784164266660810e-04
3.975764062488451817e-04
3.996285406174138080e-04
4.000622080639004924e-04
3.995895618572831371e-04
3.975010389694943807e-04
3.957520588301121972e-04
3.942168172216042659e-04
3.945388743886724114e-04
3.951115766540169824e-04
3.944840573240071535e-04
3.957166249165311239e-04
3.945659758755937002e-04
3.949026402551680912e-04
3.948977362597361315e-04
3.940807626349851597e-04
3.957793494919315089e-04
3.944879950722679713e-04
3.956168889999389865e-04
3.952977043809368990e-04
3.973079437855631113e-04
4.000312095740809820e-04
3.962678863899782408e-04
3.955990949179977287e-04
3.945207135984674096e-04
3.935730870580300906e-04
3.934076317818835595e-04
3.967418277170509208e-04
3.945274394936859499e-04
3.953124542022123933e-04
3.941037692129612077e-04
3.933765663532540311e-04
3.939135174732655395e-04
3.940722701372578632e-04
3.948970581404864680e-04
3.957400593208149184e-04
3.955631866119801890e-04
3.946219861973076842e-04
3.946553857531398752e-04
3.951247403165325306e-04
3.927000099793076407e-04
3.931068495148792863e-04
3.930837498046457984e-04
3.926785313524305712e-04
3.948566154576838017e-04
3.951737307943403721e-04
3.953373612603172877e-04
3.949914331315085509e-04
3.943905467167496681e-04
3.947628953028470495e-04
3.945859847590327046e-04
3.942090697819367051e-04
3.933466476155445088e-04
3.927689715055748712e-04
3.926816192688420198e-04
3.949265024857595780e-04
3.922476898878812790e-04
3.934244683478027799e-04
3.939387272112071406e-04
3.962500486522912979e-04
3.953224979341030012e-04
3.970021964050829302e-04
3.934970212867483280e-04
3.964738280046731234e-04
3.954529704060405384e-04
3.944135096389800310e-04
3.930544451577589024e-04
3.920981340343132832e-04
3.918719448847696185e-04
3.936374734621494900e-04
3.954266314394771944e-04
3.950940008508041501e-04
3.932240797439590096e-04
3.930612001568078995e-04
3.932830062694847367e-04
3.932706575142219771e-04
3.944137017242610346e-04
3.931420767912641276e-04
3.921209136024117470e-04
3.933634958229959228e-04
3.928967926185578108e-04
3.929489030269905925e-04
3.925616154447198023e-04
3.923928277799859751e-04
3.932003455702215433e-04
3.940769674954935908e-04
3.941408795071765780e-04
3.931072540581226457e-04
3.931160230422392271e-04
3.924329706933349154e-04
3.938939218642189990e-04
3.920469578588381518e-04
3.922887961380183805e-04
3.931328421458601843e-04
3.921387746231630228e-04
3.927237383322790374e-04
3.926461213268339634e-04
3.918838279787451246e-04
3.923210839275270917e-04
3.933566942578181516e-04
3.913277178071439266e-04
3.919543058145791401e-04
3.928681428078561913e-04
3.916333749657497027e-04
3.915703651728108742e-04
