4.906990087032317760e+00
4.325150713324547036e-01
1.363554328680038341e-01
4.912175834178924422e-02
2.399293286725878716e-02
1.672804551199078699e-02
1.282266108319163322e-02
7.948053954169153473e-03
8.933864673599601139e-03
6.674732593819498842e-03
6.030321656726300890e-03
5.569297028705478061e-03
4.891275078989565372e-03
4.870169633068144495e-03
4.106359637808055033e-03
3.480618551839142951e-03
3.991817170754074877e-03
3.789158992003649300e-03
3.388707118574529886e-03
3.216388006694615061e-03
3.727307938970625227e-03
2.236361207906156778e-03
2.411100233439356175e-03
3.316234715748578397e-03
1.960698293987661774e-03
1.930311403702944430e-03
1.787780527956783858e-03
2.058130427030846477e-03
2.817758487071842129e-03
4.610887530725448977e-03
3.629609022755176002e-03
2.467464213259518060e-03
2.456755272578448231e-03
2.230889070779085073e-03
2.306668390519917185e-03
2.020562096731737256e-03
2.320993482135236177e-03
2.053233596961945382e-03
2.060334989801049319e-03
1.936248037964105606e-03
2.062639640644192869e-03
1.829521113540977153e-03
1.945919962599873456e-03
1.722702942788600878e-03
1.668800681363791141e-03
1.629455119837075515e-03
1.274216343881562439e-03
1.231435270165093330e-03
1.772867678664624734e-03
8.325908434926532426e-04
7.570312533061951616e-04
9.301234502345323129e-04
1.447618822567164898e-03
8.948875271016732075e-04
4.154419133556075177e-04
4.859133478021249175e-04
5.923514429014176564e-04
9.098048205487430529e-04
4.773326014401391365e-04
8.299402630655095198e-04
6.401502439985051317e-04
5.673323757946491241e-04
8.082434855168685100e-04
1.203093561343848705e-03
9.511114214546978907e-04
1.448234607232734648e-03
1.982027979101985606e-03
1.832211238797753963e-03
1.755153702106326818e-03
1.733548182528465986e-03
1.662265806226059881e-03
1.618324499577283816e-03
1.568421843694523064e-03
1.509407581761479421e-03
1.472490729065612045e-03
1.235027934308163908e-03
9.083860742975958125e-04
4.874657548498362520e-04
7.072236214298755364e-04
5.523892526980489276e-04
4.138396441703662385e-04
4.468207640456967273e-04
1.686798396985977931e-03
1.137120014755055395e-03
8.608987584011629658e-04
1.488666147633921398e-03
1.540678273886442141e-03
1.301690778927877589e-03
1.631172106135636481e-03
1.342676056083291769e-03
1.302516076248139186e-03
1.482858904637396336e-03
1.340218592667952267e-03
1.341977179981768045e-03
1.319119089748710307e-03
1.247697602957487193e-03
1.251064304960891691e-03
1.202155702048912601e-03
1.340752365649677813e-03
1.120051305042579683e-03
4.699513025116175630e-04
3.347438265336677649e-04
2.214146668848116059e-04
1.541334357170853872e-04
2.449610656185541302e-04
3.073749088798649392e-04
3.035673187696375061e-04
2.914340948336757720e-04
3.302720535430125784e-04
3.282376717834267874e-04
3.226133718271739998e-04
3.084549651248380650e-04
3.189492272213101387e-04
3.350453873281367015e-04
1.239189099578652585e-04
1.193189084006007788e-04
1.215666859934572103e-04
1.533806225779699162e-04
2.298665174748748649e-04
1.860719828982837607e-04
1.790691421774681658e-04
1.977928201085887795e-04
1.970655874174554009e-04
2.017510785663034875e-04
1.523902217741124440e-04
1.145802980317967013e-04
2.072502087685279602e-04
2.742219439824111760e-04
2.657252698554657400e-04
4.071426810696721077e-04
2.590522432001307824e-04
3.297839954029768922e-04
3.312898508738726269e-04
3.049750084755942225e-04
3.423520392971113324e-04
3.568823565728962530e-04
3.472950804280117046e-04
3.403101189178414751e-04
3.615493435063399266e-04
3.324687175336293985e-04
3.433275007409974824e-04
3.433681049500592053e-04
3.304659345303662338e-04
3.387582808500155915e-04
3.361337730893865228e-04
3.300045224023051777e-04
3.719471074873581746e-04
3.204727639968041114e-04
3.197258047293871641e-04
2.909780145273543677e-04
1.825320876378100474e-04
2.607400609122123678e-04
3.281930083176121224e-04
3.371680024429224323e-04
2.993996880832128010e-04
3.370107573573477349e-04
3.316351998364552639e-04
3.273950598668306958e-04
3.306627142592333149e-04
3.037754795514047146e-04
3.335052198963239681e-04
3.087116943788714924e-04
3.128884971374645938e-04
2.959472549264319241e-04
2.402301281108520817e-04
2.606720328913070153e-04
2.593940967926755764e-04
2.504918724298476956e-04
2.824563809554092478e-04
3.387669901712797691e-04
2.480645693140104196e-04
2.865641828975640129e-04
3.007060542586259435e-04
3.229867899790406119e-04
3.272392481449059925e-04
2.917616700869985033e-04
3.027374070370569717e-04
2.549575947341509163e-04
2.683276106836274266e-04
1.987824736715992804e-04
1.005712514597689787e-04
1.340434308076510314e-04
1.008116370940115330e-04
9.202128640026785975e-05
1.417405503161717098e-04
1.058381174516398433e-04
1.385123883665073609e-04
1.178221747977659133e-04
1.088490658730734085e-04
1.231205449585104470e-04
8.957427417044527829e-05
1.123660844314144978e-04
1.001725308015011305e-04
1.610943218111060560e-04
2.296520018717274124e-04
3.160016894980799407e-04
3.567638093954883624e-04
3.553024958819151142e-04
3.184099346981384077e-04
3.043277902179397643e-04
2.280815770063782111e-04
2.352790899749379497e-04
1.736672544211614823e-04
4.584142861858708513e-05
5.395947337092365934e-05
5.715983043046435612e-05
3.706601510202745111e-05
5.081413237348897247e-05
4.681367627199506252e-05
6.995524636295158145e-05
8.401466620853171295e-05
6.148716656753094325e-05
7.109478283382487094e-05
4.393742146930889887e-05
2.694681134016718580e-05
3.199295988451922177e-05
3.357418245286680758e-05
3.420377797738183425e-05
7.403717117995256016e-05
5.331784668669570102e-05
4.400493926368653639e-05
3.877714116242714362e-05
3.833908722299384224e-05
3.779562921408796412e-05
4.345006691437447173e-05
2.743582226685248451e-05
3.014409558090847121e-05
3.167461436532903192e-05
3.152235221932641891e-05
3.511022023303666948e-05
8.178597818186972290e-05
9.747860385687090999e-05
1.049466602125903619e-04
1.148741743236314560e-04
1.030796251143328900e-04
1.065092641511000747e-04
1.060973430867306942e-04
9.761250621522776240e-05
1.098293614631984383e-04
9.839867161645087803e-05
1.009343206533230868e-04
9.847579167399089783e-05
9.999964931921568039e-05
5.597167019004700976e-05
1.041371186147443923e-04
1.048210600856691653e-04
5.336345220712246644e-05
2.938745565188582919e-05
2.781651392069761641e-05
6.331975946523016048e-05
7.530301081715151668e-05
9.961364412447437644e-05
9.687178135209251195e-05
9.852357798081356490e-05
4.328629001975059780e-05
5.597972176474286243e-05
3.766031295526772738e-05
2.769679158518556370e-05
5.153164493094663796e-05
3.820887313850107332e-05
2.973735508930985748e-05
2.316656173206865788e-05
2.702568563108798252e-05
3.226431545044761151e-05
4.037638918816810338e-05
5.007116542401490869e-05
9.480132612225134468e-05
7.197103586804587123e-05
5.848733562743291394e-05
3.896185753546887873e-05
7.762096865917555446e-05
1.134017056756420061e-04
7.990727790456731143e-05
3.301935175841208818e-05
6.336918231681920317e-05
7.705893567617749524e-05
6.958539888728410277e-05
7.981392082001548260e-05
9.586154719727346403e-05
1.135883831011597067e-04
1.138711559178773314e-04
1.017554721329361173e-04
1.175062570837326348e-04
1.015223955619148964e-04
1.162830671091796885e-04
1.058541798556689119e-04
1.106140909541863975e-04
9.449942481296603179e-05
1.144750436651520377e-04
9.680648945504799214e-05
9.356949885841459036e-05
8.622785098850726810e-05
1.107531183151877539e-04
9.743700866238214076e-05
9.886605621431954747e-05
9.997522720368578759e-05
8.984997257357462699e-05
1.134045720391441082e-04
8.712861490494106236e-05
1.049068458087276640e-04
4.473671697269310243e-05
1.865650465333601528e-05
2.148369667338556678e-05
1.710043543425854431e-05
1.684442786427098394e-05
1.351457458440563675e-05
1.585626118867367108e-05
1.733296544443874222e-05
2.111041949319769561e-05
2.512668402232520748e-05
2.510242684365948594e-05
2.689837674552109092e-05
2.575578109826892682e-05
2.526706248318077996e-05
2.605316367407794906e-05
2.531256768634193577e-05
2.443786634103162146e-05
1.507843398940167390e-05
1.526888509033597007e-05
1.864402729552239247e-05
1.175993966171518002e-05
1.338689871772658148e-05
1.530671634100144865e-05
1.730779176796204478e-05
1.103827248698507834e-05
1.470044403504289255e-05
1.940491638379171423e-05
2.713436033445759609e-05
1.395247472828486867e-05
1.611785801287624121e-05
1.498148812970612232e-05
1.735277519401279414e-05
1.043706733980798196e-05
1.121397867791529211e-05
1.085517947103653637e-05
9.720537764223991640e-06
8.965537108451827176e-06
1.131094459196901846e-05
1.051607414410682463e-05
1.215766815221286379e-05
1.812807249734760262e-05
1.638988069316837801e-05
1.327417380707629423e-05
1.404269978593219935e-05
1.937403276315308244e-05
1.531083480585948429e-05
1.542839781905058839e-05
3.529414789227303118e-05
5.344929359125671637e-05
5.269809407764114711e-05
2.469710962031967870e-05
2.239517261841683581e-05
1.317132000622223131e-05
1.289975648433028255e-05
1.039236663018527839e-05
1.171130729744618361e-05
1.211745575346867554e-05
1.392475578541052562e-05
1.285242697122157585e-05
1.360160144940891701e-05
1.371100961478077807e-05
1.455689039175922517e-05
1.080573542822094169e-05
8.504831384925637394e-06
1.469227531742944916e-05
1.973022003767255364e-05
3.703202592078014412e-05
1.340135572718281697e-05
1.298111046708072570e-05
1.521070730632345726e-05
1.415253418599604663e-05
1.213110635944758542e-05
1.422941468263161403e-05
1.825999361244612441e-05
1.469874587201047689e-05
1.136705186581821113e-05
1.305134223912318771e-05
1.448315260859089836e-05
1.187034304166445441e-05
1.157589208560238990e-05
2.101283494084782568e-05
2.350299409954459474e-05
2.103362253365048741e-05
2.148237581423018128e-05
1.257067851838655702e-05
2.724759888224070960e-05
2.793309758999385075e-05
2.269965070809121108e-05
1.426640446879900958e-05
1.463762419007252902e-05
1.349040503555443070e-05
1.165993103313667234e-05
1.224161019308667164e-05
1.275420163437956944e-05
1.714957934382255054e-05
3.742373182831215401e-05
3.871547687595011666e-05
3.836287614831235124e-05
3.756053629331290586e-05
3.728356750798411667e-05
1.591875397934927741e-05
1.024688258439709966e-05
8.380767144444690298e-06
7.015747587502118962e-06
5.211259031057125296e-06
4.780918425240088593e-06
4.815511965716723691e-06
5.165501988813048229e-06
6.332164184641442600e-06
5.672802990375202742e-06
4.988102591596543620e-06
4.781799475495063234e-06
4.656198530028632207e-06
4.552286577563791409e-06
4.643364695766649336e-06
4.448779054655460471e-06
5.402620672612101771e-06
4.777645767717331352e-06
4.899527448287699710e-06
6.049908597560715523e-06
5.986013820802327076e-06
5.456617395793728404e-06
5.083638893665920647e-06
4.348127686171210540e-06
4.624859207069675565e-06
5.142355462339764927e-06
4.845096555072814226e-06
4.271070156391942704e-06
4.998541066925099924e-06
4.444019964466860984e-06
4.842923590331338177e-06
5.095232791063608771e-06
5.919823729527707085e-06
5.451773586173658429e-06
6.282398339862993792e-06
5.398289431468583643e-06
4.723879851553647483e-06
4.362411732472537382e-06
4.780564245265849993e-06
4.757381384479231540e-06
5.594080221271724440e-06
4.567556584333942907e-06
4.584528437590052077e-06
4.054442842971184122e-06
4.318486412557831839e-06
4.645171247830148617e-06
5.122537390889192296e-06
5.854355003975797783e-06
5.534776437343680130e-06
5.335637524694902822e-06
4.746187846649263181e-06
4.459923707145207688e-06
4.722110270449775610e-06
4.641390501092246437e-06
4.375539674583706073e-06
4.724763971353240607e-06
4.370680198917398399e-06
4.286823104848735627e-06
4.215996636958152691e-06
4.353142730906256305e-06
4.298709995964600239e-06
4.638962923309008887e-06
6.075851706555112858e-06
4.863019785261712799e-06
5.104063757244148461e-06
4.138835015510266774e-06
4.435391247170628048e-06
4.574872036755550653e-06
4.552026189230673142e-06
4.385421766528451942e-06
4.543203658613492735e-06
4.840383689952432517e-06
4.441083069650630593e-06
5.853296693203447260e-06
6.202495637808169873e-06
7.967439819367427506e-06
6.744453412466100586e-06
7.274552763192332011e-06
4.674971501117397904e-06
4.786568160852766257e-06
5.155949293111916801e-06
4.924898621538886631e-06
4.523870279626862273e-06
4.626417921826941723e-06
5.048167190579988867e-06
4.215714329802722035e-06
4.512262648859177716e-06
4.524374298853217963e-06
4.835150662074738648e-06
4.516513990893145431e-06
4.932074921271123119e-06
4.366068037597870158e-06
4.686966690314875450e-06
4.810851874026411848e-06
4.706244931185210928e-06
5.629865813716605602e-06
6.207566138982656751e-06
5.755800270890176931e-06
6.448042995543801226e-06
7.189522193584707566e-06
5.700098904526385352e-06
3.825611634056258142e-06
3.479830036212660986e-06
3.328153138681955339e-06
3.211018940874055345e-06
2.987240236507204827e-06
3.435003952745319196e-06
3.300766331904014721e-06
3.132275310235854704e-06
3.130550135210796640e-06
3.090456004883890273e-06
3.111302055458509215e-06
3.142107311759900683e-06
3.196405123162549074e-06
3.049571762403502192e-06
3.013069283497315980e-06
3.019264966042101150e-06
3.029648553365404950e-06
3.138538465918827654e-06
2.985033074764942454e-06
3.223836085908260599e-06
3.008295288964291018e-06
3.218895960799272955e-06
3.284761476152198156e-06
3.062360292460653000e-06
3.229363164791721004e-06
3.046962740427261367e-06
2.857306094483646945e-06
2.891244514557911231e-06
2.976473638227616902e-06
3.140415401503560133e-06
3.006828296747698745e-06
3.081208569710724902e-06
2.995494287461042235e-06
3.099227103575685591e-06
2.954245189812354511e-06
2.907179475641896885e-06
2.968284934468101541e-06
3.026508068160183029e-06
3.042891682980553099e-06
2.943832009805191689e-06
3.090911945946572814e-06
3.138695433335669804e-06
3.027773755093221722e-06
3.033861560197692597e-06
2.936296095867874270e-06
2.944166305951512101e-06
2.845207973223295994e-06
2.888668166178831428e-06
3.093358259320666548e-06
3.082619753058679804e-06
2.920478948453819612e-06
3.069398655952682190e-06
2.973368134462361838e-06
3.097929891282547032e-06
3.145983305330446540e-06
3.072382389746053462e-06
3.130733068701374662e-06
3.208712746527453504e-06
2.984793854921008291e-06
3.120251744803681673e-06
3.250441682212112768e-06
3.265361306148406669e-06
3.245329173751088177e-06
2.890437872338224964e-06
2.828250603670312388e-06
3.099944774476171175e-06
3.080402973409946013e-06
2.986900858559238343e-06
3.021006978087825531e-06
2.996612806782650296e-06
2.984413310969103064e-06
3.063738779474078995e-06
3.033349025827192151e-06
2.895129227908910252e-06
3.086198273649643112e-06
2.982979333410184979e-06
2.756408969162293858e-06
3.149967892568384001e-06
3.016433447555755180e-06
2.780639442789833908e-06
2.907645932737068675e-06
2.905070448377955303e-06
3.243236403704941209e-06
2.952306874703935877e-06
2.816112055370467884e-06
2.903247241192730228e-06
3.215638594156189271e-06
3.430662775372183945e-06
3.016056962223956531e-06
2.914626452366064599e-06
3.074321443818916863e-06
3.435418329900130545e-06
3.006968063345993954e-06
3.125369391909771197e-06
3.082642194840445882e-06
3.187333982168638528e-06
3.140486251140828160e-06
3.054126716506289001e-06
2.889990821586252592e-06
2.742838751146337102e-06
2.600035486466367729e-06
2.628667130011308642e-06
2.560113944127806293e-06
2.503438588519202228e-06
2.580220041181746637e-06
2.613784056393342241e-06
2.528903848997288151e-06
2.496636477644642497e-06
2.579375495770364153e-06
2.494027853572333697e-06
2.560121220085420476e-06
2.538578792155021717e-06
2.556653078045201340e-06
2.525395723296241983e-06
2.526560854221315906e-06
2.519552492685761705e-06
2.539988645366974937e-06
2.565494946793478363e-06
2.498637820735893826e-06
2.580641773874958914e-06
2.545224890582175989e-06
2.506030477888998491e-06
2.523405191823258149e-06
2.501875451343948868e-06
2.522909085200808477e-06
2.542310107855882877e-06
2.577064924480510029e-06
2.612170794691337590e-06
2.588225277122546771e-06
2.541950277645810444e-06
2.590846622751996450e-06
2.492217799954232929e-06
2.452042008371791040e-06
2.486922801381297261e-06
2.545116797136870615e-06
2.510066644845210164e-06
2.480753016698145159e-06
2.547101041727728359e-06
2.527730032397812465e-06
2.452547357734147142e-06
2.467191802679735871e-06
2.451030593420000683e-06
2.507102851723175094e-06
2.449996475206716981e-06
2.548278837366524301e-06
2.406346322914032668e-06
2.406529199561191405e-06
2.456920958593400513e-06
2.515131518521229821e-06
2.426316711989784380e-06
2.422199418106174393e-06
2.505516533801710466e-06
2.544529263559525303e-06
2.492600788173149170e-06
2.514172683731885712e-06
2.541688422752486161e-06
2.492889791483321460e-06
2.397526395725435493e-06
2.404865745120332661e-06
2.470749154781515075e-06
2.566777880019799341e-06
2.632424093462759544e-06
2.479544423295010178e-06
2.452328442359430652e-06
2.501704193491605195e-06
2.572086384589056421e-06
2.402588768291025274e-06
2.441450476453610463e-06
2.358901735988183815e-06
2.460703888118587286e-06
2.496944023278046928e-06
2.530844835746393243e-06
2.579705358130013422e-06
2.591787392702826764e-06
2.598250341634411513e-06
2.481127557985019023e-06
2.556592096425447211e-06
2.426583353098976489e-06
2.373311917835962789e-06
2.444441918214579346e-06
2.420121643353923160e-06
2.454231605497625424e-06
2.436696706809016008e-06
2.441045955947629494e-06
2.355968763367854821e-06
2.418352767108444654e-06
2.407698218576115323e-06
2.390085433034983083e-06
2.485952791175805032e-06
2.452530554819531802e-06
2.544440667406888763e-06
2.586883420008234595e-06
2.464912688537879233e-06
2.541484695939289025e-06
2.480533453308453318e-06
2.397629793904343302e-06
2.446889277507580034e-06
2.491383577307715229e-06
2.375490225858811755e-06
2.316613404218514916e-06
2.268989157983014508e-06
2.261342558540491154e-06
2.351733735395100582e-06
2.316407790203811431e-06
2.314883579401794207e-06
2.307188333361409520e-06
2.304129054664372234e-06
2.327330184925813313e-06
2.319327882105426482e-06
2.314711218787124296e-06
2.302642167251178677e-06
2.273693394272413740e-06
2.233838154097611466e-06
2.256016443880071165e-06
2.262128680285968670e-06
2.299281311479717345e-06
2.292892099831078582e-06
2.301531208104279527e-06
2.273214613524032672e-06
2.274964003845525440e-06
2.255010849694372070e-06
2.308676039319834587e-06
2.298372044151619860e-06
2.299397795013646659e-06
2.299254401805228723e-06
2.246337942324316828e-06
2.272759888910513667e-06
2.271703431233618091e-06
2.248772807433852079e-06
2.265211344365525208e-06
2.262034035993565424e-06
2.322505179108702747e-06
2.280157923451042649e-06
2.266584567678364608e-06
2.314552489224297460e-06
2.293325007940438978e-06
2.268022774387645853e-06
2.251752914617100201e-06
2.313008064902533248e-06
2.335616022719477854e-06
2.267587410642590924e-06
2.263225781007349724e-06
2.221701436155854026e-06
2.225503772024239794e-06
2.283099138367106037e-06
2.262255645746336255e-06
2.281868057707470059e-06
2.306874944224546367e-06
2.276523878208536274e-06
2.268917182846053207e-06
2.221184092832117871e-06
2.246450856091541852e-06
2.233233499282505533e-06
2.242478251446300504e-06
2.320404473721282726e-06
2.256650077470112592e-06
2.199666505475761284e-06
2.255017045627027898e-06
2.283772130340367027e-06
2.271479058890690964e-06
2.307340162133186738e-06
2.230412906101264356e-06
2.266004594275727783e-06
2.271279799970215948e-06
2.290867826104658889e-06
2.222733371581853135e-06
2.218432803147152384e-06
2.208098146638803798e-06
2.297683874985523458e-06
2.242712321276485370e-06
2.204728798460564745e-06
2.230654956747457618e-06
2.407640795354381966e-06
2.293905822625674773e-06
2.196095317685831021e-06
2.197122501002013281e-06
2.237209491795511070e-06
2.251989815249544166e-06
2.221237923549779056e-06
2.204129123128950681e-06
2.241681568193598820e-06
2.234249825505685379e-06
2.199812786329857603e-06
2.236531247490347426e-06
2.247191309834306679e-06
2.235849206044804474e-06
2.289734197802317794e-06
2.237624551071348748e-06
2.213197421951917762e-06
2.218611462012631903e-06
2.211731487022916384e-06
2.277094370128906861e-06
2.272391384394722991e-06
2.169605556900933237e-06
2.220582064182963053e-06
2.252017839055042544e-06
2.340875823847454740e-06
2.280519538544467650e-06
2.179654097744787493e-06
2.197948128923599058e-06
2.188370433486852393e-06
2.163685553568939043e-06
2.137195951945613900e-06
2.176340274218091508e-06
2.157354379050957589e-06
2.171725077459996185e-06
2.162005034733738115e-06
2.168481944408995163e-06
2.159919733912829373e-06
2.174166036184033061e-06
2.184525556003791280e-06
2.150223144781193781e-06
2.154723881631070896e-06
2.160312942578457465e-06
2.165394937492237744e-06
2.157266970925775155e-06
2.125173608646946377e-06
2.164772922697011381e-06
2.159147106794989753e-06
2.172743597839144143e-06
2.158436893751058876e-06
2.156306652523198694e-06
2.192462102357240098e-06
2.144896302525012119e-06
2.147426971532695292e-06
2.159996154205146182e-06
2.186724691455310761e-06
2.152526440113433721e-06
2.135347403964260424e-06
2.163425426715548468e-06
2.188529981594911163e-06
2.170025311443168903e-06
2.151565126951027196e-06
2.188136659242445772e-06
2.173882944589422719e-06
2.179797581902676114e-06
2.148012322322756433e-06
2.145846360690484204e-06
2.134447652224480577e-06
2.149818521957058608e-06
2.160955591534729878e-06
2.145164512512565294e-06
2.200738356350484622e-06
2.131663018190010832e-06
2.134605131232092475e-06
2.159777193355694350e-06
2.147657448858808409e-06
2.193166176311933584e-06
2.178927411478070923e-06
2.131162648311146598e-06
2.153756224743119843e-06
2.144335951470566215e-06
2.141989580195513723e-06
2.127375830696109830e-06
2.165661635444848714e-06
2.129783263171702771e-06
2.152665308585710675e-06
2.125850733136758293e-06
2.149421550257102184e-06
2.116591224421426971e-06
2.117708856985700719e-06
2.117382905453268904e-06
2.132663632892217635e-06
2.146226665900030470e-06
2.113746643317426957e-06
2.150858040295133663e-06
2.172492793306446317e-06
2.165274986509757497e-06
2.145758924143592764e-06
2.128318908489745978e-06
2.120583076248294674e-06
2.179776697630586738e-06
2.144842858342599441e-06
2.142807136351620842e-06
2.182594937494286738e-06
2.132512554453569549e-06
2.126397248503053561e-06
2.122400837833993052e-06
2.146561052995821144e-06
2.149734643808187515e-06
2.148725980077870360e-06
2.119968917213555044e-06
2.150673594769614283e-06
2.128143285062833541e-06
2.128959090441639916e-06
2.111512367264367555e-06
2.180737999424309322e-06
2.121776856256474445e-06
2.122821160810417326e-06
2.114502501626702639e-06
2.118388681537908100e-06
2.121196007465186825e-06
2.127181721789384113e-06
2.120608940003876342e-06
2.119822079293953636e-06
2.107594502831489165e-06
2.113401399128633869e-06
2.137317767392232612e-06
2.116214591296738776e-06
2.119385999321820976e-06
2.116961093179270308e-06
2.078684428852284497e-06
2.084167419980076374e-06
2.083158369714510712e-06
2.091954684146912768e-06
2.098253401072725125e-06
2.095700563131686237e-06
2.092508304940565637e-06
2.090973009671870556e-06
2.095025911330594766e-06
2.092794977670564634e-06
2.095723141337657495e-06
2.101809207033511569e-06
2.089738620725256708e-06
2.109988793108641318e-06
2.154599974346638276e-06
2.094770547955704557e-06
2.094105923333700048e-06
2.098859738453029422e-06
2.078437751151796049e-06
2.075924476230284284e-06
2.103686688315065197e-06
2.088047199322318023e-06
2.104971053995541212e-06
2.092825775434903250e-06
2.066917767251652464e-06
2.091379087687528227e-06
2.092465626901685112e-06
2.107946409068972486e-06
2.091603448661771836e-06
2.081601883219264067e-06
2.069514732738753252e-06
2.085206926949467912e-06
2.098812706208264074e-06
2.087011932871974010e-06
2.063073975477891678e-06
2.074826181797107153e-06
2.072640711503481725e-06
2.082704463646223218e-06
2.092100839945487847e-06
2.094074989145155827e-06
2.083046001644106412e-06
2.105944645336421672e-06
2.083891456550191093e-06
2.079489445350191260e-06
2.074752660519152245e-06
2.082546677684149557e-06
2.072600091196363707e-06
2.072793955676388493e-06
2.098364950597897490e-06
2.064298985260393068e-06
2.080190006381599317e-06
2.075081874863826585e-06
2.099797325172403531e-06
2.101098391449340683e-06
2.090317843794764401e-06
2.073614575692772548e-06
2.116436894539219878e-06
2.087764994485041995e-06
2.089816746320138918e-06
2.060126041669718773e-06
2.059431278667034518e-06
2.067968875962833578e-06
2.059400515008746879e-06
2.099136167998949531e-06
2.101477889482339378e-06
2.065054263766796624e-06
2.063373017335834447e-06
2.069005040539195846e-06
2.076433258935139917e-06
2.060012525362253739e-06
2.081787636143417246e-06
2.069691743145085808e-06
2.057681558653712103e-06
2.066126785393862350e-06
2.068763922125071816e-06
2.081080526750156254e-06
2.074087080927711044e-06
2.053585092198773054e-06
2.090441807922616305e-06
2.070448363156174140e-06
2.077268527500564148e-06
2.062436567484837554e-06
2.052617105618992355e-06
2.081556817756790964e-06
2.056467235433956545e-06
2.067188620458182244e-06
2.066715529736029651e-06
2.052877994174196004e-06
2.075747033813968301e-06
2.070848938728886254e-06
2.048120734343683580e-06
2.080999627196433806e-06
2.073294888305099363e-06
2.052901265869877534e-06
2.064362649889517173e-06
2.068995570425613550e-06
2.057413405509578212e-06
2.041217999249056278e-06
