6.944101850191751746e-01
1.510940293471018381e-01
7.902561376492182876e-02
4.101432611544927193e-02
2.690644313891728603e-02
2.283370867371559143e-02
2.132679646213849270e-02
1.673331360022227085e-02
1.471874583512544632e-02
1.371954102069139481e-02
1.059471381207307238e-02
1.239372262110312838e-02
1.066390114525953871e-02
8.607830231388410511e-03
1.027938226858774763e-02
1.010520445803801161e-02
9.388178897400697651e-03
9.169379870096841870e-03
1.025721865395704847e-02
8.773867661754289685e-03
7.408168011655409842e-03
7.940718748917182865e-03
7.240409031510353088e-03
7.488803782810767203e-03
6.455444109936554938e-03
6.147297875334818869e-03
7.960430501649776516e-03
6.598444189876317978e-03
1.010612460474173170e-02
9.601232285300890026e-03
5.418046222378809958e-03
5.316404780993859262e-03
7.262422547986109762e-03
7.029980576286713571e-03
6.888076663017272949e-03
5.969361557314793558e-03
8.020753351350625934e-03
6.364110081146161051e-03
6.408549689998229056e-03
7.975999886790910778e-03
5.619993278135855704e-03
6.982126428435246439e-03
5.631027277559041977e-03
6.492268604536850958e-03
5.112569934378067942e-03
7.137060010184844046e-03
5.075347454597552328e-03
6.886853991697232218e-03
4.351119666049878092e-03
4.581201821565628052e-03
5.605312529951334000e-03
4.791828027615944834e-03
4.711682753016551047e-03
4.995170980691909790e-03
4.543171652282278032e-03
4.805726464837789536e-03
3.801268991082906723e-03
4.729777729759613962e-03
5.173363878081242533e-03
4.779413187255461722e-03
5.010396242141723633e-03
4.207408521324396133e-03
5.080368835479021072e-03
5.792385743310053854e-03
5.081010904784004183e-03
5.917770788073539734e-03
4.548995755612850189e-03
6.677636566261450739e-03
4.835926151523987741e-03
4.890790674835443497e-03
4.638538385430972071e-03
5.585861392319202423e-03
4.942210235943396597e-03
5.583259432266156168e-03
4.327033025523026495e-03
4.478015316029389410e-03
4.576117265969514847e-03
3.401723690330982208e-03
3.618732249985138431e-03
4.422697549064953833e-03
4.179969973241289168e-03
4.585423662016789408e-03
4.922774620354175568e-03
4.966452407340208978e-03
5.254292239745457678e-03
5.385648924857378006e-03
3.974804189056158066e-03
5.249665273974339456e-03
5.546925899883111029e-03
4.873511614277958870e-03
5.872690118849277496e-03
4.162109224125742912e-03
4.893038887530565262e-03
4.560807719826698303e-03
5.914223069945971460e-03
5.407280599077542334e-03
5.198284207532803507e-03
4.724601516500115395e-03
4.912134725600481033e-03
4.021342378109693527e-03
3.964228943611185045e-03
4.006206756457686424e-03
4.343364853411912918e-03
3.899732992673913493e-03
3.447863195712367549e-03
4.043005251636107474e-03
4.004837401832143755e-03
4.341262858361005783e-03
3.730339230969548225e-03
3.901246624688307300e-03
3.911663545295596123e-03
4.264484935750563650e-03
3.760805198301871762e-03
4.060863051563501358e-03
3.820045928781231389e-03
4.260684208323557882e-03
3.674353938549757004e-03
4.094207581753532381e-03
4.113468108698725700e-03
3.844563305998841777e-03
4.337883864839871435e-03
3.659720144545038686e-03
3.877496967713037982e-03
3.959525686999161749e-03
3.985964848349492044e-03
3.635638548682133212e-03
4.315952770411968231e-03
3.858623638128241048e-03
4.047685302793979645e-03
4.249900191401441603e-03
3.854127445568641171e-03
4.223240694652001352e-03
3.892404492944478989e-03
4.102744394913315773e-03
3.983584310238559752e-03
4.230628643805782289e-03
3.631435567513108253e-03
4.471859894692897797e-03
3.853258987267812238e-03
4.444335121661424637e-03
3.582479665055871010e-03
4.066591306279103250e-03
3.805740037932991982e-03
4.463144189988573103e-03
3.883822898690899358e-03
3.991309941435853929e-03
3.967495945592721014e-03
4.129771220808227568e-03
4.139297719423969298e-03
4.023613485818107634e-03
4.297944484278559685e-03
4.030884088327487021e-03
4.307550999025504083e-03
4.373181921740372687e-03
4.227683103332917185e-03
4.024450667202472687e-03
4.009167974193890600e-03
4.070706199854612350e-03
4.787487753977377920e-03
3.634174043933550372e-03
4.403195421521862059e-03
4.247264858956138582e-03
4.031999657551447840e-03
3.992317787682016401e-03
4.128971292326848001e-03
3.868868496889869227e-03
4.135912749916315079e-03
4.047495002547900171e-03
4.156444997837145834e-03
3.769882256165146828e-03
3.887591185048222542e-03
4.496450380732615500e-03
3.861461067572236061e-03
4.280650755390524864e-03
4.295673609400789232e-03
4.458987619727849960e-03
4.151834252600868254e-03
4.000021144747734070e-03
3.814398621519406781e-03
4.237258884434898405e-03
3.745617422585686192e-03
4.241598226750890703e-03
4.241402493789792061e-03
4.536461628352602034e-03
3.641797772919138417e-03
3.931252208227912874e-03
3.087511829410990224e-03
4.035838336373369188e-03
3.788185461113850131e-03
4.349704599007964134e-03
3.234872051204244151e-03
4.445307965700824766e-03
3.648761815081039920e-03
4.124820698052644730e-03
4.108453945567210226e-03
4.075958393514156342e-03
3.531087810794512286e-03
4.482477748145659475e-03
4.145381196091572733e-03
4.505731165409088135e-03
3.856778688107927785e-03
4.243338325371344595e-03
3.588566789403557777e-03
3.790817533930142865e-03
3.921182205279667883e-03
3.694738649452725902e-03
3.630725278829534993e-03
3.699241671711206436e-03
3.837818357472618565e-03
3.633495808268586650e-03
3.549256051580111041e-03
3.779146665086348996e-03
3.511280597498019681e-03
3.549784499530991063e-03
3.861364442855119705e-03
3.862072558452685819e-03
3.768321669970949635e-03
3.577872877940535545e-03
4.002803160498539896e-03
3.509189312656720624e-03
3.735181021814545140e-03
3.898209736992915616e-03
3.641356714069843292e-03
3.920649799207846613e-03
3.631377825513482094e-03
3.799582210679849133e-03
4.004273253182570429e-03
3.759750165045261383e-03
3.722560203944643483e-03
4.006941492358843775e-03
3.684990651284655080e-03
3.849720349535346031e-03
3.905011030534903064e-03
3.746081609278917313e-03
4.033921829735239058e-03
3.649649675935506821e-03
3.992988883207241983e-03
3.800311436255773053e-03
3.815350821241736412e-03
3.642935849105318532e-03
3.902438251922527804e-03
3.604948054999113083e-03
3.883643541485071182e-03
4.084098928918440848e-03
3.918211441487073898e-03
3.952558540428678484e-03
3.614175676678617940e-03
3.943857038393616676e-03
3.686477973436315999e-03
4.084758926182985306e-03
4.251910528788964243e-03
3.772921472166975484e-03
3.914968343451619148e-03
3.961278125643730164e-03
3.728674569477637753e-03
4.234921187162399292e-03
3.709943654636541858e-03
4.465481576820214300e-03
3.995931629712383241e-03
4.000935315464933424e-03
3.976070011655489893e-03
3.838365742315848813e-03
3.766690768922368541e-03
4.022863771145542174e-03
3.625735019644101605e-03
4.105368861928582191e-03
4.043338044236103983e-03
3.791765154649814114e-03
3.805585748826464162e-03
3.748695831745862961e-03
3.769993083551526070e-03
3.981242033963401823e-03
3.997116660078366308e-03
3.779348839695254817e-03
3.892807910839716449e-03
3.829124849289655685e-03
3.754000489910443768e-03
3.759137975672880664e-03
4.188752345119913130e-03
3.773133736103773117e-03
3.708713299905260549e-03
3.988049070661266356e-03
4.041645055015881567e-03
3.887590874607364192e-03
4.025948311512668638e-03
3.547112690284848213e-03
4.051437058175603838e-03
3.887983194241920962e-03
4.013490940754611998e-03
3.974193319057424574e-03
3.814074443653225899e-03
3.783140331506729126e-03
4.078998463228344917e-03
3.823565241570273891e-03
4.239598677183191271e-03
3.963469838102658301e-03
3.912094437206785173e-03
3.835737627620498195e-03
4.164020608489711790e-03
3.862692586456736073e-03
3.998638208334644346e-03
3.746824571862816811e-03
3.665602145095666394e-03
3.566313923026124492e-03
3.730795967082182422e-03
3.671442003299792752e-03
3.962283022701740265e-03
3.752219956368207932e-03
3.751533028359214320e-03
4.191227024421095848e-03
3.974752423043052645e-03
3.830573909605542674e-03
3.771655261516571045e-03
3.841364911446968570e-03
4.187492032845814734e-03
3.884693530077735438e-03
3.944484594588478117e-03
3.964114856595794649e-03
3.860594316696127400e-03
3.798773124193151936e-03
3.735793133576711163e-03
3.777668112888932228e-03
3.666530208041270718e-03
4.060875702028472929e-03
3.976118285208940506e-03
3.929445985704660416e-03
3.818595626701911435e-03
3.787247231230139732e-03
3.969567750270168276e-03
3.723487956449389458e-03
3.764847991988062859e-03
4.090337548404932022e-03
3.797547426074743271e-03
3.635839403917392239e-03
4.002146810914079637e-03
3.591789864003658295e-03
3.885912010446190834e-03
3.530126065015792847e-03
3.943891497328877449e-03
3.815495641902089119e-03
3.734695337091883168e-03
3.720920300111174583e-03
3.636346353838840976e-03
3.735503259425362096e-03
3.656537504866719246e-03
4.116211707393328638e-03
4.215190807978312464e-03
3.837345788876215472e-03
3.812378582855065808e-03
3.789456405987342343e-03
3.736779404183228955e-03
3.898230381309986115e-03
3.805652881662050738e-03
3.831189280996719852e-03
3.891805342088142886e-03
3.719730225081244960e-03
3.798837540671229362e-03
3.718490712344646454e-03
3.835029744853576169e-03
4.082158595944444628e-03
3.809629318614800916e-03
3.880495904013514519e-03
4.058227253456910162e-03
3.634549599761764064e-03
3.780334644640485301e-03
3.705826820805668831e-03
3.981206643705566435e-03
3.926882442707817049e-03
3.697288765882452474e-03
3.806220134720206261e-03
4.026917507871985435e-03
4.236366677408416777e-03
3.956979839131236076e-03
3.694550367072224617e-03
3.969650327538450270e-03
3.861336037516593933e-03
3.788889230539401517e-03
3.850507084280252457e-03
3.629892986888686671e-03
4.030184354633092880e-03
3.867539499575892940e-03
3.873355143393079295e-03
3.996248589828610420e-03
3.653744390855232730e-03
3.860783064737915993e-03
3.791347146034240723e-03
3.907906745250026674e-03
3.559368740146358952e-03
3.737353719770908356e-03
3.641977362955609813e-03
3.797801599527398601e-03
3.956159266332785578e-03
3.869895202418168530e-03
3.871569642797112465e-03
3.820186868930856242e-03
3.889377151305476680e-03
3.619962604716420174e-03
3.966039279475808144e-03
3.913062391802668571e-03
4.107038180033366175e-03
3.970493795350193977e-03
3.873089095577597618e-03
3.733447054401040077e-03
3.948433402304847746e-03
3.837473690509796143e-03
3.945229109376668930e-03
3.952545734743277521e-03
3.900820932661493764e-03
3.992708555112282724e-03
3.923583465317885370e-03
3.850999598701795087e-03
3.919991975029309302e-03
3.859442425891757011e-03
3.559670837906499848e-03
4.035316873341798782e-03
3.871082638700803265e-03
3.750560960421959415e-03
4.006323094169299097e-03
3.834422522534926877e-03
3.819988497222463145e-03
3.971667417014638872e-03
3.829417517408728600e-03
3.881217523788412557e-03
3.766865624735752597e-03
4.016648279502987862e-03
3.922029165551066399e-03
3.722283756360411644e-03
3.915156703442335129e-03
3.896787296980619431e-03
3.614972035090128436e-03
3.891812947889169202e-03
3.545736971621712193e-03
3.989752304429809542e-03
3.763565172751744733e-03
3.970005937541524858e-03
4.127017067124445944e-03
3.610283602029085159e-03
3.848468729605277524e-03
3.885288878033558383e-03
4.058932264645894079e-03
3.827018740897377477e-03
4.014302588378389387e-03
3.835029356802503123e-03
3.993812482804059982e-03
3.930488678937156706e-03
3.890726094444592938e-03
4.069763546188672095e-03
3.735326851407686725e-03
3.720114007592201233e-03
3.666533855721354485e-03
4.092882930611570387e-03
3.722002031281590462e-03
3.669705940410494804e-03
3.730198290819922938e-03
3.876370377838611603e-03
3.933416912332177162e-03
3.884860624869664655e-03
3.860969174032410130e-03
3.779664868488907814e-03
3.981899780531724005e-03
3.921340840558211298e-03
3.769551326210299983e-03
3.787260580187042699e-03
3.875232689703504100e-03
3.915294073522090912e-03
3.845992187658945575e-03
3.776958755527933583e-03
3.875232379262646184e-03
3.968842094764113426e-03
3.968397465844948797e-03
3.807515992472569003e-03
3.773756946126619830e-03
3.897635421405235782e-03
4.085612638543049784e-03
3.925267374143004417e-03
3.781735664233565331e-03
3.777573117986321449e-03
3.834174169848362460e-03
3.687358383710185542e-03
3.631940111517906189e-03
3.727892957006891713e-03
4.039057918513814897e-03
3.835998242720961571e-03
3.970025107264518738e-03
4.038773166636626215e-03
4.001921275630593300e-03
3.941868354255954714e-03
3.859702109669645772e-03
3.742292600994308934e-03
3.690699503446618571e-03
3.881167775640884891e-03
3.864335672309001431e-03
3.908536940192182570e-03
3.883715951815247536e-03
3.740152344107627869e-03
3.867721728359659657e-03
4.049108363687992096e-03
3.887109536056717381e-03
4.019770150383313208e-03
3.963483187059561701e-03
3.639975407471259580e-03
3.915356084083517103e-03
3.782046260312199593e-03
4.058096868296463995e-03
3.944108029827475548e-03
3.818312892690300941e-03
3.831862316777308927e-03
3.825790792082746968e-03
3.566046711057424545e-03
3.759884508326649666e-03
3.845397926246126637e-03
3.683714972188075528e-03
3.951414643476407022e-03
3.928791886816422434e-03
4.136009685074289351e-03
3.763302306955059514e-03
3.980457937965790720e-03
3.942738131930430441e-03
3.758178635810812459e-03
3.886196995154023170e-03
3.864133652920524135e-03
3.888298757374286652e-03
3.911116160452365875e-03
3.932353962833682985e-03
3.842191460231939807e-03
3.963502977664272280e-03
4.206913678596417398e-03
4.043421319996316939e-03
3.786182807137568936e-03
3.713596456994613156e-03
3.742192483817537770e-03
3.917123579109708757e-03
3.873747695858279719e-03
3.998920942346255274e-03
3.769252837325135722e-03
3.895369047919909015e-03
3.877299760157863154e-03
3.892710510020454869e-03
4.000450251623988152e-03
4.004149620110790224e-03
4.140791250392794609e-03
3.841084040080507741e-03
3.863062088688214765e-03
3.758999984711408615e-03
3.894476840893427386e-03
4.203043645247817039e-03
3.914576334257920294e-03
3.967177122831344604e-03
3.928235111137230902e-03
3.663646833350261197e-03
3.692693465078870311e-03
3.691348247230052948e-03
3.965678391978144646e-03
3.768925555050373077e-03
3.748467657715082169e-03
3.985239270453651457e-03
3.901852217192451015e-03
3.952210846667488127e-03
3.672390943393111229e-03
3.990974354868133574e-03
3.867835116883119092e-03
4.064545578633745222e-03
3.750200693806012616e-03
3.705734387040138245e-03
3.981929893294970484e-03
3.804468006516496196e-03
3.918953705579042435e-03
3.933118113006154985e-03
3.968771391858656912e-03
4.148635004336635561e-03
4.074970415482918711e-03
3.848200043042500958e-03
3.952580426509181948e-03
3.875881899148225784e-03
3.796076712508996472e-03
3.849332919344305992e-03
4.005806365360816031e-03
3.904052854826053128e-03
3.758065092066923633e-03
4.178307174394528360e-03
3.982933238148689270e-03
3.788623105113705144e-03
3.944922781859834700e-03
3.846386214718222618e-03
3.728391913076241956e-03
3.955232910811901093e-03
3.845010418444871902e-03
3.738633745039502635e-03
4.198560568814476042e-03
3.715215483680367470e-03
3.691268386319279671e-03
3.843318826208511844e-03
4.099664899210135431e-03
3.810167390232285008e-03
4.005173298840721159e-03
4.021394299343228340e-03
3.860474486524859920e-03
3.822887005905310168e-03
3.641543056194981084e-03
4.021265776827931404e-03
3.790171972165504947e-03
3.989127930253744125e-03
4.001630547766883879e-03
3.822003103171785817e-03
3.850248254214724049e-03
3.968612213308612795e-03
4.076446251322825461e-03
4.025127738714218140e-03
3.925626243775089293e-03
4.036740787948171587e-03
3.898747110118468747e-03
3.944627940654754639e-03
3.798239942019184575e-03
3.869013162329792976e-03
3.889282001182436943e-03
3.965333647405107527e-03
3.945855656638741493e-03
3.752683677400151744e-03
3.926989700024326353e-03
3.879738505929708481e-03
4.101392347365617752e-03
3.722375802074869618e-03
3.980686810488502474e-03
4.194565350189805031e-03
4.007105249911546707e-03
3.791641676798462868e-03
3.906188765540719032e-03
3.859847240770856395e-03
3.996865823864936829e-03
4.000641250361998587e-03
3.806035888070861354e-03
4.049849618847171755e-03
3.921642511462171583e-03
4.079145224144061117e-03
3.955408077066143065e-03
3.960184287279844284e-03
4.049048914263646097e-03
3.830232036610444531e-03
3.780612489208579063e-03
4.003379959613084793e-03
4.136429866775870323e-03
3.869421624888976560e-03
3.935704240575432777e-03
3.985334498186905890e-03
3.753018022204438701e-03
3.963126723344127626e-03
4.087696628024180441e-03
4.138298798352479935e-03
3.986993804574012756e-03
3.831256569052735820e-03
3.885296406224370003e-03
3.921699244529008865e-03
3.903769577542940631e-03
3.988380078226327896e-03
3.988026253258188276e-03
3.998209955170750618e-03
3.652827115729451180e-03
3.806802676990628242e-03
3.792665588359037891e-03
3.882703448956211553e-03
3.991418595736225157e-03
4.073497218390305548e-03
4.005729608858625383e-03
3.934542105222742052e-03
4.005165770649909973e-03
4.020778772731621771e-03
3.997213207185268402e-03
3.894394341235359654e-03
3.800318964446584239e-03
3.923593321815133095e-03
3.746186072627703204e-03
3.899109161769350514e-03
4.132741596549749374e-03
3.976939323668678312e-03
4.080810040856401415e-03
3.743429668247699738e-03
3.771939470122257724e-03
3.657241429512699590e-03
3.889154798040787234e-03
3.908240857223669977e-03
4.330867202952504158e-03
3.934282576665282249e-03
3.837356188644965634e-03
4.054297460243105888e-03
3.937455825507640839e-03
4.053209985916812925e-03
3.918045278017719298e-03
4.011542846759160071e-03
3.899929424126943097e-03
3.989555252095063238e-03
4.098252858966588974e-03
3.894336521625518799e-03
3.914476139470934868e-03
3.957957883055011720e-03
4.123287430653969736e-03
3.934434615075588226e-03
3.879515997444590077e-03
3.747566603124141693e-03
3.885038119430343165e-03
3.925812818730871172e-03
3.934979050730665236e-03
4.031088591242830248e-03
3.907387765745322199e-03
3.831415126721064105e-03
3.898662126933535085e-03
4.004556220024824142e-03
3.865385195240378380e-03
3.925116732716560364e-03
4.025551180044810266e-03
3.936483990401029587e-03
3.885739250108599663e-03
3.900922524432341113e-03
3.930393994475404711e-03
3.735512960702180862e-03
4.000489910443623572e-03
3.904766868799924850e-03
3.898486883069077983e-03
3.703761845827102661e-03
3.859120498721798406e-03
3.928624636804063826e-03
3.958277714749177008e-03
3.844766644760966301e-03
3.919202058265606851e-03
3.852384087319175258e-03
3.903708498304089055e-03
3.796064682925740733e-03
3.872183151543140411e-03
4.007203038781881332e-03
3.940879212071497946e-03
4.126811244835455923e-03
3.937255435933669119e-03
3.931536727274457903e-03
3.964234686767061262e-03
3.894613822922110558e-03
4.113912427177031546e-03
3.948990410814682932e-03
3.816506670167048917e-03
3.832982930665215001e-03
3.800924013679226384e-03
4.024508021151025801e-03
4.036530697097380667e-03
3.984837948034207315e-03
3.735781336824099078e-03
3.831580514088273048e-03
3.747766682257255063e-03
3.904460230842232704e-03
3.700423442448178783e-03
3.887338175748785481e-03
3.899404546245932579e-03
3.868203377351164818e-03
4.008997154111663790e-03
3.798942469681302562e-03
3.936722641810774803e-03
4.014979659890134840e-03
3.862131231774886594e-03
4.177717259153723717e-03
3.906947871049244909e-03
4.197021713480353355e-03
3.844658145681023598e-03
4.024744033813476562e-03
4.018710693344473839e-03
3.874908434227108955e-03
3.960033723463614493e-03
4.073333305617173224e-03
3.949049782628814668e-03
3.837261348962783813e-03
3.915100746477643938e-03
4.044139369701345472e-03
3.914830818151433973e-03
3.900306066498160362e-03
3.791395497197906032e-03
3.939992515370249748e-03
3.828724846243858337e-03
3.890838551645477757e-03
3.850229782983660698e-03
3.994074727719028502e-03
3.785878187045454979e-03
3.924683512498934775e-03
3.921748682235677748e-03
3.880715230479836464e-03
3.668191377073526382e-03
3.982903435826301575e-03
4.287494579330086708e-03
3.782158251851797104e-03
3.982196484381954164e-03
4.046119516715407372e-03
4.042234659815828295e-03
3.845910076051950455e-03
3.806362937514980779e-03
3.898969929044445500e-03
3.917861652250091524e-03
3.762661401803294673e-03
4.029072433089216261e-03
3.776656463742256165e-03
3.933751878018180818e-03
3.850620628024140849e-03
4.007019490624467821e-03
3.738531920438011632e-03
3.936657526840765982e-03
3.844082743550340190e-03
3.978867006177703829e-03
3.967111076538761168e-03
3.985971289997299223e-03
3.945023752748966217e-03
4.021224643414218931e-03
3.951656554515163393e-03
4.007552207137147875e-03
4.040114348754286766e-03
3.889412852004170418e-03
4.163257234419385881e-03
3.897618502378463745e-03
3.932494592542449922e-03
3.962912907203038244e-03
3.898722274849812045e-03
3.761013892168799892e-03
3.818634198978543282e-03
3.848019521683454514e-03
4.011256309847037287e-03
3.997715112442771883e-03
3.858516846473018184e-03
3.939290608589847593e-03
4.004300649588306456e-03
3.761241988589366422e-03
4.044075341274340658e-03
4.086502284432451219e-03
3.952273866161704063e-03
3.964531933888792992e-03
3.845508986463149533e-03
3.995538766806324034e-03
3.980139813696344404e-03
3.885680576786398888e-03
3.933309655015666990e-03
3.910010137284795732e-03
3.971743940686185866e-03
3.966191938767830820e-03
3.934291424229741096e-03
4.092829379563529997e-03
3.866456371421615138e-03
4.027157090604305267e-03
4.122269883130987196e-03
4.090582175801197977e-03
4.048629586274425478e-03
3.878010204061865807e-03
3.982823962966601343e-03
3.931831490869323702e-03
3.871672088280320168e-03
4.164171172305941582e-03
4.209433915093541145e-03
3.921831492334604263e-03
3.910224884748458862e-03
4.082707843432824106e-03
3.825459862127900124e-03
3.876253652075926318e-03
4.015989834442734718e-03
4.053676966577768326e-03
4.033469206963975935e-03
3.982452132428686113e-03
4.050513030961155891e-03
3.956264272953073473e-03
3.876341118787725911e-03
3.989013920848567991e-03
4.088590464865167647e-03
3.918333677574992180e-03
3.851696072767178073e-03
3.825036731238166347e-03
4.032779329766829519e-03
4.056679240117470713e-03
3.848954491938153758e-03
3.620820508028069987e-03
3.784632387881477818e-03
4.003278367842237444e-03
3.813188290223479271e-03
3.829490703841050610e-03
4.061711719259619713e-03
3.949925303459167480e-03
3.983032656833529472e-03
3.879182661573091998e-03
3.695046917224923625e-03
3.744201501831412315e-03
3.998300836731989889e-03
3.706909948959946632e-03
3.900445299223065376e-03
4.146231571212410927e-03
3.777800515914956584e-03
3.688207206626733289e-03
4.130470333620905876e-03
4.117680480703711510e-03
4.033572894210617037e-03
3.881998127326369286e-03
3.840006655082106590e-03
3.950511571019887924e-03
4.064391444747646361e-03
4.184590031703312903e-03
3.861701659237345204e-03
3.928148110086719484e-03
4.080909847592313795e-03
3.961079521104693413e-03
4.008143985023100882e-03
3.901706542819738388e-03
3.760366855810085788e-03
3.842480946332216263e-03
4.004385943214098902e-03
4.005217847103874178e-03
3.871277906000614166e-03
4.012487440680463820e-03
4.091408026094238252e-03
4.081096577768524199e-03
3.954330381626884432e-03
4.096479853615164757e-03
3.920144867151975632e-03
3.857466780270139232e-03
3.933877994616826086e-03
4.066592703262965174e-03
4.111711634323000908e-03
3.769475190589825168e-03
3.955110752334197073e-03
3.838975215330719948e-03
3.944331392024953871e-03
3.832760732620954514e-03
3.752658764521280780e-03
4.105306385705868692e-03
4.071046210204561262e-03
3.973204720144470244e-03
3.913515169794361086e-03
3.817084012553095818e-03
3.958719006429116220e-03
3.872149158269166946e-03
4.215502257769306212e-03
4.010305041447281837e-03
3.834957722574472427e-03
4.013233197232087164e-03
4.058858922993143110e-03
3.949475164214770288e-03
4.020177836840351134e-03
3.947507667665679960e-03
3.772024375696977124e-03
4.035860843335588484e-03
3.680939941356579318e-03
3.920339668790499658e-03
3.975377418100833893e-03
4.172373563051223755e-03
4.092847152302662821e-03
4.128133412450551987e-03
3.915614138046900720e-03
3.668530921762188420e-03
4.014268207053343744e-03
4.046093284462888746e-03
3.797587628165880694e-03
4.033027527232964544e-03
3.967073823635776549e-03
4.089614143595099449e-03
3.959098442768056898e-03
4.143481375649571419e-03
4.138989839702844620e-03
4.108530546848972349e-03
4.303944840406377821e-03
4.100287721181909532e-03
3.767661129434903607e-03
3.963883190105359049e-03
4.055386641994118690e-03
3.840802935883402824e-03
4.100187759225566893e-03
4.067576800783474951e-03
3.940962565441926031e-03
4.034005183105667143e-03
3.922728123143315315e-03
3.849885892122983932e-03
3.921403239170710535e-03
3.963217527295152635e-03
4.108181456103920937e-03
3.766860269630948558e-03
3.826222149655222893e-03
4.009306818867723436e-03
3.651856211945414543e-03
4.310883348807692528e-03
3.878239154194792256e-03
3.825730799386898532e-03
4.124845921372373610e-03
3.772373621662457929e-03
3.979578691845138579e-03
3.996971296146512032e-03
3.897972715397675977e-03
3.719428476567069545e-03
4.096090871219833403e-03
3.990811295807361603e-03
3.877970079580942645e-03
3.893958094219366565e-03
4.080901077638070078e-03
4.371703291932742090e-03
3.871490092327197537e-03
4.127069454019268065e-03
4.053709950918952913e-03
3.908543769891063661e-03
3.874126588925719261e-03
4.038326131800810785e-03
3.989726460228363962e-03
4.057414286459485979e-03
4.079814301803708076e-03
4.029064051186044722e-03
3.943341473738352747e-03
