2.597907880942026959e-01
1.189930612842241969e-01
8.504510422547657822e-02
6.308862691124279831e-02
5.056699737906455994e-02
4.640268161892890930e-02
4.535543546080589294e-02
4.020549853642781807e-02
3.762913743654886650e-02
3.627962991595268250e-02
3.182255662977695465e-02
3.466763471563657356e-02
3.195954424639543129e-02
2.882519612709681309e-02
3.143539465963840485e-02
3.126724685231844353e-02
3.000829741358757019e-02
2.979677480955918514e-02
3.134518923858801293e-02
2.914646640419960022e-02
2.670185702542464054e-02
2.755769404272238529e-02
2.602669348319371426e-02
2.672135457396507263e-02
2.481274493038654327e-02
2.396428522964318478e-02
2.665941293040911472e-02
2.472777292132377625e-02
3.070976088444392002e-02
3.038515957693259037e-02
2.223427345355351650e-02
2.239070522288481510e-02
2.583834342658519745e-02
2.595461594561735905e-02
2.504239479700724400e-02
2.381575107574462891e-02
2.718546241521835327e-02
2.455050746599833286e-02
2.444546235104401791e-02
2.766002962986628330e-02
2.253101952373981476e-02
2.555621912082036221e-02
2.253291631738344944e-02
2.450591884553432465e-02
2.123770055671532833e-02
2.560531285901864254e-02
2.150418547292550289e-02
2.465280517935752869e-02
1.958391380806763851e-02
2.017809636890888214e-02
2.228537698586781704e-02
2.096212220688660824e-02
2.085187037785847866e-02
2.091001719236373901e-02
2.047458663582801819e-02
2.047353734572728359e-02
1.803158099452654636e-02
2.027799313267071926e-02
2.086664860447247707e-02
2.052973893781502926e-02
2.093397577603657925e-02
1.874336351950963223e-02
2.069895093639691555e-02
2.255189356704552853e-02
2.110665167371432102e-02
2.317678866287072384e-02
2.019881519178549564e-02
2.519310079514980316e-02
2.070865718026955807e-02
2.107716662188370907e-02
2.048157031337420261e-02
2.266501697401205814e-02
2.099999040365219116e-02
2.300277290244897091e-02
1.889575272798538208e-02
1.984929417570431912e-02
1.950398460030555725e-02
1.720342505723237991e-02
1.747748938699563229e-02
1.895561441779136658e-02
1.892738540967305386e-02
1.961004423598448551e-02
2.107873558998107910e-02
2.103199002643426144e-02
2.199753001332283020e-02
2.151313548286755764e-02
1.903709396719932556e-02
2.156497724354267120e-02
2.220409115155537808e-02
2.092722555001576626e-02
2.313319221138954163e-02
1.921516346434752262e-02
2.090712202092011654e-02
1.957107521593570709e-02
2.337100543081760406e-02
2.179086394608020782e-02
2.158393897116184235e-02
2.000700682401657104e-02
2.111248609920342648e-02
1.833110861480236053e-02
1.801590000589688503e-02
1.844241221745808804e-02
1.888495124876499176e-02
1.823022837440172947e-02
1.669008284807205200e-02
1.872795323530833042e-02
1.828240727384885037e-02
1.928588747978210449e-02
1.736196782439947128e-02
1.825469546020030975e-02
1.821425246695677555e-02
1.881048393746216976e-02
1.774703059345483780e-02
1.842986419796943665e-02
1.763339092334111416e-02
1.854914426803588867e-02
1.743812145044406139e-02
1.838810183107852936e-02
1.802860510845978939e-02
1.792881203194459164e-02
1.863331006218989574e-02
1.735807644824187077e-02
1.755919555823008335e-02
1.794579438865184784e-02
1.815909830232461178e-02
1.726362295448780060e-02
1.905583155651887142e-02
1.784646511077880859e-02
1.820201830317576611e-02
1.866883970797061920e-02
1.792537420988082886e-02
1.919692630569140232e-02
1.785553184648354733e-02
1.853375819822152340e-02
1.822702152033646786e-02
1.910523201028506077e-02
1.712095799545447147e-02
1.964830607175827026e-02
1.782727862397829807e-02
1.949023144940535343e-02
1.721696027865012371e-02
1.845090463757514954e-02
1.774119896193345272e-02
1.952721302707989895e-02
1.759467584391434872e-02
1.815630557636420048e-02
1.809618870417277134e-02
1.857348127911488331e-02
1.847656816244125366e-02
1.793019846081733704e-02
1.910340475539366520e-02
1.799406545857588566e-02
1.931050295631090916e-02
1.896137464791536331e-02
1.887728087604045868e-02
1.818827042977015293e-02
1.826262660324573517e-02
1.821453931430975712e-02
2.036274907489617550e-02
1.739167111615340031e-02
1.932257475952307499e-02
1.849207840859889984e-02
1.864069638152917111e-02
1.776084303855895996e-02
1.878116776545842373e-02
1.747264278431733334e-02
1.895593789716561520e-02
1.795604390402634823e-02
1.849248011906941616e-02
1.734561938792467117e-02
1.804158464074134827e-02
1.943726403017838680e-02
1.775929238647222519e-02
1.913913836081822598e-02
1.850522682070732117e-02
1.951826053361098087e-02
1.862885430455207825e-02
1.836296978096167362e-02
1.737964898347854614e-02
1.840348231295744694e-02
1.727186702191829681e-02
1.863647345453500748e-02
1.841609676678975308e-02
1.906418924530347073e-02
1.696921574572722233e-02
1.741611398756504059e-02
1.568207703530788422e-02
1.823167006174723423e-02
1.773093454539775848e-02
1.872462034225463867e-02
1.615463507672150814e-02
1.898329332470893860e-02
1.722507147739331043e-02
1.840229767064253605e-02
1.811726080874602116e-02
1.872465945780277252e-02
1.676781258235375202e-02
1.954616233706474304e-02
1.833354185024897373e-02
1.930087556441624844e-02
1.791262502471606052e-02
1.859431651731332027e-02
1.676584159334500515e-02
1.758270276089509213e-02
1.758333730200926578e-02
1.733497064560651779e-02
1.700104400515556335e-02
1.734467285374800480e-02
1.758846888939539707e-02
1.711627406378586971e-02
1.700258192916711056e-02
1.735899969935417175e-02
1.679740659892559052e-02
1.682786115755637371e-02
1.762509035567442692e-02
1.752917592724164211e-02
1.725430693477392197e-02
1.686141019066174709e-02
1.803848830362160885e-02
1.665408816188573837e-02
1.718072965741157532e-02
1.762076963980992519e-02
1.708087542404730999e-02
1.769924598435560978e-02
1.705196375648180759e-02
1.750471505026022709e-02
1.783049913744131840e-02
1.726925435165564335e-02
1.718418921033541477e-02
1.772793506582577908e-02
1.707855456819136822e-02
1.770042938490708553e-02
1.791167383392651760e-02
1.713566606243451321e-02
1.813643922408421719e-02
1.699849497526884079e-02
1.808265162010987484e-02
1.745622853438059605e-02
1.750491559505462646e-02
1.709420016656319416e-02
1.796431404848893368e-02
1.704762534548838818e-02
1.793412367502848423e-02
1.832455458740393436e-02
1.771707522372404850e-02
1.793406469126542294e-02
1.683964021503925323e-02
1.774836331605911255e-02
1.706859469413757324e-02
1.802229136228561401e-02
1.868574507534503937e-02
1.738507548967997349e-02
1.787194857994715488e-02
1.785528783996899807e-02
1.741511436800162113e-02
1.863961542646090305e-02
1.722321690370639050e-02
1.894191000610589981e-02
1.772657906015713894e-02
1.806413258115450657e-02
1.790059792498747623e-02
1.769042573869228363e-02
1.745614036917686462e-02
1.804167901476224148e-02
1.722224398205677784e-02
1.802317115167776859e-02
1.807837188243865967e-02
1.731022198994954311e-02
1.741027645766735077e-02
1.722631417214870453e-02
1.736719906330108643e-02
1.771195667485396183e-02
1.794103719294071198e-02
1.748963817954063416e-02
1.747436138490835941e-02
1.735430831710497654e-02
1.730663888156414032e-02
1.723328853646914280e-02
1.857595766584078587e-02
1.743330992758274078e-02
1.739697127292553699e-02
1.789368751148382938e-02
1.814647267262141025e-02
1.758898546298344814e-02
1.817777504523595059e-02
1.672583197553952419e-02
1.845800752441088474e-02
1.759982295334339142e-02
1.805927914877732479e-02
1.780238933861255646e-02
1.766907392690579212e-02
1.708179215590159214e-02
1.827181254824002468e-02
1.745292389144499981e-02
1.872167177498340607e-02
1.760514639317989349e-02
1.790557925899823391e-02
1.744617676983277119e-02
1.852949149906635284e-02
1.732444639007250584e-02
1.784539595246315002e-02
1.718042542537053310e-02
1.703362787763277805e-02
1.678530468295017994e-02
1.719672946880261219e-02
1.706076133996248245e-02
1.778733668227990353e-02
1.728940475732088089e-02
1.728494651615619659e-02
1.825146128733952725e-02
1.796077316006024563e-02
1.752723318835099423e-02
1.744477326671282566e-02
1.749633376797040188e-02
1.826710502306620396e-02
1.762322398523489750e-02
1.787872177859147274e-02
1.777309613923231876e-02
1.743208554883797848e-02
1.741895203789075100e-02
1.710081069419781483e-02
1.742501122256119930e-02
1.705966300020615375e-02
1.805904135107994080e-02
1.785277326901753628e-02
1.771394039193789280e-02
1.733102463185787201e-02
1.731843315064907074e-02
1.780327347417672360e-02
1.712048084785540783e-02
1.727903013428052151e-02
1.798194025953610622e-02
1.731416552017132557e-02
1.687214151024818420e-02
1.785901933908462524e-02
1.689330643663803852e-02
1.746073644608259201e-02
1.667051607122023785e-02
1.767974346876144409e-02
1.740455503265063084e-02
1.728454511612653732e-02
1.709394374241431439e-02
1.689931905517975605e-02
1.711192323515812672e-02
1.717764387528101719e-02
1.810077143212159359e-02
1.829378927747408665e-02
1.755883420507113254e-02
1.744191038111845768e-02
1.725603298594554150e-02
1.713257376104593277e-02
1.775878667831420898e-02
1.756629006316264355e-02
1.732711431880791866e-02
1.753554058571656429e-02
1.719777782758076870e-02
1.716720592230558395e-02
1.721381582319736481e-02
1.755318914850552761e-02
1.798681542277336121e-02
1.733003556728363037e-02
1.761290989816188812e-02
1.783996510008971012e-02
1.683986900995175159e-02
1.726839163651068890e-02
1.709678458670775211e-02
1.788149370501438892e-02
1.773561847706635677e-02
1.722540799528360367e-02
1.755711622536182404e-02
1.796236013372739040e-02
1.834605168551206589e-02
1.768001044789950169e-02
1.685317326337099075e-02
1.779752473036448276e-02
1.750909164547920227e-02
1.723235441992680347e-02
1.742617413401603699e-02
1.693699539949496471e-02
1.793600867191950596e-02
1.745368354022502899e-02
1.754088451464970791e-02
1.799517000714937962e-02
1.679941328863302982e-02
1.761557596425215519e-02
1.733459097643693173e-02
1.768913989265759670e-02
1.659881044179201126e-02
1.719925987223784244e-02
1.691864213595787800e-02
1.729298072556654728e-02
1.771788795789082729e-02
1.751395377020041264e-02
1.755134947597980499e-02
1.743597164750099182e-02
1.762339162329832828e-02
1.681225188076496124e-02
1.801788372298081600e-02
1.770516609152157986e-02
1.817938064535458767e-02
1.775930014749367916e-02
1.751055444280306614e-02
1.714522236337264263e-02
1.776011226077874386e-02
1.731282845139503479e-02
1.760885057349999630e-02
1.783575521161158764e-02
1.749766369660695278e-02
1.793123284975687778e-02
1.768958537528912342e-02
1.744438086946805203e-02
1.776580015818278110e-02
1.755688960353533543e-02
1.661915673563877857e-02
1.795445786168177807e-02
1.753716791669527805e-02
1.712835549066464222e-02
1.793195058902104580e-02
1.743629947304725647e-02
1.740396084884802616e-02
1.779834553599357605e-02
1.744652974108855045e-02
1.766482243935267246e-02
1.733979055037100994e-02
1.795194856822490692e-02
1.765472193559010708e-02
1.713583245873451233e-02
1.769773041208584988e-02
1.750610116869211197e-02
1.681907630215088642e-02
1.755153884490330898e-02
1.664364865670601643e-02
1.770483950773875034e-02
1.727960662295420849e-02
1.787696406245231628e-02
1.807106534639994419e-02
1.695340623458226406e-02
1.751465164124965668e-02
1.754164882004261017e-02
1.803340266148249424e-02
1.728719255576531208e-02
1.777923417588074886e-02
1.730757051457961285e-02
1.784478904058535778e-02
1.758358596513668812e-02
1.759724443157513821e-02
1.791663716236750400e-02
1.715010839203993595e-02
1.704701067258914196e-02
1.684331769744555271e-02
1.794412359595298767e-02
1.714050211012363434e-02
1.693104176471630848e-02
1.713830480972925938e-02
1.754364868005116665e-02
1.765420163671175754e-02
1.750884950160980225e-02
1.750113815069198608e-02
1.723963022232055664e-02
1.774129147330920017e-02
1.754218712449073792e-02
1.717578712850809097e-02
1.713632202396790302e-02
1.736942864954471588e-02
1.766847198208173000e-02
1.745728030800819397e-02
1.736098465820153439e-02
1.728560496121644974e-02
1.788390738268693173e-02
1.777337181071440494e-02
1.736271350334088123e-02
1.736560463905334473e-02
1.741431280970573425e-02
1.806674897670745850e-02
1.766065508127212524e-02
1.740111348529656612e-02
1.724324002861976624e-02
1.750634300212065494e-02
1.688978417466084278e-02
1.670851899931828297e-02
1.717044568310181415e-02
1.779140221575896061e-02
1.734302565455436707e-02
1.775063822666804111e-02
1.802099744478861607e-02
1.785431709140539169e-02
1.773384337623913967e-02
1.747565840681393826e-02
1.704237330704927444e-02
1.705463510006666183e-02
1.736602218200762951e-02
1.745806137720743931e-02
1.755432474116484440e-02
1.754443347454071045e-02
1.714718497047821796e-02
1.731683220714330673e-02
1.788936990002791202e-02
1.758387188116709507e-02
1.795466430485248566e-02
1.771135504047076023e-02
1.683535892516374588e-02
1.761958499749501431e-02
1.727581055214007580e-02
1.796913829942544186e-02
1.768746227025985718e-02
1.725378291060527050e-02
1.734721598525841915e-02
1.739783709247906887e-02
1.676233764737844467e-02
1.716399006545543671e-02
1.734720480938752377e-02
1.689043392737706387e-02
1.766818203032016754e-02
1.773307162026564396e-02
1.811019331216812134e-02
1.712569873780012131e-02
1.770661522944768154e-02
1.756991880635420597e-02
1.714408118277788162e-02
1.759117531279722965e-02
1.758400785426298893e-02
1.744671290119488918e-02
1.755206659436225891e-02
1.759639444450537479e-02
1.725839699308077610e-02
1.771020827194054806e-02
1.837261579930782318e-02
1.803741169472535336e-02
1.714871140817801273e-02
1.717798504978418350e-02
1.708532528330882275e-02
1.744064316153526306e-02
1.733457917968432224e-02
1.797128965457280361e-02
1.723968796432018280e-02
1.753638188044230259e-02
1.747796187798182285e-02
1.764711365103721619e-02
1.779802329838275909e-02
1.791148881117502964e-02
1.815686685343583309e-02
1.732376745591561115e-02
1.747271542747815334e-02
1.723930922647317135e-02
1.763125757376353062e-02
1.828368722150723255e-02
1.751897359887759006e-02
1.775753498077392578e-02
1.764059284081061565e-02
1.695381539563338077e-02
1.708465628325939178e-02
1.706353606035311901e-02
1.780709313849608219e-02
1.725231483578681946e-02
1.710772172858317577e-02
1.767038522909085071e-02
1.750375827153523647e-02
1.759996016820271694e-02
1.687566408266623699e-02
1.773114874958992004e-02
1.755629666149616241e-02
1.805484915773073948e-02
1.729927491396665573e-02
1.704807548473278797e-02
1.774418478210766995e-02
1.727468272050221645e-02
1.771858831246693813e-02
1.764976233243942261e-02
1.779736019670963287e-02
1.820852421224117279e-02
1.796544405321280277e-02
1.754167303442955017e-02
1.767754058043162144e-02
1.750740470985571659e-02
1.732360416402419293e-02
1.742326095700263977e-02
1.785658237834771359e-02
1.768951987226803982e-02
1.713538511345783985e-02
1.824457012116909027e-02
1.774380790690581119e-02
1.722931830833355701e-02
1.767908098797003544e-02
1.737295649945735931e-02
1.699917453030745304e-02
1.776635833084583282e-02
1.748204852143923557e-02
1.707378495484590530e-02
1.821374644835789883e-02
1.712382119148969650e-02
1.685249898582696915e-02
1.733430878569682324e-02
1.802994372944037235e-02
1.732417413343985760e-02
1.782572269439697266e-02
1.796818524599075317e-02
1.736681225399176395e-02
1.738378653923670566e-02
1.691839502503474438e-02
1.782871161897977078e-02
1.713941991329193115e-02
1.780583523213863373e-02
1.775153353810310364e-02
1.734939403831958771e-02
1.740660859892765797e-02
1.783984216550986088e-02
1.802975063522656643e-02
1.784354945023854458e-02
1.760258898138999939e-02
1.782474728922049320e-02
1.755651831626892090e-02
1.773927050332228458e-02
1.717885894080002987e-02
1.757375895977020264e-02
1.735749809692303455e-02
1.766471192240715027e-02
1.764069062968095028e-02
1.711038127541542053e-02
1.753172278404235840e-02
1.741601588825384891e-02
1.809986835966507709e-02
1.715738729884227001e-02
1.768590199450651920e-02
1.807406482597192013e-02
1.781497647364934170e-02
1.726729329675436020e-02
1.753337681293487549e-02
1.731419439117113865e-02
1.794848032295703888e-02
1.778739131987094879e-02
1.713527025034030163e-02
1.788714714348316193e-02
1.758639700710773468e-02
1.792550832033157349e-02
1.766657580931981289e-02
1.763637984792391575e-02
1.791310869157314301e-02
1.735805316517750538e-02
1.730803214013576508e-02
1.785265405972798550e-02
1.802222058176994324e-02
1.740204015125830853e-02
1.766603502134482181e-02
1.779679208993911743e-02
1.714797969907522202e-02
1.762403609851996220e-02
1.795354920128981388e-02
1.823824706176916874e-02
1.784388472636540615e-02
1.723139391591151440e-02
1.758757481972376621e-02
1.768115535378456116e-02
1.752249648173649990e-02
1.781670625011126316e-02
1.783587597310543060e-02
1.785717532038688660e-02
1.684232863287131107e-02
1.731105738629897320e-02
1.731022385259469235e-02
1.748680199186007297e-02
1.781060112019379818e-02
1.806031540036201477e-02
1.786974072456359863e-02
1.748162011305491245e-02
1.773358819385369503e-02
1.775345889230569088e-02
1.771751170357068264e-02
1.753469742834568024e-02
1.732311615099509441e-02
1.754407336314519131e-02
1.721288046489159382e-02
1.754148863255977631e-02
1.800003057966629780e-02
1.774823417266209805e-02
1.805191362897555149e-02
1.709345666070779049e-02
1.721053756773471832e-02
1.698347646743059158e-02
1.750963802138964451e-02
1.752867239216963566e-02
1.857839711010456085e-02
1.775093252460161961e-02
1.744099861631790913e-02
1.784273112813631809e-02
1.765087246894836426e-02
1.790360050896803654e-02
1.743247515211502827e-02
1.771073602139949799e-02
1.756820268929004669e-02
1.783150620758533478e-02
1.786045109232266628e-02
1.756565707425276554e-02
1.747255648175875462e-02
1.765799087782700741e-02
1.808530713121096409e-02
1.764249677459399021e-02
1.763375910619894779e-02
1.712029054760932922e-02
1.744344830513000488e-02
1.755104834834734714e-02
1.760513583819071567e-02
1.791160491605599606e-02
1.757276058197021484e-02
1.742679749925931179e-02
1.758488329748312748e-02
1.759073262413342678e-02
1.745905913412570953e-02
1.759881402055422581e-02
1.791081142922242367e-02
1.766618651648362362e-02
1.746592546502749241e-02
1.757742123057444775e-02
1.765136482814947880e-02
1.721470771978298939e-02
1.778781041502952576e-02
1.765498891472816467e-02
1.750776730477809906e-02
1.706501965721448147e-02
1.741591840982437134e-02
1.761316135525703430e-02
1.774154665569464481e-02
1.733458880335092545e-02
1.753526615599791325e-02
1.750039992233117306e-02
1.767868051926295078e-02
1.733340974897146225e-02
1.756597558657328403e-02
1.775981051226456844e-02
1.779940662284692013e-02
1.796395393709341801e-02
1.744634471833705902e-02
1.759446474413077152e-02
1.761591869095961368e-02
1.751048800845940792e-02
1.808086099723974979e-02
1.773395451406637943e-02
1.728077263881762707e-02
1.730957068502902985e-02
1.728160679340362549e-02
1.781487092375755310e-02
1.792718035479386532e-02
1.768861276408036434e-02
1.712145532170931614e-02
1.733395736664533615e-02
1.716404159863789761e-02
1.754621602594852448e-02
1.701564155519008636e-02
1.754488982260227203e-02
1.741003928085168087e-02
1.743613369762897491e-02
1.787553168833255768e-02
1.737144496291875839e-02
1.774042285978794098e-02
1.779184925059477604e-02
1.737117146452267849e-02
1.816189723710219181e-02
1.760094364484151089e-02
1.826862742503483975e-02
1.739712059497833252e-02
1.788642816245555878e-02
1.778194929162661350e-02
1.761739638944466793e-02
1.756520445148150242e-02
1.791519485414028168e-02
1.762212316195170200e-02
1.738727372139692307e-02
1.753279380500316620e-02
1.776493526995182037e-02
1.763264834880828857e-02
1.742183199773232258e-02
1.720673156281312191e-02
1.776767708361148834e-02
1.739664003252983093e-02
1.748900612195332729e-02
1.734546820322672642e-02
1.770447753369808197e-02
1.722480294605096066e-02
1.768550276756286621e-02
1.768457144498825073e-02
1.735301533093054974e-02
1.697874193390210354e-02
1.780994857350985325e-02
1.837468954424063480e-02
1.724777960528929913e-02
1.786874607205390930e-02
1.766515461107094967e-02
1.772219004730383671e-02
1.742807558427254475e-02
1.720435234407583988e-02
1.756401732563972473e-02
1.742352948834498608e-02
1.721905575444300854e-02
1.788584142923355103e-02
1.722522017856438839e-02
1.764950466652711117e-02
1.744678895920515060e-02
1.765130646526813507e-02
1.715972678114970409e-02
1.760759390890598297e-02
1.747940791149934017e-02
1.773529375592867649e-02
1.761647562185923374e-02
1.773831310371557987e-02
1.753445900976657867e-02
1.785892993211746216e-02
1.772413992633422100e-02
1.784055307507514954e-02
1.804924570024013519e-02
1.734707163025935375e-02
1.804872788488864899e-02
1.757786112527052677e-02
1.754470107456048214e-02
1.767885436614354336e-02
1.748739928007125854e-02
1.718938785294691837e-02
1.726622196535269535e-02
1.731425058096647263e-02
1.766517447928587711e-02
1.778230071067810059e-02
1.749253459274768829e-02
1.762346985439459598e-02
1.776436654229958736e-02
1.719969573120276249e-02
1.793403675158818447e-02
1.793306196729342258e-02
1.753214995066324985e-02
1.766420590380827702e-02
1.738849530617396152e-02
1.773823176821072781e-02
1.782367875178654873e-02
1.745838671922683716e-02
1.754434034228324890e-02
1.766922324895858765e-02
1.774005033075809479e-02
1.761293721695740902e-02
1.748817351957162106e-02
1.794503877560297764e-02
1.747019433726866924e-02
1.790406741201877594e-02
1.808890265723069393e-02
1.787884409228960789e-02
1.789991619686285770e-02
1.759838809569676601e-02
1.759068419535954678e-02
1.751738414168357849e-02
1.740150277813275539e-02
1.816953842838605129e-02
1.822885746757189548e-02
1.762776449322700500e-02
1.763069443404674530e-02
1.795211310187975681e-02
1.730859279632568359e-02
1.737298412869374073e-02
1.778673442701498783e-02
1.781040119628111637e-02
1.793268943826357639e-02
1.769162652393182003e-02
1.787933955589930332e-02
1.778287626802921295e-02
1.729002284506956852e-02
1.786091675360997402e-02
1.794032628337542332e-02
1.744909522434075558e-02
1.725819396475950993e-02
1.713751660039027416e-02
1.786912480990092075e-02
1.772457485397656643e-02
1.741623474905888355e-02
1.687012830128272259e-02
1.730044217159350597e-02
1.765660134454568111e-02
1.734324141095082081e-02
1.728169992566108704e-02
1.802230222771565235e-02
1.752488128840923309e-02
1.778336800634860992e-02
1.750088700403769695e-02
1.686744609226783001e-02
1.723245127747456348e-02
1.780819147825241089e-02
1.697244588285684586e-02
1.742355090876420223e-02
1.813089288771152496e-02
1.720793203761180126e-02
1.699957003196080410e-02
1.805497147142887115e-02
1.786239445209503174e-02
1.779329342146714413e-02
1.741973869502544403e-02
1.731932287414868557e-02
1.776762679219245911e-02
1.802803389728069305e-02
1.806401958068211758e-02
1.751469013591607296e-02
1.757226636012395107e-02
1.798593687514464176e-02
1.763046036163965977e-02
1.782195518414179600e-02
1.743463085343440258e-02
1.713900764783223354e-02
1.715199183672666550e-02
1.782280703385670864e-02
1.786061500509579861e-02
1.730246655642986298e-02
1.786781661212444305e-02
1.800353949268658840e-02
1.798043958842754364e-02
1.759728292624155796e-02
1.802585894862810886e-02
1.748364046216011047e-02
1.743346328536669529e-02
1.756635991235573971e-02
1.800876048703988277e-02
1.798080404599507534e-02
1.725778759767611706e-02
1.766838567952315128e-02
1.729515008628368378e-02
1.766133246322472775e-02
1.728842655817667759e-02
1.717155768225590504e-02
1.816631232698758328e-02
1.794264900187651432e-02
1.776415233810742580e-02
1.747254965205987179e-02
1.717363328983386242e-02
1.760658932228882992e-02
1.746081591894229137e-02
1.830378236869971073e-02
1.783389225602149963e-02
1.746123377233743668e-02
1.779937837272882462e-02
1.802163881560166561e-02
1.766003295779228210e-02
1.776050589978694916e-02
1.767129202683766567e-02
1.724506262689828873e-02
1.769675190250078953e-02
1.682614255696535110e-02
1.768324462076028072e-02
1.771266510089238369e-02
1.806334468225638187e-02
1.793365708241860187e-02
1.811519637703895569e-02
1.761742122471332550e-02
1.692230502764384067e-02
1.788047856340805805e-02
1.790672292311986172e-02
1.734120647112528599e-02
1.784186127285162723e-02
1.776028734942277157e-02
1.781119219958782196e-02
1.762973641355832302e-02
1.795325676600138462e-02
1.805065448085467136e-02
1.810039207339286804e-02
1.852465483049551762e-02
1.808157625297705448e-02
1.727957278490066528e-02
1.769985693196455753e-02
1.789279033740361416e-02
1.737789468218882763e-02
1.792903741200764858e-02
1.798166955510775364e-02
1.765423764785130703e-02
1.790473982691764832e-02
1.764073036611080170e-02
1.734702941030263901e-02
1.770886344214280331e-02
1.760727850099404537e-02
1.804575137794017792e-02
1.713138632476329803e-02
1.734185746560494221e-02
1.772784007092316830e-02
1.676436327397823334e-02
1.843889740606148922e-02
1.742295765628417217e-02
1.748413965106010437e-02
1.800839354594548428e-02
1.713729308297236645e-02
1.758128404617309570e-02
1.781700489421685421e-02
1.746854993204275883e-02
1.711121884485085690e-02
1.812289903561274326e-02
1.764019516607125485e-02
1.754989537099997318e-02
1.737937300155560291e-02
1.790997758507728577e-02
1.861661579459905624e-02
1.732206189384062969e-02
1.797571405768394470e-02
1.799932618935902798e-02
1.759105486174424374e-02
1.749624125659465790e-02
1.782540852824847019e-02
1.766053525110085690e-02
1.791321362058321751e-02
1.800815636912981785e-02
1.798031665384769440e-02
1.771279796957969666e-02
