6.327563047409057173e-01
5.448752343654632568e-01
4.788344651460647583e-01
4.657672375440597423e-01
4.187199786305427773e-01
4.079289376735687478e-01
3.998390257358551136e-01
3.877369225025176780e-01
4.033791750669479259e-01
3.849215641617774741e-01
3.852758079767227284e-01
3.811622172594070213e-01
3.628779053688049316e-01
3.644523456692695396e-01
3.554636836051940918e-01
3.477360159158706665e-01
3.381044358015060647e-01
3.262901857495307811e-01
3.838933557271957397e-01
4.338962167501449474e-01
3.912251412868499867e-01
3.676961600780487283e-01
3.588718086481094138e-01
4.437723606824874878e-01
4.319407314062118641e-01
4.106313854455947987e-01
4.032390207052231057e-01
3.867988407611847035e-01
3.700596451759338157e-01
3.661461591720581166e-01
3.399186030030250660e-01
3.541945457458496316e-01
4.460301637649536355e-01
4.184365212917328103e-01
4.252499312162399403e-01
4.268876984715461731e-01
4.083815991878509410e-01
3.981188893318176047e-01
3.762419238686561807e-01
3.807895228266716114e-01
4.271380275487899891e-01
4.328363537788391113e-01
4.272139012813568337e-01
4.583865016698837058e-01
4.352586269378662109e-01
4.473218321800231934e-01
4.386777520179748757e-01
4.415800556540488975e-01
4.335405081510543823e-01
4.211928039789200051e-01
4.135873138904571644e-01
3.992945045232773049e-01
3.993302792310714500e-01
4.425845533609390481e-01
4.525613367557525524e-01
4.448670297861099243e-01
4.408709734678268322e-01
4.302852630615234264e-01
4.321454137563705555e-01
4.256526470184326394e-01
4.208944231271743996e-01
4.247029408812522666e-01
4.425501406192779430e-01
4.443381905555724987e-01
4.423675894737243430e-01
4.448229715228080861e-01
4.471684604883193748e-01
4.377121120691299661e-01
4.286334723234176414e-01
4.102742627263069042e-01
4.242864623665809631e-01
3.750872045755386242e-01
3.697294279932975547e-01
3.662949606776237377e-01
3.484290286898613087e-01
4.205959022045135387e-01
4.470919668674468994e-01
4.577715575695037731e-01
4.487611263990402000e-01
4.410882025957107433e-01
4.350937128067016713e-01
4.336826205253601074e-01
4.300656378269195335e-01
4.267232567071914673e-01
4.277244806289672852e-01
4.276805773377418407e-01
4.354112029075622448e-01
4.438704401254653931e-01
4.459752559661865345e-01
4.447063922882080189e-01
4.405010819435119518e-01
4.373238593339919822e-01
4.347793370485305564e-01
4.334256261587142722e-01
4.309877276420593373e-01
4.305013567209243774e-01
4.354990273714065552e-01
4.371706947684287914e-01
4.396134257316589578e-01
4.441113084554672019e-01
4.447750926017761119e-01
4.441805362701415905e-01
4.412234038114547507e-01
4.395342350006103405e-01
4.376729011535644420e-01
4.353947252035140769e-01
4.364119172096252441e-01
4.344830393791198619e-01
4.317553073167800792e-01
4.312571614980697521e-01
4.306745469570160134e-01
4.315261214971542469e-01
4.302061140537262185e-01
4.275032788515090720e-01
4.268993392586707958e-01
4.259435832500457764e-01
4.263888105750083812e-01
4.255886971950531006e-01
4.234576553106307872e-01
4.257036507129668967e-01
4.224627196788787731e-01
4.235945373773574718e-01
4.235271424055099265e-01
4.223457872867584229e-01
4.194478154182433860e-01
4.206278234720229880e-01
4.194629251956939475e-01
4.181875318288802990e-01
4.169850558042526023e-01
4.153768301010131725e-01
4.126666754484176747e-01
4.153044521808624268e-01
4.120087176561355591e-01
4.232644319534301647e-01
4.303262323141098245e-01
4.266314536333083995e-01
4.253579944372177235e-01
4.207564234733581765e-01
4.144380316138267517e-01
4.108043223619460838e-01
4.097108721733093151e-01
4.037267923355102317e-01
4.011903315782546775e-01
3.997486218810081260e-01
3.961590066552161948e-01
3.871839657425880654e-01
3.785282522439956665e-01
3.911281496286392323e-01
3.761486858129501343e-01
3.658076047897338978e-01
3.569419592618942039e-01
3.425131067633628845e-01
3.376770600676536338e-01
3.407189637422561868e-01
3.387247323989868164e-01
3.291438296437263489e-01
3.122873887419700401e-01
3.092758029699325673e-01
3.171944163739681133e-01
3.322437569499016030e-01
3.148890763521194347e-01
2.947893939912319405e-01
2.770115770399570465e-01
2.709325462579726951e-01
2.723930671811103932e-01
2.759953759610652702e-01
2.638779662549495808e-01
2.576034396886825451e-01
2.590427853167057148e-01
2.919961690902709850e-01
2.962861657142639160e-01
2.575814992189407460e-01
2.446819692850112915e-01
2.450594440102577265e-01
2.521657764911651722e-01
2.412856966257095337e-01
2.382724769413471222e-01
2.302080422639846691e-01
2.294103920459747425e-01
2.381372034549713024e-01
2.324114862829446682e-01
2.614087760448455811e-01
2.496550634503364452e-01
2.322756707668304499e-01
2.511358030140399822e-01
2.487764880061149597e-01
2.218217086046934128e-01
2.082344692200422398e-01
2.324905246496200562e-01
2.455790810286998804e-01
2.519923686981201394e-01
2.381542235612869318e-01
2.231426052749156952e-01
2.095434267073869594e-01
2.108444597572088353e-01
2.204609069973230417e-01
2.179483011364936884e-01
2.085451237857341711e-01
2.079961985349655096e-01
2.021282501518726349e-01
1.986780561506748255e-01
1.957632310688495747e-01
1.968484861776232664e-01
1.926737911999225616e-01
1.969925671815872248e-01
2.002417944371700231e-01
1.995589256286621205e-01
2.003270975314080660e-01
2.009002320468425695e-01
1.936226226389408112e-01
1.944052375853061732e-01
1.973456934094429127e-01
1.975541280116885900e-01
2.022917076945304760e-01
1.942913478240370639e-01
2.010385690256953350e-01
2.073278054594993591e-01
2.013948836363851913e-01
1.968640618026256672e-01
1.961713578552007620e-01
1.986284382641315405e-01
1.979459632188081686e-01
1.980943433940410559e-01
1.940708802081644591e-01
1.953673023730516378e-01
1.932675600051879938e-01
1.961860954761505127e-01
1.935008024796843473e-01
1.908373713493347057e-01
1.910099007189273723e-01
1.905853885225951561e-01
1.935564229264855329e-01
1.923559220507740919e-01
1.995554678142070770e-01
1.964525080285966507e-01
1.934245302341878470e-01
1.905703939497470911e-01
1.909800589084625355e-01
1.939128903672099058e-01
1.960261523723602350e-01
1.905744299292564392e-01
1.930365405976772197e-01
2.037539854645729065e-01
2.018993116915225872e-01
1.953682695515453760e-01
1.948503680527210180e-01
1.987212061882019098e-01
1.888036976568400749e-01
1.868093470111489296e-01
1.881944432854652516e-01
1.876365594565868322e-01
1.906567087396979221e-01
1.911533907055854853e-01
1.891773849725723322e-01
1.992382471449673231e-01
1.904816435649991091e-01
1.966088319197297207e-01
1.908424952998757362e-01
1.905668921535834670e-01
1.873423822224140056e-01
1.869464803487062565e-01
1.856414314359426387e-01
1.885066494345664923e-01
1.906100705265998951e-01
1.897997668012976757e-01
1.925262840464711245e-01
1.881981156766414642e-01
1.912484506145119556e-01
1.951539244502782933e-01
1.942696660757064764e-01
1.955196998082101290e-01
1.875833921134471838e-01
1.884672716259956360e-01
1.869651511311531122e-01
1.889583207666873932e-01
1.889953695237636677e-01
1.924929887056350819e-01
1.912619583308696747e-01
1.915001161396503448e-01
1.822416331619024221e-01
1.835222192108631190e-01
1.853796407580375616e-01
1.828260946087539307e-01
1.850902257487177793e-01
1.892460085451602991e-01
1.941524103283882030e-01
1.865651084110140911e-01
1.851997524499893188e-01
1.807027757167816162e-01
1.855440732091665212e-01
1.816675417125225012e-01
1.839773915708065033e-01
1.870970416348427534e-01
1.960130094550550095e-01
1.840077571570873372e-01
1.804818525910377447e-01
1.866320194676518440e-01
1.852187053300440311e-01
1.807194106280803625e-01
1.810058698058128468e-01
1.803402133285999243e-01
1.796533722430467550e-01
1.809874981641769465e-01
1.797542969696223625e-01
1.837757544126361609e-01
1.808905687183141597e-01
1.812144950032234247e-01
1.809718482196331080e-01
1.818054154515266474e-01
1.825403992086648830e-01
1.830818722955882549e-01
1.857946172356605419e-01
1.840083489194512256e-01
1.838617824018001501e-01
1.832832746207714025e-01
1.835720009636133965e-01
1.863592203706502803e-01
1.828072376549244038e-01
1.830771803855895941e-01
1.846620306372642462e-01
1.839886866509914398e-01
1.823925334028899670e-01
1.822575519792735688e-01
1.848017092794179972e-01
1.836387202143669184e-01
1.881982296705246027e-01
1.870486430823802837e-01
1.858018529601395130e-01
1.861010074615478405e-01
1.841542527079582103e-01
1.826011197641491945e-01
1.841261403635144345e-01
1.849485143087804262e-01
1.858539387583732494e-01
1.844888403080403860e-01
1.849269025027751867e-01
1.851309657096862904e-01
1.842090867459774128e-01
1.822061605751514324e-01
1.850568460708018337e-01
1.843052409589290563e-01
1.848232835531234686e-01
1.840884655714035145e-01
1.841241121292114258e-01
1.840870261192321666e-01
1.836185409687459413e-01
1.855871774256229456e-01
1.837839193642139546e-01
1.835818894905969501e-01
1.844267308712005671e-01
1.851017259061336628e-01
1.847523301839828491e-01
1.853121818974614032e-01
1.843353085219860132e-01
1.840045943856239430e-01
1.862053224816918318e-01
1.832208622246980778e-01
1.841026881709694751e-01
1.840580590069293976e-01
1.850695975124835857e-01
1.826294504106044658e-01
1.857307203114032801e-01
1.880959856323897728e-01
1.873595848679542597e-01
1.853664947673678287e-01
1.863405317068100031e-01
1.858301185071468409e-01
1.838969491422176306e-01
1.823169993236661013e-01
1.837964870035648235e-01
1.862394908443093244e-01
1.843969188630580902e-01
1.850260321982205025e-01
1.844861567020416315e-01
1.822425395250320546e-01
1.826037749648094233e-01
1.836049340665340535e-01
1.852996709756553062e-01
1.835266344249248394e-01
1.825597508344799225e-01
1.838427854236215353e-01
1.825337059795856531e-01
1.829200133681297413e-01
1.821204984560608753e-01
1.840537209995090906e-01
1.818772012367844693e-01
1.817457518540322725e-01
1.835374660789966528e-01
1.822277989238500484e-01
1.815571030601859093e-01
1.826080761849880330e-01
1.899670147337019499e-01
1.833947284147143253e-01
1.806822648271918241e-01
1.812740224180743043e-01
1.812146693468093817e-01
1.833401180803775898e-01
1.821171723306179158e-01
1.812678167596459278e-01
1.831951793283224106e-01
1.821489467285573594e-01
1.832252967637032215e-01
1.835880916565656717e-01
1.837154343724250738e-01
1.822536699473857880e-01
1.813238054513931219e-01
1.827039986848831288e-01
1.825351111590862163e-01
1.805853895843028967e-01
1.823006212711334173e-01
1.822526738047599848e-01
1.798497177660465240e-01
1.824052004143595640e-01
1.825678455643355846e-01
1.840501783415675052e-01
1.808205828070640619e-01
1.840365968644618877e-01
1.838122837245464436e-01
1.808099828660488240e-01
1.826405145227908977e-01
1.828933514654636494e-01
1.836318753659725300e-01
1.817342385649681202e-01
1.823520539794117323e-01
1.829378388822078816e-01
1.820618443191051594e-01
1.820296637713909038e-01
1.815087361261248644e-01
1.824442185461521149e-01
1.825367271900177057e-01
1.821947753429412897e-01
1.842110519763082155e-01
1.820904898457229026e-01
1.828033410012722126e-01
1.847756136208772715e-01
1.827549675013870056e-01
1.818920649588108007e-01
1.818987242644652669e-01
1.812200471758842468e-01
1.826853489503264538e-01
1.823405794799327906e-01
1.820406604558229557e-01
1.833022266626357921e-01
1.823440593667328413e-01
1.816520631313323919e-01
1.825738780200481526e-01
1.821076939348131307e-01
1.822509587742388304e-01
1.828127920627594105e-01
1.823637597262859344e-01
1.817377239465713390e-01
1.809034109115600641e-01
1.803235329687595256e-01
1.822306558489799611e-01
1.821507580578327068e-01
1.815962873399257771e-01
1.825655071064829771e-01
1.818702043965458870e-01
1.815213628113269695e-01
1.832656070590019115e-01
1.820388205349445232e-01
1.842060450464487187e-01
1.826470635831355938e-01
1.815447635948657934e-01
1.828132495284080505e-01
1.820303782820701655e-01
1.826965950429439434e-01
1.815802261233329662e-01
1.819083876907825470e-01
1.818659474141895716e-01
1.829934723675251118e-01
1.818455039523541872e-01
1.831249505281448420e-01
1.824487417936325184e-01
1.846269845962524303e-01
1.813179984688758906e-01
1.827961889095604531e-01
1.821863815188407842e-01
1.835620269179344122e-01
1.814629100263118744e-01
1.846133068203926197e-01
1.823548636864870676e-01
1.820108016021549646e-01
1.818467885255813654e-01
1.819433964788913782e-01
1.834103368222713415e-01
1.825472521595656872e-01
1.829614173620939255e-01
1.825478486251085886e-01
1.822255248669534811e-01
1.822916700504720322e-01
1.818502798210829552e-01
1.822944875806569998e-01
1.831303074955940302e-01
1.845474638044834192e-01
1.819718835526145939e-01
1.819496035575866588e-01
1.821960292756557576e-01
1.819956857711076681e-01
1.826676793396472820e-01
1.817660965025424957e-01
1.817179594188928493e-01
1.819409543648362049e-01
1.820086255669593756e-01
1.834039309993386324e-01
1.826957628130912725e-01
1.817923709750175476e-01
1.818031467497348841e-01
1.822206005454063416e-01
1.820122644305229298e-01
1.827137347310781590e-01
1.819197230041026958e-01
1.815190494060516246e-01
1.821605823934078217e-01
1.818980678915977367e-01
1.815943393856286892e-01
1.822734094690531548e-01
1.812609724700450786e-01
1.825771495699882452e-01
1.827150322496891022e-01
1.812797479331493267e-01
1.809443147853016798e-01
1.822139693889766876e-01
1.826700776815414484e-01
1.818449273705482483e-01
1.826439030468463842e-01
1.821765322238206863e-01
1.818476080894470270e-01
1.821391686797141918e-01
1.821677513420581762e-01
1.819859907031059210e-01
1.824736610054969732e-01
1.821842871606350056e-01
1.821601383388042339e-01
1.826094835996627808e-01
1.829365201294422261e-01
1.811974074225872755e-01
1.814202487468719593e-01
1.827257044613361248e-01
1.816504038870334625e-01
1.827413605060428381e-01
1.825893953442573603e-01
1.818887917790562025e-01
1.815561883151531331e-01
1.822047946043312550e-01
1.827606931328773499e-01
1.820651706308126505e-01
1.820063367486000061e-01
1.825178639963269123e-01
1.819769360125064739e-01
1.825720876455307062e-01
1.817755788564681951e-01
1.822106204926967621e-01
1.825441250577569119e-01
1.822192639112472645e-01
1.819104823283851091e-01
1.821507632266730070e-01
1.826125755906105042e-01
1.821139910724013933e-01
1.827936012297868840e-01
1.822689794003963526e-01
1.820663445163518135e-01
1.819423206150531658e-01
1.820427618920802959e-01
1.819802684709429796e-01
1.819863043725490626e-01
1.819457538425922338e-01
1.821074225008487701e-01
1.826294037513434831e-01
1.819759361445903723e-01
1.825103621929883846e-01
1.819262326229363624e-01
1.815742500126361902e-01
1.820345526561140959e-01
1.833341673016548046e-01
1.818183861672878210e-01
1.811091125011444203e-01
1.809755779337137993e-01
1.814087776467204205e-01
1.834721229970455170e-01
1.829331636428833119e-01
1.827333956956863348e-01
1.825978178530931473e-01
1.820856226608157102e-01
1.815047896467149313e-01
1.818018430843949262e-01
1.835560651496052631e-01
1.823114166036248207e-01
1.823340694420039765e-01
1.817961394786834772e-01
1.820068605244159754e-01
1.822424821555614360e-01
1.817063078284263666e-01
1.819848805665969793e-01
1.823769547045230865e-01
1.812937952578067835e-01
1.816594077274203411e-01
1.820087440311908833e-01
1.812706738710403442e-01
1.824185743927955738e-01
1.815444201231002919e-01
1.818454463034868129e-01
1.817444063723087366e-01
1.817745572887360939e-01
1.817673511803150066e-01
1.818119846284389496e-01
1.817065583541989382e-01
1.817774504423141368e-01
1.816172838211059515e-01
1.820243631489574798e-01
1.817274306900799330e-01
1.822465136647224426e-01
1.817206203937530573e-01
1.815647140145301708e-01
1.819368645548820607e-01
1.818371921777725275e-01
1.820271180942654721e-01
1.817355969455093090e-01
1.817189259920269362e-01
1.819152481853962000e-01
1.819434526376426109e-01
1.818537935614585876e-01
1.823613129556179158e-01
1.820338678546249978e-01
1.825190122239291612e-01
1.822740979492664393e-01
1.822936773300170843e-01
1.816593818366527557e-01
1.818678718060255106e-01
1.820577412843704113e-01
1.819000924937426988e-01
1.818206518888473566e-01
1.820151135325431824e-01
1.822087638080120142e-01
1.821922451257705633e-01
1.817260080948472079e-01
1.819871582090854534e-01
1.819149708375334684e-01
1.817343371920287498e-01
1.821691744029521887e-01
1.818727858364582173e-01
1.820300213992595562e-01
1.820332817733287811e-01
1.817125897854566519e-01
1.818660378456115612e-01
1.820768869481980690e-01
1.818563292734324821e-01
1.818143375217914637e-01
1.818608850240707453e-01
1.823601005598902702e-01
1.821261897683143505e-01
1.818863544613122940e-01
1.821714542806148474e-01
1.824883363209664766e-01
1.817985292524099405e-01
1.821403235197067150e-01
1.819376461207866669e-01
1.822006671689450630e-01
1.819882579147815704e-01
1.820585571229457744e-01
1.821908421814441570e-01
1.821731405332684406e-01
1.816540105268359129e-01
1.818010240793228038e-01
1.822456493973731995e-01
1.824517071247100941e-01
1.823177695274353083e-01
1.821956008672714344e-01
1.820752367377281300e-01
1.822059907019138447e-01
1.827286540530622116e-01
1.819307446479797308e-01
1.835471540689468384e-01
1.817553415894508362e-01
1.821395888924598749e-01
1.828693293035030254e-01
1.822713673114776667e-01
1.826772347092628368e-01
1.823363370262086336e-01
1.813498223200440407e-01
1.821773296222090610e-01
1.822824463248252924e-01
1.821456292644142994e-01
1.822457648813724518e-01
1.820178024470806011e-01
1.817889630794525258e-01
1.826829766272567157e-01
1.820698846131563187e-01
1.819538526237010900e-01
1.819539301097393147e-01
1.818618712946772631e-01
1.819673687219619806e-01
1.821650247089564856e-01
1.814456455409526880e-01
1.821667484939098469e-01
1.819708153605461010e-01
1.822820812463760431e-01
1.822440031915903147e-01
1.817894816398620550e-01
1.821146070957183893e-01
1.817305468022823445e-01
1.822019778192043304e-01
1.818606761284172479e-01
1.821474350988864788e-01
1.820224627852439769e-01
1.817379912361502536e-01
1.819965787231922205e-01
1.816882900893688202e-01
1.819834358990192469e-01
1.817581253126263618e-01
1.819803595542907604e-01
1.818655587732792012e-01
1.821360892150551136e-01
1.821453697979450170e-01
1.818651627749204580e-01
1.818694449961185400e-01
1.820717677474021912e-01
1.819159016013145447e-01
1.818289324641227667e-01
1.820270524360239617e-01
1.818782831076532491e-01
1.817018292145803626e-01
1.822630169335752726e-01
1.817129351198673304e-01
1.819517482072114944e-01
1.819908605888485853e-01
1.819604603573679869e-01
1.817940399050712585e-01
1.819781735539436340e-01
1.820606030523777008e-01
1.823016896843910328e-01
1.821008644066751114e-01
1.821046121418476160e-01
1.820349976420402582e-01
1.820364162325859014e-01
1.818045847117900904e-01
1.821593600208871178e-01
1.817145314998924732e-01
1.823807552456855885e-01
1.821500748395919744e-01
1.821450218558311462e-01
1.820693820714950617e-01
1.820480331778526195e-01
1.817752465605735890e-01
1.820845216512680109e-01
1.821472607553005219e-01
1.819784648716449849e-01
1.816948300693184137e-01
1.819805521517992020e-01
1.820315890014171656e-01
1.820277042686939128e-01
1.818496257066726796e-01
1.821915476582944282e-01
1.820422872900962774e-01
1.818614605814218577e-01
1.821500891819596291e-01
1.821705505251884349e-01
1.819304801523685400e-01
1.823725238442421015e-01
1.823603396303951629e-01
1.815980784595012665e-01
1.819919697009027004e-01
1.818982943892478998e-01
1.820337613113224562e-01
1.822056598961353246e-01
1.819803444202989229e-01
1.823764823377132527e-01
1.819382362067699377e-01
1.821527643129229601e-01
1.820825909264385811e-01
1.820774659514427241e-01
1.820842638611793463e-01
1.822015322744846288e-01
1.820231832563877217e-01
1.822023145854473059e-01
1.820636756718158611e-01
1.817020155489444677e-01
1.823060430586337932e-01
1.821339033544063513e-01
1.820269828196615092e-01
1.818447908386588152e-01
1.826048132963478676e-01
1.815387889742851313e-01
1.822037257254123799e-01
1.818893052637577112e-01
1.822346992790699061e-01
1.820321485400199779e-01
1.821658223867416437e-01
1.820414039306342546e-01
1.820462927222251948e-01
1.820834681391715892e-01
1.820090986788272802e-01
1.821279466152191107e-01
1.821488099172711428e-01
1.821405410766601674e-01
1.818075997754931561e-01
1.827570304274558910e-01
1.819386050105094854e-01
1.821577440947294291e-01
1.821986477589234710e-01
1.820614658296108301e-01
1.819135840982198660e-01
1.822339165955781937e-01
1.818721967749297730e-01
1.821655418025329709e-01
1.820210091769695337e-01
1.820268416777253151e-01
1.819654248654842266e-01
1.821069583296775762e-01
1.821276254951953999e-01
1.820383608341216986e-01
1.821705277077853569e-01
1.820800103247165735e-01
1.819678209722042084e-01
1.819939807057380787e-01
1.820237137377262171e-01
1.820325485430657753e-01
1.821800813078880421e-01
1.819546739512588884e-01
1.821761488914489802e-01
1.819490864872932434e-01
1.820135779678821453e-01
1.820509275421500206e-01
1.820164859294891302e-01
1.820587292313575745e-01
1.818577108671888820e-01
1.821606323122978155e-01
1.820617869496345409e-01
1.820344999432563782e-01
1.819765406660735496e-01
1.819923983654007371e-01
1.818615723401308115e-01
1.820287741720676422e-01
1.820636197924613842e-01
1.819420328363776096e-01
1.822428645100444555e-01
1.819152407348156031e-01
1.821472335141152143e-01
1.819833308458328192e-01
1.821620397269725911e-01
1.819503784179687389e-01
1.821078611072152742e-01
1.818293027579784282e-01
1.822704430669546127e-01
1.819703025743365232e-01
1.821822501718997900e-01
1.819291553460061495e-01
1.823493793606758007e-01
1.820509799756109826e-01
1.822090337984264008e-01
1.820009043440222740e-01
1.821491365320980493e-01
1.820161484181880840e-01
1.820109345018863789e-01
1.821281365351751502e-01
1.821660324931144714e-01
1.818241829983890112e-01
1.821026351302862112e-01
1.819941091351210960e-01
1.822099165525287445e-01
1.820203792303800583e-01
1.821065608412027470e-01
1.819274470210075489e-01
1.821866065263748058e-01
1.820342168211936951e-01
1.821109116077423151e-01
1.820771068334579579e-01
1.821414677426219098e-01
1.820537284016609247e-01
1.820446833968162592e-01
1.820470705628395025e-01
1.820741336327046100e-01
1.820603787899017223e-01
1.821063667535781916e-01
1.819562819786369745e-01
1.823170088231563513e-01
1.818764530122280176e-01
1.820288884453475364e-01
1.819555325200781226e-01
1.820870112627744619e-01
1.821203886531293503e-01
1.820593968033790699e-01
1.821131871081888565e-01
1.820874270051717758e-01
1.821170017123222296e-01
1.821170769631862696e-01
1.820540635846555344e-01
1.819359503686427959e-01
1.820243244059383814e-01
1.821127690374851338e-01
1.819849401712417547e-01
1.821447200141847189e-01
1.821840220945887268e-01
1.819814904127269872e-01
1.821157954633235987e-01
1.821043320000171606e-01
1.820255050901323501e-01
1.819927588105201832e-01
1.820940837264060919e-01
1.819022476673126110e-01
1.822893097996711731e-01
1.820484951138496288e-01
1.820948521606624015e-01
1.820806264877319336e-01
1.820191018283367212e-01
1.821533692069351729e-01
1.820469629019498825e-01
1.820966027677059229e-01
1.820376247167587169e-01
1.821604147553443909e-01
1.819956280291080419e-01
1.820227372460067328e-01
1.819806327112019062e-01
1.820227168500423431e-01
1.821308381855487879e-01
1.820241007953882217e-01
1.819780454039573725e-01
1.821071827784180586e-01
1.820085041224956401e-01
1.820975199341773876e-01
1.820513346930965892e-01
1.819845154881477300e-01
1.819843944162130300e-01
1.820223741233348846e-01
1.821532284840941540e-01
1.820443066302686874e-01
1.821127764880657307e-01
1.819702960550785009e-01
1.821223906241357382e-01
1.820277497172355652e-01
1.819789142347872368e-01
1.821014583110809326e-01
1.820201179012656267e-01
1.820624879095703308e-01
1.820779703557491302e-01
1.820806592702865490e-01
1.819331966340541895e-01
1.821782867424190100e-01
1.820734895765781514e-01
1.820037588477134705e-01
1.821467921137809864e-01
1.820435889065265544e-01
1.821034148335456959e-01
1.821252085268497412e-01
1.819784596562385448e-01
1.821408219635486658e-01
1.820323407649993841e-01
1.821878369897604044e-01
1.820175968110561426e-01
1.819242253899574224e-01
1.822440780699253193e-01
1.819943256676196941e-01
1.820465341210365240e-01
1.821695804595947210e-01
1.819484263658523449e-01
1.821457743644714355e-01
1.820369042456149999e-01
1.820729382336139790e-01
1.821287092752754688e-01
1.820925250649452209e-01
1.821015047840774115e-01
1.820531800389289800e-01
1.819807127118110712e-01
1.821561351418495289e-01
1.820911615155637320e-01
1.820707187056541387e-01
1.821166507899761311e-01
1.819564394652843364e-01
1.820893131196498760e-01
1.821428298950195368e-01
1.820584151893854252e-01
1.820921109989285525e-01
1.819973532110452652e-01
1.821816251380369012e-01
1.820896402001380976e-01
1.820763949304819163e-01
1.821521757170558031e-01
1.820780865149572436e-01
1.820665530860424153e-01
1.819991432130336761e-01
1.820667348802089691e-01
1.821222357451915685e-01
1.820016934536397568e-01
1.821268340572714806e-01
1.820761427283286993e-01
1.821101710200309642e-01
1.820560675114393234e-01
1.820896768476814032e-01
1.820102689322084244e-01
1.821085542440414318e-01
1.820122150238603354e-01
1.821456216275691986e-01
1.821295268833637293e-01
1.821058996021747700e-01
1.820232868194580078e-01
1.821305155754089355e-01
1.820368006825447138e-01
1.820600914303213413e-01
1.820961751043796428e-01
1.820050889160484131e-01
