1.351489226023356194e+00
1.390516440073649163e+00
1.083906630674998040e+00
1.082233925660451179e+00
9.979603489240010950e-01
8.997774521509805945e-01
8.968656857808431360e-01
1.101881206035614014e+00
9.325943390528360633e-01
8.375989794731140137e-01
8.615488807360330847e-01
8.078384598096212121e-01
7.619331876436868933e-01
8.823346892992655066e-01
7.769816716512044641e-01
7.721487085024515418e-01
7.422028581301370886e-01
8.469593723615010950e-01
1.077500840028126960e+00
8.900276025136312219e-01
8.566153049468994141e-01
7.818306088447570801e-01
1.111620465914408440e+00
9.933571815490722656e-01
9.618875185648599890e-01
8.708610335985819129e-01
8.724656303723653528e-01
8.867364724477132532e-01
7.906016310056050989e-01
7.576488057772318152e-01
6.921591560045877722e-01
1.090217312177022224e+00
8.809115489323934289e-01
9.927887121836344031e-01
9.660576581954956055e-01
9.146602749824523926e-01
8.384450674057006836e-01
8.517216841379801062e-01
7.879964907964071008e-01
9.680817325909932825e-01
1.038657267888386970e+00
9.694078167279561731e-01
8.717910846074422571e-01
9.715582331021627160e-01
8.698830803235372278e-01
9.533152182896932336e-01
1.017302791277567620e+00
9.318145712216695520e-01
9.100038011868795129e-01
8.540385365486145020e-01
9.118942419687906531e-01
8.293564120928446082e-01
8.184367020924886438e-01
1.036905686060587639e+00
9.755146106084188196e-01
9.579694867134094238e-01
9.495249390602111816e-01
9.393240809440612793e-01
8.957538604736328125e-01
9.260059197743734094e-01
1.029879570007324219e+00
8.984244863192240027e-01
9.777258833249410364e-01
1.006747066974639893e+00
9.590255220731099817e-01
9.285064538319905969e-01
9.739000002543131140e-01
9.374398589134216309e-01
8.598404129346212121e-01
8.828852772712707520e-01
8.408006429672241211e-01
8.849483927090963098e-01
7.270420988400777551e-01
7.929546634356180457e-01
6.547277768452962610e-01
1.036848882834116692e+00
1.064358552296956306e+00
1.047041416168212891e+00
9.968148072560628625e-01
9.611740509668985633e-01
9.706534743309020996e-01
9.751358429590860633e-01
9.538279374440511438e-01
9.599392414093017578e-01
9.605192343393961218e-01
9.809680382410684851e-01
1.020207226276397705e+00
9.964394569396972656e-01
9.765920639038085938e-01
9.737747907638549805e-01
9.613847732543945312e-01
9.515921076138814660e-01
9.417617917060852051e-01
9.926246802012125281e-01
9.543060660362243652e-01
9.731460809707641602e-01
9.720208247502645227e-01
9.808510939280191687e-01
9.933410684267679480e-01
9.716299772262573242e-01
9.623487591743469238e-01
9.414577881495157508e-01
9.557798306147257117e-01
9.406643509864807129e-01
9.408340255419412879e-01
9.345660010973612097e-01
9.347174962361654016e-01
9.464559157689412805e-01
9.265657265981038782e-01
9.321721394856771203e-01
9.695392847061157227e-01
9.303811391194661828e-01
9.315867821375528601e-01
9.520952502886453894e-01
9.334244728088378906e-01
9.312354326248168945e-01
9.650814731915792200e-01
9.232149322827657434e-01
9.438490867614746094e-01
9.141306281089782715e-01
9.373370409011840820e-01
9.549048145612081262e-01
9.291023612022399902e-01
9.407087564468383789e-01
9.160936872164407996e-01
9.325849413871765137e-01
9.292124311129251746e-01
9.111761252085367468e-01
9.030846357345581055e-01
9.277412494023641321e-01
9.080799818038940430e-01
9.117653568585714075e-01
9.261111219724019739e-01
9.702305992444356653e-01
9.222635030746459961e-01
9.374005794525146484e-01
8.841025431950887414e-01
9.691539009412130090e-01
8.965650399525960657e-01
9.287204941113790246e-01
8.770060539245605469e-01
8.795504172643026086e-01
9.229929248491922644e-01
8.472206989924112586e-01
8.500595291455587121e-01
8.064783612887064246e-01
8.464276790618896484e-01
9.126429955164591101e-01
7.836370865503946570e-01
7.318574587504068640e-01
8.016674717267354700e-01
8.334669272104898718e-01
8.687722682952880859e-01
7.388225396474202844e-01
7.288243969281514856e-01
6.979121168454488489e-01
6.231551965077718469e-01
6.225933829943338660e-01
9.702808856964111328e-01
7.469159364700317383e-01
5.983508427937825891e-01
6.278217037518819543e-01
5.021550357341766357e-01
5.873304406801859168e-01
5.433374941349029541e-01
6.055166920026143762e-01
7.725845376650491980e-01
5.035294890403747559e-01
5.323632160822550086e-01
6.397591034571329383e-01
7.008073727289835242e-01
6.004825433095296594e-01
4.366356829802195416e-01
6.695346236228942871e-01
5.246660610040029260e-01
4.598791003227233887e-01
5.553134381771087646e-01
4.509145716826121197e-01
5.301204224427541467e-01
5.003201166788736609e-01
5.505094130833944055e-01
6.350354552268981934e-01
4.601761102676391602e-01
4.888637959957122803e-01
4.005305071671803607e-01
4.831693768501281738e-01
4.138572514057159424e-01
3.378102680047352924e-01
7.213667233784993860e-01
5.069434046745300293e-01
6.112148563067117957e-01
5.042817791302999231e-01
2.947941919167836322e-01
3.089362482229868756e-01
3.205648163954417096e-01
3.620904833078384399e-01
4.493870238463084088e-01
5.141364037990570068e-01
3.699185450871785297e-01
3.549628754456837787e-01
3.322478334108988629e-01
3.806991974512736188e-01
2.881015042463938580e-01
3.039882232745488300e-01
2.570610940456390381e-01
3.041254778703053607e-01
3.179908841848373413e-01
3.545031547546386719e-01
2.414203484853108816e-01
2.764910111824671612e-01
3.575801948706309186e-01
4.210423529148101807e-01
4.389488399028778076e-01
2.902375757694244385e-01
2.557671517133712769e-01
3.631228804588317871e-01
3.691629270712534772e-01
2.443350007136662894e-01
3.312625288963317871e-01
2.670457859834035053e-01
4.304100374380747662e-01
3.902146915594736920e-01
3.194663623968760358e-01
2.925612827142079486e-01
3.113827556371688843e-01
3.466991484165191650e-01
2.577202816804249896e-01
2.358097583055496216e-01
2.625596622625986920e-01
3.226655125617980957e-01
2.542278319597244263e-01
2.959335247675577985e-01
3.769033749898274555e-01
3.476039469242095947e-01
3.211900095144907819e-01
3.312926491101582660e-01
3.287520408630371094e-01
2.421406209468841553e-01
3.624502817789713727e-01
2.797482758760452271e-01
2.833525240421295166e-01
4.651325047016143799e-01
3.530464073022206439e-01
2.452447613080342703e-01
3.898189564545949115e-01
4.331527849038441791e-01
3.439664343992869244e-01
3.614137172698974609e-01
2.700115839640299664e-01
2.927218576272328510e-01
2.425765295823415213e-01
3.122943441073099957e-01
2.238810012737909860e-01
3.491325676441192627e-01
3.406403362751007080e-01
3.496174712975819721e-01
3.708648780981699811e-01
2.970567742983500348e-01
2.694792399803797589e-01
2.747201919555664062e-01
2.911255011955897198e-01
2.815953244765599384e-01
2.487761129935582571e-01
3.491867283980051861e-01
2.503976623217264996e-01
2.956346770127614154e-01
2.658587843179702759e-01
3.529681563377380371e-01
4.197439153989155902e-01
3.467298845450083600e-01
2.629674077033996582e-01
2.500053346157073975e-01
3.368660608927409039e-01
2.091415673494338989e-01
1.901830633481343680e-01
3.621262212594349994e-01
2.102408061424891061e-01
1.665052125851313181e-01
2.897217174371083392e-01
2.508878658215205060e-01
3.216897646586100445e-01
2.760134736696879254e-01
2.521884242693583356e-01
3.009321689605712891e-01
3.797822296619415283e-01
3.193696240584055768e-01
2.576077580451965332e-01
2.278819531202316284e-01
2.950329333543777466e-01
3.015774587790171490e-01
2.746301144361495972e-01
2.418441573778788156e-01
2.938928802808125629e-01
4.102572004000346051e-01
3.691231409708659039e-01
2.957292099793751849e-01
3.130406041940053119e-01
3.353544374306996478e-01
2.873966991901397705e-01
3.746183017889658795e-01
2.597720026969909668e-01
2.823583781719207764e-01
2.678359349568684711e-01
2.534017811218897687e-01
2.582974682251612530e-01
2.405263533194859915e-01
2.905712127685546875e-01
2.750247468550999774e-01
2.550539970397949219e-01
3.203422725200653076e-01
2.972639848788579120e-01
3.260494967301686420e-01
2.399521966775258475e-01
2.541295786698659076e-01
2.829562127590179443e-01
2.839945157368977680e-01
2.995324830214182721e-01
2.425989409287770682e-01
2.970457573731740131e-01
3.131188551584879742e-01
2.610780249039332257e-01
2.502630551656087055e-01
3.139685193697611676e-01
2.677636444568634033e-01
3.000784615675608502e-01
2.976687053839365826e-01
2.984823087851206647e-01
2.871030569076538086e-01
3.096874058246612549e-01
2.811923424402872906e-01
2.836946696043014526e-01
2.267202834288279123e-01
2.437296708424886160e-01
2.236392398675282889e-01
3.020013372103373395e-01
2.757121274868647443e-01
2.622526685396830426e-01
2.510659545660018921e-01
2.453485379616419382e-01
2.714671740929285870e-01
2.688296685616175519e-01
2.468193620443344116e-01
2.580287208159764423e-01
2.636205454667409076e-01
2.530669122934341431e-01
2.901410708824793683e-01
2.785614629586537494e-01
2.462189296881357736e-01
2.388498634099960327e-01
2.774185786644617902e-01
2.746651271979014264e-01
2.936882476011912213e-01
2.741653273502985821e-01
2.773156613111495972e-01
2.677481025457382202e-01
3.156504929065704346e-01
2.670608609914779663e-01
2.902382612228393555e-01
2.866046528021494733e-01
2.915878395239512311e-01
2.250283807516098022e-01
3.035530745983123779e-01
2.904899418354034424e-01
2.781960765520731793e-01
3.432366847991943359e-01
3.054879705111185895e-01
3.000628054141998291e-01
2.829629828532536640e-01
2.530164817969004498e-01
2.320215056339899606e-01
2.578782389561335431e-01
2.319963475068410330e-01
3.257767359415690289e-01
2.813481837511062622e-01
2.594105899333953857e-01
2.325895329316457205e-01
2.894179771343867169e-01
3.074097981055577411e-01
2.651034543911616193e-01
2.983693728844324933e-01
2.900667786598205566e-01
2.623236477375030518e-01
2.559895416100819721e-01
2.489466120799382620e-01
2.680423408746719360e-01
2.867861439784367694e-01
2.475517094135284424e-01
2.982717255751292096e-01
2.669420937697092877e-01
2.766067435344060077e-01
3.005962123473485126e-01
3.025595148404439105e-01
2.617645611365636005e-01
2.678879698117573871e-01
2.593460281689961566e-01
2.731478015581766949e-01
3.044176797072092877e-01
2.751424958308537616e-01
2.491543690363565988e-01
2.992226034402847290e-01
2.812631477912266864e-01
2.661177317301432477e-01
2.484839260578155518e-01
2.440203328927358084e-01
2.189011573791503906e-01
2.672234127918879376e-01
2.495487133661905832e-01
2.589753717184066772e-01
2.546143631140391217e-01
2.485620081424713135e-01
2.770537783702214374e-01
2.756321678558985577e-01
2.436208079258600778e-01
2.613013188044230328e-01
3.072960078716278076e-01
2.401792754729588919e-01
2.494459152221679688e-01
2.517870217561721802e-01
2.490959763526916504e-01
2.803680201371510639e-01
3.012342453002929688e-01
2.764278550942738666e-01
2.804814974466959820e-01
2.872266173362731934e-01
2.888490060965220319e-01
2.635952929655711041e-01
2.674922198057174683e-01
2.626275271177291870e-01
2.617078969875971661e-01
2.196485847234725952e-01
2.566411346197128296e-01
2.933977146943410053e-01
3.009682546059290753e-01
2.875386079152424945e-01
2.763919631640116559e-01
2.335503548383712769e-01
2.792898416519165039e-01
2.656712879737218036e-01
2.501720438400904523e-01
2.497351517279942923e-01
2.861103812853495465e-01
2.493422180414199829e-01
2.513126134872436523e-01
2.378892004489898682e-01
2.275513807932535715e-01
2.784801870584487915e-01
2.733865280946095599e-01
2.655164748430252075e-01
2.527447094519932880e-01
2.683428029219309674e-01
2.956757148106892719e-01
2.770779679218928204e-01
2.716461618741353168e-01
2.569727847973505841e-01
2.516295611858367920e-01
2.382640441258748465e-01
2.623101125160853253e-01
2.436760266621907645e-01
2.642944554487864361e-01
2.784524361292521344e-01
2.612637033065159931e-01
2.706190546353657855e-01
2.774572769800822125e-01
2.623821298281351910e-01
2.509030600388844623e-01
2.452587982018788748e-01
2.497674077749252319e-01
2.550041079521179199e-01
2.737029790878295898e-01
2.535145779450734271e-01
2.432911942402521677e-01
2.636222988367080688e-01
2.701875418424606323e-01
2.232299496730168753e-01
2.513646682103474750e-01
2.560699731111526489e-01
2.556624362866083966e-01
2.425269683202107840e-01
2.649150590101878033e-01
2.450139870246251517e-01
2.704572478930155621e-01
2.619034250577290668e-01
2.593828141689300537e-01
2.756516734759013043e-01
2.928806493679682599e-01
2.740492572387059345e-01
2.659782965977986469e-01
2.651429226001103534e-01
2.538803021113077985e-01
2.640961309274037494e-01
2.639298935731251849e-01
2.461604128281275339e-01
3.051154116789500104e-01
2.597202559312184467e-01
2.668660730123519897e-01
2.734412203232447491e-01
2.714296728372573853e-01
2.759817242622375488e-01
2.791953583558400287e-01
3.006122807661692486e-01
2.619711558024088727e-01
2.549753983815510883e-01
2.808631559213002338e-01
2.492515444755554199e-01
2.404486536979675293e-01
2.763729741175969257e-01
2.656114051739374982e-01
2.461584806442260742e-01
2.668870935837427960e-01
2.703962375720341815e-01
2.558294087648391724e-01
2.647381077210108624e-01
2.587115863958994733e-01
2.448558161656061716e-01
2.564139564832051410e-01
2.791014462709426880e-01
2.742291639248530255e-01
2.755542596181233539e-01
2.320097237825393677e-01
2.476741025845209665e-01
2.610673159360885620e-01
2.705368747313817157e-01
2.568513453006744385e-01
2.393288463354110718e-01
2.645126183827717914e-01
2.586343834797541485e-01
2.707703510920206891e-01
2.612990637620289935e-01
2.595049689213435040e-01
2.287352134784062796e-01
2.438144981861114502e-01
2.619284292062123431e-01
2.941803187131881714e-01
2.585243135690689087e-01
2.251206735769907541e-01
2.562357385953267230e-01
2.638391951719920026e-01
2.687906076510747089e-01
2.644836852947871075e-01
2.570296972990036011e-01
2.475200841824213571e-01
2.418028513590494699e-01
2.577929943799972534e-01
2.454366385936737061e-01
2.540241181850433350e-01
2.673330108324686871e-01
2.621477792660395489e-01
2.495298584302266531e-01
2.606511116027832031e-01
2.786942621072133197e-01
2.642180273930231915e-01
2.493003209431966238e-01
2.664754241704940796e-01
2.725183765093485699e-01
2.780881176392237530e-01
2.481968502203623361e-01
2.450156410535176688e-01
2.490385373433431082e-01
2.605185260375340595e-01
2.569559961557388306e-01
2.702499975760777606e-01
2.540568411350250244e-01
2.356471121311187744e-01
2.731055120627085553e-01
2.539103776216506958e-01
2.555101017157236920e-01
2.505953013896942139e-01
2.738061894973118915e-01
2.271348138650258475e-01
2.740974624951680316e-01
2.457093000411987305e-01
2.649637510379155292e-01
2.842671076456705914e-01
2.266193926334381104e-01
2.163621137539545602e-01
2.360635846853256226e-01
2.519389937321345196e-01
2.701719204584757672e-01
2.709932128588358746e-01
2.344741274913152151e-01
2.582909266153971539e-01
2.524702300628026141e-01
2.576348036527633667e-01
2.476845582326253348e-01
2.482523222764333182e-01
2.599795113007227765e-01
2.722377330064773560e-01
2.636868854363759174e-01
2.345015605290730887e-01
2.321190933386484689e-01
2.597754299640655518e-01
2.560624331235885620e-01
2.489013622204462595e-01
2.356508423884709769e-01
2.584701379140217914e-01
2.968562791744868146e-01
2.685854633649190082e-01
2.969708740711212158e-01
2.489544848601023264e-01
2.708188444375991821e-01
2.425299187501271658e-01
2.764942795038223267e-01
2.397608409325281686e-01
2.538142750660578595e-01
2.742268393437067853e-01
2.675737192233403339e-01
2.384679367144902640e-01
2.542059123516082764e-01
2.202763160069783621e-01
2.667761296033859253e-01
2.298106253147125244e-01
2.448525081078211374e-01
2.541362543900807514e-01
2.460490862528482980e-01
2.530483156442642212e-01
2.832229932149251117e-01
2.635379085938135968e-01
2.712608575820922852e-01
2.566621502240498676e-01
2.600969076156616211e-01
2.788384805123011456e-01
2.550743867953618182e-01
2.552531609932581769e-01
2.590003212292988910e-01
2.742126882076263428e-01
2.469782233238220215e-01
2.380465765794118338e-01
2.583359926939010620e-01
2.438133607308069772e-01
2.484897027413050241e-01
2.609390119711558209e-01
2.532028506199519025e-01
2.779539575179417743e-01
2.540357361237208234e-01
2.514394770065943585e-01
2.547769149144490375e-01
2.628198613723118915e-01
2.449884215990702219e-01
2.439147084951400757e-01
2.302519728740056448e-01
2.678788602352142334e-01
2.507168749968211041e-01
2.304343531529108591e-01
2.733277281125386371e-01
2.698338975509007587e-01
2.463550368944803781e-01
2.704917093118031635e-01
2.814426223436991559e-01
2.685606330633163452e-01
2.621086388826370239e-01
2.470231950283050537e-01
2.530143459637959613e-01
2.510104229052861347e-01
2.352626323699951172e-01
2.767302989959716797e-01
2.607289304335911884e-01
2.732773870229721069e-01
2.901407082875569476e-01
2.627617170413334979e-01
2.705120146274566650e-01
2.404839694499969482e-01
2.488237768411636353e-01
2.661989579598109112e-01
2.485202103853225708e-01
2.298074513673782349e-01
2.533547182877858295e-01
2.701329042514165057e-01
2.578565527995427265e-01
2.587233384450276508e-01
2.568431397279103412e-01
2.793741822242736816e-01
2.506838639577229633e-01
2.675556590159733905e-01
2.813943326473236084e-01
2.364840308825174875e-01
2.710189918677012311e-01
2.739843577146530151e-01
2.540456553300221576e-01
2.339557657639185495e-01
2.697463432947794781e-01
2.717491636673609601e-01
2.484921663999557495e-01
2.456349084774653024e-01
2.733259300390879498e-01
2.661191523075103760e-01
2.634256879488627301e-01
2.479034115870793753e-01
2.528244952360789166e-01
2.644644230604171753e-01
2.609976877768834247e-01
2.414783239364624023e-01
2.479144781827926636e-01
2.604469607273737775e-01
2.668167054653167725e-01
2.629158099492390765e-01
2.525339722633361816e-01
2.556788126627604352e-01
2.570123672485351562e-01
2.422280013561248779e-01
2.805972794691721783e-01
2.427588850259780884e-01
2.584802756706873761e-01
2.469325264294942313e-01
2.564445088307062970e-01
2.538861334323883057e-01
2.440991103649139404e-01
2.597454289595286236e-01
2.694126715262730731e-01
2.630501737197240009e-01
2.626071770985921039e-01
2.442205895980199271e-01
2.488526304562886649e-01
2.598003993431727277e-01
2.630082418521245136e-01
2.784166385730107440e-01
2.641919900973637714e-01
2.469344784816106253e-01
2.639199246962865009e-01
2.665098955233891620e-01
2.489068210124969482e-01
2.736099958419799805e-01
2.603103369474411011e-01
2.599985152482986450e-01
2.668242653210957660e-01
2.400693396727243967e-01
2.651061664024988995e-01
2.764104505379994525e-01
2.557707379261652814e-01
2.567831377188364850e-01
2.433394143978754587e-01
2.730820178985595703e-01
2.512453148762385235e-01
2.604611565669377460e-01
2.460917532444000244e-01
2.508036692937214984e-01
2.639114558696746826e-01
2.387071947256723947e-01
2.535849511623382568e-01
2.717138280471165790e-01
2.488729457060495920e-01
2.621070345242818012e-01
2.471604794263839722e-01
2.478549033403396606e-01
2.550851205984751569e-01
2.711304277181625366e-01
2.576491634051005231e-01
2.562082807223002301e-01
2.512632360061009540e-01
2.381865332523981638e-01
2.402655531962712698e-01
2.697134067614873065e-01
2.478262384732564383e-01
2.631811151901881085e-01
2.453594952821731567e-01
2.737366159756978168e-01
2.540761977434158325e-01
2.429187844196955270e-01
2.494824826717376709e-01
2.679743369420369281e-01
2.558250576257705688e-01
2.693567276000976562e-01
2.734165042638778687e-01
2.478830118974049979e-01
2.392912258704503470e-01
2.484861612319946289e-01
2.729063381751378192e-01
2.376793523629506522e-01
2.534159868955612183e-01
2.556115239858627319e-01
2.487130314111709595e-01
2.460631728172302246e-01
2.467923065026601248e-01
2.465543200572331839e-01
2.643196235100428448e-01
2.439737617969512939e-01
2.645007073879241943e-01
2.456340044736862183e-01
2.629149506489436017e-01
2.632904400428136005e-01
2.512653221686680927e-01
2.384415715932846069e-01
2.609286954005559100e-01
2.486176391442616873e-01
2.575016568104426251e-01
2.644399404525756836e-01
2.765062302350997925e-01
2.584244857231776105e-01
2.541832923889160156e-01
2.673103908697764264e-01
2.447333683570226126e-01
2.590539356072743549e-01
2.530638128519058228e-01
2.567037095626195087e-01
2.572203278541564941e-01
2.598101546367009296e-01
2.494257738192876273e-01
2.433949808279673166e-01
2.641250789165496826e-01
2.646568516890208111e-01
2.619456946849822998e-01
2.498675833145777292e-01
2.540034403403599872e-01
2.580398917198181152e-01
2.726241201162338257e-01
2.640343159437179565e-01
2.589426686366398944e-01
2.611141055822372437e-01
2.482287784417470389e-01
2.755093077818552838e-01
2.737862318754196167e-01
2.639539639155070172e-01
2.405584504206975394e-01
2.642852614323298321e-01
2.452690998713175363e-01
2.574674983819325580e-01
2.555461227893829346e-01
2.457876751820246286e-01
2.516694416602452411e-01
2.507745325565338135e-01
2.446872144937515259e-01
2.640543133020401001e-01
2.565720031658808575e-01
2.640178054571151733e-01
2.467179149389266968e-01
2.758032480875651227e-01
2.498997847239176340e-01
2.732198089361190796e-01
2.631081839402516498e-01
2.520053684711456299e-01
2.472087641557057791e-01
2.603457321723302020e-01
2.754643857479095459e-01
2.610388000806172504e-01
2.658630857865015851e-01
2.448472082614898682e-01
2.442325999339421683e-01
2.442688345909118652e-01
2.625496735175450458e-01
2.573023835817973004e-01
2.668723861376444684e-01
2.449567764997482300e-01
2.606149017810821533e-01
2.505481044451395856e-01
2.619626671075820923e-01
2.663614054520924701e-01
2.493537763754526682e-01
2.576426863670349121e-01
2.625971535841624127e-01
2.506401340166727887e-01
2.620724290609359741e-01
2.624532033999760761e-01
2.588166147470474243e-01
2.486401150623957224e-01
2.564484278361002789e-01
2.754552513360977173e-01
2.476073106129964285e-01
2.466837118069330759e-01
2.500350326299667358e-01
2.496065944433212280e-01
2.613844573497772217e-01
2.489868551492691040e-01
2.716044088204701556e-01
2.517992456754048480e-01
2.627753267685572491e-01
2.595352878173192157e-01
2.655191222826639996e-01
2.619475871324539185e-01
2.585859447717666626e-01
2.475914706786473685e-01
2.655148903528849469e-01
2.735070337851842059e-01
2.485726873079935617e-01
2.461945364872614450e-01
2.456787824630737305e-01
2.625854015350341797e-01
2.496526837348937988e-01
2.708528687556584491e-01
2.550659726063410626e-01
2.551382879416148053e-01
2.566574960947036743e-01
2.502741267283757343e-01
2.611390401919682636e-01
2.772512386242548810e-01
2.457429716984430856e-01
2.506584475437800275e-01
2.453760107358296805e-01
2.450444300969441824e-01
2.462557256221771240e-01
2.606516927480697632e-01
2.431448449691136771e-01
2.507165173689524518e-01
2.473976910114288330e-01
2.478397587935129709e-01
2.486257801453272409e-01
2.737469275792439594e-01
2.501637985308964862e-01
2.568375269571940289e-01
2.504163384437561035e-01
2.453208814064661569e-01
2.500484883785247803e-01
2.487525592247644968e-01
2.767265389362971173e-01
2.492206146319707327e-01
2.441782106955846243e-01
2.872291405995686664e-01
2.595986276865005493e-01
2.595091760158538818e-01
2.464283555746078491e-01
2.591732591390609741e-01
2.479892720778783255e-01
2.581925938526789532e-01
2.474389920632044382e-01
2.699681073427200317e-01
2.462850213050842285e-01
2.490790386994679861e-01
2.603788673877716064e-01
2.606345365444819318e-01
2.514386872450510846e-01
2.476262599229812622e-01
2.616993288199107037e-01
2.611037492752075195e-01
2.442773530880610056e-01
2.602646599213282452e-01
2.609968682130177631e-01
2.455980231364568167e-01
2.582193166017532349e-01
2.614973435799280987e-01
2.567939410607020245e-01
2.640776187181472778e-01
2.755317687988281250e-01
2.500783304373423444e-01
2.627332260211308612e-01
2.457541078329086304e-01
2.466797431310017996e-01
2.461161265770594186e-01
2.457603613535563059e-01
2.687556991974512921e-01
2.608213424682617188e-01
2.560018847386042462e-01
2.488437891006469727e-01
2.775267412265141620e-01
2.594515830278396606e-01
2.470191617806752615e-01
2.458695868651072092e-01
2.460171778996785574e-01
2.479842950900395804e-01
2.487195730209350586e-01
2.484780997037887573e-01
2.558655887842178345e-01
2.613103141387303485e-01
2.502177755037943707e-01
2.417660405238469534e-01
2.498199492692947388e-01
2.479128539562225342e-01
2.470712413390477591e-01
2.484633425871531076e-01
2.421239018440246582e-01
2.492628345886866159e-01
2.638235439856846942e-01
2.437911182641983032e-01
2.489209373792012625e-01
2.518043865760167255e-01
2.748927424351374493e-01
2.471536944309870309e-01
2.500001539786656513e-01
2.610278675953547345e-01
2.476419806480407715e-01
2.561365763346354352e-01
2.622720748186111450e-01
2.488470325867334909e-01
2.623406002918879376e-01
2.612112363179524555e-01
2.464795162280400687e-01
2.491461386283238821e-01
2.455907166004180908e-01
2.634952117999394550e-01
2.450496306022008353e-01
2.605256289243698120e-01
2.454169293244679861e-01
2.762993226448695050e-01
2.646974523862202777e-01
2.487585792938868112e-01
2.586526622374852313e-01
2.609513849020004272e-01
2.604758689800898419e-01
2.452472349007924490e-01
2.466092954079310007e-01
2.616941183805465698e-01
2.573761294285456525e-01
2.529790947834650860e-01
2.606191635131835938e-01
2.741570075352986469e-01
2.487206111351648874e-01
2.735071678956349506e-01
2.451441437005996704e-01
2.505692690610885620e-01
2.462301850318908691e-01
2.628791630268096924e-01
2.435985455910364694e-01
2.498869349559148245e-01
