5.082074006398519250e-01
4.608551959196726666e-01
3.432748566071192609e-01
3.270906706651051654e-01
3.345285554726918353e-01
3.259233236312866211e-01
3.411997258663177490e-01
3.934090832869212018e-01
3.032762457927067890e-01
2.995020647843678607e-01
2.835226058959960938e-01
2.699329654375712262e-01
2.740806887547175275e-01
2.884815434614817486e-01
2.599688222010930194e-01
2.578133543332417621e-01
2.271613329648971558e-01
2.931989232699076520e-01
3.631828228632609235e-01
3.041287710269292011e-01
2.791595111290613995e-01
2.576834509770075665e-01
3.873654305934906006e-01
3.555422425270080566e-01
3.495612641175587787e-01
3.171667555967966901e-01
2.893497397502263202e-01
2.758130083481470929e-01
2.676020562648773193e-01
2.806878884633381976e-01
2.222923065225283212e-01
3.990253905455271588e-01
3.203756958246231079e-01
3.713017006715138568e-01
3.197161803642908917e-01
3.241594135761260986e-01
3.365258077780405865e-01
3.166060298681259155e-01
2.905845443407694684e-01
3.511699140071868896e-01
3.787924349308013916e-01
3.413320283095042096e-01
3.406398793061574115e-01
3.676010767618815289e-01
3.297728548447291241e-01
3.633818527062733783e-01
3.669710656007130756e-01
3.353606859842936383e-01
3.279653290907542096e-01
3.588605721791585101e-01
3.269673585891723633e-01
3.483815689881642474e-01
3.060288776954014911e-01
3.736611704031626569e-01
3.903918862342834473e-01
3.704111278057098389e-01
3.417077263196309223e-01
3.736502528190612793e-01
3.736453056335449219e-01
3.674518068631489887e-01
3.707490861415863037e-01
3.118875871102015362e-01
3.712174395720164166e-01
3.551898598670959473e-01
3.987317482630411969e-01
3.664451440175374164e-01
3.607835570971171246e-01
3.673993647098541260e-01
3.131212244431177960e-01
3.158558805783589496e-01
3.123901685078938617e-01
3.172176877657572613e-01
2.579765667517979755e-01
3.020567844311396466e-01
2.123088886340459280e-01
3.672280708948771344e-01
3.819320102532704486e-01
3.896691004435221539e-01
4.138752669095993042e-01
3.772194385528564453e-01
3.575548827648162842e-01
3.567048509915669574e-01
3.627921640872955322e-01
3.583507339159647809e-01
3.416411280632019043e-01
3.756503065427144183e-01
3.713852663834889545e-01
3.886219859123229980e-01
3.710922996203104840e-01
3.990324238936106549e-01
3.676773309707641602e-01
3.692888518174489154e-01
3.469381630420684814e-01
3.862155874570210590e-01
3.707975049813588275e-01
3.637367884318034039e-01
3.849196235338847027e-01
3.383345951636632098e-01
3.895208438237507953e-01
3.862996300061543598e-01
3.983045816421508789e-01
3.773827254772186279e-01
3.696407874425252094e-01
3.694686392943064557e-01
3.545662164688110352e-01
3.790876070658366070e-01
3.509867290655772076e-01
3.819815019766489850e-01
3.570649226506550922e-01
3.600964049498240338e-01
3.533604641755421771e-01
3.706716199715932025e-01
3.616268138090769635e-01
3.737435738245646344e-01
3.448354800542195453e-01
3.740641772747039795e-01
3.783880670865376605e-01
3.457918763160705566e-01
3.692899445692698346e-01
3.504746556282043457e-01
3.705968062082926617e-01
3.582198023796081543e-01
3.572771549224853516e-01
3.680367966492970599e-01
3.488003710905711041e-01
3.987764120101928711e-01
3.568214674790700092e-01
3.735641837120056152e-01
3.605729540189107074e-01
3.602285087108612061e-01
3.862862984339396344e-01
3.540450632572174072e-01
3.644016583760579242e-01
3.464767436186472760e-01
3.777817537387211932e-01
3.612016936143239154e-01
3.217289249102274762e-01
3.522715767224629535e-01
3.351938426494598389e-01
3.427519500255584717e-01
3.259389003117879047e-01
3.566101193428039551e-01
3.666374087333679199e-01
3.121052682399749756e-01
3.452690243721008301e-01
3.147699634234110699e-01
3.181435714165369855e-01
3.026900192101796283e-01
2.775565981864929199e-01
2.630204310019810809e-01
2.675707886616389142e-01
2.452486455440521240e-01
2.576071371634801044e-01
2.571747551361719952e-01
2.416102290153503418e-01
2.238323340813318796e-01
2.100019007921218872e-01
1.964118952552477426e-01
2.537419895331065045e-01
2.310614933570226126e-01
2.245104809602101736e-01
1.805916428565979004e-01
1.578642129898071289e-01
1.385407820343971252e-01
2.053568859895070486e-01
1.631099954247474670e-01
2.079882994294166565e-01
1.328724374373753958e-01
1.708677560091018677e-01
1.750688105821609497e-01
2.262294540802637643e-01
1.812586635351181030e-01
1.394803573687871390e-01
1.853666181365648813e-01
1.346420012414455414e-01
1.146281138062477112e-01
1.342621743679046631e-01
1.525100332995255881e-01
1.458302934964497977e-01
1.292990967631340027e-01
1.237833959360917363e-01
1.597977081934610910e-01
1.274275605877240591e-01
1.267372220754623413e-01
1.189794912934303284e-01
1.852581252654393607e-01
1.089465928574403081e-01
1.172393852223952565e-01
1.524030591050783701e-01
1.452923839290936880e-01
1.528593475619951791e-01
1.317699725429216928e-01
8.682493182520072128e-02
1.123381232221921239e-01
9.788195664683978225e-02
8.620464211950699951e-02
1.230746010939280238e-01
1.311911207934220724e-01
1.029965169727802277e-01
9.507855648795764114e-02
1.278780071685711450e-01
1.057058026393254552e-01
1.133445426821708679e-01
1.170131036390860829e-01
1.304253305618961745e-01
9.223055467009544373e-02
9.294984800120194290e-02
1.161215472966432571e-01
1.300751613453030586e-01
9.183434148629505966e-02
1.281962667902310782e-01
1.501019584635893411e-01
1.227783473829428401e-01
1.268989068145553178e-01
1.074226349592208862e-01
1.112940299014250484e-01
1.223592739552259445e-01
8.295251180728276108e-02
1.190717344482739720e-01
8.788286025325457718e-02
1.750131429483493262e-01
1.102737821638584137e-01
1.185669309149185863e-01
1.106097068016727719e-01
1.114687646428744044e-01
9.339506737887859344e-02
8.576013861844937469e-02
8.543305781980355118e-02
1.305149678761760301e-01
9.348980399469535019e-02
8.372639305889606476e-02
9.316043679912884568e-02
9.893249968687693741e-02
1.162048379580179897e-01
1.185351187984148708e-01
1.242177405705054555e-01
1.202229621509710994e-01
8.648548275232315063e-02
9.881003076831500198e-02
1.364598274230957031e-01
8.464696351438760757e-02
1.614657677710056305e-01
1.204225793480873108e-01
1.040760750571886745e-01
1.498281601816415787e-01
1.161883808672428131e-01
9.295453317463397980e-02
1.379651781171560287e-01
1.106861416871349063e-01
9.078208046654860641e-02
1.086367126554250717e-01
9.026635376115639542e-02
8.260609054317076538e-02
1.267177934447924204e-01
1.212353439380725179e-01
1.002136481304963384e-01
1.072505724926789555e-01
1.137934053937594142e-01
8.671314331392447616e-02
8.577712687353293564e-02
1.118409056216478348e-01
9.160777553915977478e-02
1.086187337835629735e-01
1.452982307722171240e-01
8.579960713783900406e-02
1.281925992419322424e-01
1.142608802765607834e-01
1.024660281836986542e-01
1.391160885492960519e-01
1.230980182687441554e-01
9.025809541344642639e-02
8.449573411295811798e-02
1.020927714804808345e-01
1.057981352011362758e-01
8.096994552761316299e-02
1.273359333475430899e-01
8.458798471838235855e-02
8.024460372204582359e-02
1.111279999216397557e-01
8.812306076288223267e-02
9.461912761131922867e-02
8.969721881051857804e-02
8.332064592589934204e-02
1.194188892841339111e-01
9.527466135720412399e-02
1.202181751529375758e-01
1.055403475960095677e-01
8.205288353686530922e-02
9.241089597344398499e-02
1.129074369867642674e-01
8.663023759921391342e-02
1.055911257863044739e-01
8.557909323523442413e-02
1.075026560574769974e-01
9.372856157521407272e-02
1.122208833694458008e-01
9.113392916818459366e-02
9.578060793379943039e-02
8.625360454122225906e-02
1.207754115263621059e-01
8.739381283521652222e-02
1.083827341596285548e-01
1.100555732846260071e-01
1.076691746711730957e-01
8.870655360321204330e-02
8.339725031207005645e-02
1.316341996813813753e-01
8.885469753295183182e-02
8.560413960367441177e-02
1.171714713176091466e-01
9.136230622728665207e-02
1.235168085743983540e-01
1.071301798025767055e-01
8.801260528465111588e-02
1.112562622874975204e-01
1.153758956740299907e-01
1.136331980427106175e-01
8.470908645540475845e-02
9.188316203653812408e-02
1.178746744990348816e-01
1.094927797093987465e-01
8.307310907791058685e-02
1.157823999722798619e-01
1.090017010768254552e-01
9.518521775801976059e-02
9.015405178070068359e-02
9.549531775216262008e-02
8.652636843423049118e-02
9.043246166159708832e-02
1.579294800758361816e-01
1.368703888729214668e-01
8.493855254103739594e-02
1.100365056966741834e-01
8.411384870608647202e-02
9.584645057717959549e-02
9.083270840346813202e-02
1.106078575054804530e-01
8.884822018444538116e-02
1.077359368403752599e-01
1.331249556193749017e-01
9.248031737903754379e-02
1.088888173302014623e-01
8.642352124055226181e-02
9.177729611595471237e-02
8.422528859227895737e-02
1.167570917556683269e-01
1.103779971599578857e-01
8.535280575354893540e-02
8.598771629234154557e-02
1.336145121604204178e-01
9.018235591550667618e-02
1.171095613390207291e-01
1.342872496073444777e-01
1.108236635724703517e-01
1.338476755966742926e-01
9.126377167801062729e-02
8.395598921924829483e-02
1.168057223161061559e-01
1.113961438337961879e-01
1.166825716694196019e-01
8.275094938774903153e-02
1.008898044625918117e-01
9.311970820029576157e-02
1.126485069592793736e-01
1.175619823237260136e-01
1.416535247117280960e-01
9.506143319110076095e-02
9.321937710046768188e-02
1.112459115684032440e-01
8.275595866143703461e-02
9.051958161095778610e-02
1.072349244107802663e-01
1.439300893495480127e-01
9.109918276468913223e-02
1.119546362509330067e-01
8.478350502749283646e-02
1.365994786222775870e-01
8.938958930472533371e-02
9.043127732972304489e-02
1.154722602417071614e-01
1.138110111157099452e-01
8.952056864897410537e-02
8.741649799048900604e-02
1.086677387356758118e-01
1.119116209447383881e-01
1.119021531194448471e-01
8.578796933094660904e-02
1.125579203168551173e-01
1.327878308172027177e-01
9.133846685290336609e-02
1.357904287676016397e-01
9.310526214540004730e-02
8.674071480830509995e-02
1.120998859405517578e-01
1.092130877077579498e-01
1.139061252276102748e-01
1.148410663008689880e-01
1.142916893586516380e-01
8.582239691168069839e-02
1.165285843114058223e-01
1.361044803634285927e-01
1.130376805861790929e-01
1.085874934991200719e-01
8.761806755016247894e-02
8.366522161910931732e-02
8.917900174856185913e-02
8.757782230774562027e-02
8.834151985744635727e-02
8.872431951264540817e-02
1.100232790534694943e-01
1.119361004481713023e-01
1.363576066990693503e-01
8.639737715323765610e-02
9.001551941037178040e-02
1.172023285180330276e-01
1.080634668469429016e-01
8.697769666711489822e-02
8.733064991732437943e-02
8.703935146331787109e-02
1.130522117018699646e-01
9.187061650057633255e-02
1.110167255004246983e-01
1.145827968915303502e-01
1.140993923569719043e-01
1.357028223574161530e-01
1.111639887094497681e-01
9.133454350133736466e-02
1.121869261066118922e-01
8.864726312458515167e-02
1.071097829068700519e-01
8.990881467858950760e-02
1.151081264639894214e-01
1.392671385159095221e-01
9.177725079158942367e-02
1.338128838688135147e-01
8.592430315911769867e-02
1.139879406740268025e-01
8.936654590070247650e-02
8.862051678200562332e-02
8.896051409343878891e-02
1.146411448717117310e-01
8.900602969030539657e-02
8.791782055050134659e-02
8.666802073518435623e-02
8.544603052238623764e-02
9.217283005515734817e-02
1.132523765166600499e-01
9.022661608954270218e-02
8.778867808481057022e-02
1.102036138375600133e-01
1.148340906947851181e-01
1.118669516096512523e-01
9.086889152725537155e-02
1.104799682895342555e-01
1.105947668353716579e-01
8.568131426970164444e-02
9.055669077982504700e-02
8.773580721269051697e-02
1.138375947872797694e-01
9.182833010951678421e-02
8.974183195581038330e-02
8.953543069461981918e-02
1.127783333261807713e-01
1.120451670140028000e-01
8.820709027349948883e-02
1.113933200637499538e-01
1.324983776236573763e-01
1.100775947173436436e-01
9.180091818173725937e-02
8.845690389474232529e-02
8.770206011831760406e-02
1.344733287890752249e-01
1.118391683946053233e-01
8.524696249514818192e-02
8.700437502314646576e-02
8.987057581543922424e-02
8.863850062092144821e-02
1.103528713186581883e-01
1.117365260918935094e-01
8.770549794038136338e-02
1.133133669694264684e-01
1.107011254255970273e-01
1.118028139074643407e-01
1.147738719979922023e-01
1.171052834639946666e-01
9.289947090049584244e-02
1.115685279170672145e-01
9.218155530591805313e-02
8.930588513612747192e-02
1.127859006325403896e-01
1.124923620373010635e-01
8.712731860578060150e-02
9.659045375883579254e-02
9.087748825550079346e-02
1.123719296107689586e-01
9.016527794301509857e-02
8.997990066806475784e-02
9.006023779511451721e-02
9.328447096049785614e-02
1.408443401257196970e-01
1.115610351165135655e-01
8.940380439162254333e-02
9.254254835347335006e-02
8.981675840914249420e-02
8.707417609790961410e-02
1.371345709388454848e-01
1.351796534533301897e-01
8.792596155156691407e-02
1.124137757966915813e-01
9.328933122257392074e-02
1.121771664669116292e-01
1.117646116763353348e-01
8.883517608046531677e-02
8.795436720053355362e-02
1.118591725826263428e-01
1.356479438642660684e-01
1.137480406711498943e-01
9.164096663395564224e-02
1.084328244129816737e-01
1.101517528295516968e-01
8.974840926627318527e-02
1.354679881284634180e-01
1.124281461040178981e-01
8.734187670052051544e-02
1.343514627466599054e-01
8.981498455007870529e-02
1.130223174889882359e-01
1.126000477621952739e-01
1.123602315783500671e-01
8.677197682360808517e-02
8.787034017344315384e-02
8.957066573202610016e-02
1.390532438332835741e-01
1.119445835550626073e-01
8.546138058106104995e-02
1.104459082707762718e-01
1.124469215671221461e-01
9.092710725963115692e-02
1.347395908087491989e-01
8.953842769066493179e-02
8.842328377068042755e-02
8.775438119967778061e-02
8.789519313722848892e-02
1.109418099125226292e-01
1.118885936836401668e-01
1.126838307827711105e-01
9.025080191592375900e-02
8.867310732603073120e-02
8.931289861599604751e-02
1.370503784467776709e-01
1.124981418251991272e-01
8.907148924966652725e-02
1.135121012727419582e-01
1.141633714238802638e-01
1.365896463394165039e-01
8.801578947653372620e-02
1.111524030566215515e-01
1.106752107540766444e-01
1.122268189986546788e-01
8.971072174608707428e-02
1.128628620256980214e-01
8.800116647034883499e-02
8.713645550111930038e-02
1.355412087092796869e-01
8.884711035837729309e-02
8.953182337184746598e-02
8.970137313008308411e-02
1.353773729254802161e-01
8.663613566507895325e-02
1.358706289902329445e-01
1.104483058055241856e-01
1.119660384332140241e-01
1.135541970531145778e-01
8.675361083199580048e-02
1.067953954140345302e-01
8.655781981845696305e-02
8.759246052553255890e-02
9.139045265813668106e-02
1.359555094192425317e-01
8.673533517867326736e-02
8.818537586679060791e-02
8.864801066617171432e-02
1.113322637975215912e-01
8.898634773989518021e-02
8.842638321220874786e-02
9.117720710734526779e-02
1.362064505616823740e-01
1.128434687852859497e-01
8.677394532908995484e-02
8.677284481624762680e-02
1.128867523123820577e-01
8.839699874321620132e-02
8.873179679115612839e-02
8.642669611920912598e-02
9.060447166363398697e-02
1.163362618535757065e-01
9.190181083977222443e-02
1.379076614975929260e-01
1.111966247359911647e-01
1.130807424585024562e-01
8.817574754357337952e-02
1.150344628840684891e-01
8.707331710805495117e-02
8.921110381682713364e-02
1.361901477600137300e-01
1.119489148259162903e-01
8.712390251457691193e-02
1.115244279305140224e-01
8.505501442899306153e-02
1.127375348781545911e-01
1.082300295432408604e-01
8.866759979476530884e-02
8.886614752312500809e-02
8.827073375384013321e-02
8.908798173069953918e-02
1.378943078840772218e-01
8.931945605824391510e-02
1.360996374860405922e-01
1.124161283175150600e-01
1.129372417926788330e-01
1.372172997022668428e-01
1.115619366367657933e-01
8.952926906446616317e-02
1.128481359531482014e-01
1.364601360013087683e-01
8.801104873418807983e-02
8.620713185518980026e-02
9.002780852218468521e-02
1.096720322966575623e-01
8.944033645093441010e-02
1.125472759207089696e-01
8.862988868107397888e-02
1.374204972138007574e-01
1.110770180821418762e-01
8.897299288461606170e-02
8.998465600113074447e-02
1.126773841679096222e-01
8.720906792829434540e-02
8.826471058030922745e-02
8.630193366358678009e-02
1.135645558436711583e-01
8.875768010814984177e-02
8.588579762727022171e-02
1.357702696695923805e-01
1.138703515753149986e-01
8.841793828954298828e-02
1.142478246862689700e-01
1.380587086702386446e-01
1.346697142968575067e-01
1.135191644231478419e-01
8.792157036562760208e-02
8.926840126514434814e-02
1.117492265378435407e-01
8.727340803792078827e-02
1.143494198719660487e-01
1.123097377518812862e-01
1.141685942808787074e-01
1.382259173939625330e-01
9.156184084713459015e-02
1.141552627086639404e-01
8.739151495198409225e-02
8.833575838555891846e-02
9.054702644546826218e-02
8.859804986665646698e-02
8.622135159869988297e-02
8.902361181875069474e-02
1.149056429664293971e-01
8.966157181809346344e-02
1.129666517178217616e-01
1.347849490121006966e-01
1.136648257573445592e-01
1.118999446431795802e-01
1.364212172726790018e-01
1.149820511539777074e-01
8.739001055558522080e-02
1.358670722693204880e-01
1.145656822870175090e-01
1.339115068937341280e-01
8.616219616184632446e-02
1.140704906235138621e-01
1.357199965665737695e-01
8.858729091783364151e-02
8.872414752840995789e-02
1.363853458315134048e-01
1.123026212056477818e-01
1.126699844996134486e-01
1.103550965587298122e-01
1.112870598832766261e-01
1.121517848223447800e-01
1.109507102519273758e-01
8.757519194235403870e-02
8.926484485467274521e-02
1.121306934704383168e-01
1.139805230001608577e-01
1.128946741422017369e-01
1.111121168360114098e-01
1.119779571890830994e-01
1.120325972636540685e-01
8.901660578946272995e-02
1.367446801935633116e-01
8.757885949065287445e-02
1.120836952080329213e-01
8.795499460150797699e-02
1.122930099566777501e-01
8.911073642472426559e-02
8.863003427783648636e-02
1.122153860827286992e-01
1.357510356853405542e-01
1.132350713014602661e-01
1.123874709010124207e-01
8.786611848821242188e-02
8.882100321352481842e-02
1.125714282194773402e-01
1.127427440757552829e-01
1.370316042254368372e-01
1.130886574586232457e-01
8.798846447219450806e-02
1.136049702763557434e-01
1.136956394960482869e-01
8.834081857154767181e-02
1.364665745447079248e-01
1.122844511022170338e-01
1.129116838177045140e-01
1.133809164166450500e-01
8.819437461594741012e-02
1.136961063990990367e-01
1.355677585427959853e-01
1.122863342364629063e-01
9.002198961873848770e-02
8.825075502196948196e-02
1.367444135248661041e-01
8.880401340623696183e-02
1.121383930246035304e-01
8.871023046473662521e-02
8.928771875798702240e-02
1.119529480735460963e-01
8.737214251110951568e-02
8.961082622408866882e-02
1.364962576578060693e-01
8.928696438670158386e-02
1.127683420976002965e-01
8.857193837563197281e-02
8.922405913472175598e-02
9.010778553783893585e-02
1.363577240457137518e-01
8.966226441164810990e-02
1.129332299654682431e-01
8.893370442092418671e-02
8.701679731408755447e-02
8.700942092885573242e-02
1.351261138916015625e-01
8.884251055618126725e-02
1.131045197447140965e-01
8.790000217656294967e-02
1.136507640282313075e-01
1.113508691390355382e-01
8.839021312693755295e-02
8.853011392056941986e-02
1.361323678866028786e-01
8.955336983005206253e-02
1.138563826680183411e-01
1.365442176659902029e-01
8.874371151129405166e-02
8.659655507653951645e-02
1.102292512853940282e-01
1.145846983417868614e-01
8.705120533704757690e-02
8.954976126551628113e-02
1.121022651592890468e-01
8.851191991319258545e-02
8.840760154028733109e-02
8.809126075357198715e-02
8.862479589879512787e-02
1.133504466464122090e-01
8.786045822004477646e-02
1.120440357675154958e-01
8.854426909238100052e-02
1.132776221881310191e-01
1.132459115857879367e-01
8.906625397503376007e-02
8.758912080277998780e-02
1.130606010556221008e-01
8.816053780416648056e-02
1.117120211323102269e-01
1.135314653317133632e-01
1.363804495582977838e-01
1.115084849298000336e-01
1.112675319115320888e-01
1.136516506473223415e-01
8.815360069274902344e-02
1.127013980100552287e-01
8.922451082617044449e-02
1.121532240261634145e-01
1.120369409521420750e-01
1.117479602495829311e-01
8.991037371257941391e-02
8.811112369100253250e-02
1.129234147568543706e-01
1.118092735608418736e-01
9.027317042152087356e-02
1.112123026202122417e-01
8.966265308360259201e-02
1.120227109640836716e-01
1.364687749495109015e-01
1.134421626726786342e-01
1.119749024510383606e-01
1.129419530431429591e-01
8.882934538026650284e-02
1.366268545389175415e-01
1.367581707114974565e-01
1.133147627115249634e-01
8.725860528647899628e-02
1.136444707711537633e-01
8.840448843936125900e-02
1.118481705586115565e-01
8.993587891260783340e-02
8.884532718608777191e-02
8.933899241189162399e-02
8.971014712005853653e-02
8.817733017106850479e-02
1.128328417738278661e-01
1.123222510019938197e-01
1.125488448888063431e-01
8.860669595499832962e-02
1.366732586175203323e-01
8.947462774813175201e-02
1.364347425599893027e-01
1.125884676973025050e-01
8.949273762603600357e-02
8.925035533805687760e-02
1.120060225948691368e-01
1.367684649303555489e-01
1.127829862137635503e-01
1.140747473885615620e-01
8.808720360199610855e-02
8.763906235496203567e-02
8.825581365575392578e-02
1.124134336908658299e-01
1.124417732159296718e-01
1.128051572789748463e-01
8.892785695691902970e-02
1.118865829582015720e-01
8.976923301815986633e-02
1.126084973414738927e-01
1.143588200211524963e-01
8.901328531404335831e-02
1.120686133702595982e-01
1.129751857370138168e-01
8.950090097884337570e-02
1.130802622064948082e-01
1.128145425270001140e-01
1.118495215972264561e-01
8.885510141650836136e-02
1.123564441998799596e-01
1.367334363361199789e-01
8.858875123163063858e-02
8.898369719584782456e-02
8.989254571497440338e-02
8.894923267265160416e-02
1.126583715279897008e-01
8.843943197280168533e-02
1.359523242960373468e-01
8.983416110277175903e-02
1.138133568068345342e-01
1.124683494369188991e-01
1.132515588154395375e-01
1.136510136226813045e-01
1.114860226710637364e-01
8.847898586342732574e-02
1.136620615919431004e-01
1.362903167804082327e-01
8.867054618895053864e-02
8.902344821641842987e-02
8.857426792383193970e-02
1.136359991505742073e-01
8.867622974018256332e-02
1.357621780286232538e-01
1.115160553405682292e-01
9.037340742846329544e-02
1.113249280800421986e-01
8.911140325168769027e-02
1.127254242698351588e-01
1.369180176407098770e-01
8.857083817323048447e-02
8.898828302820523117e-02
8.826922501126925613e-02
8.778122502068679001e-02
8.834897757818301056e-02
1.131134380896886144e-01
8.772466021279494430e-02
8.958790389200051163e-02
8.879287975529830124e-02
8.868028533955414627e-02
8.904581454892952774e-02
1.354758211721976691e-01
8.973440838356812332e-02
1.120059005916118622e-01
8.908762099842230942e-02
8.818342722952365875e-02
8.925553256024916504e-02
8.882737842698891495e-02
1.371950193618734770e-01
8.937032955388228561e-02
8.811454537014166977e-02
1.600876152515411377e-01
1.125107879439989772e-01
1.121597730865081105e-01
8.829937285433213379e-02
1.120676519349217415e-01
8.790022383133570816e-02
1.121281161904335022e-01
8.857338378826777603e-02
1.355668269097805023e-01
8.860200333098570968e-02
8.839466391752164032e-02
1.127086952328681946e-01
1.129112193981806483e-01
8.955295756459236145e-02
8.876342326402664185e-02
1.129485579828421321e-01
1.128992264469464574e-01
8.758455080290634964e-02
1.125114510456721034e-01
1.133557533224423680e-01
8.829186204820871353e-02
1.121542801459630284e-01
1.126557594786087718e-01
1.120090903714299202e-01
1.130368411540985107e-01
1.365345787877837724e-01
8.882771618664264679e-02
1.132238128532965932e-01
8.873108836511771347e-02
8.844309362272421982e-02
8.817725628614425659e-02
8.808953408151865005e-02
1.354067890594402856e-01
1.119327594836552892e-01
1.119855145613352504e-01
8.868004754185676575e-02
1.374132030953963690e-01
1.125784466663996425e-01
8.825083387394745682e-02
8.846302392582099106e-02
8.834981669982273911e-02
8.868250002463658188e-02
8.862215466797351837e-02
8.924199392398197983e-02
1.110002423326174464e-01
1.127678578098614964e-01
8.906540709237258102e-02
8.761003892868757248e-02
8.901448796192805435e-02
8.876564788321654464e-02
8.896665647625923157e-02
8.876999405523140763e-02
8.716511136541764404e-02
8.909383291999499466e-02
1.129511222243309021e-01
8.758554949114720489e-02
8.894247189164161682e-02
8.985256310552358627e-02
1.368259309480587549e-01
8.834996291746695374e-02
8.928021478156249191e-02
1.119926304866870198e-01
8.826650244494278763e-02
1.119305640459060669e-01
1.127603687345981598e-01
8.906032827993233536e-02
1.129494172831376347e-01
1.123814955353736877e-01
8.839552321781714295e-02
8.942615799605846405e-02
8.844510962565739487e-02
1.130190358186761584e-01
8.779565151780843735e-02
1.123398169875144958e-01
8.820447543015082215e-02
1.376359388232231140e-01
1.140687018632888794e-01
8.890418739368517731e-02
1.126364121834437099e-01
1.128276387850443568e-01
1.121989116072654724e-01
8.817063830792903900e-02
8.876442847152550553e-02
1.125519648194313049e-01
1.118330868581930843e-01
9.014934363464514877e-02
1.133344521125157628e-01
1.366505666325489587e-01
8.900262104968230392e-02
1.357810938109954291e-01
8.835269386569659378e-02
8.949128662546475266e-02
8.905792919298012589e-02
1.126420994599660191e-01
8.776915911585092545e-02
8.946204744279384613e-02
