1.095881164073944092e+00
6.443754166364670244e-01
4.789339900016784668e-01
3.154267728328704612e-01
3.083996444940567128e-01
2.333588764071464483e-01
1.807683482766151428e-01
1.938784286379814092e-01
2.036388531327247564e-01
1.988838180899620001e-01
2.275264695286750849e-01
1.912814006209373474e-01
1.711257211863994598e-01
1.781349241733551081e-01
1.543055191636085455e-01
1.554432570934295710e-01
2.084310568869113811e-01
2.036756575107574463e-01
1.673896558582782801e-01
1.500505015254020580e-01
1.837286025285720936e-01
2.044141665101051331e-01
1.865044772624969427e-01
1.703975960612297003e-01
1.585220053791999706e-01
1.709247030317783411e-01
1.800571024417877142e-01
1.675373941659927257e-01
1.580947726964950506e-01
2.167476832866668812e-01
1.683195605874061584e-01
1.534250527620315552e-01
1.690970771014690399e-01
1.848716445267200581e-01
1.617823578417301178e-01
1.587920062243938502e-01
1.957029297947883717e-01
1.762379311025142614e-01
1.503477565944194849e-01
1.480382338166236766e-01
1.375908337533474080e-01
1.957837983965873829e-01
2.454195767641067505e-01
1.779734879732131902e-01
1.657556399703025707e-01
1.686294287443161066e-01
2.283051036298275049e-01
1.957636445760727040e-01
2.137236513197421917e-01
1.619694977998733521e-01
1.633514277637004852e-01
1.798301778733730205e-01
1.820530503988266047e-01
2.006754957139492146e-01
1.659270018339157049e-01
1.411122806370258276e-01
1.319394484162330627e-01
1.331550791859626715e-01
1.462309874594211467e-01
1.551156178116798456e-01
1.639740817248821203e-01
1.547639250755309948e-01
1.354214936494827215e-01
1.577225409448146931e-01
1.552933506667613928e-01
1.396381139755248912e-01
1.241297505795955630e-01
1.442340642213821300e-01
1.342437900602817535e-01
1.183650661259889603e-01
1.305438563227653559e-01
1.574782557785510961e-01
1.793280594050884191e-01
1.717454709112644085e-01
1.731423787772655432e-01
1.505656927824020330e-01
1.734036438167095295e-01
1.538224838674068506e-01
1.272768750786781311e-01
1.772271625697612873e-01
2.157862171530723627e-01
1.804888010025024470e-01
1.775292955338954870e-01
1.996195793151855358e-01
2.035168975591659657e-01
1.363759838044643347e-01
1.315089181065559332e-01
1.308593705296516307e-01
1.681940518319606781e-01
1.163166210055351230e-01
1.678956918418407496e-01
1.928193286061286871e-01
1.797314114868640844e-01
1.570184268057346344e-01
1.465317897498607524e-01
1.715335473418235779e-01
2.170551314949989430e-01
1.517128653824329487e-01
1.368607930839061682e-01
1.248788267374038724e-01
1.080682128667831421e-01
9.253540970385074060e-02
9.142333939671516696e-02
8.894515410065650940e-02
1.111651360988616943e-01
1.137574873864650726e-01
1.115957185626030024e-01
1.055278651416301783e-01
1.328815899789333455e-01
1.166459258645772962e-01
1.402297310531139263e-01
1.408579044044017681e-01
1.129156015813350677e-01
1.022542729973792974e-01
1.165605038404464722e-01
1.000337097793817520e-01
1.013918958604335813e-01
9.045372568070889074e-02
9.765823036432266790e-02
1.140219330787658747e-01
9.696761071681976596e-02
1.043848551809787722e-01
1.098349537700414602e-01
1.626065626740455516e-01
1.461830683052539881e-01
1.247370198369026212e-01
9.342900067567824762e-02
9.152564480900764188e-02
1.184423573315143557e-01
9.470900781452655515e-02
1.055858917534351349e-01
1.084016770124435480e-01
1.381319224834442194e-01
1.511117234826087896e-01
1.227433525025844602e-01
1.015790425240993555e-01
9.669984504580497742e-02
9.290410205721855164e-02
1.222844775766134262e-01
1.120888452976942090e-01
1.069109648466110285e-01
1.146801337599754333e-01
1.128085426986217554e-01
9.280846118927002508e-02
1.006801564246416064e-01
1.227940440177917453e-01
1.405433237552642933e-01
1.324668943881988636e-01
1.028535172343254117e-01
1.105302311480045319e-01
1.050846770405769320e-01
1.112526819109916632e-01
1.137930087745189639e-01
1.205077148973941747e-01
1.641084343194961492e-01
2.466514542698860224e-01
1.859404660761356243e-01
1.485817730426788330e-01
1.553833104670047649e-01
1.572055548429489025e-01
1.160249877721071243e-01
9.763274788856506070e-02
1.053114391863346072e-01
1.017543505877256393e-01
1.103087775409221649e-01
1.249387428164482061e-01
1.038584928959608022e-01
9.970330595970153253e-02
9.973102696239947995e-02
1.188391063362359973e-01
1.169985707849264117e-01
1.285620369017124176e-01
1.575769461691379492e-01
1.351666390895843450e-01
9.627999253571033200e-02
1.002138629555702209e-01
9.669070839881896418e-02
9.520971365272998255e-02
9.995909258723259527e-02
1.007046356797218351e-01
1.381111849099397604e-01
1.375517882406711578e-01
1.144943892955780085e-01
1.035759799182414953e-01
1.013748053461313303e-01
9.920965060591697970e-02
8.695171289145946225e-02
8.718387819826603491e-02
1.050110302865505246e-01
1.163857415318489130e-01
1.026586893945932444e-01
1.081635139882564517e-01
1.024330310523509924e-01
8.950786441564559381e-02
9.219560138881206790e-02
8.798764497041702826e-02
9.846806116402148645e-02
1.483571380376815796e-01
1.118690438568592099e-01
8.752939067780970972e-02
7.589952498674393255e-02
7.924875803291797638e-02
8.070418499410152158e-02
7.329603023827076236e-02
7.725916095077992041e-02
8.168835937976837158e-02
8.333450369536876678e-02
9.747668057680129727e-02
7.952697165310382288e-02
7.919171191751957217e-02
7.573632001876831610e-02
7.892468236386776526e-02
7.884044982492924292e-02
7.487022541463375647e-02
7.658754400908947269e-02
7.700513526797295172e-02
7.751514352858066004e-02
7.115969117730855387e-02
7.516726180911063870e-02
6.799121052026749212e-02
8.721638098359107971e-02
9.714342728257178983e-02
1.043629530817270223e-01
9.553274661302565973e-02
8.059462718665599823e-02
7.415804862976074774e-02
7.625286392867565433e-02
7.506970539689064581e-02
7.750005610287188929e-02
7.490150667726994116e-02
7.300557605922222693e-02
8.257234245538710993e-02
8.852193057537079135e-02
8.061391115188598633e-02
8.370653055608272275e-02
7.851397562772036154e-02
7.410649452358483713e-02
9.108729548752307614e-02
9.646171741187573034e-02
9.569154269993304651e-02
8.103441186249256412e-02
8.755688518285750788e-02
8.058368526399135867e-02
7.966728769242763242e-02
7.774127293378114978e-02
8.921794872730970383e-02
9.572438746690750677e-02
9.458263777196407318e-02
1.009013053029775564e-01
9.180982448160648901e-02
9.769885316491126737e-02
1.008604463189840261e-01
9.184975996613502225e-02
9.442687965929508209e-02
8.582948036491870603e-02
7.560730539262294769e-02
7.485077213495969217e-02
8.356638886034488400e-02
8.027026169002056399e-02
8.557667098939418515e-02
8.402597941458225805e-02
8.179206959903240204e-02
9.102012366056441706e-02
1.064204983413219452e-01
9.614664725959301550e-02
7.535077929496765414e-02
7.243645638227462491e-02
6.996726244688034058e-02
7.365415077656507770e-02
7.096190266311168393e-02
7.254821285605431158e-02
7.677241191267966669e-02
8.004178181290626248e-02
8.740961365401744843e-02
7.979920543730259497e-02
7.766951769590377253e-02
8.815931975841521939e-02
8.016677089035510739e-02
9.089288264513015192e-02
7.395239882171153467e-02
7.793251462280750830e-02
9.887311458587647039e-02
8.886972814798355103e-02
1.089725524187088040e-01
1.250674813985824529e-01
1.013112466782331439e-01
8.943015411496162137e-02
7.843543663620948514e-02
7.597650457173585337e-02
7.733955718576908389e-02
9.205781593918800632e-02
9.815584793686867038e-02
8.679814375936985293e-02
8.383725434541702826e-02
8.230685852468014319e-02
7.947367653250694830e-02
7.165507525205612460e-02
7.692987415939570028e-02
7.473162114620209018e-02
7.903187684714793604e-02
6.947575844824313562e-02
6.455466821789741794e-02
6.423335019499062937e-02
6.118025314062833925e-02
6.143353413790464401e-02
5.892032291740179062e-02
5.974713377654552321e-02
6.213356237858533998e-02
6.744949929416180212e-02
6.655238028615713397e-02
6.592946723103523810e-02
6.586431283503771383e-02
6.782185044139624197e-02
6.345323901623486917e-02
6.735240258276462000e-02
7.770647741854190549e-02
6.901393700391053598e-02
6.920687984675169546e-02
6.779912300407886505e-02
7.013218589127064029e-02
6.689578574150800705e-02
7.084748484194278162e-02
7.637473046779633123e-02
6.593862306326628286e-02
6.208541579544544359e-02
6.219037491828203340e-02
6.151827909052372256e-02
6.596389077603817541e-02
7.486512660980224054e-02
6.326606236398220340e-02
6.473658513277769089e-02
6.507519707083701810e-02
5.858114659786224643e-02
6.149858161807060519e-02
6.550743915140629092e-02
7.381924241781234741e-02
6.566656194627285004e-02
6.310102324932813367e-02
5.890974812209606032e-02
5.886393692344427109e-02
5.763535294681787491e-02
5.849076863378286500e-02
5.748620238155126294e-02
5.767539869993924817e-02
6.640225760638714114e-02
6.575551964342593592e-02
7.937305495142936429e-02
7.370394319295883734e-02
6.557595878839492243e-02
7.354050241410732547e-02
7.397245764732360285e-02
6.746859773993492404e-02
6.477343160659074228e-02
6.485575232654809674e-02
5.788162611424922666e-02
6.026679091155529022e-02
6.159649845212698122e-02
8.056794442236422937e-02
6.785069182515143793e-02
5.761672332882881303e-02
6.251100134104489725e-02
6.593020278960466662e-02
6.081073526293039044e-02
6.070555988699197908e-02
6.005452629178762575e-02
5.863520503044128418e-02
6.545832492411136905e-02
6.761533468961715421e-02
6.909836977720260065e-02
7.106347531080245417e-02
6.767642050981521884e-02
6.185374855995177945e-02
6.714038774371147711e-02
8.331957459449768066e-02
7.387046515941619873e-02
7.375864721834660132e-02
7.499113641679286402e-02
6.277885548770427426e-02
5.630199927836656432e-02
5.634819269180298129e-02
6.111739147454500060e-02
5.680505465716123581e-02
5.571602247655391832e-02
5.526095405220985551e-02
5.411218274384736737e-02
5.756171811372041980e-02
5.780673194676637372e-02
5.819192938506603102e-02
6.874003149569034299e-02
5.966960173100233078e-02
5.706027075648308078e-02
6.876730211079121191e-02
6.393279656767844599e-02
5.718494839966296872e-02
5.598705857992172102e-02
5.693563856184482436e-02
6.687533967196941653e-02
6.324269752949476797e-02
5.644096601754426679e-02
6.995723340660334189e-02
5.823804046958684644e-02
5.098034422844648084e-02
5.099794305860996108e-02
5.137239182367921153e-02
5.052255177870392661e-02
5.038974015042185783e-02
4.778023669496178627e-02
5.273975357413292209e-02
5.883676633238792142e-02
5.360177671536803246e-02
6.268374100327492315e-02
5.090145291760563712e-02
4.957337900996208052e-02
4.873957773670554300e-02
4.787911083549260816e-02
4.762581354007124762e-02
5.047851214185357371e-02
4.961980469524860521e-02
4.760385658591985425e-02
4.805207457393408099e-02
4.968915879726409912e-02
6.285761389881372452e-02
6.908101290464400968e-02
5.924859922379255295e-02
5.428470447659492631e-02
5.133136892691254893e-02
5.499510299414396564e-02
4.918062873184680939e-02
4.690091144293546954e-02
4.833119884133339067e-02
5.028174780309200426e-02
5.308339316397905211e-02
5.186364818364382068e-02
4.969960059970617017e-02
4.771845079958438735e-02
5.329397581517696103e-02
4.852165989577770372e-02
4.579025181010365486e-02
4.828152861446142335e-02
4.937292337417602262e-02
4.982890971004962782e-02
5.267268996685743609e-02
4.811889007687568387e-02
4.611607510596513887e-02
4.827546402812003812e-02
4.705193582922220091e-02
4.726953450590372363e-02
4.777292441576719284e-02
4.790959004312753816e-02
5.456478316336869916e-02
5.578505946323275566e-02
4.757756367325782776e-02
4.938324065878987174e-02
4.628997799009084563e-02
4.859808236360550066e-02
4.774981699883937974e-02
4.622384998947381973e-02
4.675135351717472215e-02
4.659520182758569717e-02
4.896748932078480443e-02
5.185044147074222703e-02
5.259793242439627509e-02
5.187950879335403304e-02
4.771919930353760858e-02
5.200044419616460523e-02
5.070232423022389551e-02
4.938747324049472948e-02
4.783866610378027101e-02
4.906268939375877519e-02
4.661267641931772510e-02
4.540781183168292323e-02
4.460917413234710693e-02
4.937333473935723305e-02
5.209645945578813414e-02
5.455811284482479234e-02
6.088933702558278760e-02
5.789625272154808044e-02
6.416018158197403509e-02
5.545645430684089522e-02
6.060211863368749480e-02
6.678388472646475116e-02
6.482215970754623413e-02
5.417495481669902524e-02
5.177931524813175063e-02
5.312036685645580431e-02
5.259208139032125334e-02
4.739643558859825412e-02
4.454137114807963510e-02
4.391740821301937103e-02
4.361641798168421069e-02
4.721305463463067870e-02
4.693428091704845290e-02
5.554095432162284990e-02
5.152075123041868071e-02
4.852843135595321516e-02
4.597622426226734976e-02
4.641421716660261432e-02
4.711646437644958357e-02
4.636392071843147000e-02
4.403995946049690108e-02
4.374008160084486008e-02
4.243166586384176930e-02
4.217123994603753229e-02
4.201392494142055373e-02
4.179708352312445918e-02
4.258480751886963706e-02
4.477893719449639598e-02
4.402082357555627684e-02
4.459626143798232217e-02
4.156409110873937607e-02
4.108448131009936194e-02
4.147823266685009280e-02
4.145427085459232192e-02
4.208761211484670500e-02
4.165120385587215562e-02
4.178486978635191640e-02
4.302808968350291252e-02
4.407013263553381105e-02
4.580960385501384874e-02
4.356481283903122087e-02
4.477440202608704706e-02
4.354164889082312584e-02
4.228197112679481229e-02
4.169972734525799474e-02
4.345294404774904112e-02
4.185712672770023485e-02
4.265750199556350708e-02
4.162744879722594937e-02
4.300444815307855745e-02
4.459058642387390275e-02
4.295311579480767111e-02
4.225471485406160493e-02
4.267005268484354297e-02
4.266341570764779767e-02
4.209777303040027757e-02
4.120912868529558182e-02
4.175604535266756734e-02
4.159543681889772693e-02
4.233820093795657297e-02
4.125104807317257066e-02
4.064914388582110266e-02
4.081787886098027507e-02
4.097913764417171478e-02
4.136147731915116449e-02
4.066602978855371475e-02
4.224393200129270692e-02
4.049135269597172598e-02
4.092553993687033514e-02
4.148423625156283379e-02
4.213331378996372500e-02
4.182573277503252168e-02
4.181521609425544600e-02
4.121812675148248811e-02
4.128456450998783250e-02
4.152795951813459396e-02
4.069472141563892226e-02
4.121073298156261583e-02
4.196003880351781984e-02
4.194534942507743835e-02
4.310973100364208499e-02
4.091847008094191829e-02
4.227628633379935941e-02
4.161599092185497284e-02
4.274238040670752525e-02
4.306140132248401781e-02
4.428131952881812772e-02
4.215395450592041016e-02
4.039510674774646898e-02
4.109947932884096961e-02
4.146267641335725507e-02
4.225652292370796204e-02
4.080635290592908582e-02
4.316434776410460472e-02
4.197960104793310027e-02
4.104513302445411682e-02
4.015100393444299975e-02
4.053005920723080913e-02
4.069781610742211064e-02
4.241132587194442610e-02
4.040893772616982460e-02
4.050616407766938210e-02
4.099553059786557874e-02
3.994688671082258224e-02
4.062576154246926030e-02
4.189222566783427915e-02
4.117456674575805525e-02
4.247217364609241763e-02
3.988518891856074333e-02
3.986909827217459401e-02
4.267856888473033766e-02
4.345034305006265779e-02
4.190764166414737840e-02
4.201343329623341560e-02
4.055179730057716092e-02
4.039335390552878380e-02
4.177916776388883313e-02
4.067906476557255069e-02
4.102556202560662946e-02
4.198253192007541518e-02
4.619769547134637555e-02
4.735165722668170651e-02
4.238517284393310269e-02
3.893684372305870195e-02
3.900847770273685455e-02
3.924091747030615529e-02
3.855560086667537967e-02
3.877858333289622983e-02
4.005289701744914332e-02
3.857236998155712943e-02
3.808445082977414409e-02
3.880199189297854623e-02
3.853285834193229814e-02
3.924223743379116197e-02
3.835259880870580534e-02
3.858775459229946136e-02
3.865898349322378913e-02
3.886350058019161224e-02
3.887648656964302202e-02
3.858333583921193938e-02
3.803281271830201427e-02
3.886009771376848498e-02
3.803665358573198041e-02
3.800037670880555829e-02
3.842006241902708868e-02
3.903740383684635440e-02
3.945958632975817004e-02
3.827646486461162845e-02
3.877679719589650909e-02
3.866758942604064941e-02
3.905739719048142294e-02
3.931706827133894105e-02
3.918947502970695357e-02
3.839922994375229159e-02
3.830577814951539178e-02
3.843250963836908340e-02
3.936074096709489545e-02
3.797616539523005624e-02
3.878179532475769381e-02
3.808596553280949731e-02
3.831389378756284991e-02
3.872842043638229093e-02
3.829298056662082395e-02
3.895434169098734717e-02
3.890396524220705171e-02
3.851497834548354288e-02
3.902115840464830121e-02
3.844488803297281543e-02
3.864571256563067297e-02
3.828400364145636420e-02
3.787867291830480238e-02
3.791660396382212639e-02
3.935739398002624512e-02
3.918682048097252985e-02
3.804894275963306705e-02
3.785083154216408591e-02
3.868458056822419305e-02
3.879578914493322234e-02
3.905657585710287094e-02
3.798843808472156247e-02
3.826448824256658415e-02
3.792554382234811922e-02
3.786797896027564725e-02
3.775410447269678116e-02
3.774072322994470596e-02
3.912607505917549411e-02
3.827481782063842097e-02
3.810698390007018904e-02
3.813387770205736022e-02
3.876184746623038968e-02
3.827518932521343370e-02
3.792658811435103278e-02
3.783819698728620867e-02
3.774808319285512248e-02
3.797993380576372008e-02
3.767772139981388768e-02
3.829372841864824017e-02
3.771150708198547225e-02
3.778318762779235562e-02
3.842620784416794777e-02
3.814351242035627504e-02
3.803362250328064242e-02
3.746926803141832629e-02
3.830361608415842195e-02
3.799342643469572067e-02
3.930630879476666728e-02
3.847563518211245814e-02
3.853095714002847949e-02
4.111324753612279753e-02
3.918857118114828925e-02
4.032025868073105951e-02
4.048658758401870589e-02
3.872005771845579009e-02
3.786767199635505954e-02
3.794645685702562055e-02
4.025077354162931442e-02
4.305233675986528535e-02
4.124505827203393121e-02
4.012837018817663054e-02
3.893518904224037985e-02
3.780100331641733646e-02
3.735628696158528605e-02
3.698857296258210858e-02
3.755380418151617328e-02
3.773593585938215395e-02
3.691346906125545640e-02
3.687060363590717593e-02
3.683455996215343614e-02
3.646374000236392299e-02
3.671809807419777055e-02
3.655163524672389030e-02
3.701531914994120320e-02
3.644941495731472691e-02
3.647200427949428420e-02
3.704362269490957260e-02
3.748503457754850249e-02
3.742476738989353180e-02
3.674001069739461084e-02
3.687378717586398125e-02
3.687959341332316260e-02
3.684065686538815637e-02
3.643691176548600336e-02
3.641204126179218431e-02
3.699234696105122705e-02
3.653900120407342633e-02
3.694022260606288910e-02
3.685550852678716460e-02
3.673451915383339067e-02
3.669205736368894716e-02
3.757295701652765135e-02
3.738489123061299046e-02
3.718631165102124353e-02
3.693852033466100970e-02
3.676664540544152121e-02
3.657050384208559990e-02
3.654728066176175794e-02
3.652293803170323511e-02
3.657730109989643097e-02
3.655349006876349588e-02
3.631688933819532394e-02
3.651996226981282095e-02
3.654860900714993616e-02
3.646543398499488969e-02
3.656490864232182780e-02
3.640767456963658194e-02
3.629522882401943484e-02
3.709842097014189044e-02
3.791770655661821227e-02
3.758923243731260300e-02
3.693756610155105730e-02
3.766793934628367285e-02
3.764686295762657842e-02
3.653080617077648917e-02
3.650856474414467673e-02
3.685746993869543076e-02
3.706560917198657712e-02
3.712269207462668558e-02
3.697235304862260541e-02
3.814911963418125829e-02
3.797180168330669542e-02
3.699567494913935661e-02
3.711539572104811946e-02
3.662624927237630168e-02
3.625814337283372879e-02
3.636705661192536632e-02
3.672339851036667685e-02
3.627468701452016969e-02
3.624151386320591250e-02
3.621401647105813165e-02
3.616389515809714794e-02
3.626459343358874599e-02
3.675331287086010257e-02
3.748030196875333508e-02
3.632993432693183700e-02
3.638861756771803041e-02
3.640206065028905869e-02
3.606476560235023776e-02
3.660551365464925766e-02
3.611547360196709633e-02
3.664699094370007376e-02
3.681648289784789085e-02
3.661146666854619980e-02
3.685486167669296126e-02
3.630924979224801202e-02
3.618376422673463821e-02
3.627640819177031795e-02
3.618463585153221945e-02
3.617804748937487880e-02
3.627181816846132556e-02
3.608565861359238486e-02
3.590849293395877162e-02
3.599583338946103772e-02
3.662036396563052992e-02
3.609999613836407939e-02
3.633589074015617509e-02
3.609158582985401431e-02
3.617730988189578334e-02
3.605863489210605483e-02
3.657420547679066797e-02
3.629144597798585753e-02
3.641094262711704055e-02
3.620639047585427761e-02
3.602572269737720767e-02
3.609160333871841431e-02
3.657885016873478612e-02
3.602880891412496567e-02
3.593109536450356245e-02
3.599624335765838623e-02
3.589211637154221535e-02
3.581366129219532013e-02
3.573012175038457056e-02
3.575927484780550003e-02
3.572161216288805008e-02
3.578971382230520387e-02
3.563225194811821261e-02
3.578968113288283348e-02
3.595839748159050664e-02
3.568098926916718483e-02
3.597119948826730390e-02
3.572425455786287785e-02
3.567850571125745496e-02
3.582448605448007584e-02
3.572779828682541570e-02
3.559809150174260417e-02
3.578665442764759202e-02
3.556527998298406740e-02
3.570754108950495442e-02
3.605909291654825488e-02
3.575183684006333351e-02
3.573534647002816339e-02
3.574117273092269897e-02
3.569814725778996944e-02
3.554437737911939760e-02
3.563376036472618719e-02
3.566778376698494235e-02
3.565546856261789938e-02
3.566606678068637987e-02
3.575194254517555237e-02
3.589509120211005488e-02
3.605717839673161507e-02
3.596322312951087674e-02
3.580578574910760203e-02
3.589072283357382098e-02
3.563529886305331906e-02
3.568991944193840304e-02
3.552442584186792096e-02
3.561104498803615431e-02
3.602570258080959459e-02
3.567119222134351730e-02
3.589977421797811707e-02
3.596070595085620880e-02
3.570088706910610338e-02
3.562312209978699823e-02
3.567134551703930040e-02
3.550084345042705397e-02
3.568497896194457869e-02
3.586525395512581149e-02
3.570426339283585410e-02
3.591016475111245831e-02
3.564838897436857501e-02
3.563279584050178805e-02
3.581234551966190616e-02
3.605321692302822928e-02
3.579378938302398006e-02
3.584099588915705403e-02
3.554137423634529114e-02
3.545674700289964953e-02
3.579057827591895780e-02
3.577824924141168733e-02
3.606798108667134961e-02
3.586530573666095456e-02
3.584974259138107300e-02
3.592640338465571265e-02
3.585597425699234286e-02
3.593370486050843915e-02
3.556800410151481767e-02
3.564535379409790317e-02
3.561951378360390941e-02
3.542714621871709962e-02
3.542060423642397204e-02
3.547529131174087524e-02
3.544897008687257489e-02
3.541878182440996031e-02
3.545680455863475800e-02
3.538675503805279593e-02
3.539220620878040513e-02
3.558122059330344478e-02
3.554956871084868908e-02
3.545903330668807169e-02
3.563810978084802628e-02
3.551500160247087617e-02
3.541483595035969933e-02
3.541764430701732635e-02
3.544782004319131652e-02
3.581384210847318034e-02
3.572985399514436861e-02
3.574773580767214021e-02
3.570802109315991679e-02
3.544441605918109695e-02
3.558562025427818021e-02
3.538787420839071413e-02
3.528741626068949977e-02
3.529838612303137779e-02
3.531084572896361212e-02
3.532352838665246686e-02
3.546342025510966500e-02
3.521237527020275315e-02
3.533166740089654922e-02
3.524823309853673120e-02
3.536138646304607530e-02
3.543750587850809375e-02
3.544827736914157867e-02
3.527465248480439464e-02
3.534270939417183399e-02
3.528442839160561562e-02
3.524802299216389656e-02
3.522999892011284551e-02
3.543272772803902904e-02
3.548528850078582625e-02
3.519776081666350226e-02
3.534503793343901634e-02
3.522165715694427351e-02
3.525103628635406494e-02
3.519733054563402991e-02
3.518986441195011416e-02
3.519640676677227020e-02
3.519134623929857930e-02
3.517788602039217949e-02
3.521796497516334334e-02
3.522290522232651711e-02
3.543804017826914649e-02
3.521882873028516631e-02
3.517141640186309537e-02
3.515119440853595872e-02
3.518985798582434377e-02
3.515253365039825578e-02
3.523325445130467276e-02
3.516522590070962628e-02
3.531874027103185792e-02
3.520109076052903990e-02
3.514776388183236261e-02
3.563501127064228058e-02
3.517749197781085829e-02
3.541728029958903651e-02
3.525989553891122064e-02
3.523689666762948314e-02
3.522805236279964725e-02
3.534253416582942148e-02
3.518593148328363895e-02
3.545584362000227252e-02
3.543695118278265138e-02
3.533285274170339108e-02
3.518718900159001350e-02
3.519312692806124410e-02
3.527096388861537118e-02
3.514038408175110956e-02
3.514292780309915404e-02
3.521489836275577823e-02
3.525268156081438203e-02
3.517207903787493428e-02
3.515794249251484593e-02
3.520100633613765240e-02
3.517823601141571721e-02
3.515279283747076849e-02
3.515876578167080602e-02
3.521374575793743272e-02
3.519388912245631496e-02
3.516067992895841737e-02
3.509283307939767976e-02
3.514527375809848447e-02
3.515298524871468544e-02
3.512554340995847901e-02
3.513234816491603990e-02
3.516398556530475616e-02
3.523529814556240758e-02
3.532858956605196277e-02
3.512935480102896690e-02
3.528241729363799234e-02
3.523954777047037801e-02
3.513916647061705867e-02
3.510119756683707098e-02
3.508958262391388694e-02
3.507975740358233729e-02
3.507818295620381693e-02
3.515453422442078868e-02
3.517909022048115730e-02
3.509511454030871114e-02
3.512328155338764052e-02
3.508835826069116315e-02
3.515708209015429297e-02
3.511984548531472961e-02
3.516380973160267154e-02
3.530222582630813261e-02
3.514613481238484244e-02
3.513123579323292056e-02
3.538454575464129725e-02
3.526047361083328724e-02
3.504550014622509480e-02
3.510738406330347200e-02
3.519613845273852210e-02
3.524880604818463048e-02
