3.785312384366988914e-01
1.801535151898860931e-01
1.212951280176639557e-01
9.346502292901277820e-02
9.764696583151817599e-02
8.290617940947413167e-02
6.371909100562334061e-02
6.465128641575575152e-02
6.694354061037302572e-02
6.060829032212496081e-02
6.495256675407290459e-02
5.872285980731248994e-02
5.219188060145825425e-02
5.740141980350017825e-02
5.110094528645277301e-02
5.208294978365302086e-02
7.763431495986879149e-02
6.170871490612626215e-02
4.654866848140955249e-02
4.560574172064661702e-02
5.689124949276447296e-02
6.537317065522074699e-02
5.190937533043325086e-02
5.646666943794116655e-02
4.385592583566903790e-02
5.039301007054745873e-02
6.181293092668056766e-02
5.545866917818784853e-02
4.867101078853010993e-02
7.340453974902630407e-02
5.461210375651717047e-02
4.642643176484852890e-02
5.761058060452341895e-02
6.415691543370485861e-02
5.092890220694244047e-02
4.790171347558498660e-02
4.602257176302373270e-02
4.619960933923721036e-02
4.103138409554958621e-02
5.027166549116372785e-02
3.959120484068989754e-02
5.491066626273095885e-02
7.278117872774600428e-02
5.595940276980400363e-02
4.810148868709802905e-02
4.900520108640193939e-02
7.612895132042467317e-02
4.771090606227516850e-02
7.484548364300280809e-02
4.699863251298665862e-02
4.099006298929452896e-02
5.496127316728234569e-02
5.008581783622503142e-02
5.883815316483378272e-02
5.352681074291467528e-02
4.278258066624403277e-02
3.827653587795794288e-02
4.154016241664067188e-02
4.627470532432198524e-02
5.128455832600593844e-02
4.902976490557194034e-02
4.337258739396929880e-02
3.881930126808583875e-02
3.813883075490594188e-02
4.142015818506479541e-02
4.137987112626433095e-02
3.858545836992562095e-02
3.944253632798790793e-02
3.574580028653144559e-02
3.377407679217867692e-02
3.768929182551801482e-02
3.752668974921107015e-02
5.088857451919466535e-02
5.333207491785287718e-02
4.712694827467203001e-02
4.613167382776737352e-02
5.457670008763670921e-02
4.686801871284842352e-02
3.682900520507246395e-02
5.786048229783773145e-02
6.563053634017705640e-02
5.365693047642707686e-02
4.353555357083678523e-02
7.607060096925125081e-02
5.045832656323909898e-02
3.710724273696541786e-02
4.321208409965038300e-02
4.221377037465572080e-02
5.878775212913751880e-02
3.382787001319229742e-02
5.863132220692932745e-02
4.991634204052388529e-02
7.088757280725985210e-02
5.101652544690295915e-02
4.929065955802798549e-02
5.393861560150980949e-02
8.165478873997926434e-02
4.260721327736973624e-02
4.274528129026293477e-02
3.988994015380740304e-02
3.763124572578817328e-02
3.426690511405468265e-02
3.448628184851258716e-02
3.259529462084174295e-02
3.384675513952970644e-02
3.673360850661992749e-02
3.399788687820546468e-02
3.556958488188684264e-02
5.012459093704819957e-02
3.319737872225232700e-02
4.914426328614353995e-02
4.859987366944551468e-02
3.148709163069725314e-02
3.788410713896155080e-02
4.071562974713742455e-02
3.059601391432806988e-02
3.103620327892713318e-02
3.008140816818922689e-02
3.478344313916750113e-02
4.186730706132948260e-02
2.959893262013792853e-02
3.435694170184433460e-02
3.409642730839550218e-02
4.687427468597889224e-02
4.911643066443503042e-02
3.282988504506647448e-02
2.965663857758045127e-02
3.200292848050594052e-02
4.833125453442334990e-02
3.158964252506848286e-02
3.627178380265831670e-02
3.257931387051939826e-02
5.312183704227209369e-02
6.283145882189274112e-02
4.678013166412711005e-02
3.537023346871137619e-02
3.228211589157581329e-02
3.145472216419875622e-02
3.447832687525078516e-02
3.499433706456329951e-02
3.304781112819910049e-02
3.856265421491116008e-02
3.667392418719828129e-02
2.936882439535111119e-02
3.371213141363114257e-02
4.077429445460438451e-02
4.590450306423008581e-02
3.690819307230412682e-02
3.166828677058219910e-02
4.017019341699779034e-02
3.448400441557168683e-02
3.640164062380790710e-02
3.618741128593683243e-02
3.486447529867291173e-02
4.987815450876951356e-02
9.922239072620868405e-02
5.240294304676353793e-02
4.662527120672166348e-02
4.822623226791620393e-02
5.350974381435662230e-02
3.429906072269659628e-02
3.495854451321065565e-02
3.748975752387195826e-02
3.338695080019533912e-02
3.482485986314713677e-02
4.323603827506303926e-02
3.389672926859930296e-02
3.641567928716540198e-02
3.448176546953618526e-02
3.726390290539711991e-02
3.387181204743683338e-02
4.064666691701859097e-02
5.781509596854448457e-02
5.012750581372529129e-02
3.158430540934205333e-02
3.669873718172311783e-02
3.460971927270293375e-02
3.050395895261317353e-02
3.421047055162489137e-02
3.316437099128961841e-02
6.982528085354715308e-02
4.956540720304473957e-02
3.375647747889161387e-02
2.941931383684277465e-02
3.593121743761003295e-02
3.034081188961863448e-02
2.731859739869833131e-02
2.924785236828029295e-02
4.221746306866407117e-02
3.545463285408913950e-02
3.011160846799611907e-02
3.465837696567177634e-02
2.947608297690749307e-02
2.880913987755775313e-02
3.222104283049702367e-02
2.722023758105933736e-02
3.083606184227392216e-02
6.753207715228200236e-02
3.693919819779693803e-02
2.989701391197741032e-02
2.796366258990019490e-02
2.876282400684431265e-02
2.892293632030486922e-02
2.881363965570926666e-02
2.887929035350680212e-02
3.058397545537445625e-02
2.957398230209946563e-02
3.542281500995159149e-02
2.537020891904830794e-02
3.015989400446415086e-02
2.796085122972726683e-02
3.009885991632472654e-02
2.816149182617664476e-02
2.863500658422708442e-02
2.678230656310915878e-02
2.749830763787031174e-02
2.665351685136556695e-02
2.648767190985381464e-02
2.803476904518902371e-02
2.676145555451512476e-02
2.920190177392214398e-02
3.644911600276827535e-02
3.446712556760758023e-02
2.856686168815940688e-02
2.640948458574712138e-02
2.777603182476013829e-02
2.581084179691970487e-02
2.970923208631575177e-02
2.592090643011033674e-02
2.883568387478590081e-02
2.892121258191764424e-02
2.708965101628564229e-02
2.678695954382419656e-02
2.881471260916441610e-02
2.743806462385691564e-02
2.864960171573329578e-02
2.651174523052759330e-02
2.797614256851375242e-02
3.273917390033602437e-02
2.891478599049151013e-02
2.558936453424394061e-02
3.349121180362999578e-02
2.882500253617763589e-02
2.753076832741498808e-02
3.050748479581670905e-02
3.523888009076472233e-02
3.746514366939664165e-02
2.985998149961233139e-02
3.972581631969660659e-02
3.025784753262996535e-02
2.914490264374762843e-02
2.743244436569512029e-02
2.542255592998117139e-02
3.171395370736718178e-02
3.420072807930409770e-02
2.710991250351071219e-02
2.773054976423736800e-02
3.197793342405930161e-02
3.131931854877621074e-02
2.866367283277213712e-02
3.030477849533781340e-02
3.243694496341049949e-02
3.249418991617858410e-02
3.858667174354195317e-02
3.691267819376662512e-02
2.801424856297671934e-02
2.565594298648648033e-02
2.562471035053022136e-02
2.512702414824161817e-02
2.493381835520267625e-02
2.549672957975417445e-02
2.761038127355277400e-02
2.780090117012150655e-02
2.988808387890458038e-02
2.608785596676170895e-02
2.773600125219672849e-02
3.032986430916935136e-02
2.676364211365580420e-02
3.349374632816761593e-02
2.454185390379279991e-02
2.435226825618883734e-02
3.503876440227031430e-02
2.943094479851424833e-02
3.401516990270465890e-02
4.096860419958829602e-02
2.849278140347450902e-02
2.956986203789711137e-02
2.772523555904626846e-02
3.004517929948633675e-02
2.877253384795040031e-02
2.913373075425624778e-02
3.069921806454658370e-02
2.456139081623405149e-02
2.896611229516565800e-02
3.034002720378339152e-02
2.285106095951050520e-02
2.312097954563796520e-02
2.319083641050383518e-02
2.524762901011854549e-02
2.523838179185986658e-02
2.582418072561267625e-02
2.262185006402432988e-02
2.339921086968388408e-02
2.252533528080675682e-02
2.284467876888811658e-02
2.166102544870227714e-02
2.219670503400266240e-02
2.244450200814753632e-02
2.586709237657487323e-02
2.215966976655181497e-02
2.152101370738819172e-02
2.101021495909662778e-02
2.812242663931101630e-02
2.217833649774547666e-02
2.077672915766015649e-02
2.864460800774395327e-02
2.382159369008150090e-02
2.310846537584438851e-02
2.172120884060859541e-02
2.493305280804634233e-02
2.129171381966443732e-02
2.291250702110119233e-02
2.518702531233429909e-02
2.180535541847348352e-02
2.050536044407635927e-02
2.313317281659692595e-02
2.035309046623296966e-02
2.121730574872344663e-02
2.629471054824534734e-02
2.317085070535540581e-02
2.320209867684752680e-02
2.391383619979024072e-02
1.960432427003979544e-02
2.261405428871512274e-02
2.370598760608117958e-02
2.597840965609066188e-02
2.116662343032658239e-02
2.201513256877660890e-02
1.894301165011711557e-02
1.872509911190718343e-02
2.075005411170422961e-02
2.003064587479457329e-02
1.829874266986735235e-02
1.893068235367536406e-02
2.231893632560968260e-02
2.223131218343041976e-02
2.372099901549518108e-02
2.161505733383819322e-02
2.071752325864508609e-02
2.329803733155131479e-02
2.193434771616011719e-02
2.129533721599728008e-02
1.942900080466642906e-02
2.091390449131722701e-02
1.997705138928722660e-02
2.193984512705355813e-02
1.939574459102004836e-02
2.657051864080130915e-02
2.315260878531262209e-02
2.081442754715680937e-02
2.096258263336494426e-02
2.525840820162556996e-02
2.012939146952703526e-02
1.745557809481397202e-02
1.982851096108788694e-02
1.847609919495880534e-02
2.038092105649411817e-02
2.122439392842352321e-02
2.157508949749171664e-02
1.944748223759234021e-02
2.187604847131296992e-02
1.860306676535401424e-02
2.081275219097733498e-02
2.701930338516831537e-02
2.182599459774792194e-02
2.712658955715596676e-02
2.218511022510938346e-02
1.795095774577930639e-02
1.705077287915628473e-02
1.724055050872266154e-02
1.714778468012809892e-02
1.850614942377433111e-02
1.669081370928324898e-02
1.788524220100953105e-02
1.755115994019433925e-02
1.955098528414964815e-02
1.836788057989906589e-02
1.782942526042461534e-02
2.236313140019774437e-02
1.738961058435961604e-02
1.675743802916258504e-02
1.902735165785997967e-02
2.331640005577355693e-02
1.612690566107630868e-02
1.638559981947764616e-02
1.845675829099491239e-02
2.056705607101321290e-02
1.801286849658936123e-02
1.955353595403721417e-02
2.428420435171574354e-02
1.761537342681549628e-02
1.588215400406624983e-02
1.594985828269273112e-02
1.560047126549761812e-02
1.583683250064495812e-02
1.559796655710670235e-02
1.547307997680036351e-02
1.633855607360601425e-02
1.995986875845119288e-02
1.550648446573177353e-02
1.923254663124680450e-02
1.693226484931074222e-02
1.639102522749453714e-02
1.541957703138905310e-02
1.544224089011549984e-02
1.500661982936435379e-02
1.598438360088039190e-02
1.628897292539477348e-02
1.505527197150513530e-02
1.471627519058529322e-02
1.698337597772479196e-02
1.917344189132563770e-02
2.528238146333023836e-02
1.905953693494666368e-02
1.646076233300846139e-02
1.504666807013563777e-02
1.790763045137282530e-02
1.536490910730208340e-02
1.516440773630165460e-02
1.491427098517306149e-02
1.804289639549096907e-02
1.552768596739042585e-02
1.473559909500181744e-02
1.645225149113684754e-02
1.528290016503888217e-02
1.798548629012657399e-02
1.443523997877491603e-02
1.421097768470644916e-02
1.504773822380229761e-02
1.597812343388795714e-02
1.644121316494420032e-02
1.437020471785217454e-02
1.504099783342098887e-02
1.380858485645148834e-02
1.403871532529592583e-02
1.398400994949042762e-02
1.419103934895247186e-02
1.537762928637675941e-02
1.396504011499928241e-02
1.672013595089083537e-02
1.782637835713103344e-02
1.479933024384081329e-02
1.581256504287011783e-02
1.474290234036743606e-02
1.604856667108833790e-02
1.458128697704523871e-02
1.459220442920923164e-02
1.407507197000086238e-02
1.373675391550932545e-02
1.502113615424605086e-02
1.864315395359881361e-02
1.517104512022342602e-02
1.604125220328569273e-02
1.417275666863133596e-02
1.563431713439058374e-02
1.402550448692636495e-02
1.482054333173437113e-02
1.321149694849737058e-02
1.473527484340593149e-02
1.470849781762808596e-02
1.456401145223935531e-02
1.376584013341925969e-02
1.457795406386139768e-02
1.469228937057778274e-02
1.540647468063980306e-02
1.921348139876499772e-02
1.990028806030750413e-02
2.248327591223642230e-02
1.465966249816119671e-02
1.950005900580436061e-02
1.880969356279820273e-02
2.032789851073175599e-02
1.371804052032530273e-02
1.434875436825677752e-02
1.411767896497622202e-02
1.510697595076635445e-02
1.337816673330962693e-02
1.311043162859277730e-02
1.429868798295501689e-02
1.338344832183793222e-02
1.463478954974561930e-02
1.420991076738573576e-02
1.727741358918137918e-02
1.552623233874328434e-02
1.392247750191017916e-02
1.352444225231010967e-02
1.497384923277422786e-02
1.363697233027778496e-02
1.540496964735211735e-02
1.351774237118661369e-02
1.292251436971128022e-02
1.327071465784683893e-02
1.267603137166588637e-02
1.284754606895148824e-02
1.385882109170779621e-02
1.255048232851549948e-02
1.349292854210943846e-02
1.280595216667279601e-02
1.349985951819689979e-02
1.294660464045591618e-02
1.322557600069558179e-02
1.281683996203355526e-02
1.296485699713230064e-02
1.339426386402919888e-02
1.244532269192859600e-02
1.306889492661866825e-02
1.294834970976808074e-02
1.260484685190021992e-02
1.381957101984880934e-02
1.329389450838789309e-02
1.330385511319036665e-02
1.301915559452027082e-02
1.268742958018265199e-02
1.270505384309217334e-02
1.319293924170778995e-02
1.208203040878288483e-02
1.331019634380936623e-02
1.264966912967793213e-02
1.283191891416208749e-02
1.383570015896111796e-02
1.284241620742250164e-02
1.309836646541953122e-02
1.318867806112393806e-02
1.266857313457876374e-02
1.341525429088505882e-02
1.258968042093329062e-02
1.247138616854499490e-02
1.265764851123094524e-02
1.336147031397558714e-02
1.212359831770299864e-02
1.214773412793874671e-02
1.284066828666254913e-02
1.275443779304623673e-02
1.312290584028232877e-02
1.253780449042096734e-02
1.224151493515819242e-02
1.270568103063851595e-02
1.208047878462821176e-02
1.289689137447567156e-02
1.204873354581650381e-02
1.191810056334361399e-02
1.225891167996451259e-02
1.260782259632833337e-02
1.209880532696843217e-02
1.335959304124116967e-02
1.256882657180540333e-02
1.302720819367095793e-02
1.210161480848910218e-02
1.183571990113705362e-02
1.300116683123633300e-02
1.176458894115057704e-02
1.287351233477238531e-02
1.241278036031872103e-02
1.228213584035984206e-02
1.387272378779016470e-02
1.447376762516796624e-02
1.353595354594290187e-02
1.227438200439792161e-02
1.294218509428901598e-02
1.150498434799374081e-02
1.229605840053409407e-02
1.216194081353023579e-02
1.330476353032281588e-02
1.241602962836623261e-02
1.261365413665771484e-02
1.167602264904417028e-02
1.239036926999688079e-02
1.243451537739019910e-02
1.289958441047929158e-02
1.174613742550718529e-02
1.248959607910364936e-02
1.270794004667550291e-02
1.169436647323891451e-02
1.202369572929455968e-02
1.310223387554287910e-02
1.186435129493474891e-02
1.234120395674835960e-02
1.191199269378557732e-02
1.158479911973699962e-02
1.238675708882510697e-02
1.188759593060240149e-02
1.193194746774679446e-02
1.318756240943912486e-02
1.195933623530436377e-02
1.255073478969279642e-02
1.237690993584692443e-02
1.200717978645116091e-02
1.188135412521660293e-02
1.226073811885726103e-02
1.314153851708397235e-02
1.283215210860362207e-02
1.217945306561887299e-02
1.182141882745781948e-02
1.169808311387896503e-02
1.204836117685772513e-02
1.149222777748946066e-02
1.182572805264498969e-02
1.238234776828903670e-02
1.168595973576884786e-02
1.153024887898936902e-02
1.226622463145759026e-02
1.139138047001324663e-02
1.211777960415929591e-02
1.165983820610563305e-02
1.158906703349202837e-02
1.182871784149028792e-02
1.161877489357721061e-02
1.158433204982429673e-02
1.189712311606854270e-02
1.164352350169792737e-02
1.194044005533214693e-02
1.154612677983095706e-02
1.147080244263634120e-02
1.191901362471980974e-02
1.174905147054232726e-02
1.199661706341430614e-02
1.114929120521992480e-02
1.189393621898489004e-02
1.174304439919069375e-02
1.207339577958919073e-02
1.143176939222030272e-02
1.162206449080258573e-02
1.153256414399947936e-02
1.168238404643489117e-02
1.162920964998193085e-02
1.239769983803853427e-02
1.137556440371554310e-02
1.123507348329439923e-02
1.125284942099824548e-02
1.128311316715553334e-02
1.145313067827373812e-02
1.174875682481797343e-02
1.243616684223525226e-02
1.188168009393848409e-02
1.136191734112799133e-02
1.177338603883981705e-02
1.132493705372326041e-02
1.179367096046917210e-02
1.169035667553544079e-02
1.119375224843679496e-02
1.147703527676640148e-02
1.091253431077348138e-02
1.173822624550666625e-02
1.126565656450111488e-02
1.132725174975348671e-02
1.207674767356365850e-02
1.133612381527200272e-02
1.172287210356444051e-02
1.149791545612970436e-02
1.120655895210802624e-02
1.135108171729370952e-02
1.152028137585148215e-02
1.093842278933152522e-02
1.105609571095556021e-02
1.141622530412860284e-02
1.136550204682862386e-02
1.171679475810378721e-02
1.128265236038714613e-02
1.131945422384888003e-02
1.096489886986091664e-02
1.131763850571587682e-02
1.109736480339051923e-02
1.139930997742339899e-02
1.156945803668349947e-02
1.146310296608135139e-02
1.099056581733748317e-02
1.119115211404277978e-02
1.113079128554090788e-02
1.134574112074915320e-02
1.133075915859080816e-02
1.118748605294967932e-02
1.102752339793369209e-02
1.154845061828382348e-02
1.121052405796945164e-02
1.137481311452575097e-02
1.180580684449523618e-02
1.090524091850966250e-02
1.286308215931057999e-02
1.089402335346676375e-02
1.214020277839153970e-02
1.210085471393540502e-02
1.085263327840948512e-02
1.106545761631423305e-02
1.082422585568565410e-02
1.181088129524141515e-02
1.296519294410245458e-02
1.254065894172526861e-02
1.243929093034239555e-02
1.139154646953102236e-02
1.140308208969145233e-02
1.123844195390120114e-02
1.091516525702900323e-02
1.115569820394739578e-02
1.101379871834069421e-02
1.077211143492604571e-02
1.095827423268929193e-02
1.099803416291251709e-02
1.083474541082978318e-02
1.102445477154105971e-02
1.105895391083322465e-02
1.114549628109671141e-02
1.077797536127036472e-02
1.084659427287988295e-02
1.130514757242053782e-02
1.089945049025118316e-02
1.112753810812137055e-02
1.076715076924301615e-02
1.115424947347492049e-02
1.101729361689649488e-02
1.101584606803953682e-02
1.072790691105183179e-02
1.079668573365779628e-02
1.101630876073613798e-02
1.080966942481609294e-02
1.121713664615526726e-02
1.071396124789316708e-02
1.078883390146074747e-02
1.099970737705007265e-02
1.105359128996497020e-02
1.101936614140868256e-02
1.119251199779682827e-02
1.070493610459379887e-02
1.084024024894461070e-02
1.096761084336321870e-02
1.100555974408052792e-02
1.099459635152015904e-02
1.078680078499019181e-02
1.106104216305539047e-02
1.067119046347215702e-02
1.083291172981262242e-02
1.102753933810163289e-02
1.083425345132127404e-02
1.081383218697737868e-02
1.086068680742755498e-02
1.070948625565506553e-02
1.093164982739835978e-02
1.102812821045517921e-02
1.084029919002205133e-02
1.086607493925839663e-02
1.144853472360409831e-02
1.148746317630866542e-02
1.071304755823803204e-02
1.100855474360287224e-02
1.070217780070379342e-02
1.084356828359886969e-02
1.108494878280907869e-02
1.117288193199783564e-02
1.115975948050618172e-02
1.137032955884933506e-02
1.100533515782444773e-02
1.069918114808388054e-02
1.070296744583174552e-02
1.074267381336540053e-02
1.068902168772183428e-02
1.095506413839757512e-02
1.070854611170943792e-02
1.076200077077373897e-02
1.085566774709150265e-02
1.089937369360995979e-02
1.067040390335023334e-02
1.108552538935327937e-02
1.145824111299589311e-02
1.075754885314381647e-02
1.046821916243061493e-02
1.064411439001560281e-02
1.044491856446256792e-02
1.078594975697342272e-02
1.090767235145904089e-02
1.096977213455829769e-02
1.100655117770656978e-02
1.058389353274833376e-02
1.075769348244648427e-02
1.059450562752317637e-02
1.085915795702021604e-02
1.085322041180916165e-02
1.065159325808053871e-02
1.080886729760095408e-02
1.061794618872227182e-02
1.057095528849458753e-02
1.051476435968652298e-02
1.076016658917069470e-02
1.072942016180604766e-02
1.076826016651466489e-02
1.079307900508865749e-02
1.052977475337684224e-02
1.076186716672964359e-02
1.050098855048418010e-02
1.080547568853944609e-02
1.067376432474702666e-02
1.056773185537167661e-02
1.077313263485848473e-02
1.045626974664628540e-02
1.082089600386098097e-02
1.067816691938787768e-02
1.057427162450039725e-02
1.049882850770700315e-02
1.069821706041693653e-02
1.051460649759974365e-02
1.056881148833781550e-02
1.051182574155973271e-02
1.054121013148687745e-02
1.061102336389012704e-02
1.064303212333470548e-02
1.058550869347527588e-02
1.050724931046715868e-02
1.067513254820369115e-02
1.055545856361277471e-02
1.079010268967977096e-02
1.051896725293772691e-02
1.048849435173906421e-02
1.052950838493416086e-02
1.058293576934374834e-02
1.051288565322465798e-02
1.047764898903551581e-02
1.043628203915432026e-02
1.061860593035817216e-02
1.054586456157267059e-02
1.060176856590260355e-02
1.054830096836667508e-02
1.061837583547458122e-02
1.052477444063697545e-02
1.045825548935681512e-02
1.054037640788010356e-02
1.054962289053946664e-02
1.039728412179101794e-02
1.045731726335361565e-02
1.067011280865699449e-02
1.039896664442494477e-02
1.071058364468626713e-02
1.042185226106084883e-02
1.050121191947255353e-02
1.068640061421319808e-02
1.044684362132102320e-02
1.061263379087904433e-02
1.054126996023114701e-02
1.037931591272354091e-02
1.076536825567018206e-02
1.041602727782446960e-02
1.060356126099577453e-02
1.042892285040579806e-02
1.040960855316370656e-02
1.038047243637265672e-02
1.047361337114125455e-02
1.039438770967535640e-02
1.048498556483536993e-02
1.068021182436496019e-02
1.041291810979600926e-02
1.062940706033259700e-02
1.040204680757597124e-02
1.056088256882503629e-02
1.045438589426339604e-02
1.064474319573491777e-02
1.068513478967361187e-02
1.059589548676740343e-02
1.052736858837306430e-02
1.038523119641467964e-02
1.065590712241828476e-02
1.068948465981520678e-02
1.055282377055846189e-02
1.044256890891119907e-02
1.060366596211679245e-02
1.042286644078558276e-02
1.039112075523007661e-02
1.061699816491454805e-02
1.042326542083174025e-02
1.064910428831353749e-02
1.047021780395880272e-02
1.037288117222487892e-02
1.043411719656433048e-02
1.046215232636313851e-02
1.043528643203899334e-02
1.048949535470455885e-02
1.044159070879686554e-02
1.045755799841572263e-02
1.046810866246232832e-02
1.036856204045761773e-02
1.046741426180233282e-02
1.049272002364887157e-02
1.034725129138678278e-02
1.045111288840416819e-02
1.035093413574941258e-02
1.044932459481060470e-02
1.049198166620044469e-02
1.046900673354684771e-02
1.053501311689615180e-02
1.047250420233467559e-02
1.031454585026949679e-02
1.037115313665708596e-02
1.047998649810324458e-02
1.033844925186713261e-02
1.034207235570647719e-02
1.038075545802712510e-02
1.033740810926246992e-02
1.041114749386906624e-02
1.038579659179958946e-02
1.031393419671076082e-02
1.042578071355819772e-02
1.038120110169984435e-02
1.034665082697756519e-02
1.046650945791043411e-02
1.040237482029624481e-02
1.023885855320258963e-02
1.041552687929652235e-02
1.035316454945132102e-02
1.040212960488133900e-02
1.038571404060348834e-02
1.041474882222246344e-02
1.053808596916496788e-02
1.031326559896115179e-02
1.043298550939653069e-02
1.038691025169100578e-02
1.030505609232932294e-02
1.030010577815119142e-02
1.029904458264354651e-02
1.031062876572832500e-02
1.035408937314059516e-02
1.032363008926040493e-02
1.030968408867920585e-02
1.035227967076934874e-02
1.040380877311690780e-02
1.029556996072642470e-02
1.030514773447066545e-02
1.033762881997972796e-02
1.032617367636703455e-02
1.031153273070231115e-02
1.031294648419134319e-02
1.033192573813721503e-02
1.034882569620094658e-02
1.031229838699800928e-02
1.028451246675103972e-02
1.043560310063185170e-02
1.021349405054934253e-02
1.045789723993948393e-02
1.037502044855500606e-02
1.032044340681750362e-02
1.028600104618817603e-02
1.038301978260278667e-02
1.035643399663968046e-02
1.042289066826924612e-02
1.048177201882936026e-02
1.035401592525886372e-02
1.029538293660152773e-02
1.034521523179137217e-02
1.032128579390700907e-02
1.033182668470544741e-02
1.033844541816506500e-02
1.024719459819607367e-02
1.029487726336810773e-02
1.029819064424373175e-02
1.031080897082574735e-02
1.031180245627183467e-02
1.034836234030080994e-02
1.028861194499768386e-02
1.032117335125803947e-02
1.025331742785056191e-02
1.028249542869161780e-02
1.030522571818437427e-02
1.025408374553080613e-02
1.033209025845280814e-02
1.033264967300056084e-02
1.037318269845854957e-02
1.030778848798945616e-02
1.028243100736290182e-02
1.031960152467945556e-02
1.046610926568973879e-02
1.030426732031628455e-02
1.026930116349831189e-02
1.035322620882652735e-02
1.025351070929900708e-02
1.026518710423260893e-02
1.026306798557925434e-02
1.027933995355851879e-02
1.029369304815190914e-02
1.036352148985315511e-02
1.027205566060729325e-02
1.023814110958483001e-02
1.032494402752490679e-02
1.033637890941463411e-02
1.024016715746256523e-02
1.026064705438329769e-02
1.032490547950146685e-02
1.032458621666592150e-02
1.024191603064537014e-02
1.028418872901966027e-02
1.043989346362650394e-02
1.034380470518954029e-02
1.020703299982415012e-02
1.029638820327818428e-02
1.039582820376381243e-02
1.026242196458042669e-02
