7.385990222295125696e-01
8.404469688733419153e-01
6.863651672999063758e-01
7.608370582262674597e-01
7.556921839714050293e-01
6.957051555315653113e-01
6.827894250551859168e-01
6.793980797131856653e-01
7.382089694341024133e-01
7.214106321334838867e-01
7.339132428169250488e-01
7.206097642580667761e-01
7.158246636390686035e-01
7.298439939816793176e-01
7.207184632619222375e-01
6.739153861999511719e-01
7.383261124293009070e-01
6.870065331459045410e-01
7.117969592412313196e-01
7.206515868504842492e-01
6.704993247985839844e-01
7.085270285606384277e-01
7.744965950647989539e-01
7.520858446756998328e-01
7.267260352770487097e-01
7.703914443651834754e-01
7.402890920639038086e-01
7.621031403541564941e-01
7.921422123908996582e-01
7.790096203486124304e-01
7.489812374114990234e-01
7.615944345792134973e-01
7.257003585497537879e-01
7.182931303977966309e-01
7.533203562100728723e-01
7.567045688629150391e-01
7.615459561347961426e-01
7.401738961537679407e-01
7.243892947832742957e-01
7.509561777114868164e-01
7.782309055328369141e-01
7.606568137804666785e-01
7.847789923350015906e-01
7.716133395830789832e-01
7.117959658304849890e-01
7.420689264933267859e-01
7.235627174377441406e-01
7.323936621348062781e-01
7.388922969500223425e-01
7.630351980527242395e-01
7.453022599220275879e-01
7.474924921989440918e-01
7.402017116546630859e-01
7.471625010172525672e-01
7.731863856315612793e-01
7.411243518193563196e-01
7.493782242139180871e-01
7.378362218538919715e-01
7.457825938860574988e-01
7.241269946098327637e-01
7.347507476806640625e-01
7.633478442827860144e-01
7.662517825762430457e-01
7.608000834782918664e-01
7.699977556864420203e-01
7.318837443987528113e-01
7.637323538462320593e-01
7.411096692085266113e-01
7.253760099411010742e-01
7.809467315673828125e-01
7.503389120101928711e-01
7.629250089327493933e-01
7.816837628682454797e-01
7.821307182312011719e-01
7.456880410512288782e-01
7.882281740506490442e-01
7.760033210118612024e-01
8.051352699597676965e-01
7.656726439793904992e-01
7.567596832911173133e-01
7.528988917668660852e-01
7.806561589241027832e-01
7.603870828946431848e-01
8.429785569508870813e-01
7.907301187515258789e-01
7.332769632339477539e-01
7.401190598805745813e-01
8.137008945147196082e-01
7.708095510800679895e-01
7.514243523279825476e-01
7.509791056315103797e-01
7.476002772649129602e-01
7.822534640630086633e-01
7.484793464342752722e-01
7.716092268625894812e-01
7.492202520370483398e-01
8.001471757888793945e-01
8.136212031046549109e-01
7.483481367429097864e-01
7.635422150293985633e-01
7.400852839152017859e-01
7.546541492144266394e-01
7.700968782107034949e-01
7.642677028973897668e-01
7.640070716540018347e-01
7.425339420636495325e-01
7.641200224558512000e-01
7.317563096682230261e-01
7.790819605191549035e-01
7.784836490948995325e-01
7.719297210375467566e-01
7.580521702766418457e-01
7.874701619148254395e-01
7.666106422742208215e-01
7.701342105865478516e-01
7.674552003542581824e-01
7.669284939765930176e-01
7.582982182502746582e-01
7.679637273152669641e-01
7.569683392842611047e-01
7.603132526079813269e-01
7.507206400235494348e-01
7.237666646639505652e-01
7.367920676867166785e-01
7.793683012326558801e-01
7.775488297144571570e-01
7.658964991569519043e-01
7.779288887977600098e-01
7.755118409792581824e-01
7.623646457990010950e-01
7.662002046902974817e-01
7.464176217714945105e-01
7.752494812011718750e-01
7.440089782079061242e-01
7.843945821126302453e-01
7.407237291336059570e-01
7.595997452735900879e-01
7.820378939310709265e-01
7.688179612159729004e-01
7.647743026415506629e-01
7.832291523615518836e-01
7.587292194366455078e-01
7.592487533887227746e-01
7.571845451990762976e-01
7.532664537429809570e-01
7.996372381846109656e-01
7.615090211232503625e-01
7.507451375325521203e-01
7.916422684987386438e-01
7.729451656341552734e-01
7.527887225151062012e-01
7.519306937853494910e-01
7.744895021120706824e-01
7.443191607793172571e-01
7.210055987040201453e-01
7.580084999402364465e-01
7.788697878519693640e-01
7.354389627774556848e-01
8.058792750040689734e-01
7.624651988347371789e-01
7.657434145609537390e-01
7.729885776837667200e-01
7.484092116355895996e-01
8.055121501286824914e-01
7.730812430381774902e-01
7.647268573443094519e-01
7.752131024996439246e-01
7.520684599876403809e-01
7.944905559221903113e-01
7.457812627156575891e-01
7.658655842145284387e-01
8.080441753069559363e-01
7.691994508107503625e-01
7.860327164332071570e-01
7.789620757102966309e-01
7.709846695264180871e-01
7.478642066319783899e-01
7.524992823600769043e-01
7.480274438858032227e-01
7.355515956878662109e-01
7.727983395258585242e-01
7.606323560078939172e-01
7.711785634358724328e-01
7.792323629061380652e-01
7.488605976104736328e-01
7.750525474548339844e-01
7.627664009730020789e-01
7.589544256528218957e-01
7.444526553153991699e-01
7.493304014205932617e-01
7.482797304789224890e-01
7.461042006810506555e-01
7.875335812568664551e-01
7.700075507164001465e-01
7.735163569450378418e-01
7.408735354741414758e-01
8.009959459304809570e-01
7.409369349479675293e-01
7.642534772555032996e-01
7.658797303835550574e-01
7.544878721237182617e-01
7.777486840883890418e-01
7.807268500328063965e-01
7.539735039075216028e-01
7.709360321362813684e-01
7.576603690783182410e-01
7.694684068361917761e-01
7.717317541440328332e-01
7.658633391062418250e-01
7.460326155026754114e-01
7.552177508672078821e-01
7.408912380536397668e-01
7.604242761929830285e-01
7.712488571802774695e-01
7.483549118041992188e-01
7.498626311620076867e-01
7.438670794169107703e-01
7.607449094454447058e-01
7.621644337972005578e-01
7.541923721631368371e-01
7.560210824012756348e-01
7.822711467742919922e-01
7.830629746119180945e-01
7.408790787061055871e-01
7.687034408251444129e-01
7.430319190025329590e-01
7.676708698272705078e-01
7.524117628733316687e-01
7.637629111607869836e-01
7.664951483408609656e-01
7.654252847035726282e-01
7.636453708012899133e-01
7.423152327537536621e-01
7.613226175308227539e-01
7.574781775474548340e-01
7.703861395517984656e-01
7.577137152353922156e-01
7.733871539433797571e-01
7.386865019798278809e-01
7.583245237668355676e-01
7.734559178352355957e-01
7.651120424270629883e-01
7.630172570546468469e-01
7.422687411308288574e-01
7.816583315531412390e-01
7.496771017710367468e-01
7.682495514551798133e-01
7.396982510884603235e-01
7.768792311350504187e-01
7.535429000854492188e-01
7.649905681610107422e-01
7.438233296076456336e-01
7.427852551142374304e-01
7.523845235506693152e-01
7.520112395286560059e-01
7.623378435770670203e-01
7.676727374394735071e-01
7.460098067919412879e-01
7.430949807167053223e-01
7.337095737457275391e-01
7.553417285283406946e-01
7.667943040529886511e-01
7.554131944974263879e-01
7.632670799891153601e-01
7.428482174873352051e-01
7.404226064682006836e-01
7.418115933736165735e-01
7.570741176605224609e-01
7.566701372464498254e-01
7.665029962857564660e-01
7.607626914978027344e-01
7.456032037734985352e-01
7.650682926177978516e-01
7.514753739039102820e-01
7.326292395591735840e-01
7.612747550010681152e-01
7.440843184789022180e-01
7.544695138931274414e-01
7.419600089391072961e-01
7.402167717615762976e-01
7.423604726791381836e-01
7.703123490015665320e-01
7.457848389943441125e-01
7.490849892298380164e-01
7.562655409177144739e-01
7.607493599255880090e-01
7.628498077392578125e-01
7.628600200017293664e-01
7.715341051419576379e-01
7.398638129234313965e-01
7.418853640556335449e-01
7.366922696431478235e-01
7.605311870574951172e-01
7.333951195081075403e-01
7.450420061747232703e-01
7.495547930399576453e-01
7.609042326609293250e-01
7.632012168566385535e-01
7.442561586697896692e-01
7.612945834795633582e-01
7.406404415766397742e-01
7.795413931210836145e-01
7.496841947237650183e-01
7.520090738932291297e-01
7.535599867502847937e-01
7.568009694417318078e-01
7.592697739601135254e-01
7.479794224103292200e-01
7.431661089261373254e-01
7.617435852686563758e-01
7.516652345657348633e-01
7.502470016479492188e-01
7.567144234975179407e-01
7.481026252110799524e-01
7.716219425201416016e-01
7.706849575042724609e-01
7.634913921356201172e-01
7.593502203623453406e-01
7.603763739267984656e-01
7.431209087371826172e-01
7.481969793637593957e-01
7.511286735534667969e-01
7.497819463411966590e-01
7.409651478131612512e-01
7.284983992576599121e-01
7.337109446525573730e-01
7.554859717686971399e-01
7.514560222625732422e-01
7.539271910985311242e-01
7.410283883412679407e-01
7.475875417391458777e-01
7.446808815002441406e-01
7.450677951176961633e-01
7.482696771621704102e-01
7.368969321250915527e-01
7.643218239148458215e-01
7.279558579126993445e-01
7.492623130480448035e-01
7.659484942754110071e-01
7.558945417404174805e-01
7.357590794563293457e-01
7.363719145456949500e-01
7.607824802398681641e-01
7.455787062644958496e-01
7.381288409233093262e-01
7.377461989720662805e-01
7.336277365684509277e-01
7.571088671684265137e-01
7.580204208691915246e-01
7.597913543383280066e-01
7.315436999003092078e-01
7.453269958496093750e-01
7.398647467295328406e-01
7.533324758211771277e-01
7.492691477139791223e-01
7.595469554265340539e-01
7.248742580413818359e-01
7.270354628562927246e-01
7.614202102025350305e-01
7.595626314481099817e-01
7.751760880152384070e-01
7.477778196334838867e-01
7.490415970484415320e-01
7.549175421396890906e-01
7.499301036198934289e-01
7.398032943407694129e-01
7.553813854853311804e-01
7.516063451766967773e-01
7.577437162399291992e-01
7.577457030614217492e-01
7.502693732579549524e-01
7.482734521230062219e-01
7.139113148053487512e-01
7.355589469273885461e-01
7.534795800844827918e-01
7.470953663190206262e-01
7.359561125437418250e-01
7.564239899317423133e-01
7.548134525616964075e-01
7.387906312942504883e-01
7.489405075709024695e-01
7.293327848116556433e-01
7.402478853861490515e-01
7.574197649955749512e-01
7.524646123250325891e-01
7.473556001981099817e-01
7.299032012621561316e-01
7.479839920997619629e-01
7.527179121971130371e-01
7.408923705418904992e-01
7.660727302233377722e-01
7.311816612879434851e-01
7.636795639991760254e-01
7.534968455632528039e-01
7.570878465970357629e-01
7.472120126088460657e-01
7.424965302149454383e-01
7.551806171735128137e-01
7.240486939748128625e-01
7.518483797709146765e-01
7.451255122820535925e-01
7.493967215220133093e-01
7.455217838287353516e-01
7.694181799888610840e-01
7.496637105941772461e-01
7.516097625096639367e-01
7.511644363403320312e-01
7.396549979845682410e-01
7.412537932395935059e-01
7.536889513333638879e-01
7.578569849332174035e-01
7.413640419642130164e-01
7.531350056330362586e-01
7.701235016187032434e-01
7.635421554247537879e-01
7.497682968775430945e-01
7.514787117640177039e-01
7.548144857088724402e-01
7.401201526323953894e-01
7.587985396385192871e-01
7.371681332588195801e-01
7.451214392979940149e-01
7.529159585634866980e-01
7.463749249776204797e-01
7.408627072970072058e-01
7.304818232854207727e-01
7.394767006238301965e-01
7.400462230046590539e-01
7.414185404777526855e-01
7.520315845807393762e-01
7.345815300941467285e-01
7.388803760210672644e-01
7.385447422663370398e-01
7.461891174316406250e-01
7.520710229873657227e-01
7.422470053037008020e-01
7.370031476020812988e-01
7.405340472857157019e-01
7.419885198275247840e-01
7.373076279958089563e-01
7.378469109535217285e-01
7.377184629440307617e-01
7.393744190533956262e-01
7.524663805961608887e-01
7.237815459569295617e-01
7.516155441602071496e-01
7.362158099810282019e-01
7.492975791295369836e-01
7.333421309789022180e-01
7.494517366091409949e-01
7.395022114117940637e-01
7.486066818237304688e-01
7.530161937077840539e-01
7.450295090675354004e-01
7.456876039505004883e-01
7.302644451459249231e-01
7.427393992741903039e-01
7.451214194297790527e-01
7.407643596331278113e-01
7.469958464304605750e-01
7.549844781557718543e-01
7.523044149080911902e-01
7.272380987803140906e-01
7.384904623031616211e-01
7.528055906295776367e-01
7.419829964637756348e-01
7.462002237637838098e-01
7.394747734069824219e-01
7.395512262980142859e-01
7.342285116513570520e-01
7.564961910247802734e-01
7.283377846082051965e-01
7.296279867490133020e-01
7.244114081064859656e-01
7.313539783159891394e-01
7.345146338144937781e-01
7.431264122327169153e-01
7.515569527943929407e-01
7.434294819831848145e-01
7.517222960789998742e-01
7.289724747339884070e-01
7.363794843355814246e-01
7.507236401240030554e-01
7.521444757779439660e-01
7.437588373819986609e-01
7.506870826085408899e-01
7.470953067143758508e-01
7.470893462498983117e-01
7.375413179397583008e-01
7.307868401209512976e-01
7.401177287101745605e-01
7.489732503890991211e-01
7.284323175748189660e-01
7.367615103721618652e-01
7.383962869644165039e-01
7.426296671231588098e-01
7.431773145993550989e-01
7.370518843332926062e-01
7.309379975001016883e-01
7.313620845476785925e-01
7.430281639099121094e-01
7.482930421829223633e-01
7.389783064524332312e-01
7.348613142967224121e-01
7.451346119244893762e-01
7.300776839256286621e-01
7.465290824572244910e-01
7.544911702473958703e-01
7.507759332656860352e-01
7.364769975344339636e-01
7.301037510236104700e-01
7.318321863810220984e-01
7.413996060689290735e-01
7.384456992149353027e-01
7.249961098035176965e-01
7.238991260528564453e-01
7.503661314646402625e-01
7.238663037618001672e-01
7.426361441612243652e-01
7.363982001940408972e-01
7.276541988054910925e-01
7.434909939765930176e-01
7.444945772488912317e-01
7.352375785509744910e-01
7.546158432960510254e-01
7.307865420977274207e-01
7.328152259190877649e-01
7.351271112759908410e-01
7.475321888923645020e-01
7.419102986653646203e-01
7.444406151771545410e-01
7.313556671142578125e-01
7.524216969807943078e-01
7.296488285064697266e-01
7.443026304244995117e-01
7.360358039538065222e-01
7.302133639653524133e-01
7.342843810717264441e-01
7.380849321683248254e-01
7.531690001487731934e-01
7.438156008720397949e-01
7.088319659233093262e-01
7.431883414586385461e-01
7.243432998657226562e-01
7.316232919692993164e-01
7.292719483375549316e-01
7.362101078033447266e-01
7.446505427360534668e-01
7.394820451736450195e-01
7.397309939066568640e-01
7.388584415117899207e-01
7.274641593297322961e-01
7.239541411399841309e-01
7.315799991289774207e-01
7.343990604082742957e-01
7.113415598869323730e-01
7.196743885676065711e-01
7.330268025398254395e-01
7.300258676211038855e-01
7.363723516464233398e-01
7.345962325731912879e-01
7.391108671824137000e-01
7.245495319366455078e-01
7.430082758267720910e-01
7.353384494781494141e-01
7.289852499961853027e-01
7.226605415344238281e-01
7.429537574450174597e-01
7.282299598058065149e-01
7.299569845199584961e-01
7.444145083427429199e-01
7.449882229169210168e-01
7.224772969881693152e-01
7.271696329116821289e-01
7.329047520955404016e-01
7.358341415723165246e-01
7.265414794286092492e-01
7.457311352094014856e-01
7.272024750709533691e-01
7.299628059069315222e-01
7.326000531514486047e-01
7.426255742708841590e-01
7.454361915588378906e-01
7.447550296783447266e-01
7.461825211842855188e-01
7.365285952885946008e-01
7.341719071070352820e-01
7.372713883717855188e-01
7.320126295089721680e-01
7.300638755162557336e-01
7.537376681963602332e-01
7.476936777432759973e-01
7.429317633310953406e-01
7.204993367195129395e-01
7.414319912592569617e-01
7.569068471590677527e-01
7.208599050839742395e-01
7.253368298212686804e-01
7.126018007596334192e-01
7.464672923088073730e-01
7.181836167971292761e-01
7.469245592753092078e-01
7.445593078931173059e-01
7.293085654576619836e-01
7.195188403129577637e-01
7.367941538492838172e-01
7.269719640413919715e-01
7.451672355333963660e-01
7.314840555191040039e-01
7.382336258888244629e-01
7.344290812810262414e-01
7.259042064348856238e-01
7.413402994473775598e-01
7.540190815925598145e-01
7.036955157915750769e-01
7.253249486287435266e-01
7.329842448234558105e-01
7.366179029146829871e-01
7.404232621192932129e-01
7.425752480824788782e-01
7.362588842709859582e-01
7.326213916142781946e-01
7.354051868120828894e-01
7.477073073387145996e-01
7.293642560640970496e-01
7.384899854660034180e-01
7.478675444920858117e-01
7.274866302808126184e-01
7.513836026191711426e-01
7.339230577150980261e-01
7.395500739415487024e-01
7.426146268844604492e-01
7.339007457097371789e-01
7.530078689257303504e-01
7.439227302869161340e-01
7.259705861409505578e-01
7.371288339296976355e-01
7.337299784024556848e-01
7.395888368288675574e-01
7.424467404683431360e-01
7.239914536476135254e-01
7.380236387252807617e-01
7.243005235989888879e-01
7.359238266944885254e-01
7.409319877624511719e-01
7.241671880086263391e-01
7.464750210444132117e-01
7.345535755157470703e-01
7.420512040456136438e-01
7.280514836311340332e-01
7.502215902010599402e-01
7.218636075655618933e-01
7.350112199783325195e-01
7.386237382888793945e-01
7.181690732638040808e-01
7.433116833368936804e-01
7.240097324053446082e-01
7.349775433540344238e-01
7.335356672604879114e-01
7.430193622907003137e-01
7.287893295288085938e-01
7.357116937637329102e-01
7.292909026145935059e-01
7.250065406163533899e-01
7.291625539461771277e-01
7.481925090154012414e-01
7.253717581431070593e-01
7.206393281618753699e-01
7.550595998764038086e-01
7.351736823717752722e-01
7.242764830589294434e-01
7.458361387252807617e-01
7.307176788647969934e-01
7.361517349878946570e-01
7.319592634836832312e-01
7.354890505472818640e-01
7.267337640126546594e-01
7.362363934516906738e-01
7.394193808237711218e-01
7.302281657854715613e-01
7.385429143905639648e-01
7.451079487800598145e-01
7.345565954844156531e-01
7.451739708582559851e-01
7.495541969935098914e-01
7.362505396207174035e-01
7.495108048121134070e-01
7.444811463356018066e-01
7.360953291257222864e-01
7.326414783795675012e-01
7.440600991249084473e-01
7.426056464513143274e-01
7.331117192904154090e-01
7.296360135078430176e-01
7.421007951100667688e-01
7.338467240333557129e-01
7.310478488604227332e-01
7.232226530710855750e-01
7.462617754936218262e-01
7.264348069826761511e-01
7.371981342633565637e-01
7.337766289710998535e-01
7.311628460884094238e-01
7.396155397097269324e-01
7.417290806770324707e-01
7.390180627504984168e-01
7.363027334213256836e-01
7.434100508689880371e-01
7.279178102811177942e-01
7.184265454610189172e-01
7.176119883855184289e-01
7.227440675099691125e-01
7.354677319526672363e-01
7.341513633728027344e-01
7.229637106259664270e-01
7.495714028676351282e-01
7.238305211067199707e-01
7.250606417655944824e-01
7.407254576683044434e-01
7.310337026913961145e-01
7.362865606943765906e-01
7.431163390477498742e-01
7.450470725695291785e-01
7.270675500233968469e-01
7.321563959121704102e-01
7.456685105959574011e-01
7.271544337272644043e-01
7.310854196548461914e-01
7.334942420323690149e-01
7.224057714144388465e-01
7.314346432685852051e-01
7.162362933158874512e-01
7.532864610354105261e-01
7.294237812360128137e-01
7.387728889783223840e-01
7.453959385553995398e-01
7.167896827061971399e-01
7.119387984275817871e-01
7.353605031967163086e-01
7.405302524566650391e-01
7.374200622240701941e-01
7.425279418627420691e-01
7.115668654441833496e-01
7.399294376373291016e-01
7.113870183626810340e-01
7.391306956609090539e-01
7.287988464037576941e-01
7.393897970517476770e-01
7.441289226214090613e-01
7.376102606455484656e-01
7.217504779497782019e-01
7.426111896832784387e-01
7.323684493700662879e-01
7.429825862248738977e-01
7.467592557271321985e-01
7.326908111572265625e-01
7.321870923042297363e-01
7.399060924847921106e-01
7.444868087768554688e-01
7.442567745844522742e-01
7.131656805674234656e-01
7.343210776646932336e-01
7.157992323239644739e-01
7.278700868288675574e-01
7.354272206624349328e-01
7.313996752103170129e-01
7.535925904909769324e-01
7.174290219942728308e-01
7.278436024983724328e-01
7.371603647867838172e-01
7.285174528757730750e-01
7.282886703809102746e-01
7.243788441022237512e-01
7.494039138158162805e-01
7.410854101181030273e-01
7.459347446759542200e-01
7.338996132214864465e-01
7.432440320650736121e-01
7.271009286244710657e-01
7.174903551737467078e-01
7.302473386128743860e-01
7.257635990778604773e-01
7.372292478879293176e-01
7.301902770996093750e-01
7.474624713261922571e-01
7.312122186024984094e-01
7.463550567626953125e-01
7.260471582412719727e-01
7.374380230903625488e-01
7.254114945729573938e-01
7.277759909629821777e-01
7.257757186889648438e-01
7.426179846127828332e-01
7.417657574017842981e-01
7.389756242434183386e-01
7.242782513300577429e-01
7.466486692428588867e-01
7.358685135841369629e-01
7.158926328023275110e-01
7.339523434638977051e-01
7.335247596104940149e-01
7.436959346135457727e-01
7.347797155380249023e-01
7.227361798286437988e-01
7.319870193799337121e-01
7.246575355529785156e-01
7.323696017265319824e-01
7.362761298815408972e-01
7.437234322230020789e-01
7.319301565488179895e-01
7.427593072255452844e-01
7.314244310061136511e-01
7.385738094647725793e-01
7.306233445803324011e-01
7.286955912907918664e-01
7.467882037162780762e-01
7.364031473795572547e-01
7.277411421140035364e-01
7.052841981252034875e-01
7.295329968134561804e-01
7.507671316464742395e-01
7.237633665402730676e-01
7.196472485860189172e-01
7.068658669789632532e-01
7.433781027793884277e-01
7.280789415041605261e-01
7.227806448936462402e-01
7.282629807790120813e-01
7.411677241325378418e-01
7.245321869850158691e-01
7.168787320454915735e-01
7.401190201441446570e-01
7.292298078536987305e-01
7.354698975880941125e-01
7.403882344563802453e-01
7.290345033009847375e-01
7.324195106824239465e-01
7.466626167297363281e-01
7.303170959154764441e-01
7.252591848373413086e-01
7.236243287722269324e-01
7.397369146347045898e-01
7.313407460848490027e-01
7.322789827982584265e-01
7.421635985374450684e-01
7.305094003677368164e-01
7.327867348988851282e-01
7.375551064809163782e-01
7.457276185353597375e-01
7.337375680605570105e-01
7.330965002377828332e-01
7.148609360059102746e-01
7.446155349413553504e-01
7.395296096801757812e-01
7.211117347081502649e-01
7.214119036992391321e-01
7.437274853388468054e-01
7.539939880371093750e-01
7.293734153111776086e-01
7.260579665501912805e-01
7.247384190559387207e-01
7.211759289105733606e-01
7.380131681760152551e-01
7.316026488939920691e-01
7.325338125228881836e-01
7.261200547218322754e-01
6.998386979103088379e-01
7.306912541389465332e-01
7.184419631958007812e-01
7.420816818873087195e-01
7.251926461855570105e-01
7.326717376708984375e-01
7.393228411674499512e-01
7.333377798398336145e-01
7.260185678799947473e-01
7.247321804364522668e-01
7.385461926460266113e-01
7.356052398681640625e-01
7.195298870404561731e-01
7.282179792722066614e-01
7.150892217954000207e-01
7.240622838338216516e-01
7.448422511418660852e-01
7.514145175615946082e-01
7.161174217859903601e-01
7.432300249735513953e-01
7.394893169403076172e-01
7.409755190213521692e-01
7.406732042630513879e-01
7.233917117118835449e-01
7.363090515136718750e-01
7.387783527374267578e-01
7.333536148071289062e-01
7.337220112482706336e-01
7.294138073921203613e-01
7.223801215489705774e-01
7.028539578119913367e-01
7.305314143498738977e-01
7.097791035970052453e-01
7.143940528233846399e-01
7.262358268102010461e-01
7.195107936859130859e-01
7.485190431276956824e-01
7.222819526990255090e-01
7.374291419982910156e-01
7.301704883575439453e-01
7.359422842661539343e-01
7.407172719637552527e-01
7.231735785802205774e-01
7.388612031936645508e-01
7.409373323122659949e-01
7.280390461285909387e-01
7.521905104319254187e-01
7.404954632123311731e-01
7.281349698702493933e-01
7.237345178922017785e-01
7.362089753150939941e-01
7.464587291081746789e-01
7.381152908007303504e-01
7.306654254595438269e-01
7.143130501111348840e-01
7.328203717867532996e-01
7.340143918991088867e-01
7.397539814313253137e-01
7.155369122823079797e-01
7.353134950002034875e-01
7.302001913388570520e-01
7.478580872217813758e-01
7.344632744789123535e-01
7.308142383893331262e-01
7.227863868077596399e-01
7.335950930913289758e-01
7.328404982884725305e-01
7.367258270581563684e-01
7.162621418635050086e-01
7.419547239939371375e-01
7.145581046740213660e-01
7.217748165130615234e-01
7.087563077608743933e-01
7.235011259714762000e-01
7.345177729924520227e-01
7.457100351651509973e-01
7.286008199055989953e-01
7.194910248120626184e-01
7.186962763468424109e-01
7.158473928769429895e-01
7.378554741541544226e-01
7.449942827224731445e-01
7.458028992017110559e-01
7.250532507896423340e-01
7.226977547009786340e-01
7.157431840896606445e-01
7.406261563301086426e-01
7.313788533210754395e-01
7.343661189079284668e-01
7.337944904963175086e-01
7.391561865806579590e-01
7.355988820393880578e-01
7.419081727663675574e-01
7.252368330955505371e-01
7.289854486783345910e-01
7.298555970191955566e-01
7.238798340161641809e-01
7.380993167559305457e-01
7.124407291412353516e-01
7.258445024490356445e-01
7.272451718648275110e-01
7.136363188425699500e-01
7.104667425155639648e-01
7.228410243988037109e-01
7.278808554013570520e-01
7.331933379173278809e-01
7.260040243466695520e-01
7.374012668927510950e-01
7.520582675933837891e-01
7.351048787434896203e-01
7.362224260965982703e-01
7.268613974253336218e-01
7.435383001963297156e-01
7.325618267059326172e-01
7.204102476437886926e-01
7.130406896273294715e-01
7.285122076670328406e-01
7.314562797546386719e-01
7.273701032002767297e-01
7.343520720799764367e-01
7.189259926478067664e-01
7.215044895807901648e-01
7.216673294703165320e-01
7.164410948753356934e-01
7.458106676737467078e-01
7.113586664199829102e-01
7.242375214894613000e-01
7.206096251805623742e-01
7.364703218142191199e-01
7.131508787473043176e-01
7.363875508308410645e-01
7.424012422561645508e-01
7.331798275311788293e-01
7.458416024843851355e-01
