2.406364530324935913e-01
3.108193278312683105e-01
2.524600674708684100e-01
3.515825072924296246e-01
3.174754679203033447e-01
2.764271348714828491e-01
2.678452432155609131e-01
2.664672633012135639e-01
3.359313756227493286e-01
3.326220015684763776e-01
3.182357947031657086e-01
3.076114207506179810e-01
2.945191065470377789e-01
3.276078899701436176e-01
3.049196898937225342e-01
2.731359998385111676e-01
3.131474157174428119e-01
2.840625445048014508e-01
3.152887225151062012e-01
3.149416049321492328e-01
2.706130842367808209e-01
3.184945831696192609e-01
3.574452449878056659e-01
3.153203030427296771e-01
3.008448481559753418e-01
3.536294847726821899e-01
3.179609477519989014e-01
3.322693109512329102e-01
3.699035843213399066e-01
3.362973233064015521e-01
3.618172953526179181e-01
3.451150457064310895e-01
2.954066793123881207e-01
2.865675638119379864e-01
3.200623194376627789e-01
3.281406412521998273e-01
3.487337629000346051e-01
2.909278124570846558e-01
2.900180965662002563e-01
3.047912120819091797e-01
3.618189295132954730e-01
3.312284946441650391e-01
3.225310842196146832e-01
3.171437382698059082e-01
2.820740292469660626e-01
3.117391516764958515e-01
3.027423520882924213e-01
2.986811300118764056e-01
3.194050093491871967e-01
3.214828372001647949e-01
3.210994402567545758e-01
3.388303220272064209e-01
3.003910829623540057e-01
3.069475889205932617e-01
3.277583618958790912e-01
2.992743849754333496e-01
3.205329875151316510e-01
3.011222680409749164e-01
3.008893877267837524e-01
3.106250564257304059e-01
3.054639597733815326e-01
3.166661808888117657e-01
3.374944627285003662e-01
3.361805876096089496e-01
3.359895795583724976e-01
3.004359602928161621e-01
3.252982000509898053e-01
3.179306983947753906e-01
3.151670396327972412e-01
3.499064743518829346e-01
3.256560166676839008e-01
3.336652219295501709e-01
3.288337886333465576e-01
3.358623782793681012e-01
3.165487051010131836e-01
3.328378001848856793e-01
3.281278510888417377e-01
3.348745703697204590e-01
3.381239175796508789e-01
3.341158926486968994e-01
3.114211112260818481e-01
3.226788242657979144e-01
3.101425766944885254e-01
3.756005863348643170e-01
3.352345675230026245e-01
2.930938998858134137e-01
3.197082281112670898e-01
3.440244297186533795e-01
3.402745823065440045e-01
3.241943518320719586e-01
3.207263648509979248e-01
3.074691891670227051e-01
3.594314754009246826e-01
3.192093372344970703e-01
3.408238589763641357e-01
3.069842954476674213e-01
3.398107985655466901e-01
3.394756317138671875e-01
3.059876163800557269e-01
3.269655803839365826e-01
2.945294429858525409e-01
3.038589457670847760e-01
3.207020362218220844e-01
3.269783854484558105e-01
3.364266753196716309e-01
3.077740271886189594e-01
3.218686679999033795e-01
2.858129789431889667e-01
3.125446190436680927e-01
3.237503270308176861e-01
3.160250882307688580e-01
3.107223411401112689e-01
3.497404853502909527e-01
3.299846847852070941e-01
3.195129533608754291e-01
3.305019040902455463e-01
3.093054095904032574e-01
3.021922210852305279e-01
3.272211253643035889e-01
2.998938461144765033e-01
3.254374166329701556e-01
2.944711198409398212e-01
2.966744005680084229e-01
2.859107206265131818e-01
3.352363010247548236e-01
3.248556256294250488e-01
3.280792931715647565e-01
3.232737481594085693e-01
3.214817941188812256e-01
3.206889231999714984e-01
3.276168505350748883e-01
2.962849487860997333e-01
3.215294629335403442e-01
3.119697024424870624e-01
3.458528866370518817e-01
3.045622656742731915e-01
3.014459262291590558e-01
3.142496595780054913e-01
3.114366730054219379e-01
3.323109745979309082e-01
3.304656843344370709e-01
3.163794080416361676e-01
3.000711599985758649e-01
2.999148418505986347e-01
3.165068924427032471e-01
3.441193997859954834e-01
3.080841998259226666e-01
3.185078402360280170e-01
3.477778534094492779e-01
3.408766090869903564e-01
2.993067304293314801e-01
2.951868971188862933e-01
3.366311291853587018e-01
3.035744925340016498e-01
2.982337176799774170e-01
3.097961147626240863e-01
3.108391364415486469e-01
3.015846411387125836e-01
3.487804035345713483e-01
3.281862338383992328e-01
3.228800992170969830e-01
3.363739351431528912e-01
2.998059640328089581e-01
3.678215891122817993e-01
3.339429050683975220e-01
3.091888477404912128e-01
3.454486578702926636e-01
3.038113862276077271e-01
3.568985561529795514e-01
2.993772377570469989e-01
3.073217272758483887e-01
3.651332954565684186e-01
3.326957523822784424e-01
3.480906238158543720e-01
3.263968626658121930e-01
3.160980343818664551e-01
2.974195828040440692e-01
3.101395467917124615e-01
3.086437483628590717e-01
2.915930698315302716e-01
3.472280701001485004e-01
3.270453115304310931e-01
3.192124664783477783e-01
3.375689784685770856e-01
3.006195972363154278e-01
3.581710805495579852e-01
3.197794556617736816e-01
3.330564796924591064e-01
2.995651712020238056e-01
3.079249511162440167e-01
2.851783831914265765e-01
3.022551933924357281e-01
3.355675041675567627e-01
3.273895829916000366e-01
3.230831821759541644e-01
3.096166153748829974e-01
3.785081108411152973e-01
3.028113146622975482e-01
3.335733016331990375e-01
3.166856169700622559e-01
3.234963218371073590e-01
3.205049484968185425e-01
3.486587107181549072e-01
3.039418210585911884e-01
3.204005261262257709e-01
3.085943460464477539e-01
3.385230799516041889e-01
3.357436607281367169e-01
3.317577044169108258e-01
3.120897909005482806e-01
3.170515398184458600e-01
3.042864600817362652e-01
3.187178373336791992e-01
3.242263197898864746e-01
2.974479099114735736e-01
2.995020747184753418e-01
3.021053473154703961e-01
2.997635602951049805e-01
3.172454337279002057e-01
2.988667388757069721e-01
3.021272619565327777e-01
3.367476960023244037e-01
3.408082822958628522e-01
2.869991511106491089e-01
3.101992309093475342e-01
3.041705489158630371e-01
3.262375493844349994e-01
2.950094888607661114e-01
3.154376745223999023e-01
3.160549004872639789e-01
3.064058721065521240e-01
3.306335806846618652e-01
3.109278778235117779e-01
3.026471634705861224e-01
3.115302821000416889e-01
3.130458494027455463e-01
3.125020662943522320e-01
3.171681265036265240e-01
2.887694289286931171e-01
3.076423803965250836e-01
3.169412910938262939e-01
3.064640313386917114e-01
3.058867355187733783e-01
3.010216752688090192e-01
3.185461759567260742e-01
2.999746104081471576e-01
3.292341033617655621e-01
2.871347169081370221e-01
3.582359850406646729e-01
2.985715369383494244e-01
3.185251057147979736e-01
2.994184941053390503e-01
3.159174819787343158e-01
3.002541313568751202e-01
3.082589805126190186e-01
3.286735564470291138e-01
3.214132736126582013e-01
3.147238393624623431e-01
2.967845052480697632e-01
2.942444483439127789e-01
3.053031663099924908e-01
3.248715351025263653e-01
3.045903444290161133e-01
3.304190784692764282e-01
3.071263581514358521e-01
2.945746729771296368e-01
2.977404495080311908e-01
3.219272295633952008e-01
3.148205379645029889e-01
3.241701324780781879e-01
3.044032156467437744e-01
3.058283378680546893e-01
3.375286161899566650e-01
3.223257064819335938e-01
2.831332534551620483e-01
3.133249084154764996e-01
2.974909245967864990e-01
3.197934726874033795e-01
2.849990377823511944e-01
2.991495331128438129e-01
2.859351336956024170e-01
3.199423154195149555e-01
2.959033995866775513e-01
3.093891690174738751e-01
3.167155385017395020e-01
3.224251816670100079e-01
3.226137161254882812e-01
3.274118900299072266e-01
3.142423331737518311e-01
2.995686282714207782e-01
2.884478718042373657e-01
2.855308353900909424e-01
3.278130342562993182e-01
2.933781097332636700e-01
3.132138351599375592e-01
3.028486867745717181e-01
3.073390424251556396e-01
3.105541964371998920e-01
3.029752671718597412e-01
3.167995909849802838e-01
2.982107897599537982e-01
3.319935599962870465e-01
3.169907430807749615e-01
2.946109523375828876e-01
2.960417767365773334e-01
2.923353860775629864e-01
3.212693333625793457e-01
3.090080320835113525e-01
3.137399256229400635e-01
3.167799909909566058e-01
2.953774631023406982e-01
2.992611428101857318e-01
3.130825956662495746e-01
2.870564411083857403e-01
3.130450248718261719e-01
3.292368749777476178e-01
3.103272219498952045e-01
3.152568141619364606e-01
3.192601998647053851e-01
3.009166022141774310e-01
2.895728300015131818e-01
3.062615990638732910e-01
2.978821794191996442e-01
3.101554413636525287e-01
2.783657660086949481e-01
2.876934508482615338e-01
2.991837114095687866e-01
2.986369629700978412e-01
3.174004256725311279e-01
2.877568652232487811e-01
3.070396830638249530e-01
2.957677940527598248e-01
2.944998343785603656e-01
3.047519028186798096e-01
2.891126126050949097e-01
3.156272073586781635e-01
2.881275564432144165e-01
2.959244449933369769e-01
3.075746993223826276e-01
3.081199725468953265e-01
2.967868844668070660e-01
2.793999363978703632e-01
3.197493851184844971e-01
3.168958475192387714e-01
2.824598997831344604e-01
2.827123105525970459e-01
3.047520220279693604e-01
3.162818104028701782e-01
3.020999630292256488e-01
2.973990490039189472e-01
2.780583600203196393e-01
2.883442789316177368e-01
2.913886408011118756e-01
3.072054137786229266e-01
3.046836753686268939e-01
3.006643255551655902e-01
2.755921085675557269e-01
2.757740964492161884e-01
3.057037393252055035e-01
3.082060019175211774e-01
3.277974675099055157e-01
3.054330845673878803e-01
3.011953532695770264e-01
3.236428201198577881e-01
2.937974830468495502e-01
2.900476406017939435e-01
3.059078951676686420e-01
3.101184815168380737e-01
3.035200238227844238e-01
3.335334857304890765e-01
3.081108132998148785e-01
3.048480749130249023e-01
2.754294425249099731e-01
2.963592459758122577e-01
3.132413029670715332e-01
2.903618911902109967e-01
2.855553825696309223e-01
3.079884201288223267e-01
3.154403915007908954e-01
2.910654594500859393e-01
2.929605245590209961e-01
2.778893560171127319e-01
3.090529143810272217e-01
3.137409438689549579e-01
2.990794678529103412e-01
3.043093283971150531e-01
2.788328578074772968e-01
3.086185803016026630e-01
3.161080032587051392e-01
2.924434443314870014e-01
3.253004749615986957e-01
2.839450687170028687e-01
2.956350048383076801e-01
2.927162547906239642e-01
3.104190578063328876e-01
2.956638137499491559e-01
2.929344375928242816e-01
3.187932372093200684e-01
2.797386695941289081e-01
2.989477316538493024e-01
2.912066280841827393e-01
2.897334794203440533e-01
2.943954567114512311e-01
3.213790655136108398e-01
3.202315022548039569e-01
3.107362141211827411e-01
2.897905955712000714e-01
2.828767299652099609e-01
2.906297544638316022e-01
3.052023649215698242e-01
3.078141113122304096e-01
3.003621101379394531e-01
3.108621835708618164e-01
3.374222368001937866e-01
3.318423827489216937e-01
3.056065042813618793e-01
3.099664896726608276e-01
3.085721631844838275e-01
3.037831882635752545e-01
3.138417204221089496e-01
2.777065585056940900e-01
2.988519966602325439e-01
3.094371060530344830e-01
3.051685392856597900e-01
3.124389300743738995e-01
2.822872201601664410e-01
2.957744052012761249e-01
2.939652403195698871e-01
2.832350482543309345e-01
2.933933138847351074e-01
2.984557747840881348e-01
2.827042341232299805e-01
2.936689058939616070e-01
2.928141653537750244e-01
2.982830156882603778e-01
2.981184621651967181e-01
2.938118179639180316e-01
2.946972151597340717e-01
3.017290929953257428e-01
2.841549565394719257e-01
2.996774514516194476e-01
2.946232259273529053e-01
2.885622829198837280e-01
2.970814009507496967e-01
2.750649501880009784e-01
2.997344533602396832e-01
2.867937932411829816e-01
3.149868498245875226e-01
2.886674155791600360e-01
3.150402804215748920e-01
2.928504149119059430e-01
2.883148193359375000e-01
3.038431157668431415e-01
2.941384414831797467e-01
3.122194012006123676e-01
2.857113132874171124e-01
3.027490029732386456e-01
2.975536187489827289e-01
2.800313283999760761e-01
2.968594729900360107e-01
3.010236720244089947e-01
3.219823588927586688e-01
2.729044457276662006e-01
3.103039364020029889e-01
3.043817679087321149e-01
2.896455725034077777e-01
2.875830680131912231e-01
3.033719708522160663e-01
2.849925259749094830e-01
2.845798830191294537e-01
3.160868585109710693e-01
2.903963128725687848e-01
2.976745267709096088e-01
2.753377507130305157e-01
2.814867099126179828e-01
2.936034649610519409e-01
2.931885421276092529e-01
3.114435921112696515e-01
2.972612877686818256e-01
2.954879303773244037e-01
2.814042270183563232e-01
2.789668391148249493e-01
3.126884301503499164e-01
3.082691232363383160e-01
2.815147687991459979e-01
2.901633580525715961e-01
2.949881056944529401e-01
3.061076402664184570e-01
2.887710928916931152e-01
2.871634115775426044e-01
2.900018095970153809e-01
3.022530674934387207e-01
2.915392170349757062e-01
3.021265616019566669e-01
3.162287871042887555e-01
2.977337042490641461e-01
2.825752397378285541e-01
2.834908366203308105e-01
2.972051203250885010e-01
2.859079241752624512e-01
2.937336911757786884e-01
2.936811745166778564e-01
2.939496040344238281e-01
2.878176371256510602e-01
2.885566055774688721e-01
2.871518532435099469e-01
2.933651109536488666e-01
3.151748081048329486e-01
3.028860042492548810e-01
2.955410679181416644e-01
2.810978343089421405e-01
2.904757161935170306e-01
2.972909013430277692e-01
3.102024793624877930e-01
2.795740465323130475e-01
2.877484212319056378e-01
3.095705012480418072e-01
2.864385346571604596e-01
2.893375903367996216e-01
2.835334390401840210e-01
2.965582956870396747e-01
2.886805136998494281e-01
2.839379459619522095e-01
2.863680024941762103e-01
2.994220753510792865e-01
2.733235210180282593e-01
2.975743810335795270e-01
2.812661528587341309e-01
3.028070529301961078e-01
2.889402012030283795e-01
3.033444782098134174e-01
2.803219258785247803e-01
3.093825876712799072e-01
2.766701181729634418e-01
2.963706403970718384e-01
2.870504260063171387e-01
2.826337963342666626e-01
2.743357121944427490e-01
2.970424493153889789e-01
3.000581612189610614e-01
3.014969527721405029e-01
2.699894259373347150e-01
3.002931972344716205e-01
2.777561148007710590e-01
2.951372563838958740e-01
2.717427859703699933e-01
2.987743814786275043e-01
3.057914475599924908e-01
2.901935776074727191e-01
2.876528501510620117e-01
2.904257227977116718e-01
2.827214151620864868e-01
2.775357862313588275e-01
2.822124511003494263e-01
3.025383750597636090e-01
2.741870184739430560e-01
2.751807371775309430e-01
2.787775546312332153e-01
2.932619353135426654e-01
2.832790116469065533e-01
2.899502416451771869e-01
2.850220551093419208e-01
2.942767639954884662e-01
2.909788886706034527e-01
2.964245875676472797e-01
2.953050831953684674e-01
2.794386893510818481e-01
3.143551597992579327e-01
2.715043028195698871e-01
2.809157818555831909e-01
3.014825135469436646e-01
3.003781735897064209e-01
2.871114412943522320e-01
2.963698108990986957e-01
2.905722161134083881e-01
2.825160274902979718e-01
2.702708939711253033e-01
3.193630625804265155e-01
2.869112739960352765e-01
3.085805426041285382e-01
2.758501470088958740e-01
3.065688759088516235e-01
2.837581982215245380e-01
2.874301572640736713e-01
3.062116354703903198e-01
2.941913108030955182e-01
2.819784333308537616e-01
2.820298622051874982e-01
2.738802582025527954e-01
2.760245054960250854e-01
3.231918811798095703e-01
3.151173541943232403e-01
2.871752381324768066e-01
2.748177697261174335e-01
2.843672881523768292e-01
3.060031731923421039e-01
2.805628826220830097e-01
2.759223332007725848e-01
2.661066104968388690e-01
2.995684494574864520e-01
2.723663995663325177e-01
3.263655652602513446e-01
3.191510091225306378e-01
2.863680521647135602e-01
2.771437664826710834e-01
3.151852240165074481e-01
2.816056658824284686e-01
3.094680408636729108e-01
2.955050567785899029e-01
2.970693012078602924e-01
2.865600933631261005e-01
2.730952998002370014e-01
2.884816030661265240e-01
3.287344922622044696e-01
2.656338612238566266e-01
2.756943007310231342e-01
3.089701930681864606e-01
2.999276816844940186e-01
2.951730688412984027e-01
2.909980217615763531e-01
3.025990972916285382e-01
2.939667254686355591e-01
2.748084863026936664e-01
3.094385961691538678e-01
3.023755749066670551e-01
3.007709582646687640e-01
3.055571118990580426e-01
2.723515033721923828e-01
3.277998665968577252e-01
2.824711451927821027e-01
2.820070932308832989e-01
2.989746034145355225e-01
3.013347685337066650e-01
3.142305761575698853e-01
3.039504885673522949e-01
2.735491693019866943e-01
2.991593231757481708e-01
2.873202910025914325e-01
2.968212664127349854e-01
2.846442262331644879e-01
2.709595362345377789e-01
2.983108113209406720e-01
2.728185206651687622e-01
2.914014309644699097e-01
2.878894408543904437e-01
2.758221278587977277e-01
3.151709089676539288e-01
2.806792010863621845e-01
2.891350835561752319e-01
2.853697091341018677e-01
2.973502377669016705e-01
2.739276339610417499e-01
2.966052293777465820e-01
3.124345739682515277e-01
2.848541239897410260e-01
2.881109118461608887e-01
2.793638358513514386e-01
2.990132172902424945e-01
2.751968602339426861e-01
3.028993308544158936e-01
2.922613322734832764e-01
2.854125698407490863e-01
2.873475352923075543e-01
2.719008823235829486e-01
3.069991568724314557e-01
3.210506687561671124e-01
2.772670288880665912e-01
2.734475533167521344e-01
3.138616383075714111e-01
2.815862397352854596e-01
2.765163034200668335e-01
2.955709298451741351e-01
2.801804492870966778e-01
2.979168494542439594e-01
2.776492337385813580e-01
2.866632640361785889e-01
2.771374185880025043e-01
2.839014182488123761e-01
2.942371765772501813e-01
2.768225868542988910e-01
2.830916543801625385e-01
2.956836223602294922e-01
2.926194121440251483e-01
2.965864439805348529e-01
2.909620106220245361e-01
2.954130719105402814e-01
3.169263154268264771e-01
2.916959524154663086e-01
2.911090652147929059e-01
2.935904761155446185e-01
3.019606073697407855e-01
2.932733098665873395e-01
2.783679366111755371e-01
2.877296308676401959e-01
2.947344978650410785e-01
2.886452376842498779e-01
2.938497265179951801e-01
2.958633502324422015e-01
2.895702024300892963e-01
2.691333691279093610e-01
2.886122067769368305e-01
2.878389259179433002e-01
2.919943531354268207e-01
2.833396941423416138e-01
3.034566740194956647e-01
3.262637704610824585e-01
2.842512428760528564e-01
3.125677704811096191e-01
2.900062104066212787e-01
2.687418957551320209e-01
2.713995327552159442e-01
2.863173782825469971e-01
2.953574558099110736e-01
2.789106418689091815e-01
2.845051586627960205e-01
3.177157640457153320e-01
2.981619586547215595e-01
2.852571209271748676e-01
2.926314175128936768e-01
3.024377425511677875e-01
2.878103752930958881e-01
3.042086164156596051e-01
3.059790531794230328e-01
2.742563039064407349e-01
2.846665581067402973e-01
3.070081720749537335e-01
2.865743736426035748e-01
2.769162903229395734e-01
2.846882045269012451e-01
2.727386107047398700e-01
2.930102497339248657e-01
2.699544777472813739e-01
3.063423434893290387e-01
2.886018604040145874e-01
2.863572438557942523e-01
3.081120302279790057e-01
2.703097909688949585e-01
2.598959952592849731e-01
3.037151892979939594e-01
2.906354417403538837e-01
2.879139333963394165e-01
3.048793723185856952e-01
2.761345505714416504e-01
3.105049530665079938e-01
2.637637754281361713e-01
2.792800366878509521e-01
2.819896787405014038e-01
2.895948688189188824e-01
2.988628695408503400e-01
2.823526660601298199e-01
2.719554156064987183e-01
2.840283910433451520e-01
2.822575022776921405e-01
2.842879096666972027e-01
3.195839573939641132e-01
2.829498747984568463e-01
2.839779307444890155e-01
2.809649358193079816e-01
2.947538097699483051e-01
3.041450381278991699e-01
2.875074346860249652e-01
2.958908776442210065e-01
2.783596416314442767e-01
2.765828470389048444e-01
2.921545902887980328e-01
2.827091465393702374e-01
3.041709959506988525e-01
2.864521294832229614e-01
2.804193049669265747e-01
2.959698537985483990e-01
2.870231568813323975e-01
2.882000903288523541e-01
2.752928982178370343e-01
3.018083373705546246e-01
2.860110998153686523e-01
3.041921307643254413e-01
2.873794486125310077e-01
3.246373732884724750e-01
2.788164714972178326e-01
2.732468644777933942e-01
2.798261443773905621e-01
2.766670187314351215e-01
2.879973053932189941e-01
2.823389073212941303e-01
3.088186581929524555e-01
2.835320333639780865e-01
3.081634591023127423e-01
2.858748336633046283e-01
2.948432366053263531e-01
2.755484730005264282e-01
2.834392388661702289e-01
2.856837312380473004e-01
2.946335325638453351e-01
2.851905226707458496e-01
2.912101050217946185e-01
2.782427320877711163e-01
2.942743202050526752e-01
2.970111916462580548e-01
2.801762024561564313e-01
2.825013647476832257e-01
2.812705983718236102e-01
2.924719899892807007e-01
3.010296622912089215e-01
2.881126801172892438e-01
2.804351697365443097e-01
2.738733341296513690e-01
2.962406029303868427e-01
2.937810420989990234e-01
3.024341315031051636e-01
2.907612522443135394e-01
2.992173930009205951e-01
2.960623602072398053e-01
3.114676922559738159e-01
2.816057950258255005e-01
2.797352125247319354e-01
2.967149962981541766e-01
3.010351161162058697e-01
2.865784962972005023e-01
2.691354552904764996e-01
3.043571710586547852e-01
2.900702655315399170e-01
2.752509911855061664e-01
2.795187781254450665e-01
2.740134994188944684e-01
3.150784422953923358e-01
2.968035042285919189e-01
2.938088874022166119e-01
2.844127416610717773e-01
3.020238230625788556e-01
2.678872545560200824e-01
2.736708223819732666e-01
2.929894576470057355e-01
2.858377695083618164e-01
3.002999375263850079e-01
2.883119682470957623e-01
2.977297206719716205e-01
2.938233762979507446e-01
3.052676866451899396e-01
2.768477300802866803e-01
2.794510275125503540e-01
2.746324688196182251e-01
2.883735497792561664e-01
2.969158291816711426e-01
2.831850697596867694e-01
3.085905810197194232e-01
2.763494203488032208e-01
2.942492067813873291e-01
3.001221319039662494e-01
2.867936293284098492e-01
2.844759424527485980e-01
2.958396871884663715e-01
2.812508642673492432e-01
2.908114194869995117e-01
2.825991064310073853e-01
2.878916263580322266e-01
2.751386463642120361e-01
2.875915269056956158e-01
3.016180793444315777e-01
2.771426588296890259e-01
2.659961134195327759e-01
2.806100596984227313e-01
2.723327229420344220e-01
2.949996193250020160e-01
2.792064696550369263e-01
2.978814740975697650e-01
2.849728365739186420e-01
2.521742855509122028e-01
2.930265118678410663e-01
2.851502696673075543e-01
3.016834755738576068e-01
2.809259742498397827e-01
2.993814845879872455e-01
2.926976382732391357e-01
2.776841024557749615e-01
2.756940672794978009e-01
2.944993972778320312e-01
2.959350645542144775e-01
2.880678176879882812e-01
2.796720316012700214e-01
2.755917857090632306e-01
2.712211559216181622e-01
2.775741020838419781e-01
3.071906814972559796e-01
2.972250481446583881e-01
2.841957509517669678e-01
3.309038082758585797e-01
2.834230413039525165e-01
2.974573920170466290e-01
2.884095311164855957e-01
2.809478094180424823e-01
2.885476251443226947e-01
2.841333250204722272e-01
2.842254638671875000e-01
2.901580433050791608e-01
2.858032186826069965e-01
2.688198387622833252e-01
2.602686285972595215e-01
2.787449161211649762e-01
2.689971675475438251e-01
2.585273360212643756e-01
2.755444049835205078e-01
2.794470588366190777e-01
3.109024167060852051e-01
2.751635511716206683e-01
2.918524742126464844e-01
2.775574475526809692e-01
2.877651502688725604e-01
2.985025942325592041e-01
2.804420888423919678e-01
2.831093072891235352e-01
2.979322870572407855e-01
2.889078160127003803e-01
3.136748621861140118e-01
2.828315595785776959e-01
2.789461265007655011e-01
2.968492358922958374e-01
2.807065397500991821e-01
2.929094831148783551e-01
3.019880602757136212e-01
2.748415420452753888e-01
2.661551286776860370e-01
2.778605073690414429e-01
2.876679897308349609e-01
2.960173785686492920e-01
2.930812885363896503e-01
2.983359098434448242e-01
2.856500993172327862e-01
2.922961463530858173e-01
2.901259611050288068e-01
2.847320636113484515e-01
2.776557554801304950e-01
2.849418818950653076e-01
2.862985332806904926e-01
2.895774741967518939e-01
2.703456232945124493e-01
2.996728966633478985e-01
2.724361668030421124e-01
2.749814987182617188e-01
2.705735266208648682e-01
2.901255488395690918e-01
2.804454416036605835e-01
3.050878097613652362e-01
2.727760424216588153e-01
2.811292260885238647e-01
2.762753516435623169e-01
2.865137656529744281e-01
2.928968369960784912e-01
2.989859034617741718e-01
2.911147276560465680e-01
2.745769570271174298e-01
2.778746932744979858e-01
2.647799005111058368e-01
2.979587415854136334e-01
2.844296147425969257e-01
2.964603404204050885e-01
2.819889038801193237e-01
2.964528401692708148e-01
2.917240560054779053e-01
3.043432285388310565e-01
2.709507395823796405e-01
2.923445701599121094e-01
2.781661252180735455e-01
2.729435414075851440e-01
3.027729739745457782e-01
2.802029599746068134e-01
2.836031168699264526e-01
2.971195975939432965e-01
2.719667206207911359e-01
2.619965622822443829e-01
2.894622981548309326e-01
2.791115840276082172e-01
2.944902181625366211e-01
2.850711146990458356e-01
2.881779024998347150e-01
3.077290902535120831e-01
2.841943800449371338e-01
2.981951236724853516e-01
2.838698724905650006e-01
3.034669905900955200e-01
2.970815449953079224e-01
2.898079802592595233e-01
2.687042653560638428e-01
2.902026077111561908e-01
2.812254627545674457e-01
2.818911472956339703e-01
2.971905767917633057e-01
2.841333746910095215e-01
2.725182821353276386e-01
2.720905691385269165e-01
2.725223302841186523e-01
3.236851543188095093e-01
2.721311052640278949e-01
2.839631537596384869e-01
2.787230561176936017e-01
2.843436300754547119e-01
2.880832354227702008e-01
3.040186266104380475e-01
3.057461331288020001e-01
2.990182886521021710e-01
2.999865015347798480e-01
