4.725911915302276611e-01
4.217091649770736694e-01
4.163819313049316184e-01
4.042147636413574441e-01
3.998261302709579246e-01
3.958253741264343151e-01
3.907240867614746316e-01
3.862127155065536721e-01
3.766280740499496349e-01
3.697224646806717141e-01
3.616472005844116322e-01
3.574099123477935680e-01
3.511530518531799094e-01
3.496975690126419289e-01
3.510507076978683361e-01
3.499141544103622214e-01
3.516382306814193615e-01
3.499355465173721313e-01
3.479015111923217662e-01
3.487756520509719960e-01
3.467775672674179299e-01
3.455577999353408591e-01
3.446700140833854897e-01
3.448270171880721824e-01
3.420238837599754445e-01
3.376002132892608754e-01
3.376996874809264915e-01
3.361408889293670543e-01
3.354297548532486073e-01
3.337797090411186440e-01
3.329399362206458823e-01
3.323439493775367515e-01
3.316218733787536510e-01
3.324395895004272350e-01
3.340100049972534180e-01
3.306459695100784080e-01
3.338420212268829457e-01
3.290472373366356007e-01
3.364119336009025463e-01
3.248946666717529297e-01
3.259871408343315013e-01
3.245519682765006797e-01
3.234536096453666798e-01
3.218811959028243797e-01
3.222679659724235757e-01
3.217409819364547841e-01
3.252255514264106862e-01
3.287256404757499806e-01
3.203878536820411460e-01
3.249555021524429543e-01
3.152437761425971874e-01
3.157864511013031006e-01
3.159155845642089844e-01
3.167627200484275929e-01
3.144121319055557251e-01
3.119429692625999562e-01
3.145790785551071389e-01
3.146872654557227866e-01
3.129573851823806985e-01
3.136507481336593406e-01
3.107066243886947854e-01
3.111082985997200012e-01
3.103816047310828941e-01
3.120109751820564492e-01
3.123324081301689370e-01
3.109137728810310586e-01
3.072145432233810425e-01
3.098742417991161568e-01
3.088425591588020436e-01
3.065896064043044933e-01
3.094303593039512412e-01
3.046177893877029530e-01
3.119220241904258617e-01
3.029866814613342285e-01
3.045696675777435081e-01
3.040747120976448059e-01
3.033082872629165871e-01
3.028584882616996987e-01
3.020770564675331338e-01
3.012708380818366893e-01
3.007997721433639526e-01
2.995477363467216603e-01
2.967954397201538197e-01
2.987137302756309731e-01
2.970865979790687783e-01
2.950772807002067788e-01
2.950713790953159443e-01
2.949251919984817727e-01
2.951609626412391441e-01
2.937998741865158192e-01
2.934298202395438926e-01
2.924512758851051109e-01
2.941713526844978444e-01
2.918240591883659585e-01
2.920192614197730796e-01
2.924503922462463601e-01
2.895480260252952798e-01
2.912988618016242870e-01
2.907222688198089489e-01
2.902702122926711925e-01
2.923134282231331094e-01
2.881405770778656117e-01
2.881583720445632935e-01
2.874496400356292836e-01
2.889959409832954518e-01
2.877973079681396262e-01
2.870667681097984203e-01
2.868922099471092335e-01
2.886444047093391641e-01
2.855336815118789673e-01
2.866578668355941883e-01
2.847688466310501210e-01
2.852928191423416138e-01
2.836621463298797385e-01
2.847066879272460715e-01
2.839876994490623252e-01
2.830794289708137290e-01
2.836266621947288735e-01
2.824095338582992554e-01
2.828207820653915183e-01
2.819191768765449413e-01
2.823915362358093151e-01
2.812274500727653392e-01
2.811276808381080738e-01
2.813742712140083202e-01
2.806459605693817361e-01
2.808188527822494396e-01
2.805270090699195640e-01
2.814446344971656688e-01
2.804425716400146262e-01
2.809578217566013336e-01
2.806070625782012828e-01
2.797133713960647805e-01
2.806073129177093506e-01
2.795035585761070362e-01
2.813245102763176075e-01
2.796792298555373923e-01
2.794459536671638489e-01
2.784974172711372487e-01
2.796117842197418102e-01
2.794351145625114663e-01
2.785048440098762401e-01
2.791224405169486777e-01
2.785827338695526234e-01
2.791536644101142994e-01
2.787048712372779957e-01
2.785376071929931419e-01
2.776722803711891285e-01
2.778586238622665627e-01
2.770193979144096597e-01
2.768406495451927185e-01
2.766222581267356873e-01
2.765470549464225658e-01
2.760247960686683655e-01
2.758374661207199097e-01
2.756047502160072216e-01
2.751865625381469949e-01
2.750504687428474426e-01
2.748884171247482078e-01
2.744335345923900604e-01
2.738075718283653481e-01
2.735162213444709556e-01
2.731592044234275596e-01
2.734143301844597085e-01
2.730050295591354148e-01
2.726826563477516285e-01
2.726448088884353416e-01
2.725628748536109702e-01
2.723708584904670493e-01
2.720021501183509938e-01
2.716192856431007274e-01
2.717867374420165905e-01
2.710671640932559856e-01
2.708188354969024436e-01
2.715157791972160339e-01
2.718942075967788474e-01
2.699613928794860618e-01
2.695221081376075745e-01
2.701631024479865806e-01
2.702325850725174061e-01
2.698162212967872842e-01
2.698878675699233898e-01
2.697889104485511891e-01
2.689821854233741538e-01
2.695353031158447266e-01
2.691668987274170033e-01
2.690408453345298767e-01
2.689461633563041687e-01
2.682439982891082764e-01
2.682166874408721813e-01
2.675367221236228943e-01
2.677353337407112344e-01
2.670139491558075062e-01
2.674755468964576943e-01
2.670838221907615440e-01
2.667285881936550251e-01
2.661742761731147877e-01
2.661306306719780079e-01
2.663223654031753318e-01
2.665482506155967823e-01
2.660961851477622875e-01
2.657035529613495095e-01
2.653562217950821145e-01
2.653028637170791737e-01
2.651940032839775196e-01
2.650436878204345814e-01
2.649943619966507180e-01
2.648433178663253673e-01
2.647030219435692056e-01
2.641710132360458596e-01
2.642924249172210471e-01
2.643729954957961814e-01
2.642735064029693715e-01
2.642521008849144093e-01
2.639898285269737244e-01
2.633428663015365823e-01
2.627868935465812461e-01
2.631926573812961578e-01
2.629839554429054260e-01
2.625995144248008950e-01
2.622988276183605416e-01
2.623236760497092979e-01
2.624500289559364430e-01
2.623623780906200187e-01
2.626949563622474892e-01
2.622851073741913064e-01
2.614853978157043457e-01
2.613939240574836842e-01
2.616862758994102367e-01
2.612423986196518166e-01
2.612702593207359425e-01
2.612064138054847606e-01
2.607838340103626473e-01
2.605033755302429421e-01
2.604478970170021057e-01
2.604448378086089977e-01
2.602156743407249562e-01
2.600201144814491272e-01
2.602159649133682362e-01
2.599982336163521035e-01
2.595026627182960288e-01
2.592267677187919395e-01
2.589375734329223411e-01
2.590837687253951804e-01
2.589945346117019653e-01
2.593363627791404613e-01
2.583062410354614036e-01
2.583794459700584634e-01
2.581661924719810264e-01
2.580148383975028881e-01
2.574912771582603677e-01
2.571468666195869668e-01
2.571821600198745950e-01
2.574544563889503701e-01
2.573429405689239280e-01
2.566691979765892140e-01
2.571491271257400624e-01
2.567321985960006603e-01
2.568127736449241638e-01
2.564084202051162831e-01
2.562522172927856334e-01
2.560081362724304088e-01
2.559665650129318015e-01
2.558800250291824452e-01
2.557917028665542825e-01
2.553784072399139515e-01
2.551193326711654885e-01
2.549947947263717651e-01
2.550968229770660400e-01
2.552122533321380393e-01
2.550839200615883096e-01
2.546479120850563271e-01
2.544370904564857705e-01
2.542594388127327187e-01
2.546424575150013081e-01
2.541894465684890747e-01
2.535483509302139393e-01
2.535519689321518166e-01
2.533487096428871377e-01
2.532293826341628917e-01
2.531808376312255637e-01
2.531292423605918662e-01
2.529888749122619629e-01
2.531006522476673126e-01
2.528768077492714039e-01
2.524371713399887196e-01
2.523245960474014282e-01
2.522881671786308400e-01
2.522752642631530540e-01
2.521945372223853843e-01
2.516408100724220054e-01
2.512293830513954163e-01
2.510965883731842152e-01
2.510470092296600564e-01
2.512719124555587991e-01
2.511973179876804130e-01
2.508089303970336692e-01
2.506912060081958882e-01
2.504907980561256187e-01
2.506601378321647866e-01
2.506126046180724987e-01
2.504686489701271057e-01
2.503092810511589050e-01
2.501694768667220847e-01
2.499789416790008656e-01
2.497858464717865046e-01
2.498116984963417164e-01
2.498143091797828674e-01
2.498749256134033259e-01
2.497210472822189442e-01
2.495828881859779302e-01
2.495603650808334295e-01
2.495949953794479315e-01
2.495678648352623041e-01
2.492462366819381825e-01
2.490498140454292242e-01
2.490215763449668829e-01
2.489811897277832142e-01
2.492524281144142262e-01
2.490519657731056213e-01
2.487422399222850855e-01
2.487558886408805792e-01
2.486758828163146973e-01
2.484391972422599904e-01
2.484473004937171881e-01
2.483559936285018865e-01
2.482711508870124872e-01
2.483284160494804438e-01
2.483738303184509222e-01
2.481826364994049183e-01
2.478068128228187450e-01
2.476651892066001892e-01
2.475457087159156910e-01
2.475712925195693859e-01
2.476071640849113464e-01
2.478015944361686707e-01
2.477286413311958202e-01
2.475229114294052180e-01
2.475659623742103577e-01
2.473677590489387623e-01
2.471984535455703791e-01
2.471389889717102162e-01
2.471205130219459589e-01
2.470125705003738403e-01
2.469687163829803467e-01
2.469199374318122864e-01
2.468825653195381165e-01
2.467474162578582875e-01
2.466575279831886292e-01
2.464388012886047363e-01
2.462971702218055836e-01
2.462705940008163563e-01
2.459927380084991344e-01
2.461809799075126703e-01
2.464243888854980580e-01
2.461702987551689092e-01
2.459972009062766918e-01
2.461582213640212957e-01
2.459291204810142573e-01
2.458396345376968328e-01
2.456667885184287969e-01
2.456585809588432423e-01
2.455674529075622670e-01
2.454569660127162989e-01
2.453994005918502808e-01
2.454420760273933466e-01
2.452735766768455450e-01
2.455370977520942577e-01
2.453972011804580744e-01
2.451908394694328197e-01
2.452081263065338246e-01
2.451352864503860418e-01
2.447990775108337402e-01
2.448093742132186890e-01
2.445621624588966425e-01
2.444906339049339183e-01
2.443044647574424688e-01
2.445026621222496088e-01
2.442246660590171869e-01
2.444376721978187561e-01
2.443240225315093939e-01
2.442478671669960077e-01
2.440330505371093861e-01
2.440689980983734020e-01
2.440883874893188532e-01
2.441747948527336065e-01
2.442399799823760931e-01
2.438773848116397858e-01
2.436838060617446955e-01
2.435813754796981867e-01
2.436499051749706213e-01
2.435994550585746654e-01
2.434165880084037670e-01
2.432176560163497869e-01
2.432152137160301097e-01
2.431085631251335144e-01
2.431587293744087164e-01
2.431278891861438640e-01
2.431594282388687134e-01
2.429283067584037670e-01
2.429232418537140004e-01
2.427948370575904735e-01
2.428457289934158325e-01
2.428187415003776606e-01
2.427765056490898132e-01
2.427773356437682994e-01
2.427758380770683178e-01
2.427215710282325800e-01
2.427411511540412958e-01
2.426955103874206543e-01
2.425668954849243275e-01
2.424205005168914850e-01
2.424070224165916498e-01
2.424870729446411133e-01
2.425659209489822443e-01
2.424914225935936030e-01
2.423644654452800640e-01
2.422462627291679382e-01
2.422320246696472168e-01
2.422155529260635320e-01
2.422168016433715876e-01
2.423836693167686351e-01
2.423537991940975245e-01
2.422090634703636114e-01
2.421290889382362310e-01
2.420722633600234930e-01
2.420519515872001648e-01
2.420816466212272755e-01
2.419658631086349376e-01
2.418650195002555736e-01
2.418800473213195690e-01
2.419190496206283514e-01
2.419419862329959814e-01
2.418919652700424194e-01
2.418451823294162639e-01
2.417373508214950562e-01
2.416890814900398143e-01
2.416681870818138123e-01
2.417250618338585011e-01
2.417137861251830999e-01
2.416269928216934204e-01
2.414904549717903082e-01
2.415263384580612072e-01
2.414883911609649603e-01
2.413940086960792430e-01
2.413862749934196361e-01
2.414598733186721913e-01
2.413956061005592402e-01
2.413582488894462641e-01
2.412902429699897711e-01
2.412187114357948192e-01
2.411329030990600475e-01
2.411254122853279114e-01
2.412189930677413885e-01
2.411938473582267706e-01
2.411729633808135931e-01
2.411892533302307240e-01
2.411004945635795704e-01
2.410139232873916570e-01
2.409991830587387140e-01
2.409027248620986827e-01
2.407603263854980469e-01
2.407344445586204473e-01
2.409251652657985743e-01
2.408095970749855042e-01
2.407690703868866078e-01
2.407527372241020092e-01
2.406951770186424311e-01
2.406349636614322773e-01
2.406506717205047496e-01
2.405399173498153631e-01
2.405097737908363231e-01
2.405483752489089855e-01
2.405434213578701019e-01
2.404147326946258489e-01
2.402920976281165966e-01
2.402657032012939509e-01
2.403026953339576777e-01
2.402169197797775213e-01
2.401713326573371998e-01
2.402179032564163152e-01
2.402310997247695812e-01
2.402003720402717535e-01
2.401869915425777491e-01
2.401069790124893133e-01
2.400144204497337286e-01
2.399438813328743092e-01
2.398979038000106923e-01
2.398825898766517584e-01
2.398693397641182001e-01
2.398800477385520935e-01
2.399909794330596924e-01
2.398993372917175293e-01
2.398007392883300670e-01
2.396693706512451061e-01
2.396090239286422785e-01
2.396147787570953314e-01
2.395555868744850270e-01
2.394698843359947260e-01
2.396061927080154474e-01
2.396246299147605785e-01
2.395766720175743214e-01
2.395180255174636785e-01
2.394374445080757197e-01
2.394366100430488642e-01
2.394750140607357081e-01
2.394516408443450872e-01
2.395044609904289357e-01
2.394447699189186096e-01
2.393706634640693776e-01
2.393399983644485529e-01
2.393094956874847468e-01
2.393255725502967945e-01
2.393614768981933705e-01
2.393296867609024103e-01
2.392830014228820856e-01
2.392517149448394886e-01
2.391859292984008789e-01
2.391615480184555165e-01
2.392235718667507227e-01
2.392247363924980275e-01
2.391745805740356501e-01
2.391405671834945790e-01
2.391078241169452556e-01
2.391237944364547618e-01
2.391805276274681091e-01
2.391642034053802490e-01
2.390624299645423834e-01
2.390038177371024974e-01
2.390355244278907776e-01
2.390060782432556208e-01
2.389558658003806957e-01
2.389795050024986212e-01
2.389753863215446361e-01
2.389454901218414362e-01
2.389750331640243530e-01
2.389870159327983912e-01
2.389688655734062139e-01
2.388858973979949840e-01
2.388658314943313543e-01
2.388712093234062195e-01
2.388363376259803883e-01
2.387669935822486766e-01
2.387235447764396723e-01
2.387158796191215515e-01
2.386977285146713312e-01
2.387476012110710255e-01
2.387609571218490545e-01
2.386901572346687428e-01
2.386091753840446361e-01
2.386119753122329656e-01
2.386248156428337208e-01
2.385808497667312733e-01
2.385886818170547541e-01
2.385643050074577332e-01
2.385632455348968561e-01
2.385514244437217657e-01
2.385071814060211182e-01
2.384845927357673590e-01
2.384667500853538402e-01
2.384071409702301081e-01
2.384288668632507380e-01
2.384665891528129633e-01
2.384594216942787226e-01
2.384106330573558807e-01
2.383642971515655407e-01
2.383276045322418324e-01
2.383153811097145081e-01
2.383235752582550104e-01
2.382999598979949896e-01
2.383272886276245062e-01
2.382894009351730347e-01
2.381954565644264221e-01
2.382468059659004211e-01
2.382288619875908009e-01
2.381902351975440923e-01
2.381636768579483143e-01
2.381583556532859691e-01
2.381781980395317189e-01
2.381727248430252075e-01
2.381159931421280018e-01
2.380299478769302424e-01
2.379788622260093633e-01
2.379823014140129145e-01
2.379665717482566945e-01
2.379789829254150280e-01
2.379876270890236012e-01
2.379786685109138433e-01
2.379585541784763336e-01
2.379304260015487615e-01
2.379108637571334950e-01
2.378632083535194286e-01
2.378377690911293030e-01
2.378310680389404408e-01
2.378201216459274181e-01
2.378249958157539479e-01
2.377766489982605091e-01
2.377290949225425720e-01
2.377258718013763317e-01
2.376898080110549927e-01
2.376906529068946727e-01
2.376984149217605535e-01
2.376865074038505554e-01
2.376725718379020802e-01
2.376648008823394886e-01
2.376622915267944391e-01
2.376439303159713634e-01
2.376114144921302740e-01
2.375946521759033092e-01
2.375998005270957836e-01
2.375904701650142781e-01
2.375743612647056580e-01
2.375580057501792963e-01
2.375521436333656311e-01
2.375546365976333729e-01
2.375235781073570251e-01
2.375404998660087530e-01
2.375460103154182490e-01
2.375317350029945429e-01
2.375088289380073436e-01
2.374937653541565052e-01
2.374977484345436041e-01
2.374702937901020106e-01
2.374240055680275074e-01
2.374358475208282471e-01
2.374580338597297724e-01
2.374514296650886425e-01
2.374456256628036388e-01
2.374230220913887135e-01
2.374144196510314941e-01
2.374097183346748352e-01
2.373898372054100148e-01
2.373509123921394293e-01
2.373210161924362294e-01
2.373691573739051819e-01
2.373608276247978210e-01
2.373641371726989691e-01
2.373786225914955028e-01
2.373360171914100647e-01
2.372900106012821309e-01
2.373025178909301813e-01
2.372920811176300049e-01
2.372971817851066700e-01
2.372609779238700756e-01
2.372625268995761927e-01
2.372365728020668085e-01
2.372251272201538197e-01
2.372086554765701349e-01
2.371895849704742376e-01
2.371883004903793390e-01
2.371963992714881952e-01
2.372098863124847412e-01
2.371897846460342407e-01
2.371691107749938909e-01
2.371519029140472523e-01
2.371364414691924938e-01
2.371341273188591059e-01
2.371203660964965876e-01
2.371038280427456013e-01
2.370852231979370117e-01
2.370632648468017634e-01
2.370510146021843068e-01
2.370591208338737599e-01
2.370352163910865728e-01
2.370282232761383168e-01
2.370400115847587641e-01
2.370350748300552313e-01
2.370289869606495015e-01
2.369889408349990789e-01
2.369735911488533020e-01
2.370043106377124897e-01
2.369885370135307312e-01
2.369772240519523732e-01
2.369470953941345270e-01
2.369513571262359675e-01
2.369569122791290172e-01
2.369435280561447144e-01
2.369099915027618464e-01
2.369028449058532826e-01
2.368889674544334412e-01
2.368699744343757685e-01
2.368625864386558477e-01
2.368380546569824330e-01
2.368507444858551081e-01
2.368506968021392711e-01
2.368385404348373469e-01
2.368155926465988215e-01
2.367810979485511780e-01
2.367650941014289856e-01
2.367545120418071691e-01
2.367367103695869335e-01
2.367653861641883795e-01
2.367591172456741389e-01
2.367300614714622498e-01
2.367168143391609192e-01
2.367096424102783092e-01
2.367555812001228277e-01
2.367580965161323603e-01
2.367385953664779552e-01
2.366868562996387593e-01
2.366369947791099604e-01
2.366417601704597362e-01
2.366537436842918452e-01
2.366548255085945129e-01
2.366338536143302862e-01
2.366236440837383159e-01
2.366343453526496832e-01
2.366277337074279841e-01
2.366211563348770142e-01
2.366235107183456421e-01
2.366240009665489252e-01
2.366124868392944225e-01
2.365938037633895930e-01
2.365849763154983521e-01
2.366150617599487305e-01
2.366018012166023199e-01
2.365718320012092646e-01
2.365709736943245045e-01
2.365636929869651683e-01
2.365438163280487172e-01
2.365348055958747808e-01
2.365348517894744762e-01
2.365352645516395624e-01
2.365331530570983776e-01
2.365376636385917719e-01
2.365256294608116261e-01
2.365245953202247675e-01
2.365025505423545837e-01
2.365002691745758112e-01
2.364962488412857000e-01
2.364859744906425421e-01
2.364823266863823048e-01
2.364722587168216761e-01
2.364660777151584570e-01
2.364710167050361744e-01
2.364763006567955073e-01
2.364579349756240900e-01
2.364429563283920177e-01
2.364536598324775696e-01
2.364409841597080175e-01
2.364178061485290583e-01
2.364236459136009327e-01
2.364248722791671697e-01
2.364174872636795044e-01
2.364090874791145436e-01
2.364196322858333477e-01
2.364135488867759594e-01
2.363942533731460682e-01
2.363852128386497442e-01
2.364081270992755834e-01
2.364013701677322443e-01
2.363856568932533320e-01
2.363706916570663397e-01
2.363677069544792286e-01
2.363556489348411505e-01
2.363431826233863831e-01
2.363399356603622381e-01
2.363371789455413763e-01
2.363358810544013977e-01
2.363169327378273066e-01
2.363204568624496515e-01
2.363382235169410595e-01
2.363194227218627930e-01
2.363103896379470936e-01
2.363060034811496624e-01
2.362953856587410029e-01
2.362949311733245905e-01
2.362880453467369191e-01
2.362683996558189448e-01
2.362542062997818049e-01
2.362771362066268810e-01
2.362721070647239574e-01
2.362609371542930548e-01
2.362675160169601385e-01
2.362683527171611786e-01
2.362625196576118580e-01
2.362453691661357824e-01
2.362237349152565002e-01
2.362168923020362965e-01
2.362206473946571461e-01
2.362173885107040350e-01
2.361980974674224854e-01
2.361949041485786327e-01
2.361878067255020197e-01
2.361689463257789501e-01
2.361574470996856689e-01
2.361951857805252020e-01
2.361786171793937572e-01
2.361715614795684703e-01
2.361588150262832753e-01
2.361552052199840657e-01
2.361513316631317083e-01
2.361434862017631475e-01
2.361386984586715809e-01
2.361111409962177166e-01
2.361026234924793188e-01
2.361006096005439647e-01
2.360920228064060100e-01
2.361057281494140514e-01
2.360955625772476196e-01
2.360876180231571142e-01
2.360897764563560375e-01
2.360885649919509943e-01
2.360876396298408619e-01
2.360884144902229420e-01
2.360813423991203197e-01
2.360714569687843434e-01
2.360729217529296819e-01
2.360718488693237249e-01
2.360625669360160717e-01
2.360479556024074610e-01
2.360466696321964208e-01
2.360452070832252391e-01
2.360426813364028820e-01
2.360407352447509710e-01
2.360356837511062567e-01
2.360300742089748438e-01
2.360260814428329357e-01
2.360298857092857361e-01
2.360388845205307062e-01
2.360346809029579274e-01
2.360298737883567699e-01
2.360254481434821971e-01
2.360217973589897045e-01
2.360190525650978088e-01
2.360158078372478485e-01
2.360062956809997614e-01
2.360121399164199774e-01
2.360158205032348577e-01
2.360102996230125372e-01
2.360005900263786316e-01
2.359952822327613942e-01
2.359881997108459473e-01
2.359877362847328242e-01
2.359782293438911493e-01
2.359677165746688898e-01
2.359682887792587391e-01
2.359755694866180475e-01
2.359733119606971796e-01
2.359694376587867792e-01
2.359778314828872570e-01
2.359812602400779835e-01
2.359688371419906561e-01
2.359669312834739574e-01
2.359572306275367626e-01
2.359463773667812292e-01
2.359389677643775884e-01
2.359383985400199946e-01
2.359383940696716253e-01
2.359392091631889454e-01
2.359400659799575917e-01
2.359303414821624645e-01
2.359213396906852667e-01
2.359149113297462352e-01
2.359200283885002081e-01
2.359228104352951161e-01
2.359148591756820568e-01
2.359135046601295582e-01
2.359112828969955333e-01
2.359076157212257330e-01
2.359095677733421270e-01
2.359083309769630377e-01
2.359025448560714833e-01
2.358998119831085261e-01
2.358907073736190851e-01
2.358918502926826422e-01
2.358853511512279399e-01
2.358769968152046315e-01
2.358853325247764476e-01
2.358814865350723211e-01
2.358732178807258495e-01
2.358739554882049450e-01
2.358759954571723882e-01
2.358669579029083196e-01
2.358605638146400452e-01
2.358598656952381190e-01
2.358539640903472845e-01
2.358521565794944874e-01
2.358447462320327759e-01
2.358365416526794489e-01
2.358343854546546825e-01
2.358391553163528553e-01
2.358428806066513173e-01
2.358441144227981512e-01
2.358357325196266119e-01
2.358279451727867126e-01
2.358240798115730230e-01
2.358215853571891674e-01
2.358152166008949391e-01
2.358254075050353893e-01
2.358152985572815052e-01
2.358051165938377380e-01
2.357946962118148693e-01
2.357937797904014476e-01
2.357981368899345342e-01
2.357960328459739741e-01
2.357895970344543457e-01
2.357924424111842998e-01
2.357990190386772267e-01
2.357878297567367609e-01
2.357733890414238087e-01
2.357770398259163014e-01
2.357790768146514893e-01
2.357742741703987011e-01
2.357731461524963379e-01
2.357683621346950420e-01
2.357624806463718414e-01
2.357618421316146906e-01
2.357611760497093090e-01
2.357639074325561523e-01
2.357611678540706690e-01
2.357588663697242626e-01
2.357576474547386225e-01
2.357573121786117609e-01
2.357552364468574468e-01
2.357536211609840282e-01
2.357521176338195912e-01
2.357510656118392833e-01
2.357515066862106434e-01
2.357484593987465016e-01
2.357480071485042461e-01
2.357473000884056091e-01
2.357417896389961132e-01
2.357392698526382391e-01
2.357380971312522944e-01
2.357339262962341309e-01
2.357337936758995001e-01
2.357364013791084234e-01
2.357337951660156139e-01
2.357317134737968445e-01
2.357264094054699055e-01
2.357231169939041082e-01
2.357247084379196223e-01
2.357213169336319081e-01
2.357172295451164246e-01
2.357135474681854304e-01
2.357156984508037567e-01
2.357145003974437658e-01
2.357183575630187877e-01
2.357142165303230397e-01
2.357112094759941101e-01
2.357083149254322052e-01
2.357126109302044026e-01
2.357100293040275685e-01
2.357091680169105530e-01
2.357060104608535711e-01
2.357003524899482783e-01
2.357003867626190075e-01
2.357006534934043829e-01
2.356937095522880499e-01
2.356919080018997081e-01
2.356892414391040802e-01
2.356885164976119940e-01
2.356916621327400096e-01
2.356922626495361328e-01
2.356863170862197876e-01
2.356817647814750671e-01
2.356873825192451477e-01
2.356851264834403936e-01
2.356846779584884644e-01
2.356806509196758270e-01
2.356747627258300726e-01
2.356781765818595775e-01
2.356794089078903254e-01
2.356750383973121588e-01
2.356711044907569830e-01
2.356714233756065369e-01
2.356727048754692078e-01
2.356709040701389368e-01
2.356662958860397394e-01
2.356674894690513611e-01
2.356648251414298900e-01
2.356623485684394836e-01
2.356564566493034307e-01
2.356558829545974676e-01
2.356543853878974859e-01
2.356543183326721136e-01
2.356531299650669042e-01
2.356508836150169317e-01
2.356454238295555004e-01
2.356424927711486816e-01
2.356462702155113220e-01
2.356419928371906169e-01
2.356407731771469061e-01
2.356402546167373768e-01
2.356350943446159363e-01
2.356355264782905579e-01
2.356363728642463795e-01
2.356331795454025269e-01
2.356301948428153881e-01
2.356280609965324402e-01
2.356267347931861877e-01
2.356236815452575628e-01
2.356235191226005443e-01
2.356246218085288890e-01
2.356231749057769720e-01
2.356212094426154979e-01
2.356164753437042236e-01
2.356118828058242909e-01
2.356108888983726446e-01
