1.788516592979431108e+00
1.611021459102630615e+00
1.337925428152084262e+00
1.347501021623611406e+00
1.421668523550033481e+00
1.287963020801544234e+00
1.138234728574752719e+00
1.040721273422241300e+00
9.804334282875061257e-01
1.026144856214523227e+00
1.325647157430648759e+00
1.097201788425445468e+00
1.015050792694091708e+00
9.294428348541259322e-01
8.873061776161194070e-01
8.659584164619446023e-01
8.367460370063781738e-01
9.869055151939392090e-01
9.163797914981841597e-01
9.069440484046935591e-01
9.293874323368072066e-01
9.076105415821075217e-01
7.749171018600463645e-01
7.203237533569335493e-01
9.148281693458557573e-01
1.019284200668334917e+00
8.507930397987365501e-01
8.461136043071746382e-01
8.973625838756561501e-01
7.946170985698699507e-01
6.889228224754333496e-01
1.033286309242248624e+00
9.625828981399535689e-01
9.634206712245940718e-01
9.082989215850829634e-01
7.650792479515076128e-01
8.021314561367034468e-01
7.165754318237305132e-01
6.988900184631348100e-01
7.595490038394927534e-01
7.227259516716003640e-01
6.187263727188110352e-01
6.654933333396911843e-01
5.979353785514831543e-01
8.225133717060089111e-01
7.794442176818847656e-01
8.029664158821105957e-01
8.286385565996170488e-01
9.030835628509521484e-01
8.889248311519623025e-01
6.331669121980667558e-01
8.421234488487243652e-01
6.396917492151260598e-01
6.454102307558059470e-01
6.007247298955917802e-01
6.117829173803329690e-01
5.652357339859008789e-01
6.402152270078659280e-01
7.456812918186187522e-01
6.182608187198639360e-01
7.250828951597213523e-01
8.173437893390655962e-01
6.689139246940613015e-01
7.375239282846450806e-01
8.309675157070159912e-01
7.512476772069931474e-01
7.102357536554336770e-01
8.463703036308288796e-01
6.184349209070205688e-01
5.032038152217864768e-01
5.429833173751831277e-01
5.486679255962372270e-01
5.676695227622985396e-01
6.513828814029694048e-01
7.066594451665878518e-01
8.740269601345062034e-01
7.036846607923508135e-01
6.092538982629776001e-01
5.466707378625870195e-01
4.825251400470733643e-01
5.232279330492020097e-01
8.078919261693954246e-01
8.307948350906372292e-01
6.182844966650009599e-01
6.755907893180846946e-01
7.589754760265350342e-01
7.211856365203856978e-01
6.146135449409484419e-01
6.388785332441330178e-01
6.565041065216064009e-01
6.782973766326904075e-01
8.338167190551757368e-01
8.000173747539520708e-01
7.051076769828796831e-01
7.964116930961608887e-01
7.411189794540404829e-01
6.108091801404953447e-01
6.886508852243423684e-01
7.337061941623688188e-01
6.995182633399963379e-01
7.102577716112137285e-01
5.444670975208282249e-01
5.157682538032531960e-01
5.526407092809677568e-01
5.186677455902100053e-01
4.721542030572891124e-01
4.382565200328826793e-01
5.877573102712631004e-01
4.767488241195678711e-01
4.445010960102081521e-01
4.880997836589813232e-01
5.786852657794951948e-01
8.245558738708496094e-01
6.396987736225128174e-01
5.212851732969283614e-01
4.631106078624725453e-01
4.073718726634979470e-01
4.058170676231384055e-01
4.023076653480529563e-01
3.605489492416381614e-01
3.735944181680679321e-01
4.846723288297652976e-01
5.982501760125160661e-01
7.031792432069778886e-01
7.694448053836822066e-01
5.175761461257935014e-01
4.565371051430702209e-01
4.433468163013458141e-01
3.792819112539291271e-01
3.666640490293502919e-01
3.811025425791740306e-01
3.579619497060775868e-01
4.135074362158775441e-01
3.763305217027664296e-01
4.097922831773758157e-01
5.171117663383484331e-01
5.035839259624481645e-01
6.637464553117752297e-01
6.213928312063217163e-01
4.398988932371139526e-01
4.610255211591720581e-01
4.485950484871864541e-01
5.296954795718192832e-01
5.523910641670226607e-01
5.320238500833511797e-01
4.462700903415680043e-01
4.027771547436714283e-01
4.061519622802734486e-01
4.142204552888870128e-01
5.338312536478042603e-01
4.475126311182975880e-01
4.101824134588241688e-01
4.116539865732192771e-01
3.978682085871696472e-01
4.453557163476943859e-01
4.457283362746238820e-01
4.592675536870956532e-01
6.765160590410232988e-01
4.606651216745376587e-01
4.566235691308975220e-01
6.071668744087219682e-01
5.708372503519058005e-01
5.007230728864670022e-01
4.684381306171417347e-01
4.859312534332275169e-01
5.543282181024551392e-01
4.502170503139495961e-01
3.806957811117172019e-01
4.996307879686355813e-01
4.502684295177459828e-01
5.654418945312500444e-01
4.755322843790054099e-01
3.848297536373138650e-01
4.494251221418380515e-01
3.857986137270927318e-01
4.616005480289459006e-01
4.615423470735550149e-01
3.962970435619354026e-01
3.534899964928627236e-01
3.986337423324585183e-01
3.889833599328994529e-01
5.285912543535232766e-01
4.912770673632621543e-01
5.108953088521956953e-01
4.385634630918502919e-01
3.862872242927551381e-01
4.463131189346313255e-01
4.256897047162055969e-01
5.197463423013687356e-01
4.859404698014259116e-01
5.399349689483642356e-01
4.925416290760040172e-01
5.010537564754485862e-01
4.632643878459930531e-01
4.581445485353469738e-01
4.231054365634918102e-01
4.011201500892639382e-01
4.002999752759933694e-01
3.536722302436828835e-01
3.674389481544494407e-01
3.230045452713966592e-01
3.358981654047966114e-01
3.341815263032913430e-01
3.120979502797126548e-01
3.150259703397750854e-01
3.134797021746635326e-01
3.626511007547378318e-01
3.433407694101333618e-01
3.166730731725692638e-01
3.131684735417366028e-01
3.130396425724029652e-01
3.352023333311081044e-01
3.695742622017860191e-01
3.264449596405029075e-01
3.736204415559768455e-01
3.716186419129371421e-01
4.126345664262771606e-01
4.024998605251312034e-01
3.340445384383201599e-01
3.507829815149307029e-01
3.207605794072151406e-01
3.388540714979171864e-01
3.275067672133445962e-01
3.126000687479972839e-01
2.904544636607170327e-01
2.959569141268730275e-01
2.943571612238883861e-01
2.946817040443420188e-01
3.127301931381225586e-01
4.171136915683746338e-01
6.442290544509887695e-01
4.683758109807968362e-01
3.368547052145004495e-01
3.088299721479416116e-01
2.782258182764053567e-01
3.120227500796318165e-01
2.903062611818313377e-01
3.194289565086364524e-01
2.925154075026512035e-01
2.911580875515937805e-01
2.870074823498726113e-01
3.183299764990806802e-01
3.073488026857376099e-01
3.588516414165496826e-01
3.335464403033256420e-01
3.408931046724319458e-01
3.179151117801666260e-01
2.918861776590347401e-01
3.877924233675003052e-01
4.487614095211028831e-01
3.165117844939231984e-01
3.197606861591338889e-01
3.791008830070495828e-01
3.704514771699905507e-01
2.985020801424980164e-01
3.175822421908378601e-01
3.266168385744094849e-01
2.747929424047469982e-01
2.730062603950500488e-01
2.754783555865287781e-01
3.090410143136977927e-01
3.114862740039825439e-01
3.025367766618728416e-01
3.026123374700546154e-01
3.246554851531982533e-01
3.432923898100853077e-01
3.647343173623084911e-01
3.358375161886215099e-01
3.116248175501823425e-01
2.926529496908187866e-01
3.015658348798752053e-01
2.965838119387626537e-01
2.920262157917022927e-01
2.750086009502411000e-01
2.802091315388679504e-01
2.736839488148689048e-01
2.941902756690978893e-01
3.406005084514617809e-01
3.140592083334922680e-01
3.023099929094314464e-01
2.865856394171714672e-01
2.963386520743370167e-01
2.663939133286475913e-01
2.877646490931510814e-01
2.811489909887313621e-01
2.777271062135696633e-01
2.992584943771362527e-01
3.833885878324508889e-01
3.776191085577010886e-01
3.108690783381461986e-01
3.680769219994545205e-01
3.768893852829933167e-01
3.702913343906402699e-01
3.397089779376983865e-01
3.071838125586509594e-01
3.637285754084587097e-01
3.678466856479644664e-01
3.740249231457710155e-01
3.060573250055312888e-01
2.698936119675636180e-01
2.516601748764514812e-01
2.596470877528190835e-01
2.839649841189384460e-01
2.792555674910545127e-01
2.636673472821712272e-01
2.516947567462921032e-01
2.412467166781425421e-01
2.516444027423858643e-01
2.491528645157813915e-01
2.536174714565276878e-01
2.581906944513320812e-01
2.674503803253173717e-01
2.879108741879463085e-01
2.567396596074104087e-01
2.707487508654594643e-01
2.506256774067878723e-01
2.487156033515930120e-01
2.453900292515754644e-01
2.552025064826011769e-01
3.059304758906364330e-01
2.720501050353050232e-01
2.629219099879264721e-01
2.669577047228813282e-01
2.630913153290748707e-01
2.568826548755168693e-01
2.553609803318977467e-01
2.459034144878387562e-01
2.420341908931732122e-01
2.503357768058777078e-01
2.768350362777710072e-01
2.593728512525558250e-01
2.574625968933105247e-01
2.544439628720283619e-01
2.451325088739395031e-01
2.508774310350417869e-01
2.466998353600501903e-01
2.461723253130912725e-01
2.410195603966713007e-01
2.538723349571228027e-01
2.499330475926399286e-01
2.609311267733573914e-01
2.997005604207515495e-01
3.356392741203307883e-01
3.016236945986747742e-01
2.758826971054076926e-01
2.458711035549640544e-01
2.496216304600238911e-01
2.444872424006462042e-01
2.463680133223533630e-01
2.486186921596527100e-01
2.391232058405876049e-01
3.000693663954734913e-01
3.105514928698539512e-01
2.697828620672225730e-01
2.472875170409679357e-01
2.528142988681792991e-01
2.931801557540893444e-01
2.902107611298561096e-01
2.750975161790847889e-01
2.940304130315780640e-01
2.744126677513122337e-01
2.751288682222366444e-01
2.565571606159210427e-01
2.612174227833747864e-01
2.709515213966369740e-01
2.518949463963508495e-01
2.578661650419235007e-01
2.630746379494667275e-01
2.618230521678924783e-01
2.652733102440834045e-01
2.558032840490341298e-01
3.317021355032920837e-01
3.009723395109176747e-01
2.713615313172340615e-01
2.521892845630645530e-01
2.855555757880210987e-01
2.867058500647544639e-01
2.563045352697372326e-01
2.533360570669174194e-01
3.083045482635498047e-01
2.987762093544006348e-01
2.524156987667083851e-01
2.385556802153587230e-01
2.489503949880599865e-01
2.482948094606399481e-01
2.369161434471607208e-01
2.369134694337844960e-01
2.622071087360381969e-01
2.799133792519569175e-01
2.676099419593810924e-01
2.584058254957198875e-01
2.306667923927307184e-01
2.492301017045974731e-01
2.629909843206405529e-01
2.587143883109092601e-01
2.812858670949935913e-01
2.577807545661926492e-01
2.469582393765449579e-01
2.364101625978946575e-01
2.423312574625015314e-01
2.286870598793029896e-01
2.334417752921581213e-01
2.268276274204254206e-01
2.404890000820159857e-01
2.422267049551010132e-01
2.361544340848922841e-01
2.262881711125373785e-01
2.247215658426284790e-01
2.314260616898536627e-01
2.279272243380546514e-01
2.284540474414825384e-01
2.287537038326263317e-01
2.285088941454887501e-01
2.405105948448181263e-01
2.283931866288185231e-01
2.270557940006256159e-01
2.263103872537612915e-01
2.309723958373069708e-01
2.368448525667190552e-01
2.676351800560951011e-01
2.359606608748436030e-01
2.383630782365799006e-01
2.286082111299037878e-01
2.280978888273239025e-01
2.352097347378730718e-01
2.269232332706451472e-01
2.259310886263847240e-01
2.306459620594978333e-01
2.335928037762641796e-01
2.285082705318927654e-01
2.298563137650489752e-01
2.257546216249465831e-01
2.215749457478523310e-01
2.239740386605262867e-01
2.299613267183303889e-01
2.324998304247856140e-01
2.340078309178352245e-01
2.470502495765685980e-01
2.521226391196250693e-01
2.326941847801208552e-01
2.427630804479122273e-01
2.538910388946533092e-01
2.461695745587348938e-01
2.467325523495674244e-01
2.413962632417678833e-01
2.413234651088714544e-01
2.418151043355464824e-01
2.367525257170200459e-01
2.347088426351547352e-01
2.334249481558799688e-01
2.307510510087013300e-01
2.271403506398201044e-01
2.293811455368995611e-01
2.548439621925354115e-01
2.396937847137451116e-01
2.265912555158138275e-01
2.242408603429794367e-01
2.262202009558677562e-01
2.230385370552539770e-01
2.377545058727264515e-01
2.424766972661018261e-01
2.596475601196289174e-01
2.332644745707511957e-01
2.386456727981567383e-01
2.239978358149528614e-01
2.284793317317962702e-01
2.284612029790878407e-01
2.357580214738845825e-01
2.322269663214683588e-01
2.446036994457244929e-01
2.448348000645637623e-01
2.560360148549080117e-01
2.423512674868106842e-01
2.375315323472023121e-01
2.324840933084487971e-01
2.225946828722953907e-01
2.215790599584579468e-01
2.262366943061351887e-01
2.276499018073082081e-01
2.378740608692169189e-01
2.691234484314918296e-01
2.583989083766937145e-01
2.251561596989631597e-01
2.236544571816921345e-01
2.291777536273002513e-01
2.230126261711120605e-01
2.275462470948696192e-01
2.210945785045623779e-01
2.246902301907539312e-01
2.322218000888824352e-01
2.257346287369728088e-01
2.340430036187171881e-01
2.267537236213684193e-01
2.270009621977805980e-01
2.237283088266849573e-01
2.236860349774360546e-01
2.287922233343124279e-01
2.204179264605045374e-01
2.195999294519424549e-01
2.179622359573841206e-01
2.142184168100357000e-01
2.145866915583610479e-01
2.184334211051464081e-01
2.180030584335327093e-01
2.173591524362564198e-01
2.182563573122024425e-01
2.182773500680923462e-01
2.167775362730026134e-01
2.222115084528923090e-01
2.124941952526569477e-01
2.132888391613960155e-01
2.170128367841243633e-01
2.139165140688419342e-01
2.122852832078933605e-01
2.142757497727870997e-01
2.153923690319061168e-01
2.222876042127609197e-01
2.232921615242958180e-01
2.444393128156661932e-01
2.328041374683380016e-01
2.356873780488967784e-01
2.194371208548545893e-01
2.313746407628059498e-01
2.244379006326198689e-01
2.167864851653575897e-01
2.153035625815391541e-01
2.163193896412849426e-01
2.168393395841121674e-01
2.179151400923728943e-01
2.153298452496528737e-01
2.158276654779910930e-01
2.121264263987541199e-01
2.157510198652744238e-01
2.138686701655387878e-01
2.122611328959465027e-01
2.111579671502113453e-01
2.136052653193473705e-01
2.155203804373741205e-01
2.214265204966068268e-01
2.193602085113525446e-01
2.147828601300716400e-01
2.156611680984497070e-01
2.141544796526431982e-01
2.284582778811454773e-01
2.190089121460914723e-01
2.170180439949035700e-01
2.155087180435657501e-01
2.172880686819553264e-01
2.098606288433075007e-01
2.116195291280746349e-01
2.139656230807304438e-01
2.144688367843627930e-01
2.243177212774753460e-01
2.240627855062484741e-01
2.149453252553939764e-01
2.151488222181797139e-01
2.204071126878261455e-01
2.171823933720588573e-01
2.202130392193794306e-01
2.183860331773757879e-01
2.206550106406211798e-01
2.221881300210952759e-01
2.195465207099914495e-01
2.171189546585083063e-01
2.133830606937408558e-01
2.257178753614425548e-01
2.228258341550826971e-01
2.148224145174026378e-01
2.124325603246688954e-01
2.136464431881904547e-01
2.180926322937011830e-01
2.310381837189197651e-01
2.296302169561386108e-01
2.148944124579429682e-01
2.170077301561832428e-01
2.153153136372566168e-01
2.123210877180099487e-01
2.132530987262725719e-01
2.124290108680725042e-01
2.121253594756126459e-01
2.114454478025436512e-01
2.101706802845001165e-01
2.118556663393974249e-01
2.117118075489997919e-01
2.107114702463150080e-01
2.120436467230319977e-01
2.179775089025497437e-01
2.237203136086463873e-01
2.159540817141532842e-01
2.125325798988342285e-01
2.208428777754306849e-01
2.257156141102313884e-01
2.169923588633537181e-01
2.204281955957412831e-01
2.161333605647087208e-01
2.235746473073959295e-01
2.199628978967666515e-01
2.171228624880313929e-01
2.195212975144386347e-01
2.191586449742317089e-01
2.141223803162574657e-01
2.099659338593483082e-01
2.104923456907272228e-01
2.130752757191657909e-01
2.148454248905181940e-01
2.110053643584251515e-01
2.084382571280002650e-01
2.091530375182628632e-01
2.068897776305675396e-01
2.084323503077030182e-01
2.090809717774391174e-01
2.082012124359607641e-01
2.084583424031734578e-01
2.083819866180419977e-01
2.074409723281860352e-01
2.074341148138046376e-01
2.095625445246696583e-01
2.086187347769737355e-01
2.079940997064113617e-01
2.072034858167171589e-01
2.067950367927551270e-01
2.068456932902336121e-01
2.070161327719688416e-01
2.075359567999839894e-01
2.081752195954322815e-01
2.102339416742324829e-01
2.148171052336692866e-01
2.183741852641105652e-01
2.198862910270690807e-01
2.120696842670440618e-01
2.146307773888111170e-01
2.180478632450103815e-01
2.164628453552722986e-01
2.153298407793045044e-01
2.131058782339096125e-01
2.113345675170421600e-01
2.111112236976623591e-01
2.096941769123077393e-01
2.092069581151008717e-01
2.087334230542182978e-01
2.075432941317558178e-01
2.094242110848426874e-01
2.109329439699649811e-01
2.084265932440757807e-01
2.082967296242713984e-01
2.084507890045642908e-01
2.073641806840896551e-01
2.081222370266914423e-01
2.083895929157733862e-01
2.087892219424247742e-01
2.117580398917198181e-01
2.099810101091861836e-01
2.094162762165069636e-01
2.063274942338466644e-01
2.076865263283252661e-01
2.076397277414798737e-01
2.092447355389595032e-01
2.110880769789219014e-01
2.090661853551864513e-01
2.128865987062454335e-01
2.103758439421653803e-01
2.069748520851135143e-01
2.079917386174202076e-01
2.083174824714660589e-01
2.087092630565166584e-01
2.109219908714294323e-01
2.090187802910804804e-01
2.094563104212284199e-01
2.065993398427963257e-01
2.086053669452667125e-01
2.175292089581489507e-01
2.123629026114940699e-01
2.102041214704513661e-01
2.091631032526493073e-01
2.084389135241508373e-01
2.082819841802120153e-01
2.078221827745437567e-01
2.099025219678878895e-01
2.085086785256862751e-01
2.065187714993953760e-01
2.112247586250305120e-01
2.090107910335063934e-01
2.083174973726272527e-01
2.119056217372417561e-01
2.148043282330036052e-01
2.101861178874969427e-01
2.087513968348503057e-01
2.075927145779132843e-01
2.074700199067592565e-01
2.058359086513519287e-01
2.067821457982063349e-01
2.057396069169044606e-01
2.054347723722457775e-01
2.057902537286281641e-01
2.051753617823123821e-01
2.057951498776674215e-01
2.054586008191108815e-01
2.075024031102657429e-01
2.096709832549095154e-01
2.073375433683395386e-01
2.054127790033817291e-01
2.047405801713466644e-01
2.050753571093082428e-01
2.042907230556011144e-01
2.045282401144504492e-01
2.053240060806274525e-01
2.049283809959888403e-01
2.051886387169361003e-01
2.048752889037132319e-01
2.047888964414596447e-01
2.055525690317153986e-01
2.059280693531036488e-01
2.051395267248153631e-01
2.081660449504852406e-01
2.082281157374382130e-01
2.073492981493472997e-01
2.085790142416953930e-01
2.060792379081249348e-01
2.060643911361694225e-01
2.060090027749538477e-01
2.047568663954734691e-01
2.055629231035709381e-01
2.055844321846961864e-01
2.060783542692661285e-01
2.063629269599914495e-01
2.052648395299911388e-01
2.063538566231727656e-01
2.099072374403476715e-01
2.061410941183567103e-01
2.048445120453834534e-01
2.048145174980163519e-01
2.045172907412052266e-01
2.050222896039485820e-01
2.054237581789493672e-01
2.051189705729484503e-01
2.053578950464725605e-01
2.046229325234890095e-01
2.051623947918415070e-01
2.054026514291763250e-01
2.069806233048439026e-01
2.059530697762966267e-01
2.047454543411731664e-01
2.045705944299697765e-01
2.044441983103752192e-01
2.044671356678008922e-01
2.045200176537037007e-01
2.046413011848926544e-01
2.045324519276618958e-01
2.048500865697860662e-01
2.045097835361957550e-01
2.044856011867523249e-01
2.055931478738784735e-01
2.049792326986789592e-01
2.053875043988227789e-01
2.047077551484108027e-01
2.043859191238880102e-01
2.050754167139530182e-01
2.058288238942623249e-01
2.040470123291015514e-01
2.038517758250236456e-01
2.039416268467903193e-01
2.042741850018501282e-01
2.044798888266086689e-01
2.077246174216270391e-01
2.085891619324684032e-01
2.094730786979198400e-01
2.075950801372528076e-01
2.055825293064117432e-01
2.043812945485115051e-01
2.039257094264030346e-01
2.048111066222190746e-01
2.039881683886051178e-01
2.041857078671455439e-01
2.039851233363151606e-01
2.043481469154357910e-01
2.040003180503845159e-01
2.038791730999946483e-01
2.046776339411735535e-01
2.063733145594596752e-01
2.070661373436450958e-01
2.054426699876785167e-01
2.059664964675903265e-01
2.048192039132118170e-01
2.052110008895397242e-01
2.044690430164337047e-01
2.043272830545902197e-01
2.042412027716636602e-01
2.049575313925743048e-01
2.051939666271209717e-01
2.052601143717765753e-01
2.042876385152339880e-01
2.049021586775779669e-01
2.051151722669601329e-01
2.051891051232814789e-01
2.077292673289775904e-01
2.057329326868057306e-01
2.058437198400497326e-01
2.049656331539154164e-01
2.045404970645904597e-01
2.043781504034996033e-01
2.038858406245708521e-01
2.034961849451065174e-01
2.033777162432670593e-01
2.036972910165786854e-01
2.038487881422042791e-01
2.034737400710582844e-01
2.038035996258258931e-01
2.038061231374740656e-01
2.049940541386604254e-01
2.040242396295070537e-01
2.036353670060634669e-01
2.032745368778705597e-01
2.032590232789516504e-01
2.034178249537944849e-01
2.035143807530403193e-01
2.031862504780292400e-01
2.033718958497047480e-01
2.042472228407859747e-01
2.034706592559814564e-01
2.035710923373699188e-01
2.032835528254509083e-01
2.032709941267967224e-01
2.033186361193656810e-01
2.034019008278846741e-01
2.032007798552513123e-01
2.034342527389526312e-01
2.035562962293624989e-01
2.034987732768058777e-01
2.038117580115795247e-01
2.034561254084110149e-01
2.034673564136028345e-01
2.034534245729446300e-01
2.033819504082202967e-01
2.037036351859569661e-01
2.035075649619102478e-01
2.036265552043914906e-01
2.040561094880103954e-01
2.034442421048879568e-01
2.032918579876422938e-01
2.032600946724414936e-01
2.033222466707229614e-01
2.033487804234027918e-01
2.035667158663272969e-01
2.033143118023872375e-01
2.039538338780403082e-01
2.036061301827430670e-01
2.036264047026634105e-01
2.033307224512100331e-01
2.030745506286621149e-01
2.032366089522838482e-01
2.037681184709072002e-01
2.040305882692337036e-01
2.042209193110466059e-01
2.036460354924201910e-01
2.031637147068977300e-01
2.034190960228443035e-01
2.033425658941268865e-01
2.035229884088039509e-01
2.032638862729072571e-01
2.033611476421356146e-01
2.038479685783386175e-01
2.045369252562522777e-01
2.042277373373508342e-01
2.038084059953689520e-01
2.036228120326995794e-01
2.042142957448959406e-01
2.043608359992504231e-01
2.039996065199375097e-01
2.033319838345050701e-01
2.033239752054214478e-01
2.031433351337909587e-01
2.030875310301780701e-01
2.034419886767864227e-01
2.034003153443336431e-01
2.041042581200599726e-01
2.043581724166870228e-01
2.043887734413147028e-01
2.038767620921135004e-01
2.046854466199874989e-01
2.040364891290664673e-01
2.035031251609325520e-01
2.032248675823211670e-01
2.031533606350421906e-01
2.030675850808620342e-01
2.027948662638664190e-01
2.037561580538749806e-01
2.037770390510559027e-01
2.033505015075206812e-01
2.034970015287399236e-01
2.035384915769100078e-01
2.031954973936080933e-01
2.039714545011520330e-01
2.033795431256294195e-01
2.031446054577827343e-01
2.032324880361557062e-01
2.028998374938964788e-01
2.028978928923606817e-01
2.029449000954627880e-01
2.034012898802757263e-01
2.028877705335617176e-01
2.027244023978710119e-01
2.026973485946655384e-01
2.027892962098121754e-01
2.027767091989517156e-01
2.029305577278137096e-01
2.028414733707904760e-01
2.027333803474903051e-01
2.026936769485473688e-01
2.026376210153102986e-01
2.026519492268562261e-01
2.026876814663410298e-01
2.026488430798053797e-01
2.027507409453392084e-01
2.027198024094104822e-01
2.027567267417907659e-01
2.028132759034633747e-01
2.026837639510631617e-01
2.027122288942337092e-01
2.027059778571128901e-01
2.031236186623573414e-01
2.033239282667636816e-01
2.031267292797565571e-01
2.036451376974582617e-01
2.030949100852012523e-01
2.029371812939643749e-01
2.029677212238311657e-01
2.027749896049499401e-01
2.030740126967430226e-01
2.026981309056282154e-01
2.026117049157619421e-01
2.028027758002281244e-01
2.026443399488925823e-01
2.026370033621787969e-01
2.025743626058101599e-01
2.025887288153171428e-01
2.029286086559295710e-01
2.025373741984367315e-01
2.025677628815173992e-01
2.027285501360893138e-01
2.025634385645389557e-01
2.028894737362861578e-01
2.026789247989654597e-01
2.027005612850189264e-01
2.027554504573345073e-01
2.026715807616710774e-01
2.026783920824527796e-01
2.026073388755321447e-01
2.027778275310993250e-01
2.030011445283889659e-01
2.028732299804687500e-01
2.026013627648353688e-01
2.029018089175224360e-01
2.026296198368072454e-01
2.026792913675308228e-01
2.025612935423851124e-01
2.026424124836921636e-01
2.027854323387145996e-01
2.029292277991771587e-01
2.025314591825008448e-01
2.027698777616024073e-01
2.025036141276359558e-01
2.026067942380905262e-01
2.026817202568054199e-01
2.025168091058731079e-01
2.026681631803512462e-01
2.024849086999893077e-01
2.027003966271877233e-01
2.025257602334022411e-01
2.028494574129581507e-01
2.024283945560455267e-01
2.028811112046241816e-01
2.023621343076228984e-01
2.025698028504848425e-01
2.028341181576251984e-01
2.026135846972465515e-01
2.025193750858306774e-01
2.029176250100135914e-01
2.029717616736888830e-01
2.026441454887390192e-01
2.024732910096645466e-01
2.028320983052253612e-01
2.027350969612598530e-01
2.028000369668006841e-01
2.029417589306831415e-01
2.026689700782298986e-01
2.023893356323242243e-01
2.028602249920368195e-01
2.026804737746715490e-01
2.027334831655025482e-01
2.025447145104408153e-01
2.025148503482341877e-01
2.025267593562602997e-01
2.026161186397075764e-01
2.028839446604251973e-01
2.025878839194774628e-01
2.023467049002647400e-01
2.024955727159976904e-01
2.025994680821895655e-01
2.029598072171211187e-01
2.026073426008224432e-01
