4.904726147651672363e-01
4.627150793870289935e-01
3.846037983894348145e-01
3.456709384918212891e-01
3.230800082286198749e-01
2.920540471871693744e-01
2.753470490376154767e-01
2.790087958176930560e-01
2.630259891351063861e-01
4.396701653798421039e-01
3.440744181474049701e-01
2.736245989799499512e-01
3.651785453160603656e-01
2.295781522989273071e-01
2.265582680702209473e-01
2.270482629537582397e-01
2.051277856032053537e-01
2.233630890647570200e-01
2.289169579744338989e-01
2.375924885272979736e-01
2.358627965052922659e-01
2.014358937740325928e-01
1.793709496657053537e-01
1.880804250637690134e-01
3.212568461894989014e-01
2.096420228481292725e-01
2.297355582316716605e-01
2.356547613938649588e-01
2.186373273531595773e-01
2.333199729522069388e-01
1.859943717718124390e-01
1.546532983581224985e-01
2.113134314616521292e-01
2.807416965564091815e-01
2.099050035079320364e-01
1.523625502983728952e-01
1.874095077315966196e-01
1.582229584455490112e-01
2.096305986245473318e-01
1.602708622813224792e-01
1.408227210243543082e-01
1.090191602706909180e-01
1.154233465592066493e-01
9.927717968821525574e-02
2.096403439839681082e-01
1.699462980031967163e-01
2.020881921052932739e-01
2.266239623228708810e-01
1.897727251052856445e-01
1.687259351213773184e-01
9.615151956677436829e-02
1.367001508673032217e-01
1.817188262939453125e-01
9.904824445645014908e-02
1.348506951083739691e-01
1.185920250912507329e-01
1.039821511755387035e-01
1.264797896146774292e-01
1.734161550800005502e-01
2.424311141173044748e-01
1.445221379399299622e-01
2.016003678242365427e-01
9.696400786439578201e-02
1.191224828362464905e-01
1.719610244035720825e-01
1.378028814991315298e-01
1.401128123203913278e-01
1.446540132164955139e-01
1.358972986539205008e-01
1.001471256216367040e-01
1.158358032504717555e-01
1.204523394505182948e-01
1.332513988018035889e-01
1.036248380939165797e-01
9.533054381608963013e-02
1.367190778255462646e-01
8.873656516273815964e-02
1.088615010182062831e-01
7.999565203984577988e-02
1.018220260739326477e-01
1.981636683146158762e-01
1.410084515810012817e-01
1.470305460194746561e-01
9.764490276575088501e-02
1.503701557715733939e-01
1.562162836392720633e-01
1.306730980674425668e-01
8.925268488625685837e-02
8.775400246183077957e-02
1.615552976727485657e-01
1.760036995013554983e-01
1.448421801129976816e-01
1.724340766668319702e-01
1.000673050681750026e-01
1.388066237171491080e-01
1.310030370950698853e-01
1.279670856893062592e-01
1.029852094749609676e-01
1.818604220946629935e-01
1.680540392796198434e-01
1.185532535115877834e-01
1.064206101000308990e-01
1.093944484988848415e-01
8.884000436713297699e-02
8.645414995650450851e-02
1.226443002621332851e-01
1.219496130943298340e-01
1.071923126777013097e-01
7.608149914691846039e-02
8.381096087396144867e-02
7.332592736929655075e-02
1.777537440260251456e-01
1.641412576039632254e-01
1.033385371168454442e-01
1.013519127542773929e-01
1.203120853751897812e-01
9.574479858080546524e-02
1.042441700895627293e-01
1.450026590997973985e-01
8.045647914210955765e-02
9.374488641818363999e-02
1.188253983855247498e-01
1.781186660130818777e-01
1.138726472854614258e-01
8.773218964536984299e-02
9.583570249378681183e-02
7.624700851738452911e-02
7.904964002470175888e-02
7.852517068386077881e-02
7.695425301790237427e-02
7.178513209025065567e-02
7.578732725232839584e-02
1.147017789383729253e-01
7.634635114421446656e-02
9.493102583413322304e-02
7.326054091875751351e-02
1.106874197721481323e-01
1.360529462496439523e-01
8.232902176678180695e-02
9.556122745076815750e-02
8.202559128403663635e-02
9.333933393160502578e-02
7.162402461593349312e-02
1.449460362394650870e-01
1.008822787553071976e-01
7.982143449286620285e-02
7.576725445687770844e-02
1.281021634737650461e-01
1.060659481833378520e-01
7.670435061057408188e-02
8.960373078783352707e-02
9.689964260905981064e-02
1.575545991460482187e-01
7.532316073775291443e-02
1.028834879398345947e-01
7.885328649232785370e-02
1.152787866691748347e-01
1.088453643023967743e-01
9.814368312557537888e-02
7.375501655042171478e-02
8.993704803287982941e-02
8.222340854505698349e-02
1.065756976604461670e-01
8.602843185265858506e-02
1.603960817058881216e-01
7.862967438995838165e-02
8.027934096753597260e-02
1.643909017244974680e-01
8.012736092011134292e-02
1.066049598157405853e-01
7.558864696572224762e-02
9.712130483239889145e-02
9.806420405705769394e-02
9.486490270743767883e-02
9.006745616594950821e-02
1.429635584354400635e-01
8.996680316825707291e-02
8.691193349659442902e-02
9.313267221053440903e-02
9.248040926953156327e-02
1.104473359882831573e-01
9.422314539551734924e-02
7.285284468283255432e-02
7.194326911121606827e-02
9.795405715703964233e-02
1.404574053982893533e-01
9.185478898386160995e-02
9.406378710021574829e-02
1.177963676551977840e-01
1.666255816817283630e-01
1.047949070731798854e-01
7.530652948965628479e-02
9.106275935967762802e-02
9.221935551613569260e-02
8.920577168464660645e-02
8.139359019696712494e-02
8.217001209656397964e-02
8.382990707953770493e-02
7.969566341489553452e-02
6.864579829076926376e-02
9.606352758904297684e-02
9.936168448378641938e-02
8.557534652451674606e-02
1.219180431216955185e-01
1.266803797334432602e-01
1.127231630186239925e-01
8.699577984710533951e-02
7.802156017472346161e-02
1.237732119237383160e-01
7.505467627197504044e-02
7.541617378592491150e-02
1.014733016490936279e-01
1.178606431931257248e-01
9.847217363615830277e-02
8.466873690485954285e-02
1.192051817973454747e-01
7.759179392208655213e-02
1.042120695735017505e-01
1.422085799276828766e-01
1.055789962410926819e-01
9.024223126471042633e-02
7.530517627795536850e-02
9.353015680486957695e-02
1.221787845715880394e-01
9.667938202619552612e-02
9.843821482112009857e-02
8.018083466837803985e-02
8.089609754582245682e-02
9.198275953531265259e-02
1.021751376489798274e-01
1.034551778187354359e-01
8.259390139331419800e-02
1.028006256868441853e-01
9.684058775504429672e-02
8.296795872350533341e-02
1.080298547943433080e-01
1.039859062681595531e-01
8.193309263636668061e-02
7.200313483675320481e-02
9.822253944973151352e-02
7.704825699329376221e-02
1.197528953974445615e-01
7.286069293816883896e-02
1.298857107758522034e-01
1.010232645397384915e-01
7.821602001786231995e-02
1.247713776926199641e-01
7.600045949220657349e-02
9.377672771612803604e-02
1.059864033013582230e-01
8.109912214179833267e-02
8.160559274256229401e-02
1.070698847373326573e-01
1.055390685796737671e-01
9.320899005979299545e-02
1.032333523035049438e-01
9.659131802618503571e-02
1.028568744659423828e-01
7.794824118415515091e-02
9.703152130047480728e-02
8.818094618618488312e-02
7.701756277432043885e-02
7.972973895569641922e-02
8.138290606439113617e-02
1.080957086135943684e-01
1.262957385430733270e-01
8.920055255293846130e-02
9.008336501816908981e-02
8.187420510997374390e-02
1.056279192368189540e-01
1.004763416325052533e-01
8.284322327623765136e-02
7.942662201821804047e-02
1.097161900252103806e-01
7.765168199936549331e-02
1.463739496345321245e-01
8.813515988488991593e-02
1.030193219582239833e-01
8.634948854645092819e-02
9.280621012051899765e-02
9.153093645970027115e-02
7.504780699188511039e-02
8.732981421053409576e-02
7.800311998774607514e-02
1.021957074602444920e-01
1.255494803190231323e-01
1.199587769806385040e-01
8.053403844436009262e-02
8.184850309044122696e-02
9.635149190823237564e-02
7.851064732919137146e-02
9.462450941403706406e-02
9.970398247241973877e-02
7.343355876704056595e-02
7.600357631842295791e-02
9.872262924909591675e-02
1.021837207178274837e-01
6.995321499804656173e-02
7.656609763701756333e-02
1.068340409547090530e-01
1.028976440429687500e-01
1.051730504259467125e-01
1.065926228960355077e-01
7.404590692992012169e-02
1.252556523929039545e-01
1.290569646904865808e-01
1.001933058723807335e-01
8.205422945320606232e-02
1.261091909060875482e-01
1.088538914918899536e-01
1.048807576298713684e-01
1.038357292612393651e-01
1.023565505941708836e-01
1.208411877353986058e-01
7.295396970584988594e-02
8.896416984498500824e-02
8.156602519253890182e-02
1.328481590996185846e-01
7.968244794756174088e-02
8.637097291648387909e-02
7.940591902782519196e-02
1.231643756230672154e-01
8.219522796571254730e-02
1.057239578415950093e-01
1.043708125750223842e-01
8.696470968425273895e-02
1.063714822133382115e-01
7.782417473693688248e-02
1.011843821033835411e-01
1.097071748226881027e-01
7.833153444031874801e-02
1.038505018999179158e-01
1.249408175547917638e-01
8.313664793968200684e-02
1.245009209960699081e-01
7.791995319227378036e-02
1.026668598254521642e-01
7.982672502597172592e-02
8.483820905288060044e-02
8.361050548652808334e-02
1.206060151259104457e-01
7.331910744930307533e-02
7.417972742890317772e-02
9.979876254995663498e-02
7.915505239119131897e-02
7.400736383472879265e-02
8.116036436210076477e-02
1.086100302636623383e-01
8.115790939579407837e-02
1.032563721140225682e-01
1.001906177649895396e-01
1.082948812594016347e-01
7.848722022026777267e-02
8.395014703273773193e-02
7.897273171693086624e-02
7.694098042945067550e-02
8.293151545027892257e-02
7.574929917852084305e-02
8.012578388055165146e-02
7.620042624572913315e-02
1.044768417874972072e-01
1.075992559393246922e-01
8.504035261770089005e-02
8.278236786524455215e-02
7.506924076005816460e-02
8.090110123157501221e-02
7.847626724590857361e-02
1.145238957057396617e-01
1.479711274926861220e-01
7.669333834201097488e-02
9.610466659069061279e-02
8.893768427272637223e-02
9.675400921454031800e-02
9.812425076961517334e-02
1.060423478484153748e-01
1.006085748473803249e-01
8.799568687876065110e-02
8.132531742254893448e-02
8.525717755158741806e-02
1.011464173595110622e-01
1.023140102624893188e-01
1.019614463051160130e-01
1.058918088674545288e-01
1.066600636889537129e-01
8.340185073514778946e-02
1.107680127024650574e-01
8.676746115088462830e-02
7.709797999511162903e-02
1.276042998457948274e-01
8.536840726931889389e-02
1.205611359328031540e-01
1.006975000103314671e-01
9.947157061348359253e-02
7.783950834224621917e-02
1.123371049761772156e-01
9.920892476414640282e-02
7.775146607309579849e-02
8.457322170337040756e-02
8.413148298859596252e-02
8.333993299553792145e-02
8.057241731633742188e-02
1.022867371017734256e-01
8.367243843774001266e-02
8.501311081151168014e-02
7.719633836920063164e-02
8.310179846982161667e-02
8.248479074488083984e-02
7.787026930600404739e-02
1.036432733138402257e-01
1.033364267398913655e-01
1.034489596883455959e-01
1.044733660916487422e-01
7.942923034230868484e-02
8.068512038638193939e-02
1.015083690484364781e-01
8.314015002300341461e-02
1.021560635417699814e-01
1.046291117866833958e-01
8.037042307356993820e-02
7.712826939920584823e-02
1.061630677431821823e-01
7.847486094882090424e-02
8.506366983056068420e-02
1.017023424307505336e-01
1.280911409606536322e-01
1.056402614340186119e-01
1.049790407220522609e-01
7.625825734188158844e-02
1.528525439401467734e-01
7.889210153371095657e-02
8.154336176812648773e-02
8.024182481070359085e-02
8.163837033013503219e-02
8.143248409032821655e-02
1.067927305897076878e-01
1.025637636582056728e-01
8.191629592329263687e-02
1.053242087364196777e-01
7.812014780938625336e-02
9.809331099192301895e-02
8.888699548939864303e-02
8.767822260657946731e-02
7.971635771294434403e-02
7.994340329120556976e-02
1.026232158765196800e-01
1.008500655492146764e-01
7.251338458930452202e-02
8.123077731579542160e-02
8.664488854507605697e-02
7.824337327231963013e-02
1.257628547027707100e-01
1.287719601144393378e-01
7.989188594122727249e-02
7.411372583980362083e-02
7.648143824189901352e-02
7.806108302126328613e-02
8.381957001984119415e-02
1.226274290432532582e-01
1.290014870464801788e-01
1.078929416835308075e-01
7.515136757865548134e-02
9.864287730306386948e-02
1.130236238241195679e-01
1.281524980440735817e-01
1.040398695816596303e-01
8.258188515901565552e-02
1.100267196695009914e-01
7.864745954672495987e-02
1.014045923948287964e-01
1.070577253897984776e-01
7.755999577542145584e-02
1.045813908179600987e-01
8.390140347182750702e-02
8.516683243215084076e-02
8.234754359970490600e-02
1.020200451215108189e-01
1.053134333342313766e-01
7.491640622417132522e-02
8.165618497878313065e-02
1.011192624767621312e-01
1.023487846056620326e-01
1.268920547639330321e-01
1.023921603336930275e-01
1.313002988075216704e-01
7.860246890534956787e-02
1.068908538048466000e-01
7.714459237953026627e-02
8.271751087158918381e-02
7.881634278843800689e-02
1.001018028085430417e-01
8.038020102928082611e-02
1.020132228732109070e-01
7.960524472097556259e-02
1.031188219785690308e-01
1.279379601279894418e-01
1.039007355769475255e-01
8.111912757158279419e-02
7.988333919396002625e-02
8.219716480622689392e-02
8.189970906823873520e-02
8.079989595959584381e-02
7.959087751805782318e-02
1.028595492243766785e-01
1.277267606928944588e-01
8.296539075672626495e-02
1.254351272558172636e-01
1.055328970154126439e-01
8.032190054655075073e-02
1.043251426890492439e-01
1.025325506925582886e-01
8.160414546728134155e-02
8.388463066269953583e-02
1.044541498025258336e-01
7.922469017406304215e-02
7.984144302705924179e-02
8.255542411158482696e-02
1.060948570569356236e-01
1.260034224639336176e-01
1.048811549941698756e-01
1.486565346519152231e-01
8.293746163447697495e-02
1.040639849379658699e-01
8.274811568359534408e-02
8.315841108560562134e-02
8.116496944179137085e-02
1.065266933292150497e-01
8.475063368678092957e-02
1.020502547423044887e-01
9.966636759539444779e-02
1.231956528499722481e-01
1.054686630765597072e-01
7.895478854576747085e-02
7.696538418531417847e-02
7.793415679285924103e-02
8.126034153004486893e-02
1.019462337717413902e-01
8.132284848640362884e-02
1.235442087054252625e-01
1.216934820016225133e-01
8.041944106419880722e-02
1.029283488169312477e-01
7.990680976460377838e-02
1.244921988497177806e-01
8.058330044150352478e-02
1.063526791209975925e-01
1.243279722208778110e-01
7.835309548924367096e-02
1.256866948679089546e-01
8.263753199328978394e-02
8.425051532685756683e-02
1.070651020854711533e-01
7.860595950235922669e-02
9.706433614095051621e-02
1.004503518342971802e-01
1.247890119751294408e-01
8.429964321355025436e-02
1.048615152637163844e-01
8.331866127749283646e-02
8.361932262778282166e-02
1.056201507647832188e-01
7.991061949481566284e-02
1.244833633924524036e-01
1.027572080492973328e-01
1.031407018502553258e-01
1.029719586173693385e-01
1.101395785808563232e-01
1.065729359785715785e-01
1.051923930644989014e-01
1.033427789807319641e-01
1.017136573791503906e-01
9.929192314545313980e-02
1.033899262547492981e-01
8.093654767920573090e-02
1.021187740067640987e-01
1.026620914538701329e-01
1.282596712311109000e-01
8.115478046238422394e-02
8.210263773798942566e-02
8.038664143532514572e-02
1.021589785814285278e-01
8.279575780034065247e-02
8.137695367137591507e-02
8.027507209529478882e-02
8.078097955634196137e-02
8.541748051842053269e-02
8.571047553171713684e-02
1.038136581579844203e-01
7.811409281566739082e-02
1.021414076288541112e-01
8.369522790114085342e-02
7.796105245749156143e-02
9.855550155043601990e-02
8.177503695090611313e-02
8.401840769996245240e-02
8.063663852711518143e-02
9.974528104066848755e-02
8.047753230979044770e-02
1.029142811894416809e-01
1.062243984391291890e-01
1.079352026184399876e-01
8.245184210439522599e-02
8.192578765253226425e-02
1.041957403843601498e-01
7.739538419991731644e-02
7.928796748941142891e-02
8.252144480744998123e-02
8.274874060104291107e-02
7.971075146148602630e-02
8.006844886889059876e-02
1.022919416427612305e-01
8.188696764409542084e-02
1.028424873948097229e-01
1.046336184566219601e-01
8.146386034786701202e-02
8.145622195055086945e-02
1.237566477308670726e-01
8.154991765817005966e-02
1.257288710524638586e-01
8.141412151356537674e-02
1.032593026757240295e-01
1.048102875550587926e-01
1.040394902229309082e-01
8.107524489363034104e-02
8.099571553369362686e-02
1.033490961417555809e-01
1.473417760183413916e-01
1.042555098732312474e-01
8.146636001765727997e-02
1.267646898825963431e-01
1.257052964841326170e-01
8.276906081785757874e-02
1.030614798267682347e-01
7.995560827354590561e-02
1.238057728235920224e-01
7.983914607514937256e-02
1.279312437400221825e-01
8.202202307681243088e-02
8.240659472843010758e-02
8.171914145350456238e-02
1.041347210605939183e-01
1.019336140404144969e-01
1.018409157792727199e-01
1.010975772514939308e-01
1.015697345137596130e-01
1.037614122033119202e-01
1.259833791603644781e-01
1.046172849213083539e-01
1.269538570195436478e-01
8.321921993046998978e-02
8.270863102128107880e-02
1.052280912796656337e-01
1.045679996411005702e-01
8.189734288801749085e-02
1.037852913141250610e-01
8.122597324351470138e-02
8.042071573436260223e-02
1.005133539438247681e-01
8.041543699800968170e-02
8.438204166789849137e-02
1.037030282119909969e-01
8.068861470868189667e-02
1.044775446256001744e-01
7.927408193548519943e-02
7.973699116458494995e-02
8.002700190991163254e-02
1.034786390761534419e-01
7.863273223241169785e-02
1.028403080999851227e-01
1.019160694753130231e-01
1.036985994627078328e-01
1.032106221343080249e-01
8.426116655270259048e-02
8.103494377185900543e-02
8.169956691563129425e-02
1.049712362388769832e-01
1.025347380588452068e-01
8.229561957220236923e-02
1.040188958868384361e-01
8.157521424194176529e-02
8.040807613482077454e-02
1.281189726044734412e-01
1.276451833546161652e-01
1.044062897562980652e-01
1.055430024862289429e-01
1.046444475650787354e-01
8.194021849582593109e-02
8.237656050672133301e-02
1.049397066235542297e-01
1.022209745521346774e-01
8.231779001653194427e-02
8.084479967753092911e-02
8.200267453988392685e-02
1.267447484036286764e-01
1.045630586644013676e-01
8.044194585333268310e-02
7.968589818725983764e-02
8.033970091491937637e-02
1.016201525926589966e-01
1.015042876824736595e-01
1.022753367821375575e-01
8.145230573912461136e-02
1.036895662546157837e-01
1.045019229253133092e-01
8.136455869923035766e-02
1.035002128531535420e-01
8.017113618552684784e-02
1.024156585335731506e-01
1.269324642295638628e-01
1.037744755546251979e-01
8.020533217738072540e-02
1.027469411492347717e-01
8.264267320434252884e-02
1.026902770002682957e-01
8.230542826155821945e-02
1.040936292459567342e-01
1.051010371496279988e-01
8.069626086701948975e-02
7.994354516267776489e-02
8.318921116491158341e-02
1.037053416172663417e-01
8.017125446349382401e-02
1.025751506288846288e-01
8.063901526232560013e-02
8.267105867465336655e-02
8.022422933330138062e-02
8.138969416419665481e-02
8.159128731737534668e-02
8.257042244076728821e-02
7.992706416795651581e-02
1.037334476908047948e-01
8.164994635929663513e-02
1.038657541697223935e-01
8.038007871558268402e-02
1.261939744775494032e-01
1.045497879385948181e-01
8.135987073183059692e-02
1.239634798839688301e-01
8.144526928663253784e-02
1.054797619581222534e-01
8.282389119267463684e-02
8.015057196219761704e-02
8.165327801058690216e-02
1.268009965618451529e-01
1.032025044163068089e-01
1.038576684271295819e-01
8.096077168981234695e-02
1.039182137077053342e-01
8.107031074663002823e-02
1.031872083743413243e-01
1.041647344827651978e-01
8.226420295735199784e-02
1.038246999184290614e-01
7.982960560669501160e-02
1.018309472128748894e-01
1.256327765683332987e-01
1.040933082501093593e-01
1.038762529691060338e-01
1.031824251015980992e-01
1.031676878531773839e-01
1.033690646290779114e-01
8.202646983166535233e-02
8.102809793005387451e-02
7.962813538809616898e-02
1.056560402115186009e-01
8.090305949250857498e-02
7.746918002764384414e-02
8.303763220707575943e-02
1.260552760213613510e-01
1.046087245146433559e-01
8.109441616882880066e-02
8.162793206671874191e-02
8.079181083788473938e-02
8.090025496979554032e-02
1.029353663325309753e-01
1.038497618089119640e-01
1.039116429165005684e-01
8.159186163296301697e-02
1.048535928130149841e-01
8.439834664265315201e-02
1.041208182772000584e-01
8.018075178066889908e-02
1.255792441467444009e-01
1.046052475770314488e-01
8.181429064522187378e-02
8.045077044516801834e-02
1.270566402624050684e-01
8.115555408100287582e-02
1.024387131134669032e-01
1.259951787069439888e-01
8.078118103245894577e-02
8.138986583799123764e-02
1.051346386472384181e-01
8.057500856618086960e-02
1.249640565365552902e-01
1.032831212505698204e-01
1.043792565663655553e-01
1.034728707745671272e-01
1.030743280425667763e-01
8.332856620351473953e-02
1.036776254574457851e-01
1.040840869148572240e-01
1.043181767066319737e-01
8.084205010284979676e-02
1.046516581748922620e-01
1.029248557363947186e-01
8.268011050919692184e-02
1.038871283332506862e-01
8.008326807369788025e-02
1.276128844668467932e-01
8.126959204673767090e-02
1.031539595375458446e-01
8.130508133520682190e-02
8.155002507070700790e-02
8.053292799741029739e-02
8.126475972433884476e-02
8.092622489978869293e-02
8.048223362614710663e-02
8.211385676016409729e-02
1.031927994141976085e-01
8.326302468776702881e-02
1.260783759256204062e-01
1.029104888439178467e-01
1.036710770179827962e-01
8.066029412051041458e-02
1.035447567701339722e-01
1.032614841436346326e-01
8.084710532178480957e-02
1.042920853942632675e-01
1.259612472107013159e-01
8.122292471428711746e-02
8.118664287030696869e-02
1.052786906560261998e-01
8.064267039299011230e-02
8.133387845009565353e-02
8.072381094098091125e-02
1.042639464139938354e-01
1.027011405676603317e-01
1.034029855703314099e-01
1.038988673438628468e-01
1.031446556250254359e-01
1.044127472365895953e-01
8.153049709896247055e-02
1.042363305265704837e-01
8.137250443299610947e-02
8.247310047348339890e-02
1.032461967940131869e-01
7.970964908599853516e-02
1.035036932056148801e-01
8.191128789136807586e-02
8.206002910931904648e-02
1.262207568312684602e-01
1.036614676316579137e-01
8.181757790346939896e-02
1.252719486753145761e-01
8.172075760861237381e-02
1.038624594608942714e-01
8.181389359136422013e-02
1.030804614226023402e-01
1.045414786785840988e-01
1.027690197030703273e-01
1.035651639103889465e-01
1.049185693264007568e-01
1.256460029010971480e-01
1.270653863127032823e-01
1.030599574247996059e-01
1.036928594112396240e-01
8.216735223929087784e-02
1.038497115174929347e-01
1.031786709402998242e-01
1.266551663478215628e-01
8.022081727782885696e-02
1.041746173674861636e-01
1.038020458072423935e-01
8.087502978742122650e-02
8.048799106230337952e-02
8.224994906534750794e-02
8.022537641227245331e-02
1.062317043542861938e-01
1.249436885118484497e-01
8.195780403912067413e-02
1.048439408962925229e-01
1.027390932043393407e-01
1.483770074943701334e-01
1.034551287690798488e-01
1.039894766484697614e-01
1.052298396825790405e-01
8.155404465893904831e-02
8.004190151890118454e-02
8.046701612571875717e-02
8.042247562358777191e-02
1.259038535257180624e-01
8.140604974081118439e-02
1.035369411110877991e-01
8.072601569195587967e-02
8.159404744704563950e-02
1.254915588845809393e-01
1.031382208069165501e-01
8.161755092442035675e-02
8.196564763784408569e-02
1.269595623016357422e-01
8.171821323533852433e-02
8.115834463387727737e-02
1.262905703236659460e-01
8.187681374450524185e-02
8.111363369971513748e-02
1.035762174675862041e-01
8.181875136991341446e-02
1.034132363274693489e-01
8.108544411758582260e-02
8.079944457858800888e-02
8.075944085915882920e-02
1.037344634532928467e-01
1.035790368914604187e-01
1.036561106642087254e-01
8.048771539082129334e-02
1.030581593513488770e-01
8.085925349344809387e-02
1.030955839281280789e-01
8.113926990578572418e-02
8.203067320088545944e-02
8.137043286114931107e-02
1.033383682370185852e-01
8.146087670077879761e-02
1.033906154334545135e-01
8.050789839277665283e-02
1.043439085284868922e-01
8.060304572184880112e-02
8.217980153858661652e-02
1.037619138757387843e-01
8.059420840193827484e-02
1.266882851098974638e-01
1.032086734970410619e-01
8.195621520280838013e-02
8.182772373159725998e-02
8.112178246180216934e-02
8.034431965400774811e-02
1.036239191889762878e-01
8.179244771599769592e-02
8.130779210478067398e-02
8.069195846716563369e-02
1.042974541584650722e-01
1.030339573820431981e-01
1.048322403803467751e-01
8.097487098226945068e-02
8.168521927048762177e-02
8.127083039532105591e-02
1.049752856294314113e-01
8.213729225099086761e-02
8.167549657324950363e-02
1.041602138429880142e-01
8.147790624449650909e-02
8.081945870071649551e-02
8.089362146953742172e-02
8.178110700100660324e-02
8.172486443072557449e-02
1.035294017444054332e-01
1.265381310756007738e-01
8.098470823218424652e-02
1.035235101977984157e-01
8.185169597466786240e-02
1.041224772731463161e-01
1.036198511719703674e-01
8.143314191450674866e-02
8.052281383424997330e-02
1.038177187244097438e-01
1.032557959357897487e-01
1.049486398696899414e-01
8.205181236068408157e-02
1.261566927035649710e-01
8.111817575991153717e-02
8.162097850193579529e-02
1.034991915027300563e-01
1.043608213464419093e-01
1.034039184451103210e-01
8.158697125812371109e-02
1.045830448468526158e-01
1.042929689089457240e-01
8.043615923573572968e-02
1.040610621372858730e-01
8.086897060275077820e-02
1.263245763257145882e-01
1.039353162050247192e-01
8.121098050226767395e-02
7.993132465829451416e-02
1.047593876719474792e-01
1.035772723456223759e-01
8.201399073004722595e-02
8.086649638911087845e-02
1.030139417077104297e-01
8.072213859607775543e-02
1.034596686561902318e-01
8.223957754671573639e-02
8.096316177397966385e-02
8.060028621306021546e-02
1.257993675147493773e-01
8.109081257134675980e-02
1.042813708384831700e-01
1.038914198676745143e-01
8.150487858802080154e-02
1.039856368054946217e-01
