1.159039179484049553e+00
1.291345834732055664e+00
1.091133157412211174e+00
9.871626297632852820e-01
9.976502259572347375e-01
8.815823197364807129e-01
9.240187406539916992e-01
8.531301816304525110e-01
7.322327295939127234e-01
1.319960951805114746e+00
9.716683824857076379e-01
7.762394944826761511e-01
1.010207355022430420e+00
7.177991271018981934e-01
7.821559906005859375e-01
7.132219672203063965e-01
6.558528145154317590e-01
7.492633263270059851e-01
7.118538618087768555e-01
7.701075275739034387e-01
7.739873131116231653e-01
6.124970118204752234e-01
5.808632771174112586e-01
7.034861048062642785e-01
9.628633658091226843e-01
6.875380674997965125e-01
7.327783107757568359e-01
7.900939981142679480e-01
6.807392636934915808e-01
7.042931715647379187e-01
6.761124730110168457e-01
6.015255053838094446e-01
7.847795486450195312e-01
9.810070594151815149e-01
6.806369423866271973e-01
5.530335704485574988e-01
5.930602053801218299e-01
4.801942706108093262e-01
7.339867552121480676e-01
6.809039513270059851e-01
5.263918042182922363e-01
5.321840743223825720e-01
4.141211807727813721e-01
4.124503135681152344e-01
7.080204685529073450e-01
6.424262126286824914e-01
8.177152077356973914e-01
8.761225740114847449e-01
7.339900334676107141e-01
5.627137819925943640e-01
4.005991419156392230e-01
4.742059806982676373e-01
6.603012283643087121e-01
3.772535920143127441e-01
4.202420115470886230e-01
5.008677144845327112e-01
4.776298900445302142e-01
5.176167686780294153e-01
5.660571753978729248e-01
7.027656435966491699e-01
5.996143221855163574e-01
7.617424527804056433e-01
4.013797144095103131e-01
5.552981197834014893e-01
6.286702553431192664e-01
4.737522006034851074e-01
5.782528320948282508e-01
5.873198111852010461e-01
4.777422944704691754e-01
3.797797958056132184e-01
4.149662454922993793e-01
5.344861944516500207e-01
5.080764691034952429e-01
4.485596517721812115e-01
5.945012569427490234e-01
6.645478705565134314e-01
3.657967448234558105e-01
3.811093270778656006e-01
2.758439232905705585e-01
4.087375601132710590e-01
6.462055444717407227e-01
8.100186983744303015e-01
5.496807197729746131e-01
4.591003259023030414e-01
6.011027097702026367e-01
5.433798233668009070e-01
5.903671085834503174e-01
4.137131869792938232e-01
3.693876465161641254e-01
5.524238348007202148e-01
6.295124093691507605e-01
6.214733918507894250e-01
6.484024922053018836e-01
3.773500621318817139e-01
5.541551709175109863e-01
4.613047639528910504e-01
4.112546940644581928e-01
4.805726210276285992e-01
7.374722361564636230e-01
6.992892026901245117e-01
4.486555357774098529e-01
3.293315172195434570e-01
3.446542024612426758e-01
3.927385509014129639e-01
3.326586286226908551e-01
3.228978315989176617e-01
4.759386479854583740e-01
3.660975098609924316e-01
2.983976701895396100e-01
3.003622690836588727e-01
2.583352675040562763e-01
6.019695798556009558e-01
5.254623492558797571e-01
4.108433524767557965e-01
3.275387088457743512e-01
3.635518749554951801e-01
2.489243199427922659e-01
3.374685148398081647e-01
3.056909392277399884e-01
3.006041745344797955e-01
2.424154827992121286e-01
4.103026886781056537e-01
5.918579300244649621e-01
6.184398929278055457e-01
3.360128154357274188e-01
3.177904387315114154e-01
3.157914280891418457e-01
2.993958145380020142e-01
3.174731334050496234e-01
2.424636185169219971e-01
2.324995299180348807e-01
2.989803204933802472e-01
3.782403270403544293e-01
2.987464467684428082e-01
2.471071183681488037e-01
2.549126197894414081e-01
6.674323081970214844e-01
6.517791549364725379e-01
3.340317904949188232e-01
3.591918647289276123e-01
3.271282315254211426e-01
2.850711792707443237e-01
3.132089575131734027e-01
4.376625816027323590e-01
3.240852256615956439e-01
3.870340387026469098e-01
3.033577700455983295e-01
3.110997478167216168e-01
4.141569236914316998e-01
2.618288695812225342e-01
3.395037651062011719e-01
2.503399401903152466e-01
4.080788592497507916e-01
2.562263160943984985e-01
3.360998928546905518e-01
2.670447677373886108e-01
6.041449904441833496e-01
4.034233887990315570e-01
4.095311462879180908e-01
2.839664022127787457e-01
4.999635318915049420e-01
3.134337961673736572e-01
3.431407113869984760e-01
3.723938961823781146e-01
6.739691694577535364e-01
2.844646920760472431e-01
3.102725744247436523e-01
4.883685111999511719e-01
2.684432417154312134e-01
4.566085835297902240e-01
3.147594531377156390e-01
3.213508725166320801e-01
3.590457240740458356e-01
2.656325747569401874e-01
3.306597173213958740e-01
4.758708377679188861e-01
3.198314408461253033e-01
3.338719109694163190e-01
2.689329038063685284e-01
2.603288342555363788e-01
4.526151617368062152e-01
3.441950877507527484e-01
2.269513408342997141e-01
2.818777710199356079e-01
2.598956773678461896e-01
3.830363551775614606e-01
2.249825348456700735e-01
3.298429995775222778e-01
3.955180446306864606e-01
5.825409094492594031e-01
4.318205316861470355e-01
2.400949349006017142e-01
3.076971769332885742e-01
2.986844380696614398e-01
2.196790128946304321e-01
3.352039655049641742e-01
3.465037643909454346e-01
3.319631814956665039e-01
2.775737742582957135e-01
2.079414476950963431e-01
2.385886659224828177e-01
2.995224942763646259e-01
2.785142958164215088e-01
3.018745481967926025e-01
3.061913748582203998e-01
3.496795097986857281e-01
2.920043170452117920e-01
2.819945861895878925e-01
2.997899502515792847e-01
2.435705264409383231e-01
2.699210743109385358e-01
3.018713891506195068e-01
3.502262930075327740e-01
2.310740003983179636e-01
2.729449172814686908e-01
3.974461754163106098e-01
2.910749564568201886e-01
3.219854732354481830e-01
2.770648896694183350e-01
3.185638785362243652e-01
3.385006288687388287e-01
2.294135739405950003e-01
1.976880331834157400e-01
2.699650476376215802e-01
2.291144480307897024e-01
2.411011904478073120e-01
2.639897664388020648e-01
2.829162627458572388e-01
3.653912941614786969e-01
5.943390031655629846e-01
4.153241415818532123e-01
3.198939760526021137e-01
2.987709740797678815e-01
2.440305749575296945e-01
2.700375020503997803e-01
3.021584848562876569e-01
3.168809463580449237e-01
2.830270926157633649e-01
1.846494128306706839e-01
2.435117115577062064e-01
2.428047408660252982e-01
2.452049404382705688e-01
2.021244714657465524e-01
4.105586310227711810e-01
2.812585482994715558e-01
2.555548300345738544e-01
2.640382796525955200e-01
2.198069045941034860e-01
3.802696665128071918e-01
3.105911413828532086e-01
2.606639166673024310e-01
3.049268623193104877e-01
2.912614146868388043e-01
2.865050832430521832e-01
1.971923708915710449e-01
3.149832785129547119e-01
3.101253112157185687e-01
2.814287344614664899e-01
2.503908822933832989e-01
2.326475679874420166e-01
2.971469759941101074e-01
2.605608503023783551e-01
2.491227785746256418e-01
3.007492919762929096e-01
2.843315899372100830e-01
3.304790655771891461e-01
3.245403667291005267e-01
3.134683569272359027e-01
2.654159118731816425e-01
2.871997157732645856e-01
2.577808250983555927e-01
2.913283159335454120e-01
2.403548757235209055e-01
2.935213198264439716e-01
2.294252514839172363e-01
2.915827333927154541e-01
2.995700637499491559e-01
2.920359075069427490e-01
2.920927355686823712e-01
3.100721041361491070e-01
3.016036500533421649e-01
2.025452405214309692e-01
3.039886653423309326e-01
2.191104392210642404e-01
2.726732889811198102e-01
2.625752935806910382e-01
4.257563749949137555e-01
2.319698582092920847e-01
2.598530451456705914e-01
3.255157272020975934e-01
3.002398759126663208e-01
2.660596867402394428e-01
2.471389571825663156e-01
2.098559141159057617e-01
2.419793109099070139e-01
3.347648779551188336e-01
3.806353906790415631e-01
1.785219758749008179e-01
2.280684113502502441e-01
2.701401859521865845e-01
2.580065280199050903e-01
2.725600848595301495e-01
2.652297814687092914e-01
2.259350518385569162e-01
2.711362540721893311e-01
2.945440610249837055e-01
2.323420345783233643e-01
2.562125523885090961e-01
2.685648103555043353e-01
2.853958060344060077e-01
2.658765614032745361e-01
2.639973660310109271e-01
2.543178151051203595e-01
3.439000546932220459e-01
1.808161213994026184e-01
2.909628103176752911e-01
2.396123508612314768e-01
3.117548276980717792e-01
2.304409344991048270e-01
2.762638082106907977e-01
2.344902505477269583e-01
2.452942480643590384e-01
2.666495243708292828e-01
2.730401804049809589e-01
2.612248708804448261e-01
2.803131888310114728e-01
2.616646438837051392e-01
2.123604516188303537e-01
2.566325217485427856e-01
2.832589844862620221e-01
2.341874986886978149e-01
2.520657380421956195e-01
2.716384977102279663e-01
2.443343549966812134e-01
2.632588297128677368e-01
2.121661255757013864e-01
2.463666448990503854e-01
2.330911209185918265e-01
2.607896079619725360e-01
2.689784417549769269e-01
3.595879276593526019e-01
1.855171422163645334e-01
1.937413016955057687e-01
3.450429638226826801e-01
2.221447428067525320e-01
1.954045320550600595e-01
2.382790694634119577e-01
2.712769458691279278e-01
2.486610958973566599e-01
2.431607097387313843e-01
2.511569311221440448e-01
2.890210350354512348e-01
2.390252749125162668e-01
2.569488833347956525e-01
2.250149796406427927e-01
2.079840401808420725e-01
2.503157605727513446e-01
2.030855069557825632e-01
2.726012667020161762e-01
2.099654525518417358e-01
2.661735018094380512e-01
2.904541691144307269e-01
2.641554474830627441e-01
2.423448959986368723e-01
2.206112941106160574e-01
2.471593668063481741e-01
2.110498944918314523e-01
3.120553493499755859e-01
2.972665727138519287e-01
2.066643983125686646e-01
1.937567790349324637e-01
3.110521535078684674e-01
2.241183022658030100e-01
2.159170160690943308e-01
2.685262759526570453e-01
2.371063232421875000e-01
2.822421044111251831e-01
2.541761398315429688e-01
2.691447933514912738e-01
2.612484643856684552e-01
2.363673547903696603e-01
2.358273218075434274e-01
2.660491863886515485e-01
2.789459129174550189e-01
2.507907102505366193e-01
2.925504446029663086e-01
2.682570765415827618e-01
2.362608214219411307e-01
2.691473364830017090e-01
2.852502266565958844e-01
2.281545251607894897e-01
2.315842161575953073e-01
2.142017086346944266e-01
2.291925797859827585e-01
3.138405879338582172e-01
2.180248598257700510e-01
2.147699991861979074e-01
2.585449665784835815e-01
2.600714067618052350e-01
2.548774580160776959e-01
2.298254022995630808e-01
2.460585186878840036e-01
2.468662708997726440e-01
2.585869878530502319e-01
2.065147409836451120e-01
2.442820519208908081e-01
2.467206070820490427e-01
2.089662551879882812e-01
2.433148473501205444e-01
2.391583025455474854e-01
2.461348126331965036e-01
2.513870646556218280e-01
2.206747730573018484e-01
2.318727920452753610e-01
2.367218434810638428e-01
2.468215773502985544e-01
2.433747400840123587e-01
2.534851928551991596e-01
2.371973345677057809e-01
2.122535308202107840e-01
2.661537279685338153e-01
2.185508757829666138e-01
2.562621533870697021e-01
2.409372876087824411e-01
2.720354447762171612e-01
2.562498897314071655e-01
2.562871277332305908e-01
1.973813027143478394e-01
2.978571454683939801e-01
2.175242602825164795e-01
2.343967755635579520e-01
2.304032196601231985e-01
2.343514810005823679e-01
2.317882527907689505e-01
2.703596850236256732e-01
2.547340542078018188e-01
2.501354465881983624e-01
2.715262273947398053e-01
2.169878681500752859e-01
2.123514860868453979e-01
2.977669735749562396e-01
2.802948852380116596e-01
2.224988589684168405e-01
2.269892295201619559e-01
2.418423791726430350e-01
2.273577004671096802e-01
1.642299940188725882e-01
2.304268578688303537e-01
2.697852700948715210e-01
2.125135262807210379e-01
2.583942214647929059e-01
2.878577560186386108e-01
2.207488417625427246e-01
1.954738795757293701e-01
2.085362623135248727e-01
2.212211241324742728e-01
2.480308661858240671e-01
2.292567292849222726e-01
2.886485854784647809e-01
2.798022578159968243e-01
1.890182147423426218e-01
2.179462114969889230e-01
2.939841250578562604e-01
2.727765490611394061e-01
2.505304167668024884e-01
2.383776257435480661e-01
2.803827325503031598e-01
2.129538357257843018e-01
2.449104438225428171e-01
2.718397974967956543e-01
2.141344745953877859e-01
2.561621367931365967e-01
2.524947623411814557e-01
2.609586914380391254e-01
2.364821583032608032e-01
2.372835526863733835e-01
2.542799860239028931e-01
1.900763263305028372e-01
2.388786921898523874e-01
2.260395387808481760e-01
2.428109894196192331e-01
2.755613774061203003e-01
2.489686409632364816e-01
2.900954534610112323e-01
2.112255295117696219e-01
2.705321162939071655e-01
2.004369994004567557e-01
2.484317620595296316e-01
2.156617939472198486e-01
2.264656573534011841e-01
2.397313614686330252e-01
2.440898865461349487e-01
2.222269475460052490e-01
2.456618299086888724e-01
2.714313318332036151e-01
2.512779583533604755e-01
2.320151130358378000e-01
2.200153668721517020e-01
2.379873245954513550e-01
2.377483795086542673e-01
2.294310927391052246e-01
2.221277058124542236e-01
2.373630106449127197e-01
2.674584984779357910e-01
2.427008400360743112e-01
2.606028566757838116e-01
2.561791340510050641e-01
2.274250090122222900e-01
2.415079126755396433e-01
2.393399477005004883e-01
2.349578887224197388e-01
2.450897445281346732e-01
2.475145707527796335e-01
2.227048526207605905e-01
2.187178383270899362e-01
2.387436578671137399e-01
2.593914071718851910e-01
2.612605392932891846e-01
2.705402423938115253e-01
2.819376786549885883e-01
2.404151856899261475e-01
2.634770174821217670e-01
2.401455094416936331e-01
2.395866463581720895e-01
2.347557793060938425e-01
2.626959929863612042e-01
2.526504496733347760e-01
2.495033095280329294e-01
2.203909705082575388e-01
2.408882379531860352e-01
2.514276156822840558e-01
2.193641513586044312e-01
2.024314651886622018e-01
2.074233045180638724e-01
2.318260173002878732e-01
2.351840883493423462e-01
2.340629001458486014e-01
2.420548399289449149e-01
2.291413843631744385e-01
2.214805930852890015e-01
2.380673338969548636e-01
2.232335607210794992e-01
2.525120824575424194e-01
2.278375873963038034e-01
2.527115096648533954e-01
2.450450360774993896e-01
2.109895547231038504e-01
2.562384009361267090e-01
2.413173019886016846e-01
2.450485378503799438e-01
2.636944005886713849e-01
2.089166541894277029e-01
1.973884900410970145e-01
2.231105615695317679e-01
2.555724481741587506e-01
2.454851369063059396e-01
2.509976923465728760e-01
2.424396326144536429e-01
2.513933082421620502e-01
2.563924193382263184e-01
2.269943008820215768e-01
2.463817199071248465e-01
2.373838275671005249e-01
2.394456714391708374e-01
2.457194874684015817e-01
2.820843259493510113e-01
2.655482490857442035e-01
2.544373969237009869e-01
2.429566780726114816e-01
2.332679132620493478e-01
2.205861707528432303e-01
2.432753990093866892e-01
2.278324812650680542e-01
2.314068377017974854e-01
2.348007609446843558e-01
2.701468418041865216e-01
2.359798202912012643e-01
2.402471353610356741e-01
2.286387830972671509e-01
2.366342097520828247e-01
2.427510470151901245e-01
2.359025428692499704e-01
2.246039211750030518e-01
2.257137944300969534e-01
2.533202966054280414e-01
2.632165501515070782e-01
2.525080094734827862e-01
2.137061854203542166e-01
2.309657434622446603e-01
2.460305591424306326e-01
2.084819773832956857e-01
2.107684165239334106e-01
2.335344851016998291e-01
2.516732960939407349e-01
2.226964135964711600e-01
2.142958492040634155e-01
2.261584848165512085e-01
2.415880213181177683e-01
2.617386033137639179e-01
2.746218492587407245e-01
2.338237166404724121e-01
2.353786577781041556e-01
2.458070317904154367e-01
2.031085292498270578e-01
2.137897560993830270e-01
2.380701055129369192e-01
2.401260932286580496e-01
2.228500445683797293e-01
2.229856302340825491e-01
2.304026385148366385e-01
2.319845507542292184e-01
2.414002666870752878e-01
2.490162601073583060e-01
2.312572002410888672e-01
2.284572174151738577e-01
2.432056019703547067e-01
2.323541939258575439e-01
2.575772255659103394e-01
2.317848801612854004e-01
2.420266220966974802e-01
2.486248215039571219e-01
2.458093613386154175e-01
2.299869954586029053e-01
2.263179570436477661e-01
2.421327829360961914e-01
2.661255051692326679e-01
2.481731027364730835e-01
2.315922727187474661e-01
2.675235718488693237e-01
2.549262841542561664e-01
2.467247347036997385e-01
2.425482372442881174e-01
2.232817262411117554e-01
2.431495189666748047e-01
2.217342207829157419e-01
2.655844340721766339e-01
2.365580201148986816e-01
2.352267305056253976e-01
2.299689650535583496e-01
2.465771734714508057e-01
2.327735076347986765e-01
2.325368026892344064e-01
2.229656825462976999e-01
2.275280157725016184e-01
2.418146133422851562e-01
2.563739667336146222e-01
2.539245188236236572e-01
2.621342142422993793e-01
2.474347402652104788e-01
2.483957856893539429e-01
2.566613505283991681e-01
2.460749298334121704e-01
2.380163520574569702e-01
2.473842700322469168e-01
2.282072206338246756e-01
2.229025761286417551e-01
2.274029751618703299e-01
2.249660988648732596e-01
2.458378573258717947e-01
2.461535632610321045e-01
2.305189222097396851e-01
2.449046572049458914e-01
2.189276963472366333e-01
2.151207228501637869e-01
2.199865231911341257e-01
2.414043098688125610e-01
2.114480584859848022e-01
2.389975090821584158e-01
2.330768605073293143e-01
2.451234012842178345e-01
2.446322143077850342e-01
2.451719443003336496e-01
2.332202643156051636e-01
2.330307265122731619e-01
2.529694586992263794e-01
2.366688748200734549e-01
2.355912178754806519e-01
2.447907328605651855e-01
2.276921123266220093e-01
2.285205523173014230e-01
2.715530097484588623e-01
2.688521991173426495e-01
2.474781225124994821e-01
2.663681010405222760e-01
2.552155951658884869e-01
2.355487793684005737e-01
2.381208588679631644e-01
2.498424053192138672e-01
2.361961205800374441e-01
2.350988884766896658e-01
2.264009714126586914e-01
2.330278356870015555e-01
2.583647916714350568e-01
2.492290735244750977e-01
2.238149891297022409e-01
2.232463012139002390e-01
2.219961235920588083e-01
2.287843674421310425e-01
2.288938065369924002e-01
2.343037029107411795e-01
2.293531994024912424e-01
2.465800394614537649e-01
2.429888149102528982e-01
2.318789909283320017e-01
2.398572911818822317e-01
2.255123505989710397e-01
2.368466407060623169e-01
2.583381732304890765e-01
2.440733760595321655e-01
2.243002206087112427e-01
2.354528953631719046e-01
2.370236714680989676e-01
2.368510166803995676e-01
2.376745641231536865e-01
2.445724060138066702e-01
2.523013154665629254e-01
2.242415448029836111e-01
2.240280310312906809e-01
2.424884438514709473e-01
2.397030989329020090e-01
2.255129963159561157e-01
2.350961168607076102e-01
2.246747414271036691e-01
2.392389923334121704e-01
2.252201785643895560e-01
2.299174666404724121e-01
2.351646224657694406e-01
2.370335310697555542e-01
2.212498684724172049e-01
2.457515348990758353e-01
2.350722452004750662e-01
2.424404472112655640e-01
2.258846064408620291e-01
2.576009382804234638e-01
2.486556619405746460e-01
2.304682334264119559e-01
2.449143777290979929e-01
2.289374172687530518e-01
2.539723167816798077e-01
2.361580034097035818e-01
2.198184231917063303e-01
2.315533310174942017e-01
2.605899920066197528e-01
2.381476958592732840e-01
2.440400669972101755e-01
2.281194080909093314e-01
2.445569882790247507e-01
2.262746194998423166e-01
2.402679224809010916e-01
2.477931280930837088e-01
2.364152868588765555e-01
2.442376762628555298e-01
2.205760180950164795e-01
2.329903244972229004e-01
2.554426888624827252e-01
2.411916802326838083e-01
2.418565948804219656e-01
2.371463030576705933e-01
2.396947095791498727e-01
2.402138958374659128e-01
2.319503128528594971e-01
2.276277343432108469e-01
2.191247890392939157e-01
2.573883434136708392e-01
2.273188879092534476e-01
2.085080196460088187e-01
2.396406581004460745e-01
2.577114750941594257e-01
2.470751355091730661e-01
2.288806835810343332e-01
2.282273620367050171e-01
2.296883761882781982e-01
2.275281945864359445e-01
2.386387089888254709e-01
2.468424538771311350e-01
2.432950039704640799e-01
2.306476831436157227e-01
2.496312558650970459e-01
2.458370923995971680e-01
2.456195652484893799e-01
2.210563123226165771e-01
2.563885301351547241e-01
2.491934696833292551e-01
2.374048133691152029e-01
2.246371606985727853e-01
2.642414371172587262e-01
2.288090487321217947e-01
2.354816794395446777e-01
2.538723945617675781e-01
2.242183933655420847e-01
2.298360168933868408e-01
2.503489752610524310e-01
2.258560856183370047e-01
2.497651080290476389e-01
2.399773349364598685e-01
2.477128803730010986e-01
2.414181282122929983e-01
2.421078979969024658e-01
2.444948752721150809e-01
2.440583805243174143e-01
2.436845451593399048e-01
2.477235347032546997e-01
2.259668558835983276e-01
2.477209170659383231e-01
2.372844368219375610e-01
2.372901638348897391e-01
2.444693098465601511e-01
2.246355960766474313e-01
2.621369808912277222e-01
2.273047169049580984e-01
2.394056022167205811e-01
2.281658997138341360e-01
2.306919097900390625e-01
2.252834041913350516e-01
2.289574295282363892e-01
2.297702878713607788e-01
2.240365644296010428e-01
2.351828614870707101e-01
2.380394289890924997e-01
2.374364286661148071e-01
2.553330759207407819e-01
2.416385610898335867e-01
2.429501662651697702e-01
2.284472088019053049e-01
2.446899215380350656e-01
2.432562063137690134e-01
2.255499859650929861e-01
2.475766688585281372e-01
2.587546110153198242e-01
2.284129609664281302e-01
2.303946514924367361e-01
2.491604735453923636e-01
2.259461979071299143e-01
2.332466145356496268e-01
2.255520224571228027e-01
2.483937342961629324e-01
2.376263688007990427e-01
2.407876551151275635e-01
2.459768007198969431e-01
2.375942915678024292e-01
2.465351223945617676e-01
2.309389313062032156e-01
2.449261943499247141e-01
2.337292830149332590e-01
2.349497228860855103e-01
2.402417014042536325e-01
2.208651304244995117e-01
2.436729421218236380e-01
2.306133508682250977e-01
2.335260361433029175e-01
2.570886562267939435e-01
2.397672484318415231e-01
2.323328157265981131e-01
2.495416055123011179e-01
2.343945354223251343e-01
2.421646912892659598e-01
2.283629328012466431e-01
2.395678162574768066e-01
2.475718011458714896e-01
2.388917257388432913e-01
2.405942579110463553e-01
2.527378698190053119e-01
2.515960385402043475e-01
2.607016166051228656e-01
2.401843667030334473e-01
2.445262124141057425e-01
2.316555778185526437e-01
2.442352722088495798e-01
2.377982785304387503e-01
2.624450226624806537e-01
2.236854682366053171e-01
2.435416380564371652e-01
2.447947313388188773e-01
2.283824384212493896e-01
2.253579397996266775e-01
2.389459311962127686e-01
2.190661827723185129e-01
2.556800196568171368e-01
2.486928055683771677e-01
2.313017845153808594e-01
2.498584588368733816e-01
2.388314306735992432e-01
2.712157368659973145e-01
2.404856036106745309e-01
2.423282017310460501e-01
2.536716361840565814e-01
2.291953812042872018e-01
2.254880418380101614e-01
2.292369107405344553e-01
2.252603272596994943e-01
2.533921102682749615e-01
2.315544088681538992e-01
2.422215094168981009e-01
2.259609401226043701e-01
2.301390568415323801e-01
2.576069335142771588e-01
2.400186359882354736e-01
2.304983188708623343e-01
2.344403564929962158e-01
2.589784810940424786e-01
2.311316629250844412e-01
2.299163788557052612e-01
2.585633595784505023e-01
2.301271110773086548e-01
2.290553649266560965e-01
2.426200161377588815e-01
2.323406587044397897e-01
2.416051626205444336e-01
2.297035406033197946e-01
2.273078014453252249e-01
2.290875216325124197e-01
2.420616497596105032e-01
2.443585246801376343e-01
2.408495644728342600e-01
2.288742065429687500e-01
2.429849008719126291e-01
2.295188109079996652e-01
2.406602650880813599e-01
2.311577697594960623e-01
2.300445040067037039e-01
2.329268852869669504e-01
2.409876336654027396e-01
2.318832327922185355e-01
2.404448240995407104e-01
2.254515389601389475e-01
2.473837782939275198e-01
2.243557920058568411e-01
2.344387769699096680e-01
2.447126557429631644e-01
2.271850605805715018e-01
2.578960756460825787e-01
2.419375727574030466e-01
2.318617850542068481e-01
2.301755497852961130e-01
2.295097460349400931e-01
2.233738402525583810e-01
2.440451135238011771e-01
2.297134945789972849e-01
2.312632997830708914e-01
2.269675383965174265e-01
2.453628828128179007e-01
2.392750332752863474e-01
2.486221740643183298e-01
2.270897577206293649e-01
2.320951918760935373e-01
2.303951183954874582e-01
2.487380703290303641e-01
2.343623489141464233e-01
2.307214140892028809e-01
2.438608358303705759e-01
2.294101665417353220e-01
2.269425392150878906e-01
2.291149447361628122e-01
2.300576120615005493e-01
2.307910472154617310e-01
2.421492089827855521e-01
2.574181407690048218e-01
2.272754361232121878e-01
2.408989220857620239e-01
2.314926336208979196e-01
2.442051619291305542e-01
2.422017653783162527e-01
2.317093710104624338e-01
2.293012887239456177e-01
2.436338911453882761e-01
2.395185232162475586e-01
2.477670560280481882e-01
2.299284934997558594e-01
2.555077324310938702e-01
2.275073081254959106e-01
2.300308644771575928e-01
2.426209648450215750e-01
2.427367965380350656e-01
2.416716068983078003e-01
2.291745195786158151e-01
2.464567472537358694e-01
2.442136406898498535e-01
2.274717241525650024e-01
2.436979562044143677e-01
2.302304804325103760e-01
2.579803317785263062e-01
2.429258128007253104e-01
2.295212546984354562e-01
2.243087093035379953e-01
2.489820122718811035e-01
2.383896460135777884e-01
2.322136412064234323e-01
2.292241056760152274e-01
2.405134886503219604e-01
2.284536908070246286e-01
2.416144410769144601e-01
2.337228457132975168e-01
2.301870981852213449e-01
2.272234757741292410e-01
2.553031742572784424e-01
2.259278893470764160e-01
2.471267630656560355e-01
2.445626109838485718e-01
2.316531340281168527e-01
2.411466240882873535e-01
