2.202029681205749601e+00
1.601632714271545410e+00
1.306621253490447998e+00
1.199888789653777987e+00
1.325268405675888106e+00
1.203305995464325040e+00
1.165559870004653886e+00
1.076316249370574907e+00
1.034424829483032271e+00
1.103569298982620239e+00
1.096813315153121859e+00
1.000646108388900668e+00
1.083985406160354659e+00
9.800987422466278520e-01
9.587301552295685036e-01
1.010865014791488603e+00
1.045932257175445468e+00
9.982851624488831010e-01
1.070885574817657560e+00
9.938115358352661577e-01
1.074300360679626420e+00
1.044713824987411499e+00
9.515364646911621538e-01
1.022750252485275180e+00
9.584672510623931663e-01
9.316855192184447798e-01
9.663694977760315385e-01
1.034168195724487260e+00
9.943460226058959961e-01
9.959927916526793990e-01
9.919815778732299361e-01
9.529642641544342485e-01
9.974946916103363259e-01
9.741684138774872048e-01
1.097325921058654785e+00
1.110861444473266513e+00
9.986810803413390669e-01
1.000973469018936246e+00
1.032121765613555953e+00
9.461138129234314409e-01
9.919376373291015625e-01
9.455983579158783181e-01
9.266992032527923140e-01
9.718034446239471880e-01
9.539067089557647927e-01
1.110887420177459672e+00
9.709235787391662376e-01
1.039066088199615434e+00
9.817386448383331743e-01
9.899485051631927712e-01
1.043748813867569014e+00
9.758258104324341042e-01
1.013460391759872348e+00
1.011859476566314697e+00
1.052718830108642534e+00
9.991080224514007346e-01
9.367231547832488570e-01
8.714339077472686990e-01
8.864475429058075173e-01
9.811984717845916304e-01
1.158916646242141635e+00
1.010843014717102140e+00
8.863641023635864258e-01
8.819756090641022173e-01
9.741987049579620139e-01
8.953889548778534158e-01
8.607072710990906206e-01
9.864754974842071533e-01
9.203434467315674272e-01
9.468388617038726585e-01
1.169997954368591220e+00
1.273129826784134000e+00
9.800555646419525369e-01
9.067205011844634566e-01
8.736831784248352273e-01
1.097057121992111250e+00
9.159352540969848411e-01
9.295001804828644243e-01
9.820102453231811523e-01
9.429084777832030806e-01
9.196193695068359819e-01
8.564392328262329102e-01
9.446601867675781250e-01
9.089372336864471880e-01
8.606338560581207053e-01
8.438673794269562212e-01
1.014661467075347989e+00
9.275000035762787087e-01
1.013114106655120805e+00
1.222331261634826749e+00
9.228153228759765625e-01
9.149458289146423784e-01
8.566279768943786399e-01
9.114460706710815208e-01
8.832326412200928178e-01
8.102473080158233421e-01
7.236490190029144509e-01
8.046451508998870850e-01
7.666665792465210405e-01
6.961916148662566917e-01
6.804327487945556197e-01
6.113626360893249512e-01
5.944875419139862283e-01
5.748500049114226851e-01
6.067479550838470459e-01
5.865551382303237915e-01
5.855198293924331887e-01
5.511754572391509566e-01
5.915598601102829424e-01
6.891323089599609153e-01
5.559202045202255027e-01
5.475377440452575684e-01
8.319249808788299339e-01
9.409915924072265181e-01
7.636816352605819702e-01
6.728032290935516135e-01
6.027346521615981612e-01
5.277155727148056252e-01
4.852263569831848367e-01
5.296495050191879495e-01
5.654325664043426958e-01
5.442804425954819170e-01
5.568399012088776079e-01
5.341695606708526389e-01
5.342710763216018677e-01
5.260502696037292480e-01
5.703636944293976052e-01
5.808055609464645164e-01
4.867757380008697621e-01
5.002277582883835061e-01
4.505041033029556496e-01
4.352946490049361961e-01
4.353065609931945912e-01
4.047431051731109619e-01
4.943256944417953602e-01
4.957981199026108010e-01
5.739966064691544023e-01
4.782548338174820168e-01
3.875132411718368308e-01
4.066011518239974754e-01
4.771724373102187999e-01
7.037542849779129250e-01
6.981111258268356545e-01
4.674596101045608298e-01
4.339814543724059837e-01
4.942878842353820579e-01
5.284477561712265237e-01
5.027873426675796287e-01
4.344391107559203991e-01
5.564822793006897195e-01
5.271154195070266724e-01
5.240728765726089255e-01
4.704493045806884544e-01
5.790050029754638672e-01
4.546048641204833984e-01
4.741426765918731467e-01
4.911974281072616355e-01
4.299627572298049816e-01
4.908036857843399159e-01
4.880524620413780323e-01
4.504438370466232189e-01
3.893491625785827637e-01
3.859280526638030895e-01
3.730680197477340698e-01
4.870195657014846913e-01
8.084352910518646240e-01
8.261480510234833208e-01
6.351103991270065086e-01
5.509375572204590066e-01
4.413245916366577148e-01
4.592892080545425415e-01
3.805289089679718129e-01
4.225187733769416587e-01
5.735864758491515669e-01
4.393193453550338634e-01
3.654069319367408974e-01
3.706208482384681924e-01
4.241945922374725231e-01
4.371368288993835449e-01
3.926841735839843861e-01
3.772969454526901023e-01
3.897978186607360951e-01
6.070961594581604226e-01
5.456921100616455300e-01
4.950259119272232278e-01
4.672296702861785667e-01
4.281651407480239757e-01
4.212837636470794789e-01
4.071543395519256481e-01
3.976196587085724099e-01
4.532696247100830300e-01
4.932888329029083141e-01
4.858879536390304787e-01
4.945319890975952148e-01
5.570802062749862227e-01
4.657167315483093373e-01
4.110043793916702271e-01
4.184811085462570301e-01
4.118622362613678090e-01
4.018932968378067239e-01
3.465321943163871543e-01
3.440834298729896767e-01
3.815169930458068848e-01
3.642389163374900596e-01
3.957988515496254078e-01
3.472555786371230857e-01
3.075733676552772633e-01
2.986748024821281322e-01
3.807489857077598350e-01
4.089759021997451671e-01
3.715317606925964133e-01
3.646415293216705433e-01
3.282947078347205894e-01
3.142393678426742554e-01
3.063766404986381642e-01
3.325240224599838035e-01
3.200140506029128806e-01
3.201929524540901295e-01
3.258650735020637290e-01
3.500304818153381348e-01
3.605306074023246765e-01
3.415517911314964183e-01
3.453361511230468861e-01
3.376679375767707714e-01
2.917467892169952615e-01
2.995590552687644736e-01
3.414535328745841869e-01
3.183324262499809265e-01
3.450740888714790566e-01
3.664939776062965393e-01
4.362014591693877952e-01
4.207942634820938110e-01
4.241908356547355874e-01
4.321464180946349987e-01
3.540567666292190330e-01
3.482842519879341125e-01
3.305635333061218151e-01
3.024721413850784413e-01
2.930658459663391113e-01
2.843040421605110279e-01
2.906465813517570274e-01
2.929829508066177368e-01
3.095633774995804055e-01
3.513607025146484597e-01
3.475003972649574058e-01
3.511747658252716286e-01
3.407578885555267445e-01
3.306999862194061057e-01
3.031245604157447593e-01
2.993267521262168995e-01
3.071978449821471946e-01
3.283478170633316040e-01
3.410835504531860574e-01
3.315591007471084817e-01
3.485922828316688760e-01
3.336981803178787342e-01
3.198580473661422618e-01
3.047844126820564159e-01
2.858895719051360862e-01
2.876127809286117554e-01
2.900336787104606517e-01
3.330328509211540333e-01
2.781887382268905529e-01
2.833920359611511453e-01
3.103876516222953685e-01
3.507837951183319092e-01
3.986163601279258950e-01
3.225319743156432883e-01
2.795694261789322121e-01
2.834659628570079803e-01
2.666790619492530601e-01
2.725457012653350608e-01
2.594674363732337730e-01
2.592763409018516430e-01
2.936060458421707042e-01
3.127217784523964039e-01
2.964258417487144470e-01
2.871123909950256126e-01
2.886435151100158469e-01
3.019937336444854514e-01
2.865732356905937306e-01
2.833666950464248657e-01
2.861711695790291055e-01
2.844514816999435536e-01
2.794853061437606589e-01
2.717670157551765331e-01
3.395281150937080605e-01
3.070837631821632385e-01
2.906916081905365212e-01
2.601541385054588207e-01
2.775919921696186066e-01
2.927908554673194774e-01
5.718878060579299927e-01
5.221219241619110552e-01
5.041067451238632202e-01
3.616508156061172263e-01
3.677282065153121837e-01
3.534181028604507224e-01
3.231488347053527721e-01
3.517958208918571250e-01
2.966624543070793263e-01
2.647361800074577443e-01
2.668696045875549316e-01
2.566010236740112194e-01
2.602988764643668906e-01
2.629369795322418213e-01
2.734544187784194724e-01
2.817846253514290078e-01
2.670243054628372303e-01
2.877360731363296509e-01
2.722249597311020008e-01
2.806664198637008889e-01
2.686939373612403648e-01
2.647073119878768921e-01
2.738438293337822071e-01
2.577011540532112011e-01
2.680402547121047974e-01
2.630092859268188255e-01
2.499558478593826294e-01
2.598523870110511780e-01
2.530921913683414348e-01
2.636954687535763009e-01
2.756122365593910439e-01
2.766627624630927929e-01
2.618865579366683738e-01
2.566925212740898132e-01
2.569969713687896840e-01
2.632761999964713939e-01
2.629378527402878030e-01
2.734656587243080028e-01
2.684769764542579429e-01
2.565284714102745167e-01
2.675993047654628976e-01
2.510157078504562378e-01
2.637967899441718833e-01
2.491605088114738353e-01
2.768689885735511891e-01
2.975792810320854187e-01
3.560793340206146462e-01
3.088531404733657615e-01
2.768366783857345581e-01
3.028681322932243458e-01
2.692232787609100120e-01
2.843630328774452432e-01
3.108404159545898326e-01
2.980034857988357322e-01
3.215803653001785278e-01
3.320672988891601451e-01
2.996955960988998413e-01
3.403159782290458568e-01
3.025433808565139993e-01
2.884928897023201211e-01
2.723205044865608104e-01
2.718381658196449280e-01
2.750233784317970276e-01
2.798982441425323375e-01
2.540497645735740884e-01
2.476121038198471069e-01
2.603971898555755837e-01
2.453591167926788275e-01
2.376934751868247930e-01
2.500598430633544922e-01
2.606594055891037209e-01
2.458018019795417675e-01
2.489144936203956660e-01
2.479965507984161488e-01
2.638091757893562539e-01
2.431860238313675038e-01
2.572125673294067272e-01
2.530311733484268411e-01
2.561062693595886341e-01
2.666359499096870311e-01
2.764887854456901661e-01
2.539728045463561790e-01
2.508720189332961925e-01
2.703236475586890952e-01
3.064620494842529297e-01
2.838283807039260753e-01
2.637566715478897317e-01
2.951922871172428242e-01
3.066461250185966714e-01
2.713880829513072857e-01
2.532579809427261130e-01
2.671807274222374184e-01
2.724724814295768627e-01
2.701107248663902061e-01
2.626500934362411277e-01
2.625018417835235374e-01
2.698290854692458884e-01
2.841018065810203552e-01
2.683599680662155373e-01
2.547858268022537009e-01
2.475522376596927532e-01
2.579161211848258750e-01
2.551388114690780751e-01
2.440812975168228094e-01
2.638734944164752849e-01
2.594882637262344582e-01
2.604781940579414257e-01
2.594987019896507485e-01
2.434429101645946558e-01
2.421359360218048040e-01
2.357032790780067555e-01
2.337234899401664789e-01
2.367808580398559626e-01
2.447532176971435602e-01
2.385749846696853527e-01
2.404072210192680359e-01
2.310316190123558044e-01
2.282367907464504242e-01
2.338190734386444147e-01
2.321172401309013478e-01
2.353253751993179266e-01
2.343703605234623011e-01
2.294978082180023082e-01
2.249272964894771520e-01
2.278193131089210621e-01
2.299375221133232172e-01
2.317017406225204412e-01
2.434971913695335444e-01
2.585870862007141335e-01
2.560291096568107494e-01
2.543376699090004189e-01
2.456805557012557983e-01
2.333635523915290888e-01
2.330910414457321167e-01
2.404409468173980824e-01
2.298482388257980236e-01
2.296306684613227955e-01
2.311272487044334356e-01
2.266797684133052826e-01
2.369600310921669006e-01
2.389986231923103277e-01
2.495704099535941967e-01
2.397183351218700464e-01
2.433870434761047363e-01
2.716466307640075795e-01
2.575794979929924011e-01
2.482327982783317510e-01
2.401490129530429729e-01
2.381697833538055364e-01
2.351421967148780712e-01
2.302134782075881958e-01
2.290916964411735535e-01
2.314741909503936768e-01
2.400159649550914764e-01
2.573177143931388855e-01
2.387110128998756464e-01
2.453972592949867360e-01
2.378881037235260065e-01
2.287667408585548345e-01
2.269971676170826069e-01
2.250847376883030049e-01
2.247962340712547358e-01
2.379356920719146729e-01
2.411733873188495747e-01
2.356831133365631104e-01
2.515238091349601968e-01
2.453016735613346155e-01
2.465624257922172657e-01
2.298452153801918141e-01
2.325811631977558191e-01
2.358789458870887701e-01
2.287210263311862946e-01
2.328635394573211614e-01
2.367454484105110113e-01
2.459998011589050182e-01
2.569830268621444702e-01
2.519191265106200950e-01
2.446688681840896717e-01
2.332441538572311290e-01
2.299567840993404499e-01
2.343196466565132252e-01
2.300110921263694708e-01
2.562278151512146218e-01
2.460619583725929260e-01
2.326019257307052612e-01
2.327346689999103546e-01
2.360242962837219294e-01
2.334644809365272466e-01
2.507920220494270214e-01
2.389991767704486847e-01
2.412084937095642090e-01
2.337726213037967793e-01
2.409022092819213812e-01
2.463989794254302923e-01
2.405814260244369396e-01
2.336929187178611866e-01
2.234054841101169586e-01
2.384459048509597889e-01
2.482729583978652843e-01
2.345753625035285894e-01
2.331142514944076483e-01
2.472848460078239385e-01
2.365864917635917553e-01
2.413935750722885076e-01
2.308296874165534918e-01
2.374492645263671931e-01
2.320108890533447155e-01
2.208207346498966273e-01
2.202492989599704742e-01
2.270568206906318776e-01
2.302755646407604329e-01
2.261443167924880870e-01
2.204721853137016352e-01
2.175088405609130748e-01
2.173755854368209783e-01
2.186551839113235474e-01
2.183222308754921015e-01
2.189566180109977778e-01
2.302781522274017223e-01
2.297259531915187836e-01
2.430155768990516774e-01
2.274764336645603291e-01
2.255129925906658173e-01
2.253639981150627192e-01
2.260404795408249012e-01
2.234139703214168549e-01
2.191897802054882105e-01
2.190958239138126318e-01
2.202609702944755554e-01
2.199899010360240881e-01
2.203443557024002131e-01
2.233525149524211995e-01
2.187219858169555664e-01
2.173310987651348170e-01
2.184397295117378179e-01
2.173204578459262959e-01
2.171336516737937816e-01
2.219570115208625849e-01
2.250757589936256409e-01
2.252512231469154247e-01
2.246858879923820385e-01
2.317668810486793463e-01
2.239810422062873951e-01
2.235648468136787470e-01
2.213504284620285145e-01
2.204256817698478643e-01
2.189557284116744884e-01
2.194930016994476318e-01
2.233526781201362610e-01
2.185291588306426946e-01
2.190413683652877863e-01
2.215177163481712452e-01
2.193086437880992778e-01
2.244180515408515930e-01
2.238780304789543263e-01
2.259344249963760320e-01
2.209682315587997437e-01
2.218099936842918285e-01
2.247602954506874029e-01
2.172406658530235402e-01
2.183555454015731756e-01
2.265401229262352101e-01
2.352019131183624157e-01
2.350490830838680156e-01
2.275643765926361195e-01
2.284708380699157770e-01
2.289665848016738947e-01
2.288429856300354115e-01
2.328216120600700434e-01
2.251581497490406092e-01
2.269392520189285334e-01
2.214063063263893016e-01
2.325960487127304022e-01
2.286485098302364349e-01
2.317634180188178905e-01
2.339530088007450159e-01
2.229012802243232616e-01
2.223814234137534984e-01
2.311357989907264765e-01
2.258609235286712646e-01
2.230835840106010493e-01
2.207366794347763173e-01
2.199461370706558283e-01
2.209195479750633295e-01
2.214931041002273504e-01
2.164739973843097798e-01
2.198230765759944805e-01
2.195021197199821528e-01
2.210376873612403814e-01
2.185320585966110118e-01
2.197587870061397664e-01
2.158506892621517292e-01
2.142029799520969446e-01
2.173813968896865789e-01
2.145431265234947205e-01
2.186187922954559437e-01
2.181140631437301636e-01
2.202945485711097773e-01
2.179785236716270391e-01
2.211737692356109675e-01
2.188313528895378113e-01
2.192431867122650035e-01
2.177938982844352667e-01
2.192364342510700337e-01
2.214774772524833735e-01
2.189369425177574158e-01
2.196840912103653065e-01
2.158119492232799530e-01
2.137347623705863897e-01
2.122535951435566004e-01
2.134317241609096638e-01
2.134739495813846588e-01
2.131011635065078735e-01
2.123995035886764582e-01
2.127280950546264759e-01
2.166829243302345331e-01
2.147243328392505757e-01
2.123095624148845784e-01
2.136132739484310206e-01
2.139540486037731226e-01
2.134454056620597728e-01
2.127277582883834728e-01
2.114226579666137751e-01
2.117637485265731756e-01
2.118214227259159199e-01
2.119476392865181080e-01
2.121134750545024816e-01
2.125869050621986278e-01
2.123638361692428700e-01
2.142790764570236262e-01
2.130116067826747783e-01
2.109961703419685475e-01
2.149139128625393025e-01
2.288308203220367487e-01
2.241738989949226268e-01
2.191056296229362543e-01
2.124212145805358942e-01
2.113368988037109264e-01
2.136345401406288258e-01
2.132386371493339428e-01
2.127589121460914667e-01
2.155828788876533453e-01
2.152906328439712635e-01
2.121133625507354847e-01
2.111043617129325922e-01
2.110902234911918585e-01
2.104170382022857722e-01
2.120159089565277211e-01
2.107758261263370514e-01
2.117003373801708277e-01
2.113278552889824025e-01
2.126175232231616863e-01
2.136307254433632008e-01
2.115473724901676122e-01
2.125336721539497487e-01
2.143833957612514551e-01
2.126880943775177057e-01
2.117833308875560760e-01
2.125752516090869959e-01
2.137948729097843281e-01
2.124137632548808996e-01
2.123354956507682856e-01
2.139020986855030004e-01
2.116324000060558208e-01
2.132328614592552130e-01
2.144052296876907404e-01
2.173553720116615240e-01
2.159159682691097204e-01
2.175121545791625921e-01
2.137587785720825306e-01
2.140707254409789928e-01
2.127860471606254633e-01
2.173007622361183278e-01
2.115480042994022369e-01
2.113390587270259913e-01
2.118355251848697551e-01
2.159709841012954767e-01
2.197064690291881672e-01
2.197910033166408650e-01
2.163518190383911244e-01
2.130643583834171406e-01
2.115640267729759216e-01
2.112648122012615315e-01
2.135056525468826405e-01
2.193398669362068287e-01
2.185509666800498907e-01
2.209566138684749548e-01
2.215674884617328533e-01
2.155734710395336151e-01
2.124500997364520971e-01
2.123084142804145813e-01
2.147047758102416937e-01
2.125025145709514562e-01
2.158585034310817607e-01
2.125264868140220587e-01
2.105599120259284973e-01
2.105545490980148260e-01
2.124209403991699219e-01
2.115656584501266479e-01
2.109793759882450104e-01
2.105638556182384546e-01
2.108446359634399414e-01
2.100762873888015747e-01
2.122715324163436945e-01
2.121814519166946300e-01
2.120876923203468267e-01
2.120417572557926067e-01
2.145963236689567566e-01
2.111295945942401886e-01
2.131956696510314830e-01
2.099907830357551630e-01
2.125354528427124134e-01
2.102818094193935339e-01
2.104037940502166693e-01
2.093389093875885065e-01
2.098367713391780798e-01
2.098605960607528576e-01
2.125831387937068828e-01
2.129244826734066065e-01
2.099009476602077540e-01
2.107772387564182393e-01
2.097138479351997320e-01
2.099766254425048939e-01
2.110905289649963323e-01
2.100840084254741724e-01
2.107100218534469493e-01
2.103925801813602559e-01
2.099529244005680084e-01
2.101333416998386328e-01
2.108233146369457300e-01
2.094397313892841228e-01
2.099661380052566528e-01
2.086443230509757996e-01
2.097950130701065063e-01
2.091894552111625560e-01
2.095144987106323242e-01
2.095958873629570063e-01
2.101638123393058666e-01
2.098493836820125580e-01
2.087305791676044575e-01
2.096584059298038372e-01
2.119184501469135173e-01
2.109280571341514698e-01
2.096481345593929346e-01
2.086454242467880305e-01
2.096539288759231567e-01
2.117483787238597925e-01
2.126086167991161346e-01
2.126044034957885742e-01
2.118572115898132435e-01
2.116267524659633525e-01
2.118666000664234106e-01
2.109207019209861644e-01
2.130251206457614843e-01
2.094575382769107708e-01
2.107520870864391382e-01
2.144991464912891499e-01
2.128377951681613978e-01
2.103798434138298146e-01
2.087706767022609600e-01
2.103635616600513514e-01
2.093527309596538433e-01
2.102913081645965687e-01
2.089643672108650319e-01
2.082079499959945679e-01
2.086120121181011255e-01
2.089182220399379841e-01
2.094766497611999512e-01
2.089797504246234949e-01
2.092566058039665167e-01
2.087551213800907246e-01
2.087861716747284047e-01
2.095994509756565205e-01
2.106055296957492773e-01
2.088086798787117115e-01
2.088775515556335338e-01
2.092029616236686651e-01
2.099813535809516851e-01
2.089451499283313807e-01
2.087975412607193104e-01
2.087193056941032410e-01
2.084308750927448273e-01
2.099032588303089142e-01
2.090296715497970692e-01
2.080639958381652888e-01
2.085160121321678051e-01
2.090707764029502980e-01
2.086117893457412609e-01
2.087192833423614502e-01
2.093098044395446666e-01
2.121079608798027150e-01
2.112315885722637065e-01
2.129346370697021429e-01
2.140178591012954767e-01
2.143301852047443390e-01
2.123387038707733043e-01
2.094016082584858052e-01
2.081923022866249140e-01
2.095124810934066717e-01
2.089175455272197779e-01
2.080232135951519123e-01
2.101990818977355902e-01
2.083552934229374043e-01
2.079875856637954656e-01
2.092950515449047144e-01
2.088245965540408977e-01
2.098117709159851019e-01
2.126320719718933216e-01
2.121280215680599324e-01
2.087750494480133112e-01
2.084248021245002636e-01
2.081404834985733088e-01
2.085832752287387903e-01
2.076354093849658855e-01
2.077405229210853577e-01
2.076848387718200628e-01
2.081309981644153539e-01
2.074461057782173157e-01
2.077039979398250524e-01
2.081866517663001903e-01
2.080649942159652765e-01
2.077717714011669270e-01
2.078436426818370819e-01
2.076504707336425670e-01
2.074952542781829945e-01
2.078835859894752613e-01
2.076466366648674067e-01
2.077616132795810644e-01
2.074705377221107427e-01
2.077808633446693309e-01
2.077033728361129816e-01
2.079202085733413696e-01
2.075245372951030620e-01
2.077950626611709539e-01
2.077914789319038336e-01
2.076450631022453419e-01
2.074829459190368763e-01
2.076703056693077198e-01
2.074805334210395868e-01
2.073345616459846552e-01
2.074570097029209137e-01
2.073708347976207789e-01
2.078679755330085643e-01
2.075864404439926036e-01
2.077360045164823588e-01
2.081386722624301855e-01
2.075967967510223278e-01
2.073413297533988897e-01
2.078315660357475392e-01
2.079869218170642964e-01
2.076551534235477336e-01
2.077921211719512828e-01
2.076285392045974787e-01
2.076726831495761816e-01
2.072753965854644831e-01
2.074458137154579218e-01
2.076080560684204213e-01
2.080113440752029419e-01
2.074789479374885559e-01
2.075044937431812231e-01
2.083854883909225519e-01
2.080148927867412623e-01
2.077467620372772106e-01
2.074386253952980042e-01
2.076786242425441853e-01
2.077837012708187159e-01
2.075983285903930664e-01
2.071266084909439142e-01
2.074656501412391607e-01
2.073127582669258007e-01
2.074032709002494868e-01
2.072546601295471302e-01
2.073875918984413036e-01
2.077258333563804515e-01
2.073967397212982122e-01
2.073837704956531525e-01
2.086717568337917439e-01
2.114626422524452098e-01
2.096426509320735987e-01
2.093871146440506037e-01
2.075528703629970495e-01
2.075103923678398021e-01
2.079029493033885956e-01
2.075672060251236017e-01
2.074368618428707178e-01
2.076305359601974543e-01
2.071640521287917980e-01
2.074423938989639338e-01
2.071518078446388245e-01
2.069732896983623449e-01
2.073629744350910242e-01
2.072470061480999048e-01
2.070818141102790944e-01
2.080434203147888128e-01
2.089756838977336884e-01
2.071835607290268000e-01
2.073172718286514227e-01
2.074430428445339092e-01
2.075960084795951954e-01
2.080112516880035511e-01
2.081078581511974224e-01
2.082508102059364430e-01
2.075218930840492249e-01
2.077434375882148687e-01
2.077145665884017889e-01
2.072452008724212646e-01
2.073627084493637196e-01
2.071323215961456410e-01
2.070091433823108562e-01
2.069776795804500469e-01
2.069441527128219604e-01
2.070662625133991297e-01
2.068200588226318248e-01
2.069077134132385198e-01
2.068192943930625971e-01
2.069402471184730585e-01
2.070476703345775493e-01
2.069229543209075983e-01
2.070394873619079701e-01
2.071523129940033014e-01
2.072957597672939190e-01
2.072901293635368292e-01
2.071050673723220936e-01
2.070273280143737904e-01
2.070335485041141510e-01
2.072314217686653248e-01
2.070660211145877727e-01
2.068474374711513630e-01
2.069356590509414673e-01
2.068429708480835072e-01
2.066366374492645264e-01
2.067879401147365570e-01
2.066663525998592432e-01
2.069374948740005382e-01
2.071841567754745539e-01
2.067534491419792120e-01
2.068629555404186138e-01
2.067315958440303914e-01
2.067518033087253626e-01
2.068734034895896856e-01
2.072245389223098810e-01
2.067412279546260723e-01
2.068106316030025593e-01
2.068774059414863475e-01
2.066917493939399719e-01
2.075568109750747792e-01
2.074568346142768860e-01
2.072243109345436041e-01
2.069669581949710735e-01
2.067326731979846899e-01
2.067525148391723688e-01
2.069056846201419719e-01
2.068696871399879345e-01
2.067667737603187672e-01
2.070924513041973170e-01
2.067844085395336151e-01
2.068302534520626013e-01
2.068178482353687231e-01
2.068565584719181116e-01
2.067165598273277283e-01
2.068472437560558430e-01
2.067133307456970326e-01
2.067338116466999054e-01
2.066636666655540522e-01
2.068863242864608654e-01
2.072408728301525227e-01
2.070260897278785595e-01
2.067038014531135670e-01
2.066907308995723780e-01
2.068032227456569616e-01
2.068449206650257166e-01
2.068257004022598378e-01
2.069767750799655914e-01
2.071758948266506084e-01
2.067139312624931280e-01
2.066790536046028137e-01
2.065545186400413458e-01
2.064767599105835072e-01
2.065445974469184987e-01
2.066454954445361980e-01
2.066784285008907429e-01
2.066430673003196716e-01
2.066305026412010304e-01
2.063952922821044866e-01
2.066261321306228638e-01
2.065934762358665466e-01
2.065701231360435597e-01
2.067018792033195607e-01
2.066630750894546398e-01
2.068521372973918804e-01
2.067898347973823603e-01
2.068720310926437378e-01
2.074711933732032720e-01
2.070096336305141393e-01
2.071584209799766652e-01
2.071539387106895447e-01
2.071470335125923101e-01
2.066321060061454828e-01
2.067811667919158825e-01
2.069405496120452770e-01
2.067856833338737599e-01
2.066860489547252544e-01
2.066894784569740240e-01
2.072339281439781189e-01
2.073891513049602453e-01
2.067012831568718068e-01
2.066997416317462866e-01
2.064772717654705103e-01
