6.453362256288528442e-01
5.019421249628066573e-01
4.471148788928985818e-01
4.093312144279480091e-01
4.289309561252593883e-01
4.211282134056091309e-01
4.199889212846755759e-01
4.078882724046707375e-01
4.321308493614196555e-01
4.171287417411804199e-01
4.218199521303176991e-01
4.016136646270752064e-01
4.071990072727203480e-01
4.140366762876510620e-01
3.945011988282203785e-01
4.120067238807678112e-01
4.240002959966659435e-01
4.060667008161544800e-01
4.376748949289321899e-01
4.187224090099334606e-01
4.167172938585281261e-01
4.379672348499298318e-01
4.281259715557098611e-01
4.173568263649940491e-01
4.169104486703872903e-01
4.013544857501983865e-01
4.011569976806640403e-01
4.382629275321960338e-01
4.189814671874046437e-01
4.068040758371352927e-01
4.162924289703369141e-01
4.098248004913330189e-01
4.289621129631996377e-01
4.108149319887161033e-01
4.226403623819351418e-01
4.365784078836441040e-01
4.280575960874557495e-01
4.242331296205520408e-01
4.213575094938278309e-01
3.958906710147857555e-01
4.185669690370559803e-01
4.018899649381637573e-01
3.958847969770431519e-01
3.987889826297760232e-01
3.815844103693962208e-01
4.405631512403488381e-01
4.277450650930404441e-01
4.209118723869323953e-01
4.176556542515754700e-01
3.897186100482940563e-01
4.302099436521530373e-01
3.847599461674690025e-01
4.239887624979019054e-01
4.095310643315315247e-01
4.248324021697044151e-01
4.116794601082801597e-01
3.893780440092086681e-01
3.671913295984268188e-01
3.751077070832252724e-01
4.012830361723899730e-01
4.489853918552398904e-01
4.131323993206024170e-01
3.825644940137863381e-01
3.624351456761359946e-01
4.007364079356193765e-01
3.748722195625305287e-01
3.529623240232467873e-01
3.617190524935722240e-01
3.679784536361694336e-01
3.711950615048408286e-01
4.675243258476257102e-01
4.414311587810516579e-01
3.910400956869125588e-01
3.780649811029433982e-01
3.585398972034454235e-01
4.163199394941329845e-01
3.489477679133415333e-01
3.555198878049850575e-01
4.090543091297149658e-01
3.433294355869292991e-01
3.418595850467681663e-01
3.274573937058448680e-01
3.821734055876732095e-01
3.725897505879401939e-01
3.553518578410148621e-01
3.580447643995284812e-01
4.170959413051605336e-01
3.478584513068199158e-01
3.730316519737243430e-01
4.463833659887314065e-01
4.064664781093597634e-01
3.780756130814552085e-01
3.439500391483306663e-01
3.512957796454429515e-01
3.612540543079376110e-01
3.313371151685714500e-01
3.074792817234993092e-01
3.091619566082954296e-01
3.051601588726043923e-01
2.761681601405143738e-01
2.831166192889213451e-01
2.606017947196960227e-01
2.556716717779636272e-01
2.499078527092933599e-01
2.507852688431739807e-01
2.442426599562168010e-01
2.447882905602455084e-01
2.383091785013675690e-01
2.468729577958583832e-01
2.484306924045086018e-01
2.348677828907966558e-01
2.323296934366226307e-01
3.094874262809753640e-01
3.367479503154754417e-01
2.409845344722270910e-01
2.376503504812717549e-01
2.281112447381019592e-01
2.216776881366968044e-01
2.212096571922302357e-01
2.232366636395454462e-01
2.282589897513389587e-01
2.197536800056695827e-01
2.130067536607384571e-01
2.155059464275836945e-01
2.123080030083656367e-01
2.195018943399190958e-01
2.049879826605320032e-01
2.366667479276657049e-01
2.101243913173675426e-01
2.088079115375876538e-01
2.056604370474815480e-01
2.038649622350931223e-01
1.997463263571262471e-01
1.996275275945663397e-01
2.082778204232454411e-01
2.134648777544498333e-01
2.209962256252765711e-01
2.058235041797161213e-01
1.946880824863910786e-01
1.958365254104137421e-01
2.092518229037523270e-01
2.350733399391174427e-01
2.336267676204442922e-01
1.968163844197988455e-01
1.951205395162105560e-01
1.978005714714527186e-01
2.050405889749526978e-01
1.967195011675357819e-01
2.008490122854709736e-01
2.203413240611553081e-01
2.037302844226360210e-01
1.940624682232737486e-01
2.002108758315443993e-01
2.077216021716594696e-01
2.072863690555095673e-01
2.012346699833869879e-01
2.111527889966964833e-01
2.032298542559146937e-01
1.976106598973274286e-01
2.046919239684939495e-01
1.992482110857963507e-01
1.973445601761341095e-01
1.954603098332881872e-01
1.941050969064235798e-01
2.070311052724718992e-01
3.040827453136444314e-01
2.643352217972278484e-01
2.404183231294155232e-01
2.045152954757213648e-01
1.912706445902586094e-01
1.887893222272395977e-01
1.853913381695747320e-01
1.913966491818427929e-01
2.214992661029100418e-01
1.962795261293649729e-01
1.889179170131683461e-01
1.867027770727872904e-01
1.894535377621650585e-01
1.870479352772235759e-01
1.991650403477251419e-01
1.941669560968875829e-01
1.892196850851178280e-01
2.265865959227085225e-01
2.131412461400032099e-01
1.978890568017959706e-01
1.941455043852329254e-01
1.872355118393898010e-01
1.908615186810493358e-01
1.931952029466628973e-01
1.879701770842075459e-01
1.957828067243099213e-01
2.002557866275310461e-01
1.981775760650634766e-01
2.066358536481857355e-01
2.184509731829166468e-01
1.892915561795234791e-01
1.910696411505341530e-01
1.910207666456699427e-01
1.925897770561277866e-01
1.869463967159390450e-01
1.883887549862265642e-01
1.878899229690432493e-01
1.888241060078144073e-01
1.932193584740161951e-01
1.942868255078792628e-01
1.888175219297409113e-01
1.852474749088287298e-01
1.851533658802509419e-01
1.930398948490619770e-01
1.904296584427356831e-01
1.972768291831016596e-01
1.880531512200832311e-01
1.830746486783027538e-01
1.848746148869395145e-01
1.851700518280267604e-01
1.865103252232074849e-01
1.854054495692253057e-01
1.863474510610103607e-01
1.860049061477184185e-01
1.917576432228088323e-01
1.928464129567146190e-01
1.823966033756732885e-01
1.861527569591999165e-01
1.892750546336174067e-01
1.858172953128814642e-01
1.841628819704055897e-01
1.898385621607303619e-01
1.851668089628219493e-01
1.913011705502867810e-01
1.866876853629946820e-01
1.928154600784182660e-01
1.897367293015122525e-01
1.823275888338685147e-01
1.962260549888014682e-01
1.833499554544687216e-01
1.825206644833087810e-01
1.832333929836749975e-01
1.830891363322734722e-01
1.839578405022621044e-01
1.830902174115180969e-01
1.829667516052722875e-01
1.852132812142372187e-01
1.841389611363410950e-01
1.892291428521275520e-01
1.906410865485668182e-01
1.839380826801061686e-01
1.878955611959099714e-01
1.851257653906941414e-01
1.811785064637660980e-01
1.814641799777746145e-01
1.809540286660194508e-01
1.851810514926910400e-01
1.845352746546268519e-01
1.828995929099619389e-01
1.842634167522191890e-01
1.849932102486491203e-01
1.827373713254928644e-01
1.795390740036964528e-01
1.788062110543250927e-01
1.812588099390268215e-01
1.814442932605743464e-01
1.812596376053988989e-01
1.814572671428322792e-01
1.818033970892429241e-01
1.836116693913936726e-01
1.817831809632480256e-01
1.815903216600417980e-01
1.793257609009742681e-01
1.801063202321529499e-01
1.824273899197578486e-01
1.793143838644027654e-01
1.805052690207958332e-01
1.795288413763046209e-01
1.809602990746498052e-01
1.829039938747882843e-01
1.846910647116601356e-01
1.793567391112446674e-01
1.808229587972164099e-01
1.810557286720722858e-01
1.807356156408786718e-01
1.797864586114883423e-01
1.799505162984132711e-01
1.801784366369247326e-01
1.804754242300987133e-01
1.796136782504618168e-01
1.784350298345089014e-01
1.863365815952420235e-01
1.791988328099250738e-01
1.825256898067891542e-01
1.766886701807379723e-01
1.769420935772359482e-01
1.791058890521526337e-01
2.281975887715816387e-01
2.178552985191345159e-01
2.073266550898552052e-01
1.750634700059890692e-01
1.739722544327378384e-01
1.769421419128775486e-01
1.744140233844518606e-01
1.792497605085373036e-01
1.698204755783080944e-01
1.718940444290638081e-01
1.714397355914115961e-01
1.719642848707735594e-01
1.728843520395457745e-01
1.735922385007143132e-01
1.740802548825740870e-01
1.740235045552253612e-01
1.753112233942374643e-01
1.750349454581737463e-01
1.737179947085678577e-01
1.742427729070186726e-01
1.739089138805866297e-01
1.736709085293114130e-01
1.723985835909843389e-01
1.720788942649960629e-01
1.744870327413082234e-01
1.741241328418254852e-01
1.729493025690317098e-01
1.733699731528758892e-01
1.733492434024810902e-01
1.745506350649520810e-01
1.745635028928518295e-01
1.736992875114083401e-01
1.745005071163177601e-01
1.739028289914131276e-01
1.737031981348991505e-01
1.717558927834033911e-01
1.768534608185291235e-01
1.754825338721275330e-01
1.729598596692085155e-01
1.731668503955006710e-01
1.741877824068069347e-01
1.725420935079455265e-01
1.724249206483364216e-01
1.728095360100269373e-01
1.753576873801648561e-01
1.749410904943942968e-01
1.806515719741582926e-01
1.747850490733981188e-01
1.750744096934795380e-01
1.699726499617099651e-01
1.728535644710063879e-01
1.743072437122464291e-01
1.737797177396714632e-01
1.709347605705261175e-01
1.729606382548808940e-01
1.780233569443225861e-01
1.719255221076309570e-01
1.716998502612114008e-01
1.733510598540305980e-01
1.719118459150195122e-01
1.688279747962951605e-01
1.709116380661725998e-01
1.697836861014366261e-01
1.713880561292171478e-01
1.697415225207805634e-01
1.701572405174374691e-01
1.697799827903509196e-01
1.701555736362934113e-01
1.695226363837719075e-01
1.690827116370201000e-01
1.726316150277852901e-01
1.691718623042106628e-01
1.711409976705908775e-01
1.714028117945417817e-01
1.700239740312099457e-01
1.694766752421855982e-01
1.729517220286652390e-01
1.694310402497649082e-01
1.693585127592086848e-01
1.686797793954610825e-01
1.694056682288646587e-01
1.707365946844220106e-01
1.688279502093791851e-01
1.692011758685111888e-01
1.704088721424341091e-01
1.667852066457271576e-01
1.703062682412564699e-01
1.669374282471835502e-01
1.752884149551391657e-01
1.689094377681613079e-01
1.682770073413848988e-01
1.681684456765651647e-01
1.683552682399749867e-01
1.699790254235267750e-01
1.684788641054183189e-01
1.684904366731643788e-01
1.689533568918704931e-01
1.690826512873172816e-01
1.666158901527524105e-01
1.668388349935412407e-01
1.659064768347889296e-01
1.668113790452480372e-01
1.674990426748990957e-01
1.661242008209228571e-01
1.654921147972345241e-01
1.676148787140846197e-01
1.668944939970970209e-01
1.675137624144554249e-01
1.657024996122345439e-01
1.673740103840827831e-01
1.666300423443317358e-01
1.676956646144390217e-01
1.665212845429778210e-01
1.669603981077671107e-01
1.670800305902958027e-01
1.675900518894195557e-01
1.664208568632602747e-01
1.671029689721763023e-01
1.665150307118892781e-01
1.673210106790065654e-01
1.659675277769565582e-01
1.675915481522679273e-01
1.667495317757129725e-01
1.668299695942550842e-01
1.668602712452411652e-01
1.661655633710324709e-01
1.670496071688830908e-01
1.681374527513980754e-01
1.662898066919296924e-01
1.675747366622090395e-01
1.665497593581676539e-01
1.660533696413040161e-01
1.673578150570392553e-01
1.661640733480453380e-01
1.659470027312636431e-01
1.665593137033283822e-01
1.656215510331094376e-01
1.663961166515946499e-01
1.664680773566942773e-01
1.661073274910450093e-01
1.659778740257024654e-01
1.647563040256500300e-01
1.670959038427099475e-01
1.651313235051929951e-01
1.673956914804875795e-01
1.664983533322811071e-01
1.651776660233736094e-01
1.649044817779213301e-01
1.651039246469735988e-01
1.646497067995369434e-01
1.648512408137321472e-01
1.649241052567958776e-01
1.643341310322284643e-01
1.667159434407949337e-01
1.655876774340868107e-01
1.632982632145285606e-01
1.661934860050678364e-01
1.633042238652706035e-01
1.648675461765378714e-01
1.656449314206838719e-01
1.647136630490422249e-01
1.639856822788715307e-01
1.645622998476028442e-01
1.656862142961472162e-01
1.646432761102914755e-01
1.629386074841022436e-01
1.658831439446658007e-01
1.633373729884624592e-01
1.644664220511913300e-01
1.631797871552407853e-01
1.644858174026012365e-01
1.647396097308956031e-01
1.631559807807207163e-01
1.641558582894503959e-01
1.649103496223688070e-01
1.640932299196720123e-01
1.643162578344345148e-01
1.640638712793588694e-01
1.637287132441997417e-01
1.637809047941118368e-01
1.638511069118976649e-01
1.645731780678033884e-01
1.638052448630333002e-01
1.653532207943499144e-01
1.634356908500194661e-01
1.636583432555198669e-01
1.646592408418655340e-01
1.638864766806364115e-01
1.646398172480985633e-01
1.637057912535965498e-01
1.628979545086622349e-01
1.649324021302163712e-01
1.627192489802837261e-01
1.646522879600524902e-01
1.625893180258572157e-01
1.636864453554153498e-01
1.623353344388306085e-01
1.643877562135457882e-01
1.636251449584960882e-01
1.640567615628242548e-01
1.623010072857141439e-01
1.637220472097396795e-01
1.639599649235606305e-01
1.636464327573776134e-01
1.621285721659660450e-01
1.634211793541908153e-01
1.636081926524639019e-01
1.619537921622395404e-01
1.621284559834748618e-01
1.623675510287284907e-01
1.634514024481177330e-01
1.634851715760305413e-01
1.627056043595075663e-01
1.624582211486995109e-01
1.623345484957098850e-01
1.624457304365932997e-01
1.624104633927345165e-01
1.620830558240413666e-01
1.630032911896705516e-01
1.629513563588261549e-01
1.620474241673946492e-01
1.618125523440539781e-01
1.621682040393352398e-01
1.615703318268060795e-01
1.615432135760784260e-01
1.621915410272777025e-01
1.621674472000450007e-01
1.607521492987871170e-01
1.623202338814735413e-01
1.616535287350416294e-01
1.615278676152229198e-01
1.616743903607130162e-01
1.618942603468895014e-01
1.619278092868626229e-01
1.616371926851570551e-01
1.615339294075965881e-01
1.622562751173973195e-01
1.617350168526172638e-01
1.621915541589259990e-01
1.620780572295189015e-01
1.627245020121335928e-01
1.623627208173274994e-01
1.614278428256511744e-01
1.608934275805950220e-01
1.620557792484760284e-01
1.614969350397586767e-01
1.617990452796220779e-01
1.613139007240533829e-01
1.618841767311096080e-01
1.615395495668053572e-01
1.618078358471393696e-01
1.608951603062450941e-01
1.623070754110813030e-01
1.617988854646682795e-01
1.605974368751049153e-01
1.622606948018074091e-01
1.609859608113765606e-01
1.612171016633510701e-01
1.618117693811655100e-01
1.613914731889963261e-01
1.610870279371738323e-01
1.624178841710090526e-01
1.610329885967075880e-01
1.623578951694071293e-01
1.617678001523017994e-01
1.617719814181327875e-01
1.611801721155643463e-01
1.607544142752885818e-01
1.604782529175281525e-01
1.619834924116730634e-01
1.616470970213413350e-01
1.620331134647131077e-01
1.606716535985469874e-01
1.613138820976018906e-01
1.611149996519088690e-01
1.620818015187978633e-01
1.606735192239284460e-01
1.604495219886303004e-01
1.613553039729595240e-01
1.606584586203098353e-01
1.605376489460468292e-01
1.605163104832172394e-01
1.609938334673643168e-01
1.603095412254333385e-01
1.607572823762893621e-01
1.607266739010810852e-01
1.611664935946464650e-01
1.609726059250533581e-01
1.608266361057758276e-01
1.610586836934089772e-01
1.609030460007488672e-01
1.606364344479516149e-01
1.604061145335435867e-01
1.605334036052226965e-01
1.604903995990753229e-01
1.600792624056339153e-01
1.610915638506412451e-01
1.607777641620486975e-01
1.609594485722482260e-01
1.604777857661247309e-01
1.601535711437463705e-01
1.609420234337449185e-01
1.599047806113958470e-01
1.610209849663078729e-01
1.601082384586334229e-01
1.604546438902616501e-01
1.604259710758924595e-01
1.604669455438852421e-01
1.602536282502114717e-01
1.600363020319491569e-01
1.598084810189902838e-01
1.605286709964275360e-01
1.599673449993133656e-01
1.604959277436137088e-01
1.603499315679073334e-01
1.602882516570389160e-01
1.601313343853689730e-01
1.602676696609705576e-01
1.600149020552635304e-01
1.601808190345764271e-01
1.602346442639827617e-01
1.602168191224336569e-01
1.597829420119523947e-01
1.599915660917758942e-01
1.602778281085193157e-01
1.601029042154550608e-01
1.601495653390884455e-01
1.601085048168897629e-01
1.600799031555652507e-01
1.598705284297466389e-01
1.602421611547470148e-01
1.602190083824098221e-01
1.599241845309734289e-01
1.599401596933603398e-01
1.603223241865635029e-01
1.599734865128993877e-01
1.597516153007745854e-01
1.600171968340873829e-01
1.598574740113690440e-01
1.598307207226753179e-01
1.596846237778663524e-01
1.599763147532939911e-01
1.600389987230300959e-01
1.595287241041660198e-01
1.596245221793651525e-01
1.599794350564479883e-01
1.598048521205782946e-01
1.598622404038906042e-01
1.598246770910918824e-01
1.597686657216400019e-01
1.596979159861802999e-01
1.596944268792867550e-01
1.597543310374021641e-01
1.599451745627447907e-01
1.595367856323718914e-01
1.597828292753547541e-01
1.596024434547871351e-01
1.597648362629115470e-01
1.593998405616730563e-01
1.600740889087319263e-01
1.594999849796295277e-01
1.598011631518602427e-01
1.594703441485762485e-01
1.599885243922472000e-01
1.599711723858490697e-01
1.594972096383571736e-01
1.593831345438957159e-01
1.596844265237450655e-01
1.591478228569030706e-01
1.597820609807968084e-01
1.594905133359134086e-01
1.596287857741117422e-01
1.599218584597110748e-01
1.595163525780662894e-01
1.593561649322509655e-01
1.594501715153455734e-01
1.596381023526191600e-01
1.594659101217985042e-01
1.592827660962939373e-01
1.593218673020601328e-01
1.594424064271152131e-01
1.591866221278905869e-01
1.594936475157737732e-01
1.592218793928623088e-01
1.588870886713266428e-01
1.596711255609989111e-01
1.588719535153359230e-01
1.592568170279264339e-01
1.595448173582553753e-01
1.593860317021608408e-01
1.592826103791594450e-01
1.591592408716678564e-01
1.591552501078695170e-01
1.591617278754711151e-01
1.592294260859489496e-01
1.588236358016729410e-01
1.590724959969520569e-01
1.593313745222985633e-01
1.595551636070013102e-01
1.587110370397567805e-01
1.589697027578949873e-01
1.591727651655673870e-01
1.591186616569757462e-01
1.590510252863168716e-01
1.592861026525497492e-01
1.591309417039155905e-01
1.591926082968711798e-01
1.591681439429521450e-01
1.587891694158315714e-01
1.590989726828411222e-01
1.587263226509094127e-01
1.586403600871562902e-01
1.589641932398080937e-01
1.588345617987215463e-01
1.590263597667217199e-01
1.590208852663636263e-01
1.588769607245922033e-01
1.590467266738414820e-01
1.586507789790630452e-01
1.589588658884167616e-01
1.589671332389116232e-01
1.589575365185737499e-01
1.587789256125688442e-01
1.588900499045848846e-01
1.586785341147333439e-01
1.588632002472877558e-01
1.591286186128854641e-01
1.587860649451613426e-01
1.591103062033653315e-01
1.588990578427910694e-01
1.588682014960795530e-01
1.588174518197774943e-01
1.586658462882041820e-01
1.586136557161808014e-01
1.590004816651344188e-01
1.590101540088653675e-01
1.588181126862764359e-01
1.588074132800102178e-01
1.590064160525798687e-01
1.587828975170850754e-01
1.587310358881950378e-01
1.588030275423079618e-01
1.589929014444351196e-01
1.586549464380368479e-01
1.588035501539707128e-01
1.589373812079429571e-01
1.588784247636794988e-01
1.589004791341722123e-01
1.584427013993263134e-01
1.588475123047828619e-01
1.587822694331407491e-01
1.583998790476471297e-01
1.588377013802528270e-01
1.593053333461284526e-01
1.587164442986249979e-01
1.586347281001508347e-01
1.588476715609431211e-01
1.584825583966448792e-01
1.588983565568923839e-01
1.585718574002385195e-01
1.587183484341949113e-01
1.586576510220766012e-01
1.585938155651092640e-01
1.585449829697608837e-01
1.587268508970737513e-01
1.587304420769214686e-01
1.585154768079519161e-01
1.587012104690074810e-01
1.588091984391212519e-01
1.586392618715763148e-01
1.584564672783017047e-01
1.585955969989299719e-01
1.587987536564469393e-01
1.583792872726917378e-01
1.585405737161636464e-01
1.585147246718406622e-01
1.587178120389580727e-01
1.587871287018060573e-01
1.584821037948131450e-01
1.586315080523491017e-01
1.584862081333994754e-01
1.586568041238933802e-01
1.586421515792608150e-01
1.584652867168188095e-01
1.584220666438341252e-01
1.585284485947340838e-01
1.583381444215774536e-01
1.585662245750427135e-01
1.585283637046814020e-01
1.584111377596855164e-01
1.585716351866722218e-01
1.586608260869979969e-01
1.583735220134258326e-01
1.583901651203632466e-01
1.586055255960673038e-01
1.584039263427257649e-01
1.583617271855473629e-01
1.584351461380720250e-01
1.583696354180574306e-01
1.585917062126100119e-01
1.581045929342508316e-01
1.581068158149719349e-01
1.583131309598684311e-01
1.584547299891710392e-01
1.583401907235383876e-01
1.582987664267420658e-01
1.584076961502432768e-01
1.581827260553836934e-01
1.586353193037211839e-01
1.581975236535072271e-01
1.583884585648775156e-01
1.582499191164970509e-01
1.585000665392726771e-01
1.583845030516385921e-01
1.582501463592052571e-01
1.583118375390767940e-01
1.583597004413604681e-01
1.582836955785751343e-01
1.581704407930374090e-01
1.583032354712486378e-01
1.582469388842582814e-01
1.582257460802793392e-01
1.583546489477157537e-01
1.583909094333648682e-01
1.582578379660844747e-01
1.583242163062095753e-01
1.582805290818214417e-01
1.583218239946290740e-01
1.582538962364196666e-01
1.582408622605726012e-01
1.581765681505203358e-01
1.583317498676478918e-01
1.582309496589004993e-01
1.581909762695431765e-01
1.583050064276903812e-01
1.582438491284847148e-01
1.581749208271503448e-01
1.583312741480767671e-01
1.582902280613779911e-01
1.582496434450149647e-01
1.581247765570878983e-01
1.581923313438892420e-01
1.583164200186729376e-01
1.581544667482376043e-01
1.582664541318081208e-01
1.580930441617965643e-01
1.582053132355213110e-01
1.582819370552897564e-01
1.581846512854099274e-01
1.583439107984304373e-01
1.581994533538818304e-01
1.581533871591091212e-01
1.582510251551866587e-01
1.581907746614888421e-01
1.581352427601814270e-01
1.581966834608465322e-01
1.581335693597793468e-01
1.580557277426123675e-01
1.581793755292892345e-01
1.582340327091515120e-01
1.581501232460141293e-01
1.582787517458200399e-01
1.582153765484690666e-01
1.581333860754966791e-01
1.580422019585966953e-01
1.581429798156022970e-01
1.581987611949443873e-01
1.581815522164106425e-01
1.581139013171196095e-01
1.581492934376001469e-01
1.581864282488822937e-01
1.581293391995131914e-01
1.580761438235640526e-01
1.581153795123100281e-01
1.581323808059096336e-01
1.582996729761362020e-01
1.580720689147710745e-01
1.580885058268904630e-01
1.579771000891923849e-01
1.580367013812065125e-01
1.581143163144588526e-01
1.580433622002601624e-01
1.581113819032907430e-01
1.581100232899189106e-01
1.580127950757742039e-01
1.581280633807182201e-01
1.580993480980396326e-01
1.579730063676834106e-01
1.579766146838665064e-01
1.580673229880630859e-01
1.580877337604761068e-01
1.580995462834834941e-01
1.580356027930975016e-01
1.580390170216560419e-01
1.581592389382421859e-01
1.581048473715782055e-01
1.580218710005283356e-01
1.580080006737261955e-01
1.579536870121955872e-01
1.580823451280593817e-01
1.580782126635313090e-01
1.579273000359535106e-01
1.580474756658077351e-01
1.579688265919685364e-01
1.580047517083585373e-01
1.580023249611258451e-01
1.580896037630736828e-01
1.579945884644985143e-01
1.580545928329229466e-01
1.579496079124510233e-01
1.580242298543453328e-01
1.578987628221511785e-01
1.579377500340342633e-01
1.579680677503347286e-01
1.579916775226593018e-01
1.579279383644461576e-01
1.579753269441425689e-01
1.580097535625100136e-01
1.578950718045234736e-01
1.579465255141258295e-01
1.580170437693595997e-01
1.579038795083761160e-01
1.580958887934684753e-01
1.578214459121227153e-01
1.580351650714874323e-01
1.577636927366256603e-01
1.580081246793270111e-01
1.579785663634538651e-01
1.579336111433803924e-01
1.578888811171054729e-01
1.579225726425647625e-01
1.579307498410344179e-01
1.579607147723436356e-01
1.579257242381572612e-01
1.580189825966954176e-01
1.578436691313981899e-01
1.578979145735502354e-01
1.578517366200685446e-01
1.578959391452371963e-01
1.578999321907758602e-01
1.580646872520446722e-01
1.578971739858388845e-01
1.579458024352788925e-01
1.578258115798235051e-01
1.578673388808965738e-01
1.579128943383693584e-01
1.580213919281959478e-01
1.578275689855218045e-01
1.578674700111150631e-01
1.578236050903797094e-01
1.579163145273923818e-01
1.579024720937013682e-01
1.579080829164013211e-01
1.578714191913604681e-01
1.579509343951940592e-01
1.578491082414984759e-01
1.578274950385093744e-01
1.578256588429212681e-01
1.579119348898530006e-01
1.578618526458740179e-01
1.578625529771670588e-01
1.579200414009392373e-01
1.578785303980111965e-01
1.578625671565532795e-01
1.578693028539419063e-01
1.579112078994512613e-01
1.578247375786304418e-01
1.579379814676940552e-01
1.577972378581762314e-01
1.578842586837709006e-01
1.577783510554581770e-01
1.578255835920572281e-01
1.579279970377683584e-01
1.579562947154045105e-01
1.578608587384223993e-01
1.577937573194503895e-01
1.578035928308963720e-01
1.578030187636613735e-01
1.577687337994575500e-01
1.578363113105297200e-01
1.578453861875459552e-01
1.578107453882694189e-01
1.577465694397687801e-01
1.578036714345216751e-01
1.578627243638038580e-01
1.578322656452655903e-01
1.578596095554530565e-01
1.577194416895508766e-01
1.578651532530784551e-01
1.578232762403786182e-01
1.577758109197020531e-01
1.577615427318960484e-01
1.578785831108689419e-01
1.577509093098342363e-01
1.578212250024080276e-01
1.577819313853979222e-01
1.578521072864532415e-01
1.577548149973154179e-01
1.577635910362005234e-01
1.577550791203975733e-01
1.579000659286975972e-01
1.577140658861026223e-01
1.577264454681426287e-01
1.576310262084007208e-01
1.580094885081052836e-01
1.577437967061996460e-01
1.577734574675559998e-01
1.577327977400272974e-01
