5.069514513015747070e-01
4.000651141007741107e-01
3.783015906810760498e-01
3.045304665962855206e-01
3.377274572849273682e-01
3.473941286404927387e-01
3.032481173674265729e-01
3.563468853632609235e-01
3.066855321327845441e-01
3.684537410736083984e-01
3.391829033692677631e-01
3.185853660106658936e-01
3.441591163476308002e-01
3.174999554951985492e-01
3.395603299140930176e-01
3.738132814566294537e-01
3.093524277210235596e-01
3.505562742551167621e-01
3.608141243457794189e-01
3.192983269691467285e-01
3.635998268922169818e-01
3.278245131174723492e-01
3.430439084768295288e-01
3.139008829991022931e-01
3.158050974210103168e-01
3.130150189002354755e-01
3.584502935409545898e-01
3.559588193893432617e-01
3.030403604110081806e-01
3.653741478919982910e-01
3.434034685293833600e-01
3.216206928094227924e-01
3.419091800848643170e-01
3.166503310203552246e-01
3.659570515155792236e-01
3.263050814469655170e-01
3.220802197853724347e-01
3.421689669291178570e-01
3.396685024102528705e-01
2.739970584710438861e-01
3.166281084219614850e-01
3.375555773576100482e-01
3.017008999983469830e-01
2.641933113336563110e-01
3.683885435263316022e-01
3.852431873480479108e-01
3.299916783968607770e-01
3.632768392562866211e-01
2.868390927712122784e-01
4.177847703297932758e-01
3.117464631795883179e-01
3.353596031665802002e-01
3.134994755188624249e-01
2.954462766647338867e-01
3.744902014732360840e-01
2.757564832766850604e-01
3.051842053731282367e-01
2.275312021374702454e-01
2.921659797430038452e-01
3.987281322479248047e-01
3.774663507938385010e-01
3.035658597946166992e-01
2.456567138433456421e-01
2.579393237829208374e-01
3.226036131381988525e-01
2.697752316792805805e-01
2.579989433288574219e-01
2.439260731140772409e-01
3.452897369861602783e-01
4.550127089023590088e-01
3.308787445227305279e-01
3.637655278046925678e-01
3.289953172206878662e-01
2.873593270778656006e-01
2.496740768353144235e-01
2.641138186057408466e-01
2.374190390110015869e-01
3.827608029047648297e-01
2.621740202109019147e-01
2.731163551410039081e-01
2.521421909332275391e-01
2.219492743412653513e-01
3.035226811965306415e-01
2.507382233937581195e-01
2.495161394278208322e-01
3.651810884475708008e-01
2.587867279847462787e-01
2.340140591065088815e-01
3.447809567054112567e-01
3.819680809974670410e-01
2.835436016321182251e-01
3.036165088415145874e-01
2.279939154783884592e-01
2.667854477961857929e-01
2.524723509947459088e-01
1.924717749158541269e-01
1.980855812629064017e-01
2.090579196810722351e-01
1.899624392390251160e-01
2.266854345798492432e-01
1.371451864639917917e-01
1.384285887082417899e-01
1.399766926964124136e-01
1.623053935666879111e-01
1.394049202402432852e-01
1.172479614615440369e-01
1.059049405157566071e-01
1.279725208878517151e-01
1.315653026103973389e-01
1.289104397098223276e-01
1.215767388542493138e-01
1.228417692085107121e-01
4.203767776489257812e-01
1.642950226863225394e-01
1.298432524005571909e-01
1.368557562430699759e-01
9.841594472527503967e-02
1.035354882478713989e-01
8.699026952187220718e-02
1.012155928959449086e-01
1.440780373911062784e-01
9.936141595244407654e-02
1.341548748314380646e-01
8.392709183196227218e-02
8.505772737165291641e-02
8.583790001769860123e-02
1.101059752206007686e-01
1.260262690484523773e-01
9.848952914277712967e-02
9.189511959751446579e-02
7.849580049514770508e-02
1.319463135053714209e-01
9.772821515798568726e-02
9.541942924261093140e-02
7.577845143775145675e-02
1.332776968677838736e-01
8.792306606968243454e-02
1.157450452446937561e-01
8.026579798509676789e-02
9.819994463274876739e-02
7.880749553442001343e-02
1.912145117918650217e-01
1.105631391207377162e-01
8.676479508479435776e-02
7.440439052879810333e-02
7.658575040598709915e-02
1.028780061751604080e-01
7.655171429117520188e-02
1.449608479936917715e-01
9.921352999905745651e-02
1.045280198256174770e-01
7.712041834990183975e-02
1.077805062135060582e-01
1.237934300055106435e-01
1.023452008763949123e-01
7.377820291245977546e-02
1.008311385909716335e-01
1.008500978350639343e-01
7.567672152072191238e-02
8.709466767807801102e-02
9.790397280206282471e-02
8.281623385846614838e-02
9.860403090715408325e-02
1.145059646417697224e-01
1.552621449033419199e-01
2.976722518603007184e-01
2.018595685561498099e-01
1.022492721676826477e-01
1.142253018915653229e-01
9.600278797248999740e-02
1.131349351877967563e-01
7.158138075222571228e-02
9.313011666138966416e-02
1.368750420709451132e-01
8.073353674262762070e-02
7.323389748732249405e-02
7.448970448846618797e-02
1.003822634617487636e-01
9.222084283828735352e-02
1.012767528494199071e-01
7.549986677865187790e-02
1.121604939301808629e-01
1.215557536731163707e-01
8.956677652895450592e-02
8.737776614725589752e-02
7.629251914719741012e-02
9.553256941338379715e-02
8.817210855583350326e-02
7.649882355084021424e-02
9.104469387481610443e-02
7.201564032584428787e-02
1.080363336950540543e-01
1.200876335302988734e-01
1.077366744478543553e-01
1.034504721562067714e-01
9.075939903656642105e-02
9.686041995882987976e-02
9.887088338534037735e-02
7.154078005502621795e-02
7.175654219463467598e-02
8.170764582852522995e-02
9.295680125554402207e-02
1.006303758670886311e-01
1.050519819060961452e-01
8.116993928949038650e-02
7.798844172308842804e-02
9.755923102299372818e-02
7.516276867439349030e-02
9.824480364720027115e-02
9.770726785063743591e-02
7.560976330811779167e-02
9.923782447973887588e-02
7.657304126769304276e-02
9.719074129437406395e-02
1.180787221528589725e-01
7.548083892712990906e-02
9.876396755377452041e-02
1.258883109937111444e-01
7.985048710058133270e-02
7.757642275343339111e-02
7.778634689748287201e-02
7.752262304226557876e-02
8.173261551807324554e-02
9.981702143947283890e-02
7.449087547138333321e-02
9.754055490096409653e-02
1.203585279484589848e-01
1.027885436390836987e-01
8.217893602947394516e-02
8.865436352789402008e-02
8.353860862553119659e-02
7.914809603244066238e-02
7.475791576628883217e-02
9.823000989854335785e-02
9.289275063201785088e-02
7.466937787830829620e-02
1.174860264485080991e-01
9.846357007821400498e-02
9.625405243908365105e-02
9.749574819579720497e-02
7.560385080675284530e-02
7.574185263365507126e-02
7.895272442450125550e-02
1.013762541115283966e-01
1.013194679593046460e-01
9.975143025318781997e-02
1.329744451989730292e-01
9.670894189427296783e-02
7.471670024096965790e-02
9.394193192323048447e-02
1.116684669007857594e-01
7.562082136670748855e-02
8.783141213158766891e-02
9.956007947524388169e-02
1.045667091384530067e-01
8.149707317352294922e-02
7.781000994145870209e-02
7.586315801988045837e-02
9.769123109678427841e-02
7.763736291478078033e-02
7.788628401855628158e-02
7.863586458067099716e-02
9.901893138885498047e-02
9.883889354144533013e-02
7.695127138867974281e-02
9.602346147100131180e-02
7.484835976113875244e-02
7.258652678380410339e-02
7.911396647493044998e-02
7.382028130814433098e-02
7.404707962026198242e-02
9.727295674383640289e-02
7.538281598438818787e-02
7.734526740387082100e-02
1.089621704692641940e-01
1.241255700588226318e-01
7.301159187530477379e-02
7.886305668701727722e-02
1.025795886913935390e-01
1.033017989248037338e-01
7.492627917478482391e-02
9.863661477963130142e-02
7.671737779552738334e-02
7.661263256644208763e-02
9.858292092879612778e-02
1.264873802041014128e-01
1.046684930721918788e-01
1.054420586054523740e-01
9.994261463483174179e-02
9.676074981689453125e-02
7.649376864234606888e-02
1.034071668982505798e-01
1.241268888115882874e-01
1.672848264376322336e-01
7.773718486229579117e-02
9.180902192989985611e-02
1.193781734133760181e-01
7.317030926545460556e-02
9.352190544207890366e-02
9.705614298582077026e-02
7.497583484898011352e-02
1.162676856232186112e-01
7.377506745979189873e-02
9.637079636255900528e-02
7.684678429116804932e-02
1.191922756843268871e-01
9.888121485710144043e-02
7.264384068548679352e-02
1.238732219984133992e-01
7.618000606695811416e-02
8.001930173486471176e-02
7.407547486945986748e-02
7.534756883978843689e-02
9.646455695231755112e-02
8.081353145341078903e-02
7.486436329782009125e-02
9.911088645458221436e-02
9.590241235370437767e-02
7.530584993461768295e-02
9.639044602711994980e-02
7.341407099738717079e-02
9.963133931159973145e-02
9.674113662913441658e-02
9.675959994395573471e-02
1.216519630203644481e-01
9.653865111370880936e-02
7.582634749511878158e-02
9.679317971070607041e-02
7.482426334172487259e-02
8.113304618746042252e-02
9.388818809141714905e-02
9.798142903794844483e-02
7.385795315106709336e-02
9.778909633557002212e-02
7.720135105773806572e-02
1.222446893031398502e-01
7.605168006072442199e-02
7.992431800812482834e-02
8.400897805889447068e-02
8.466410016020138596e-02
9.990678836281101372e-02
7.756627257913351059e-02
1.030257763341069221e-01
7.414818275719881058e-02
9.618881158530712128e-02
7.922035766144593094e-02
1.080208634957671165e-01
9.616679201523463394e-02
6.893034364717702533e-02
7.992509814600150253e-02
8.495375203589598800e-02
9.601775060097376968e-02
9.425646190841992234e-02
9.986875454584757950e-02
9.877175698056817055e-02
9.792355292787154053e-02
7.424263531963030960e-02
7.298375914494197036e-02
7.741021007920305397e-02
7.614620619763930176e-02
7.458374059448640014e-02
7.629045921688278054e-02
7.323951305200655792e-02
9.925837566455204819e-02
9.927647250394026901e-02
7.634399939949314262e-02
7.501160058503349159e-02
1.411038797038296766e-01
1.004003385702769008e-01
7.440777619679768418e-02
7.511324171597759392e-02
7.800883582482735779e-02
7.588967587798833847e-02
1.015820180376370702e-01
9.441877404848735000e-02
1.251924804722269469e-01
9.935447076956431534e-02
8.039137690017621185e-02
7.481070452680189942e-02
9.007285349071025848e-02
8.161756582558155060e-02
9.606232990821202133e-02
7.736017461866140366e-02
8.308114018291234970e-02
1.386266192421317101e-01
1.016044865051905360e-01
9.825961749690274860e-02
7.927241579939921234e-02
9.444163087755441666e-02
1.205085500453909192e-01
9.711430671935279701e-02
9.668529033660888672e-02
7.326851629962523316e-02
7.808556221425533295e-02
7.551134532938401367e-02
7.482532955085237358e-02
9.871109575033187866e-02
9.441407024860382080e-02
7.392274122685194016e-02
1.204416081309318542e-01
9.896749242519338463e-02
9.739019783834616806e-02
7.515509783600766991e-02
7.389042728270094063e-02
1.180334952659904957e-01
7.603511710961659287e-02
7.671194182087977265e-02
9.635688721512754296e-02
7.558050317068894242e-02
1.000267748410503116e-01
7.577410992234945297e-02
9.688402432948350906e-02
9.884771239012479782e-02
9.770371268192927505e-02
7.486398626739780571e-02
7.648009558518727158e-02
7.464801566675305367e-02
7.642055520166952942e-02
9.955554315820336342e-02
1.002184206930299554e-01
9.992248471826314926e-02
9.793531863639752533e-02
1.204632034835716042e-01
7.571871547649304535e-02
7.767578897376854752e-02
9.842624515295028687e-02
9.760284780835111473e-02
7.563672680407762527e-02
7.639863745619852875e-02
7.572896188745896484e-02
9.938365966081619263e-02
9.760390470425288345e-02
7.408595954378445481e-02
1.214674990624189377e-01
7.603496157874663208e-02
9.730657190084457397e-02
7.569579035043716431e-02
1.180768274546911273e-01
9.819751977920532227e-02
8.133566131194432114e-02
1.189146580485006127e-01
9.730655699968338013e-02
7.651234728594620560e-02
7.600730657577514648e-02
9.684049431234598160e-02
9.967343912770350312e-02
9.651564806699752808e-02
7.926632432887951996e-02
9.735946822911500931e-02
1.209670350265999589e-01
9.873335435986518860e-02
7.514845564340551232e-02
9.671862019846837188e-02
9.839078287283579971e-02
7.617058915396530960e-02
7.413927186280488968e-02
7.710067275911569595e-02
8.256456628441810608e-02
7.977448465923468734e-02
7.605271941671769287e-02
7.500754157081246376e-02
1.024463794504602704e-01
9.844354835028450157e-02
7.668798013279835846e-02
7.511073273296157982e-02
7.824373121062914993e-02
7.582075055688619614e-02
9.734820683176319267e-02
9.954137324045102264e-02
9.939575164268414642e-02
7.591552101075649261e-02
9.823753715803225373e-02
9.677815763279795647e-02
9.963144082576036453e-02
8.106639546652634476e-02
9.626837524895866249e-02
9.813932065541546013e-02
7.732518731305997040e-02
9.880411159247159958e-02
9.546018422891695832e-02
7.374504767358303070e-02
9.945366531610488892e-02
7.671166490763425827e-02
7.683405124892790650e-02
8.140596188604831696e-02
7.781796374668677185e-02
9.858906315639615059e-02
9.825688942025105621e-02
7.509986621638138626e-02
7.327261900839705799e-02
9.734761218229930069e-02
7.575996018325288628e-02
9.943371017773945664e-02
9.853229175011317398e-02
8.025604548553626205e-02
9.600186596314112808e-02
9.838820062577724457e-02
1.029348696271578517e-01
1.203811440306405273e-01
9.796255330244700577e-02
7.695922690133254196e-02
1.024458954731623378e-01
1.009308397769927979e-01
7.575895357877016068e-02
9.931282730152209137e-02
7.635537565996249054e-02
7.612083759158849716e-02
7.548177832116682862e-02
7.539182497809331085e-02
1.418917657186587744e-01
1.208569112544258389e-01
7.598608452826738358e-02
7.620509962240855362e-02
9.766273262600104477e-02
9.794616947571437027e-02
7.659597850094239380e-02
7.680940441787242889e-02
7.665459516768653725e-02
7.553150349607069824e-02
7.522376781950394775e-02
9.840584297974903916e-02
9.851643505195777084e-02
1.000053308283289227e-01
7.730966868499915268e-02
7.589290337637066841e-02
9.881754561016957428e-02
7.603670253107945587e-02
7.565385708585381508e-02
7.561056191722552444e-02
7.448048098012804985e-02
7.347798005988200043e-02
7.476736760387818481e-02
7.376446155831217766e-02
7.465561820815007354e-02
9.724429994821548462e-02
9.900447943558295105e-02
7.702326557288567688e-02
7.714849431067705154e-02
9.853030244509379532e-02
7.490483376507957314e-02
7.601138794173796509e-02
1.209592844049135890e-01
9.830597788095474243e-02
7.527354949464400147e-02
7.657412594805161621e-02
9.698714315891265869e-02
1.001589667672912326e-01
7.690706849098205566e-02
9.943973521391551162e-02
1.225619909043113437e-01
7.777072861790657043e-02
7.702907640486955643e-02
7.805861315379540588e-02
1.002792135501901355e-01
1.050455222527186122e-01
7.947337348014116287e-02
7.819747397055228089e-02
7.978578750044107437e-02
7.799927610903978348e-02
1.046054189403851781e-01
9.998071659356355667e-02
7.589958546062310074e-02
7.732751561949650909e-02
7.684262190014123917e-02
7.457026218374569748e-02
7.312538164357344772e-02
1.204912737011909485e-01
7.601738674566149712e-02
9.639241639524698257e-02
9.829308837652206421e-02
1.432673274539411068e-01
7.619325288881857727e-02
7.654392315695683624e-02
7.653325951347748901e-02
7.761944054315488006e-02
9.820320705572764541e-02
7.619378870973984863e-02
9.784024550269047882e-02
9.750961512327194214e-02
9.843946589777867462e-02
7.711188976342479851e-02
7.691466528922319412e-02
1.217796057462692261e-01
7.632859547932942246e-02
7.623346243053674698e-02
7.640733228375513886e-02
7.560633557538191940e-02
7.592756968612472679e-02
9.868214776118595932e-02
9.951477311551570892e-02
1.000265881108741012e-01
7.768305360029141571e-02
1.012942691644032750e-01
7.677296859522660111e-02
1.207027446168164458e-01
1.205737814307212830e-01
9.781171039988596771e-02
1.005905196070671082e-01
7.847962435334920883e-02
1.224040964928766045e-01
9.999769553542137146e-02
7.629327010363340378e-02
7.693499512970447540e-02
9.958410200973351334e-02
9.916398425896962021e-02
1.442583495130141669e-01
9.809751156717538834e-02
9.877374923477570678e-02
9.847450349479913712e-02
1.001526036610205922e-01
7.640399504452943802e-02
7.566125240797798301e-02
7.539760243768493797e-02
7.600559418400128220e-02
7.601673606162269448e-02
9.891493121782939102e-02
7.604633814965684746e-02
9.961797545353572036e-02
9.907241165637969971e-02
7.591033820062875748e-02
1.001371219754219055e-01
7.703491641829411651e-02
9.887853513161341812e-02
7.704331865534186363e-02
1.226939018815755844e-01
9.772120416164398193e-02
7.673483435064554214e-02
7.653572503477334976e-02
9.918337066968281601e-02
7.577551109716296196e-02
7.567263332506020401e-02
7.656695538510878418e-02
7.610778106997410919e-02
1.010923037926356044e-01
7.658249155307809974e-02
7.635671024521191452e-02
7.631589767212669517e-02
9.852929459884762764e-02
7.665140243868033554e-02
1.221326639254887853e-01
9.921883046627044678e-02
9.826213866472244263e-02
1.218542441104849133e-01
7.662140050282080506e-02
7.711839148153860901e-02
9.839628388484318589e-02
9.853343075762192871e-02
7.642082528521616791e-02
7.687678529570500519e-02
9.938472261031468247e-02
7.672934948156277801e-02
7.670339041699965332e-02
1.216264292597770691e-01
1.212148930256565366e-01
7.599531471108396385e-02
1.216485658660531044e-01
7.747996412217617035e-02
7.812068300942580368e-02
7.811727778365214203e-02
7.607167214155197144e-02
7.602758255476753380e-02
7.655100990086793900e-02
7.534030343716342781e-02
9.950132668018341064e-02
7.663999047751228477e-02
7.620306111251314019e-02
9.833457134664058685e-02
7.644111011177301407e-02
7.642893757050235604e-02
7.656753979002435540e-02
1.235434884826342311e-01
1.449200448890527182e-01
9.775267044703166153e-02
9.830174688249826431e-02
7.625596721967060898e-02
9.918970614671707153e-02
7.942069042474031448e-02
1.000752225518226624e-01
9.697403013706207275e-02
7.529660640284419060e-02
7.547619069616000320e-02
9.969547639290492203e-02
7.606052265812952851e-02
7.737137097865343094e-02
7.668751416107018326e-02
7.691208024819691513e-02
9.948221935580174591e-02
9.943938503662745620e-02
7.688013805697362091e-02
7.704568607732653618e-02
9.964050600926081802e-02
9.810284509633977745e-02
7.664627892275650833e-02
1.219321827714641843e-01
1.213752897456288338e-01
7.592106020698945190e-02
7.503445772454142570e-02
9.820507466793060303e-02
7.573788768301407959e-02
7.581636961549520493e-02
7.738080713897943497e-02
7.570220343768596649e-02
9.785789002974827622e-02
1.222460990150769505e-01
7.662138218681018020e-02
7.592959686492879723e-02
7.672926628341276978e-02
1.449121354768673486e-01
7.599904807284474373e-02
7.690897397696971893e-02
1.215403896446029391e-01
9.898109299441178177e-02
9.895541518926620483e-02
9.978883092602093552e-02
7.564641069620847702e-02
1.222262280061841011e-01
1.214270458246270862e-01
7.647120999172329903e-02
7.667722025265295838e-02
9.834378181646268036e-02
7.673710832993189956e-02
1.004573727647463527e-01
9.865933579082290794e-02
7.662090534965197708e-02
1.221875321740905490e-01
9.920427172134320404e-02
9.847034265597660874e-02
9.937674303849537705e-02
7.705528878917296265e-02
9.935378779967625473e-02
9.908103539297978546e-02
7.665686588734388351e-02
9.943982710440953110e-02
9.873351951440174912e-02
9.934186733638246392e-02
7.673910663773615692e-02
7.659019747128088806e-02
7.705964582661788131e-02
9.955754177644848824e-02
9.876480201880137588e-02
7.691424215833346512e-02
9.802944709857304428e-02
9.977644930283229019e-02
7.704463849465052749e-02
9.856878966093063354e-02
7.611824541042248871e-02
7.815929471204678680e-02
7.653843611478805542e-02
7.626938602576653625e-02
9.963336804260809754e-02
1.438759068648020334e-01
7.742346171289682388e-02
7.675901583085457947e-02
7.659151653448741104e-02
7.652481490125258301e-02
7.657803098360697891e-02
9.928350398937861587e-02
9.957417100667953491e-02
9.896084666252136230e-02
7.643332084019978379e-02
7.691235654056072235e-02
9.879700094461441040e-02
9.935349474350611831e-02
7.685641602923472260e-02
9.898049384355545044e-02
1.213003154844045639e-01
9.889583600064118241e-02
7.603068401416142319e-02
1.228466837977369580e-01
7.670136261731386185e-02
7.576492040728528832e-02
7.705799645433823730e-02
7.683631032705307007e-02
9.922838024795055389e-02
7.672344179203112458e-02
9.896696576227743958e-02
9.898926721264918183e-02
7.628212651858727600e-02
7.641760663439829682e-02
7.654519068698088791e-02
7.636419388776023720e-02
7.727260204652945663e-02
7.622205419465899467e-02
1.218021397168437686e-01
7.746301063646872376e-02
7.686478861918051575e-02
7.692405985047419403e-02
9.945659680912892486e-02
1.203970766315857616e-01
7.730888885756333206e-02
1.448772655179103308e-01
9.859146581341822480e-02
7.621648442000150681e-02
9.998990595340728760e-02
9.906163563330967758e-02
7.695599241803090240e-02
1.001661295692126002e-01
7.652042961368958618e-02
1.215336431438724246e-01
7.819789151350657608e-02
7.576002894590298797e-02
7.730747759342193604e-02
7.688319558898608352e-02
7.793046875546376373e-02
1.215501526991526332e-01
7.665440750618775223e-02
7.682791926587621834e-02
9.933665394783020020e-02
9.906631801277399063e-02
9.851230898251135681e-02
7.613940366233389045e-02
9.926975766817729141e-02
1.000092942267656326e-01
7.559601178703208302e-02
9.940849989652633667e-02
1.005853737394015041e-01
1.226087979351480756e-01
7.677544249842564728e-02
9.937198615322510864e-02
7.666403645028670166e-02
9.891471608231465484e-02
7.669791330893833969e-02
7.709660381078720093e-02
9.948729972044627334e-02
9.990788499514262344e-02
9.925769486775000428e-02
7.608451678728063439e-02
7.619499570379655029e-02
9.990306493515770103e-02
9.915078928073246811e-02
7.710442505776882172e-02
7.672472329189379547e-02
9.858038276433944702e-02
9.909530946364004944e-02
7.700929138809442520e-02
7.658127912630637024e-02
7.686332892626523972e-02
7.643124243865410949e-02
9.975561996301014756e-02
7.615747721865773201e-02
7.671468953291575577e-02
7.649332253883282806e-02
9.925160712252061035e-02
7.628479941437642242e-02
7.679982762783765793e-02
7.639560755342245102e-02
7.701288163661956787e-02
7.648247635612885620e-02
7.667182494575779106e-02
7.673338148742914200e-02
7.650548995782931183e-02
9.876079453776280548e-02
1.000428100426991734e-01
7.620948180556297302e-02
9.900334725777308609e-02
7.652761787176132202e-02
7.657285919412970543e-02
7.608430444573362206e-02
7.716345166166622971e-02
7.630994217470288277e-02
9.945163627465565537e-02
7.669188299526770447e-02
9.890841692686080933e-02
7.671557910119493340e-02
7.607212755829095840e-02
9.935935089985530044e-02
1.215194019799431119e-01
7.633846315244834091e-02
1.008954346179962158e-01
7.591481010119120743e-02
7.827125893284876679e-02
9.886649996042251587e-02
9.896972278753916885e-02
9.909463766962289810e-02
7.702428909639517929e-02
9.900674534340699051e-02
9.913565808286269043e-02
7.678211138894160126e-02
7.722412825872500275e-02
1.213933505738774982e-01
9.913046968479950760e-02
1.445389082655310631e-01
7.662073026100794937e-02
7.706049705545107986e-02
9.870469321807225083e-02
7.692267714689175750e-02
7.675910585870344971e-02
9.880091715604066849e-02
9.913260800143082474e-02
9.894545190036296844e-02
9.969893097877502441e-02
9.844426220903794433e-02
9.899763731906811859e-02
7.642155854652325775e-02
1.006825954342881885e-01
9.851546088854472305e-02
9.916037973016500473e-02
9.979186207056045532e-02
9.954478591680526733e-02
1.003188267350196838e-01
9.927775462468464707e-02
9.940427293380101059e-02
1.220360230654478073e-01
1.227383933340509686e-01
7.614768467222650383e-02
7.678628433495759964e-02
9.940077022959788178e-02
7.678702690949042176e-02
7.674996803204219009e-02
1.222521932795643806e-01
9.939518881340821121e-02
9.962925221771001816e-02
9.864198742434382439e-02
1.001538817460338321e-01
9.954258892685174942e-02
9.940806496888399124e-02
7.647075116013486717e-02
9.965345263481140137e-02
1.213440348704655919e-01
9.947786635408799316e-02
1.222390156860152927e-01
7.724291707078616287e-02
1.221641100322206769e-01
7.661200842509667541e-02
9.992105513811111450e-02
7.714087174584467743e-02
9.947240104277928208e-02
9.867460529009501602e-02
7.638909776384632255e-02
9.947179009517033432e-02
1.001547267660498619e-01
7.677862482766310837e-02
1.219068596449991021e-01
7.702488359063863754e-02
9.953872517993052338e-02
9.961625685294468735e-02
9.925872335831324722e-02
7.751339363555113937e-02
7.635124959051609039e-02
7.648753824954231118e-02
7.643254396195213463e-02
7.720193049559991028e-02
9.873488545417785645e-02
9.997223317623138428e-02
7.673004890481631424e-02
9.964403510093688965e-02
7.672874846806128357e-02
7.735095421473185684e-02
9.917145719130833481e-02
9.812570673724015091e-02
7.661863074948389862e-02
1.214990563069780621e-01
9.932479759057362412e-02
7.655516484131415222e-02
1.000108572964866910e-01
9.883273392915725708e-02
9.931423266728718613e-02
7.592530222609639168e-02
1.220919092496236119e-01
7.697389988849560882e-02
7.735765073448419571e-02
7.647709238032500412e-02
9.947540362675984238e-02
7.632595673203468323e-02
7.715275169660647248e-02
7.670040211329857971e-02
9.964713950951893662e-02
7.710181471581260826e-02
9.966723838200171326e-02
1.211097553993264880e-01
1.220657511924703870e-01
9.933569778998692368e-02
9.980577261497576569e-02
7.646526986112196778e-02
1.213056143994132724e-01
7.714715025698144768e-02
9.989301767200231552e-02
1.224767258390784264e-01
9.947849810123443604e-02
1.005539077644546780e-01
1.221074626470605579e-01
1.002025306224822998e-01
9.912178913752238418e-02
7.732647781570751999e-02
9.891724834839503433e-02
9.881026049455006455e-02
7.656301278620958328e-02
9.928161650896072388e-02
1.206719021623333249e-01
7.683753749976555969e-02
7.713810664912064408e-02
9.976569811503092911e-02
7.669794373214244843e-02
9.888032078742980957e-02
7.652398260931174423e-02
9.969264517227809097e-02
7.607063977047801018e-02
7.725742893914382126e-02
7.619086792692542076e-02
7.737910561263561249e-02
