1.403512279192606682e+00
1.192470828692118401e+00
1.009425163269042969e+00
1.063660224278767830e+00
1.156762023766835457e+00
1.012142558892567878e+00
9.171355366706848145e-01
9.869711399078369141e-01
9.230653246243795129e-01
9.582557876904805871e-01
9.087131222089132043e-01
9.198708335558573035e-01
9.397434989611307410e-01
8.971870938936868933e-01
8.824804822603861121e-01
1.074507633845011467e+00
8.844371636708577844e-01
1.028654793898264641e+00
9.299997289975484582e-01
9.246211250623067590e-01
9.582019448280334473e-01
8.906256755193074914e-01
8.975343704223632812e-01
9.334479173024495813e-01
8.403438925743103027e-01
8.256869713465372351e-01
9.925359884897867468e-01
9.479442834854125977e-01
8.750888307889302942e-01
9.804096023241678504e-01
9.118899305661519739e-01
8.516727487246195105e-01
9.240116278330484656e-01
8.504350185394287109e-01
9.830329616864522668e-01
9.193501869837442664e-01
8.800429105758666992e-01
8.968835671742757532e-01
8.909190098444620398e-01
8.287704189618428918e-01
8.538308938344320032e-01
9.004397988319396973e-01
8.256384929021199914e-01
7.971891959508260461e-01
1.054155608018239265e+00
9.404757618904113770e-01
9.407816727956136438e-01
9.998044371604919434e-01
8.861144185066223145e-01
1.155571063359578377e+00
9.039619962374368933e-01
9.565045038859049109e-01
8.593754569689432410e-01
8.093577424685159949e-01
9.750672976175943640e-01
8.002558549245198938e-01
8.378413915634155273e-01
7.313401699066162109e-01
8.600325783093770715e-01
1.100741207599639893e+00
9.639152487119039270e-01
8.335040609041849402e-01
7.143581906954447058e-01
7.511754830678304407e-01
9.182817935943603516e-01
7.091146906216939660e-01
8.041303952534993860e-01
7.480907440185546875e-01
8.604394197463989258e-01
1.138094862302144294e+00
9.895201325416564941e-01
9.738918940226236609e-01
8.408983548482259485e-01
7.926015059153238562e-01
7.202561696370443078e-01
8.178070584932962683e-01
7.434041102727254602e-01
9.767018953959146765e-01
7.672277092933654785e-01
7.800784309705098840e-01
7.478599945704141883e-01
6.924765110015869141e-01
8.248259822527567175e-01
7.924618522326151160e-01
7.294331789016723633e-01
1.040082673231760735e+00
7.624791463216146203e-01
7.543309529622396203e-01
9.639452894528707239e-01
9.895666241645812988e-01
7.771879037221273157e-01
8.501099149386087683e-01
6.743613481521606445e-01
8.548392653465270996e-01
7.692224780718485144e-01
6.377919117609659461e-01
5.579586823781331750e-01
6.648109356562296179e-01
5.246400833129882812e-01
7.015134692192077637e-01
4.829523861408233643e-01
4.779623945554097308e-01
5.212768415609995154e-01
4.856082002321879254e-01
5.028993884722391394e-01
4.467092255751292096e-01
4.275323450565338135e-01
4.594052135944366455e-01
4.826679627100626813e-01
4.608420034249623431e-01
4.068027337392171039e-01
3.944940765698750629e-01
1.114998539288838630e+00
5.760559439659118652e-01
5.683447718620300293e-01
4.836037059624989642e-01
4.109862049420674457e-01
3.668555219968159808e-01
3.339266379674275531e-01
4.212896923224131451e-01
4.295126994450886859e-01
3.857775727907816754e-01
4.731112221876780377e-01
3.867532809575398578e-01
3.285558323065440045e-01
4.485422273476918353e-01
4.374674757321675433e-01
3.835931122303009033e-01
3.528118630250294818e-01
3.156621754169464111e-01
2.432886958122253418e-01
2.870262364546458111e-01
2.619511733452479230e-01
2.866167525450388776e-01
2.816760838031768799e-01
4.737902581691741943e-01
3.406414290269215717e-01
3.042749265829722272e-01
2.784588734308878766e-01
2.704649915297825946e-01
3.551763792832692279e-01
8.597347338994344446e-01
3.518898089726765765e-01
2.995034009218215942e-01
2.584353437026341571e-01
2.786655376354853497e-01
3.189888894557952881e-01
2.699984063704808368e-01
5.609447260697683069e-01
3.549953500429789410e-01
3.994693756103515625e-01
2.845363318920135498e-01
5.293422242005666467e-01
3.637595077355702533e-01
3.211710552374522076e-01
2.381231586138407297e-01
2.627533872922261371e-01
3.495295097430546893e-01
3.327177564303080426e-01
3.960567911465962543e-01
2.645111630360285626e-01
3.254872957865397320e-01
2.906484504540761127e-01
3.608953555425007953e-01
6.662600437800089148e-01
8.692441383997598914e-01
6.902645627657572058e-01
3.528959850470225201e-01
4.239989717801411762e-01
3.443153003851572858e-01
3.243819574515025006e-01
2.774336983760197772e-01
2.617658128341038837e-01
4.444903632005055560e-01
2.875160872936248779e-01
2.292007406552632742e-01
2.719153414169947491e-01
2.683362662792205811e-01
3.103421529134114398e-01
2.398722171783447266e-01
2.640875031550725116e-01
5.302732487519582483e-01
3.144855300585429059e-01
3.763201832771301270e-01
2.856654723485310687e-01
2.741408795118331909e-01
3.096395929654439105e-01
3.484506607055664062e-01
3.028123378753662109e-01
2.642346123854319440e-01
2.632147024075190411e-01
3.799562255541483746e-01
4.011859397093455182e-01
2.721781035264332904e-01
3.520451486110687256e-01
3.077092617750167847e-01
3.705051441987355365e-01
3.208935558795928955e-01
2.894606292247772217e-01
2.105321288108825684e-01
2.797889908154805316e-01
2.251565307378768921e-01
2.190803140401840210e-01
2.823796470959981098e-01
2.312535146872202463e-01
2.596071809530258179e-01
2.406345556179682321e-01
2.011179079612096243e-01
2.099372148513793945e-01
3.539703190326690674e-01
2.127693792184194022e-01
2.883087148269017352e-01
2.386674384276072092e-01
2.124001632134119577e-01
2.405289957920710153e-01
2.250180145104726248e-01
2.631764610608418598e-01
2.997222791115443097e-01
2.590570052464802875e-01
2.463098665078481131e-01
2.493544320265451975e-01
2.000336597363154001e-01
2.603711833556492938e-01
2.473752597967783518e-01
1.809384524822235107e-01
2.054670055707295828e-01
2.366597553094228201e-01
2.680007865031560077e-01
2.520307948191960468e-01
3.292563557624816895e-01
3.038244048754374371e-01
2.846014499664306641e-01
2.908173402150471820e-01
3.001850644747416363e-01
1.933738489945729666e-01
2.013482252756754465e-01
2.500836501518885480e-01
2.476705213387807303e-01
1.997369080781936646e-01
2.093602716922760010e-01
1.936683356761932373e-01
1.775896300872167044e-01
1.916925857464472360e-01
2.509854982296625958e-01
2.436439792315165109e-01
2.130328814188639230e-01
3.470798333485921039e-01
2.100054572025934763e-01
1.989807287851969309e-01
2.358769327402114868e-01
3.084017535050709857e-01
1.800108055273691721e-01
3.003431459267933978e-01
2.112681418657302856e-01
2.648835331201553345e-01
2.674934864044189453e-01
2.114917884270350046e-01
2.271505047877629691e-01
2.104174544413884573e-01
2.351653973261515207e-01
2.232268005609512329e-01
2.397078325351079398e-01
2.193815807501474924e-01
1.792794987559318542e-01
2.429984708627065115e-01
2.454090515772501535e-01
2.163250893354415894e-01
1.821022282044092722e-01
2.362816929817199707e-01
1.768419916431109018e-01
1.897044231494267874e-01
1.913394083579381399e-01
1.843442072470982962e-01
2.084140380223592215e-01
2.411557634671529227e-01
2.544567485650380267e-01
1.554602831602096558e-01
2.257853299379348755e-01
2.767462829748789654e-01
2.517592857281367169e-01
1.834907333056131906e-01
2.184416055679321289e-01
1.969217061996459961e-01
1.931413908799489432e-01
2.056799580653508597e-01
2.594764779011408673e-01
2.163890451192855835e-01
2.612794786691665649e-01
2.188214908043543405e-01
1.897245248158772879e-01
1.884052505095799857e-01
2.625210434198379517e-01
5.017405748367309570e-01
6.200439731280008582e-01
3.064553538958231793e-01
1.929625769456227713e-01
3.176188419262568341e-01
2.004059304793675833e-01
1.774099419514338083e-01
2.522462407747904645e-01
2.194678882757822580e-01
1.973200862606366568e-01
2.036818961302439279e-01
1.981704731782277518e-01
2.162101964155832834e-01
2.102886190017064505e-01
2.243098169565200806e-01
1.828132346272468567e-01
2.579746097326278687e-01
2.040682435035705566e-01
2.579113046328226910e-01
1.895337502161661691e-01
2.007751117149988718e-01
1.669856359561284476e-01
2.462984224160512381e-01
1.695875202616055899e-01
2.365104258060455322e-01
1.814684147636095590e-01
1.992737253506978445e-01
1.944011102120081491e-01
1.644606639941533499e-01
2.221438338359197073e-01
2.017807662487030029e-01
2.111302266518274851e-01
2.226816117763519287e-01
1.986898680528005057e-01
2.023753027121225900e-01
2.196087638537088937e-01
1.803466727336247855e-01
2.675364414850870953e-01
1.875750770171483450e-01
2.186968823273976736e-01
1.859885156154632568e-01
2.098197937011718750e-01
2.172161936759948730e-01
2.242305676142374582e-01
1.700985506176948547e-01
2.444903751214345389e-01
2.827045669158299579e-01
2.777221600214640485e-01
2.159827897946039743e-01
2.168913582960764475e-01
2.683348308006922589e-01
1.637960672378540039e-01
1.801490560173988342e-01
2.883606950441996442e-01
2.770766069491704120e-01
1.708114445209503174e-01
1.958704441785812378e-01
2.533304542303085327e-01
2.858301053444544659e-01
2.165191620588302612e-01
1.913059204816818237e-01
2.341333528359731131e-01
2.194888691107431955e-01
2.251412371794382639e-01
1.802047938108444214e-01
1.755308459202448434e-01
2.253012657165527344e-01
1.968281070391336984e-01
1.861768017212549753e-01
1.902143309513727731e-01
1.713659962018330984e-01
2.147233188152313232e-01
2.264082481463750296e-01
1.935913910468419485e-01
1.988110591967900687e-01
2.099840342998504639e-01
2.391557345787684030e-01
1.888368378082911081e-01
1.965122818946838379e-01
2.378183255592981882e-01
1.884174297253290720e-01
2.444399992624918527e-01
1.945592562357584543e-01
2.585188597440719604e-01
1.766471539934476309e-01
2.496663928031921387e-01
1.935457289218902588e-01
3.027535080909729004e-01
2.599899421135584698e-01
1.760163307189941406e-01
2.285180936257044382e-01
2.709780683120091571e-01
2.050611252586046762e-01
2.556305478016535626e-01
1.819073036313056946e-01
2.502964834372202740e-01
1.845150391260782785e-01
2.410044570763905936e-01
2.124913533528645926e-01
2.051017880439758301e-01
1.750462179382642203e-01
2.094389597574869699e-01
2.076826641956965036e-01
1.924300690491994315e-01
2.192915876706441336e-01
1.904778877894083566e-01
1.775566091140111380e-01
2.198477834463119507e-01
2.208001563946405954e-01
2.124492476383844919e-01
1.852213591337203979e-01
1.681736186146736145e-01
2.113441030184427805e-01
1.983271290858586722e-01
2.100510746240615845e-01
1.952985823154449463e-01
1.923771252234776907e-01
2.216641952594121390e-01
1.925902962684631348e-01
1.984305232763290405e-01
2.223163843154907227e-01
2.099362115065256662e-01
1.828486174345016479e-01
1.951478372017542429e-01
1.853758643070856638e-01
1.955160895983378000e-01
2.093040148417154855e-01
1.964134325583775931e-01
2.252911875645319528e-01
2.100843985875447684e-01
2.096178879340489798e-01
1.836168318986892700e-01
2.190165619055430002e-01
2.229572037855784006e-01
1.917565663655599051e-01
1.884412715832392282e-01
2.034418086210886545e-01
1.810604880253473825e-01
2.224675218264261789e-01
1.979013333717981882e-01
1.761178945501645499e-01
2.310931434233983450e-01
1.963929831981658936e-01
1.833688815434773856e-01
2.175759325424830026e-01
1.925354897975921631e-01
1.870545546213785715e-01
2.530288795630137311e-01
2.232313305139541626e-01
1.779768913984298706e-01
1.996186474959055490e-01
1.874823073546091623e-01
2.066464672485987253e-01
2.275484452644983835e-01
1.887610604365666800e-01
2.235665818055470877e-01
2.173868715763092041e-01
2.123377323150634766e-01
2.141383786996205740e-01
1.894207149744033813e-01
2.024437685807546072e-01
2.090468506018320627e-01
1.985160658756891794e-01
1.750573491056760245e-01
2.023546348015467233e-01
2.458583265542984009e-01
2.343257019917170114e-01
1.925837447245915823e-01
1.913736164569854736e-01
2.458999107281366892e-01
1.986383348703384399e-01
2.004431784152984619e-01
1.963987896839777536e-01
2.147339433431625366e-01
1.903535226980845041e-01
2.059682259956995554e-01
2.212850501139958792e-01
2.117730975151062012e-01
1.942954113086064749e-01
1.977023830016454153e-01
1.831421256065368652e-01
2.261680463949839182e-01
2.310058673222859793e-01
1.799326241016387939e-01
1.991003751754760742e-01
2.106176018714904785e-01
1.961836020151773996e-01
1.773482635617256165e-01
1.603401949008305960e-01
2.182011653979619437e-01
1.951807687679926462e-01
2.033940056959787912e-01
2.408833901087442941e-01
2.203610340754190988e-01
2.013096511363983154e-01
2.122925668954849243e-01
1.837222923835118704e-01
1.477996011575063162e-01
2.049430112044016428e-01
1.924703915913899832e-01
2.035094499588012695e-01
2.133544931809107370e-01
2.302882969379425049e-01
1.757966180642445975e-01
2.156800329685211182e-01
2.457465678453445435e-01
2.093688795963923044e-01
2.085406283537546701e-01
2.041188975175221854e-01
2.407357941071192331e-01
2.326105584700902396e-01
1.885673006375630789e-01
2.118833164374033518e-01
1.959495395421981812e-01
1.944290101528167725e-01
1.816529681285222464e-01
1.805082509915033884e-01
2.209497441848119192e-01
1.977652385830879211e-01
1.907734970251719064e-01
1.976700127124786377e-01
2.017573217550913400e-01
1.838912616173426218e-01
1.982668687899907523e-01
1.982696553071340018e-01
1.992340336243311472e-01
1.896438797314961844e-01
1.887663304805755615e-01
1.951722949743270874e-01
2.048850705226262503e-01
2.188561956087748117e-01
2.057644277811050415e-01
1.898780614137649536e-01
2.054411868254343576e-01
1.826824794212976999e-01
1.892928679784139090e-01
1.899217218160629272e-01
1.671618844072023935e-01
1.663651342193285532e-01
1.703199247519175119e-01
1.636250888307889395e-01
1.654846221208572388e-01
1.961486935615539551e-01
2.046788682540257864e-01
1.995005061229070120e-01
2.000178794066111154e-01
2.056621958812077933e-01
1.784680907924970084e-01
1.850215991338094168e-01
2.078797866900762015e-01
2.054608613252639771e-01
1.881526609261830740e-01
1.902310202519098825e-01
1.905584384997685843e-01
2.125776211420694894e-01
2.040977627038955688e-01
2.115119695663452148e-01
2.404214988152185983e-01
2.113438645998636789e-01
2.025450517733891898e-01
2.101938277482986450e-01
2.146595319112142020e-01
2.620898783206939697e-01
2.251155575116475516e-01
2.110263506571451730e-01
2.281834284464518137e-01
2.172236740589141846e-01
2.556627343098322735e-01
2.248702049255371094e-01
1.910133610169092722e-01
1.985441297292709351e-01
2.040967792272567749e-01
1.760945121447245187e-01
1.578844288984934396e-01
2.021115074555079050e-01
1.857941945393880301e-01
1.798776860038439340e-01
2.002036571502685547e-01
2.131140952308972769e-01
1.952468802531560355e-01
1.976792762676874704e-01
1.938835034767786569e-01
2.044390439987182617e-01
2.006234774986902780e-01
1.850552856922149658e-01
2.011643995841344290e-01
1.882771303256352835e-01
2.124530871709187918e-01
2.017277379830678397e-01
1.982234021027882986e-01
2.283745159705480032e-01
1.919378936290740967e-01
1.917994072039922171e-01
1.911574353774388724e-01
1.857913037141164236e-01
1.864913851022720337e-01
2.017514606316884451e-01
2.120931794246037894e-01
2.120933830738067627e-01
2.073018600543340140e-01
2.246861159801483154e-01
1.978315015633901053e-01
2.058839201927185059e-01
2.217196573813756399e-01
2.025358428557713919e-01
2.205427438020706177e-01
2.160715858141581125e-01
2.193340311447779245e-01
2.110164860884348459e-01
1.931735227505365915e-01
1.964053859313329153e-01
2.064027190208435059e-01
2.137097169955571585e-01
2.298973153034845895e-01
2.045682867368062430e-01
2.088562647501627512e-01
2.032598306735356741e-01
2.083507229884465628e-01
1.922052303949991769e-01
1.884927699963251657e-01
1.806570986906687326e-01
1.883667757113774710e-01
1.894419193267822266e-01
2.070473631223042899e-01
1.900537659724553519e-01
2.081812719504038400e-01
2.084206342697143555e-01
1.895969907442728586e-01
2.117044776678085327e-01
2.001621723175048828e-01
2.072129448254903250e-01
1.973034540812174387e-01
2.287433693806330270e-01
2.025208969910939627e-01
1.911884595950444632e-01
1.959661841392517090e-01
2.051907479763031006e-01
1.869904647270838327e-01
1.784194211165110178e-01
1.954405953486760550e-01
1.870774527390798025e-01
2.169727683067321777e-01
1.967511524756749564e-01
1.904768248399098807e-01
1.920679907004038400e-01
2.038667748371759958e-01
1.967816352844238281e-01
2.221803118785222464e-01
2.076063255469004221e-01
2.058602919181188040e-01
2.193071196476618356e-01
1.953466037909189768e-01
1.948063522577285767e-01
2.074897885322570801e-01
2.050319413344065256e-01
1.927130470673243112e-01
1.924779564142227173e-01
2.108912318944931030e-01
1.941902091105779105e-01
1.947101652622222900e-01
2.170021831989288330e-01
2.237443029880523682e-01
1.861150513092676706e-01
2.261107067267099924e-01
2.059473296006520682e-01
2.127819557984670096e-01
2.084471533695856638e-01
1.884191830952962332e-01
1.909881979227066040e-01
1.884262661139170236e-01
1.813111801942189627e-01
2.013962318499883108e-01
1.977916508913040161e-01
1.920600334803263254e-01
1.994410753250122070e-01
1.887988895177841187e-01
1.876167953014373779e-01
2.002656012773513794e-01
2.385504394769668579e-01
2.395365287860234671e-01
1.983799586693445749e-01
2.008510679006576538e-01
1.901781857013702393e-01
2.128559698661168509e-01
2.197938362757364816e-01
2.062944173812866211e-01
1.893334885438283377e-01
1.829374680916468210e-01
1.872700303792953491e-01
2.100909451643625803e-01
1.898708194494247437e-01
2.021525253852208548e-01
1.969198087851206369e-01
1.963368256886800223e-01
2.164198160171508789e-01
2.092335869868596487e-01
1.948447724183400565e-01
1.989783545335133963e-01
2.055069456497828073e-01
2.009193897247314453e-01
1.896518915891647339e-01
2.191677242517471313e-01
2.142383108536402292e-01
1.826643596092859811e-01
1.791443303227424622e-01
2.003648479779561453e-01
1.828319231669107980e-01
1.850849241018295288e-01
2.046456088622411185e-01
1.850441793600718088e-01
1.983069082101186209e-01
2.303820848464965820e-01
1.932128717501958304e-01
1.872305870056152344e-01
1.929627160231272287e-01
2.387581715981165476e-01
1.862137367328008108e-01
1.972648650407791138e-01
2.229899764060974121e-01
2.004455029964447021e-01
2.093929648399353027e-01
2.080940206845601492e-01
1.851653034488359995e-01
2.246596564849217825e-01
2.177157849073410034e-01
1.897797733545303345e-01
1.945051203171412058e-01
2.049278269211451120e-01
1.932331224282582693e-01
2.146387696266174316e-01
2.044006933768590384e-01
1.924329747756322317e-01
2.226669540007909232e-01
2.073586781819661551e-01
2.046647369861602783e-01
2.106248736381530762e-01
1.936244666576385498e-01
2.075888961553573608e-01
2.043437461058298654e-01
1.942600955565770560e-01
2.110152095556259155e-01
2.008182307084401541e-01
2.069404671589533395e-01
1.938549826542536325e-01
1.925963312387466431e-01
1.963057319323221750e-01
2.007790108521779471e-01
2.071982125441233225e-01
1.977369238932927542e-01
1.980140159527460642e-01
2.131535212198893137e-01
1.984667082627614432e-01
2.003307292858759470e-01
1.865326762199401855e-01
2.049565215905507498e-01
1.894829769929250174e-01
1.877161165078481131e-01
2.175128211577733450e-01
2.289678851763407297e-01
1.981104214986165457e-01
1.919970959424972534e-01
1.943962325652440482e-01
1.922637770573298044e-01
1.925850361585617065e-01
2.070604562759399414e-01
2.123154252767562866e-01
2.054967035849889212e-01
1.910491734743118286e-01
1.940156867106755667e-01
2.051153928041458130e-01
2.069270511468251639e-01
1.941197514533996582e-01
2.104005863269170218e-01
2.211748113234837942e-01
2.056880791982015066e-01
1.897207051515579224e-01
2.273190816243489676e-01
1.918652306000391550e-01
1.857526674866676331e-01
1.961682736873626709e-01
1.960721711317698068e-01
2.081613639990488596e-01
1.907966931660970145e-01
2.078013122081756592e-01
2.089187502861022949e-01
1.900937805573145456e-01
1.908673246701558524e-01
1.928214182456334524e-01
1.963693300882975168e-01
1.943864027659098215e-01
1.934367318948110037e-01
2.289083600044250488e-01
1.963664044936498099e-01
1.967668632666269846e-01
1.960885276397069388e-01
2.042953918377558298e-01
2.156929721434911185e-01
1.996571123600006104e-01
2.384380896886189871e-01
2.020123551289240427e-01
1.908408602078755789e-01
2.067688604195912772e-01
2.082005590200424194e-01
1.958612153927485056e-01
2.119728426138559885e-01
1.892992059389750070e-01
2.150572886069615774e-01
2.129918485879898071e-01
1.827489833037058420e-01
2.006833950678507394e-01
1.918723831574122018e-01
2.004582782586415701e-01
2.161542375882466727e-01
1.929654081662496024e-01
1.942159732182820731e-01
2.043073723713556833e-01
2.073773245016733713e-01
2.067477057377497263e-01
1.907589485247929983e-01
2.075547575950622559e-01
2.059968709945678711e-01
1.887190838654836111e-01
2.080616404612859183e-01
2.108183900515238351e-01
2.232726514339447021e-01
1.924706598122914725e-01
2.043593227863311768e-01
1.949497163295745850e-01
2.068285544713338309e-01
1.923746516307195120e-01
1.962510446707407541e-01
2.075382967789967947e-01
2.066698223352432251e-01
2.075911561648050851e-01
1.907617598772048950e-01
1.931728820006052560e-01
2.054972598950068063e-01
2.089052548011144095e-01
1.951900869607925415e-01
1.931012819210688181e-01
2.050848454236984253e-01
2.065849900245666504e-01
1.953858186801274710e-01
1.919760107994079590e-01
1.926329433917999268e-01
1.941968748966852731e-01
2.050047516822814941e-01
1.920105914274851389e-01
1.938581317663192749e-01
1.906813432772954398e-01
2.084883203109105521e-01
1.909931649764378958e-01
1.924554606278737479e-01
1.925129989782969064e-01
1.943350185950597220e-01
1.909244110186894827e-01
1.954316993554433279e-01
1.942688425381978445e-01
1.929647674163182669e-01
2.063884039719899588e-01
2.073221455017725534e-01
1.924955099821090698e-01
2.068519194920857840e-01
1.933187743028005057e-01
1.931784997383753366e-01
1.908898502588272095e-01
1.953067233165105276e-01
1.919404119253158569e-01
2.102754116058349609e-01
1.920402745405832834e-01
2.062502602736155100e-01
1.958781232436498099e-01
1.890449623266855783e-01
2.095244228839874268e-01
2.246255973974863596e-01
1.904307653506596976e-01
2.168482889731725149e-01
1.827524056037267142e-01
2.075772881507873535e-01
2.072774668534596854e-01
2.049831251303354807e-01
2.092584222555160522e-01
1.943501234054565430e-01
2.058411339918772287e-01
2.101780821879704886e-01
1.916651080052057809e-01
1.949599186579386301e-01
2.211486647526423044e-01
2.077010571956634521e-01
2.336294203996658325e-01
1.950195630391438895e-01
1.943239718675613403e-01
2.053528676430384226e-01
1.980969657500585013e-01
1.916671544313430786e-01
2.082810401916503906e-01
2.096377462148666382e-01
2.072407702604929514e-01
2.060979604721069336e-01
2.048589239517847604e-01
2.101073165734609061e-01
1.917139937480290823e-01
2.139930824438730783e-01
2.021246006091435843e-01
2.083386580149332590e-01
2.100691795349121094e-01
2.043454746405283518e-01
2.107137491305669241e-01
2.067475616931915283e-01
2.047202289104461670e-01
2.216660926739374704e-01
2.246923247973124094e-01
1.898865352074305124e-01
1.941414078076680594e-01
2.040036718050638742e-01
1.963219493627548218e-01
1.920822312434514456e-01
2.218333383401235037e-01
2.024067888657251901e-01
2.135301828384399414e-01
2.017883559068044119e-01
2.103701978921890259e-01
2.045434912045796805e-01
2.091341912746429443e-01
1.921508163213729858e-01
2.059730589389801025e-01
2.206887453794479370e-01
2.058974653482437134e-01
2.211278080940246582e-01
1.959934482971827097e-01
2.201345066229502268e-01
1.942113041877746582e-01
2.064475814501444406e-01
1.967990746100743704e-01
2.046901782353719168e-01
2.069193621476491385e-01
1.924780855576197214e-01
2.106757213672002249e-01
2.062076429526011057e-01
1.948621769746144705e-01
2.167455752690633231e-01
1.948156853516896658e-01
2.053872545560201102e-01
2.098057170708974295e-01
2.012356072664260864e-01
1.999020526806513376e-01
1.890406856934229440e-01
1.927388558785120554e-01
1.927746484676996774e-01
1.966219296058019095e-01
2.039946367343266898e-01
2.094792276620864868e-01
1.916418472925821848e-01
2.070031414429346628e-01
1.928656051556269235e-01
1.954958687225977487e-01
2.080746591091156006e-01
2.030190130074819022e-01
1.941558420658111572e-01
2.175922791163126535e-01
2.050917744636535645e-01
1.915592352549234934e-01
2.084753662347793579e-01
2.038319259881973267e-01
2.121817270914713449e-01
1.881716152032216482e-01
2.226893057425816946e-01
1.951083342234293527e-01
1.959752738475799561e-01
1.913012017806371146e-01
2.121965537468592233e-01
1.907127648591995239e-01
1.978171964486440115e-01
1.907047480344772339e-01
2.111721187829971313e-01
1.943628042936325073e-01
2.103727608919143677e-01
2.208212812741597586e-01
2.216282337903976440e-01
2.097673316796620779e-01
2.067781935135523386e-01
1.941447307666142874e-01
2.222055892149607248e-01
1.946516434351603098e-01
2.061779548724492483e-01
2.223502496878305978e-01
2.096418390671412058e-01
2.115126699209213257e-01
2.193299581607182913e-01
2.113244732220967703e-01
2.018910298744837351e-01
1.995006501674652100e-01
2.047339727481206351e-01
2.087602019309997559e-01
1.903285235166549683e-01
2.127348631620407104e-01
2.159322649240493774e-01
1.959669589996337891e-01
1.925990432500839233e-01
2.129779458045959473e-01
1.909689505894978934e-01
2.085781097412109375e-01
1.907400588194529123e-01
2.150559276342391968e-01
1.902030557394027710e-01
1.965980430444081717e-01
1.915548394123713083e-01
1.966925164063771658e-01
