8.177802145481110063e-01
2.528829701244831307e-01
9.922283217310905179e-02
5.962882898747921129e-02
3.877905644476413449e-02
2.630432546138763289e-02
2.195297535508871148e-02
2.286566486582159927e-02
2.230320554226637025e-02
1.642829282209277292e-02
1.469071749597787926e-02
1.900784149765968184e-02
1.741507537662983010e-02
1.430366048589348793e-02
1.387503407895565068e-02
1.273441100493073394e-02
1.142116091214120423e-02
1.475904518738388981e-02
1.410748511552810738e-02
1.270615011453628609e-02
1.286279279738664592e-02
1.221683705225586926e-02
8.907513460144400597e-03
9.089385112747549317e-03
8.422216679900885322e-03
9.133682819083333015e-03
1.008702581748366356e-02
1.620282744988799095e-02
1.581575041636824538e-02
1.263106577098369564e-02
1.591001590713858604e-02
1.251461841166019370e-02
1.505950698629021645e-02
1.517941346392035450e-02
1.447994345799088513e-02
1.282803611829876934e-02
1.365879783406853676e-02
1.561949755996465752e-02
1.565266726538538933e-02
1.531837647780776024e-02
1.122476831078529289e-02
7.662349194288253611e-03
7.228670967742800366e-03
7.675924478098750461e-03
1.300416439771652152e-02
1.254157880321144988e-02
1.277571963146328926e-02
1.298741502687334945e-02
1.166664268821477821e-02
1.067064343951642548e-02
9.371653897687792778e-03
1.274890890344977309e-02
1.031232709065079724e-02
1.077742930501699413e-02
1.081581446342170204e-02
1.098656980320811272e-02
9.658123599365353584e-03
9.560440294444560658e-03
7.183101493865251541e-03
6.562719540670514280e-03
6.624111579731107105e-03
7.909138686954975128e-03
7.521377783268690456e-03
6.775655457749963154e-03
1.012636083178222214e-02
1.174299321137368610e-02
1.620798986405134340e-02
9.786459943279623638e-03
1.182404514402151177e-02
1.123326802626252105e-02
9.764290973544120442e-03
9.939425671473146179e-03
1.141538051888346672e-02
1.023956080898642471e-02
8.675896376371384361e-03
1.089450819417834247e-02
1.155265709385275806e-02
1.114027779549360206e-02
9.485925780609250069e-03
1.082953899167478015e-02
1.088955393061041832e-02
1.079878676682710648e-02
1.042159060016274383e-02
1.047386056743562256e-02
1.007281094789505040e-02
1.016093138605356216e-02
1.049411627463996480e-02
9.243363980203866959e-03
8.688630769029259682e-03
8.903681067749857903e-03
7.294022059068083590e-03
8.435062831267714500e-03
8.399504888802766106e-03
7.592072524130344217e-03
7.307544490322471012e-03
9.696781169623136520e-03
1.035867300815880229e-02
9.257939830422400734e-03
9.753815643489361503e-03
9.294252982363105167e-03
6.889627524651586662e-03
5.051647592335939234e-03
4.248860944062471563e-03
4.426486021839082068e-03
4.660337278619408434e-03
3.906349581666290587e-03
3.428158978931605642e-03
3.579995920881629077e-03
3.898271010257303715e-03
3.149760048836469737e-03
3.490659361705184156e-03
3.793935687281191176e-03
4.256371059454977512e-03
5.215679551474750389e-03
5.608883686363697052e-03
5.277362396009266030e-03
5.138075607828795736e-03
5.468835029751062740e-03
5.287924269214272673e-03
5.340831750072538679e-03
5.084386677481234074e-03
4.682489717379212206e-03
4.690148821100592787e-03
4.353620507754385298e-03
2.817054174374789173e-03
2.963590831495821303e-03
3.513449197635054675e-03
4.578576167114078652e-03
4.111255891621113170e-03
3.771492792293429201e-03
4.913861840032040726e-03
5.030672810971736734e-03
4.937214823439717119e-03
4.859959450550377022e-03
4.229780565947294062e-03
4.070100700482725750e-03
4.220324521884322340e-03
3.887951793149113829e-03
4.217327316291629921e-03
5.072118411771952932e-03
5.577374878339469259e-03
5.179586820304393768e-03
4.124962375499308109e-03
3.010153979994356719e-03
2.900531468912959272e-03
2.976446459069847887e-03
3.855715016834437934e-03
4.004715452902018677e-03
4.681289428845047951e-03
3.715926758013665763e-03
3.509613801725208759e-03
3.850176814012229443e-03
4.177468549460172827e-03
5.376529484055936510e-03
3.970360872335732330e-03
4.003552836365997791e-03
4.138253792189061468e-03
4.479615087620914156e-03
5.563663225620985378e-03
5.234917346388101751e-03
5.355016910471022129e-03
5.394336790777743210e-03
4.550408781506120812e-03
4.896051459945737969e-03
3.418409917503595526e-03
3.944965940900146788e-03
5.469473684206605305e-03
5.677660740911960428e-03
5.256791017018258572e-03
5.341509962454438556e-03
5.215091840364038597e-03
4.967154562473296772e-03
4.430301138199865818e-03
5.125869042240082871e-03
5.499006365425884724e-03
5.315532302483915936e-03
5.226433859206736088e-03
5.382308643311262478e-03
5.454576690681278706e-03
4.927141033113003124e-03
5.528567405417561358e-03
4.964009718969463955e-03
3.653263032902032137e-03
4.393914947286248207e-03
5.318676820024847984e-03
4.697711952030658548e-03
3.471422544680535967e-03
4.502496379427611654e-03
5.088239372707903212e-03
5.307930475100875074e-03
5.325702158734202732e-03
5.131264543160795819e-03
4.982105898670851837e-03
4.760351986624300827e-03
3.397506359033286398e-03
3.535156068392097777e-03
2.994567202404141253e-03
4.364236723631620407e-03
4.167785355821252043e-03
4.274155525490641420e-03
2.924648905172944156e-03
2.369690290652215654e-03
2.146986394654959353e-03
2.068032324314117258e-03
2.232596382964402264e-03
2.087076520547270862e-03
1.854952995199710174e-03
1.819715846795588688e-03
2.041744894813746387e-03
2.155148272868245753e-03
1.860561734065413432e-03
2.151978516485541972e-03
2.016893902327865275e-03
2.255563274957239628e-03
1.941255154088139621e-03
1.901897264178842263e-03
1.938439602963626428e-03
1.844557747244834943e-03
1.830729725770652251e-03
1.817555201705545274e-03
1.719167188275605353e-03
1.645624730736017314e-03
1.644343324005603747e-03
1.624658179935067892e-03
1.708937622606754346e-03
1.985178014729172078e-03
2.440802415367216045e-03
2.005420660134404984e-03
1.933169004041701642e-03
1.798473543021827893e-03
1.795160549227148208e-03
2.148953627329319889e-03
2.276077854912727898e-03
2.327443740796297789e-03
2.301290549803525296e-03
2.587637642864138061e-03
2.484869095496833324e-03
2.594386495184153405e-03
2.924481034278869716e-03
2.962469821795821190e-03
2.921651373617350968e-03
2.940612239763140765e-03
2.707917138468474323e-03
2.945665875449776563e-03
2.948172017931938258e-03
2.739034336991608230e-03
2.405328734312206507e-03
2.488785947207361460e-03
2.343023626599460753e-03
1.985922199673950759e-03
1.638709940016269597e-03
1.720505859702825633e-03
2.482781570870429364e-03
2.599226962774992163e-03
2.592055068816989660e-03
2.105299790855497122e-03
2.130367385689169168e-03
2.545197133440524166e-03
2.075121551752090281e-03
2.107066253665834752e-03
1.967045199126005346e-03
1.887182332575321284e-03
1.669674972072243777e-03
1.806534163188189355e-03
2.370102622080594301e-03
2.661442931275814685e-03
2.843690663576126185e-03
2.906192908994853497e-03
3.032730170525610534e-03
2.818722766824066552e-03
2.957054041326046077e-03
2.931748901028186170e-03
3.286325396038591775e-03
2.379988948814570730e-03
2.114965091459453193e-03
2.128891472239047289e-03
1.970326597802341158e-03
1.950706331990659324e-03
2.303681161720305681e-03
2.542764472309499979e-03
2.728616259992122563e-03
2.410701080225408251e-03
2.751902723684906786e-03
2.756125549785792741e-03
2.776712342165410345e-03
2.977402659598738129e-03
3.318277839571237738e-03
2.301221899688244039e-03
2.642707037739455873e-03
2.536470326595008287e-03
1.943455194123089314e-03
2.287986862938851118e-03
1.995807280763983727e-03
1.771093613933771935e-03
1.837206946220248938e-03
2.086241752840578469e-03
1.798844744917005214e-03
1.914484775625169277e-03
2.251885517034679738e-03
2.033901261165738193e-03
1.367164624389260921e-03
1.196831359993666367e-03
1.115299883531406609e-03
1.079130853759124788e-03
1.026954542612656908e-03
1.045535015873611017e-03
1.112822687719017224e-03
1.186443265760317532e-03
1.232341321883723096e-03
1.266039378242567095e-03
1.170206500682979909e-03
1.107893034350126895e-03
1.153727550990879449e-03
1.232039596652612177e-03
1.500362291699275288e-03
1.497740618651732716e-03
1.642638980410993143e-03
1.616378058679401961e-03
1.601449388545006514e-03
1.591673062648624182e-03
1.615245721768587784e-03
1.491194067057222128e-03
1.323952683014795097e-03
1.032276375917717901e-03
9.884396509733050194e-04
9.854676201939583258e-04
9.543610271066427014e-04
9.219404368195682547e-04
9.369437640998512940e-04
9.690155682619660659e-04
1.103959337342530489e-03
1.155962893972173377e-03
1.172491983743384394e-03
1.243152946699410677e-03
1.210381812416017012e-03
1.294103148393333002e-03
1.562165177892893466e-03
1.510083570610731797e-03
1.615362009033560753e-03
1.451346592511981812e-03
1.475006458349525928e-03
1.523105741944163951e-03
1.326270319987088529e-03
1.282840769272297708e-03
1.245653134537860664e-03
1.032675878377631307e-03
9.580227779224514961e-04
9.606099978554993651e-04
9.838380909059196277e-04
1.036268821917474313e-03
1.345114037394523577e-03
1.129142480203881947e-03
1.066294015618041114e-03
1.088282326236367226e-03
1.055870932759717107e-03
1.005484524648636666e-03
1.407373504480346994e-03
1.254571566823869857e-03
1.376925990916788491e-03
1.429092872422188607e-03
1.316843600943684621e-03
1.508233195636421442e-03
1.676238270010799126e-03
1.543668005615472707e-03
1.460915349889546720e-03
1.158903591567650524e-03
1.392835378646850673e-03
1.330755185335874557e-03
1.255418965592980472e-03
1.274273270973935810e-03
1.508606225252151576e-03
1.543171389494091359e-03
1.183498062891885552e-03
1.213084970368072477e-03
1.672763319220393896e-03
1.225509069627150893e-03
1.068324106745421800e-03
9.355126006994396231e-04
1.530898606870323463e-03
1.312518166378140363e-03
1.110490644350647926e-03
1.474021823378279892e-03
1.539816404692828569e-03
1.453961222432553855e-03
1.723666221369057850e-03
1.715702319052070293e-03
1.679691509343683633e-03
1.594840257894247770e-03
1.632879639510065404e-03
1.680765242781490088e-03
1.552305882796645164e-03
1.567703916225582318e-03
1.463621901348233266e-03
1.599270268343389034e-03
1.513723237439990000e-03
1.545048889238387390e-03
1.563868927769363013e-03
1.261150074424222155e-03
1.131945336237549825e-03
1.199338946025818543e-03
9.698101319372653528e-04
8.531244006007909558e-04
7.925918267574161508e-04
7.426387048326433139e-04
7.281683734618127563e-04
7.345892197918146415e-04
7.487590482924133539e-04
7.808987400494515462e-04
8.443487575277685685e-04
7.661740179173648574e-04
7.859689590986818292e-04
7.797579572070389552e-04
7.522021420300007083e-04
7.487568771466612382e-04
7.511090312618762472e-04
7.117517292499542019e-04
6.878430256620049043e-04
6.912897544680163698e-04
7.169923832407220981e-04
7.335965987294912121e-04
7.412927690893412070e-04
7.174529309850186110e-04
7.195676094852388122e-04
8.090733666904270432e-04
7.470954675227403858e-04
7.491878466680645509e-04
7.633138739038258791e-04
7.135529420338570638e-04
7.337009184993803935e-04
7.332894601859152317e-04
7.307806808967143297e-04
7.192987948656081720e-04
7.126953569240868092e-04
7.200731342891231179e-04
7.974219799507409768e-04
8.815888839308172031e-04
8.695601020008326010e-04
7.928605715278536298e-04
7.529576367232948108e-04
7.586286228615790606e-04
7.951683423016220114e-04
9.444929775781929927e-04
7.676781620830297687e-04
7.583614962641150193e-04
7.676676847040653446e-04
7.526135072112083218e-04
7.371934654656798081e-04
7.685180520638823292e-04
7.261956459842621846e-04
7.100793009158223867e-04
7.234187971334904866e-04
8.434948511421680017e-04
7.736986386589706161e-04
7.428268028888851838e-04
7.004012819379568317e-04
7.020383549388497851e-04
7.353902270551771142e-04
8.672267547808587117e-04
7.614863628987222693e-04
8.696772390976547761e-04
9.708275436423718496e-04
9.990338119678198858e-04
7.430935220327228308e-04
8.103963802568614917e-04
8.176402654498815970e-04
7.769686984829604409e-04
7.928114791866391897e-04
7.618436065968126059e-04
7.137737295124680238e-04
7.122662180336191817e-04
6.740068114595487497e-04
6.682875973638147116e-04
7.420748006552457809e-04
7.579521043226122856e-04
9.358990238979459243e-04
8.516041270922869444e-04
7.345849298872053623e-04
6.789648905396461487e-04
7.025189348496496894e-04
7.039307500235735936e-04
6.884306319989263578e-04
7.014733098912983699e-04
6.527212972287088633e-04
7.154699909733608148e-04
7.701184775214641853e-04
8.565549098420888619e-04
9.483269997872412638e-04
7.889524160418659882e-04
7.165505900047719695e-04
8.542703464627266364e-04
8.539252157788723707e-04
9.678399015683680990e-04
1.073762419400736603e-03
1.089058589423075405e-03
9.249978116713464477e-04
8.064518740866332813e-04
9.501202846877276464e-04
9.969369973987340493e-04
1.007810299051925627e-03
1.014871511142700954e-03
7.465008005965500853e-04
7.409291283693164587e-04
6.643672008067369244e-04
6.412832241039723375e-04
6.137487856904044531e-04
6.248913821764289899e-04
6.085498112952336886e-04
5.974160449113696814e-04
6.161070079542696910e-04
6.089864589739590450e-04
6.189773033838718913e-04
6.199528550496324463e-04
6.174677313538267992e-04
6.303262518486008482e-04
6.392171169864013357e-04
6.190246669575572448e-04
6.005266215652227835e-04
6.010428216541186409e-04
6.049651681678369208e-04
6.195621739607304118e-04
6.135246832855046229e-04
5.969292193185538270e-04
6.060994375729933815e-04
6.027301657013595321e-04
5.996200285153463700e-04
5.900665244553237720e-04
6.003670889185741977e-04
5.960854236036538861e-04
5.965789110632613518e-04
6.286093848757445812e-04
6.318213156191632585e-04
6.064646266167982979e-04
5.981256632367149212e-04
6.283458729740232446e-04
6.382052728440612338e-04
6.150217464892193892e-04
6.014609098201617599e-04
6.059840874513610981e-04
6.051988864783197208e-04
6.013408798025921204e-04
5.958439258392899795e-04
5.949696089373901920e-04
6.086298468289897063e-04
6.342120963381603143e-04
5.988955439534038088e-04
5.966756143607199192e-04
6.014480139128863378e-04
5.925599718466401534e-04
5.883845820790156939e-04
6.014629150740801854e-04
6.188428786117583080e-04
6.128237000666558743e-04
6.279743975028395653e-04
6.324772664811461730e-04
6.283809576416388371e-04
6.122092658188193820e-04
6.176429509650915644e-04
5.992235819576308131e-04
6.094775570090859695e-04
5.991064885165542147e-04
6.234099098946898742e-04
6.019653752446174838e-04
5.937814217759296515e-04
5.900364747503771944e-04
6.111202324973419526e-04
6.364753411617129824e-04
6.500428484287112734e-04
5.841359758051112511e-04
5.842681886861101227e-04
5.832955066580325365e-04
5.833441013237461231e-04
5.791765928734093688e-04
6.067486712709069686e-04
6.021991837769746347e-04
6.212754175066948154e-04
6.732290203217417002e-04
6.761478085536509969e-04
6.123361730715259693e-04
5.926824407652020888e-04
5.766320595284923694e-04
5.891498934943228743e-04
5.965512100374326110e-04
5.830804584547877312e-04
5.872631911188364463e-04
6.213659362401813269e-04
6.198271672474220612e-04
6.131264206487685008e-04
6.252029968891292377e-04
5.808808869915083268e-04
5.756187398219481327e-04
6.320832937490195470e-04
6.109275942435488322e-04
6.099336897023022175e-04
6.230691593373194554e-04
6.556502485182136297e-04
6.548391451360657594e-04
6.151080451672896743e-04
6.245020020287483497e-04
6.203064869623631673e-04
6.162946869153529189e-04
5.669681733706966476e-04
5.627067497698589943e-04
5.504744127392769077e-04
5.487615126185119152e-04
5.476791702676564455e-04
5.459787236759439544e-04
5.504151427885517695e-04
5.417948879767209725e-04
5.438034568214789033e-04
5.466503469506278200e-04
5.440738867036997838e-04
5.455470090964809060e-04
5.512328207259997725e-04
5.495761259226128025e-04
5.753067991463467912e-04
5.766586866229773001e-04
5.685753567377105355e-04
5.580116005148739056e-04
5.526877706870436452e-04
5.621764110401272340e-04
5.713503080187365846e-04
5.614085210254415436e-04
5.555420386372134523e-04
5.612046516034752131e-04
5.654086882714182572e-04
5.686052114469930746e-04
5.581237172009422941e-04
5.505015491507947228e-04
5.552439222810789509e-04
5.563670245464890762e-04
5.500560480868443413e-04
5.475813290104269765e-04
5.540312646189704754e-04
5.540683079743758278e-04
5.783095606602728150e-04
5.693619808880612037e-04
5.528689391212538318e-04
5.506786226760595603e-04
5.516055796761065288e-04
5.520726233953609629e-04
5.431772297015413642e-04
5.386812350479886153e-04
5.495578370755538344e-04
5.498014012118801691e-04
5.610566760879010396e-04
5.558332399232312820e-04
5.539662088267505169e-04
5.524503387277946310e-04
5.596340546617284200e-04
5.634210479911416986e-04
5.691629892680793567e-04
5.574108508881181479e-04
5.475894897244871096e-04
5.466955830343067429e-04
5.452715442515910105e-04
5.490414943778887825e-04
5.391658487496897578e-04
5.481259286170825362e-04
5.607775907265022614e-04
5.511861876584589265e-04
5.725579103454947472e-04
5.613310291664675095e-04
5.466123140649870472e-04
5.507704394403844855e-04
5.554798670345916910e-04
5.467355367727577686e-04
5.489352945005521612e-04
5.631008913042023995e-04
5.670575279509648898e-04
5.852633301401510401e-04
5.701711110305040858e-04
5.550085072172806101e-04
5.550717876758425994e-04
5.592361645540222742e-04
5.659714253852144317e-04
5.592274334048852541e-04
5.475536221638321660e-04
5.424864968517795639e-04
5.366730649257079201e-04
5.428294389275833964e-04
5.370825587306171439e-04
5.548364249989389940e-04
5.509134323801844878e-04
5.434646329376846986e-04
5.512354517122730179e-04
5.474304547533392689e-04
5.400631198426708579e-04
5.407400632975623445e-04
5.372515151975676417e-04
5.457331601064652638e-04
5.639164097374305346e-04
5.649814469506963871e-04
5.612635432044044137e-04
5.686099670128896616e-04
5.915406800340861082e-04
5.646779114613309719e-04
5.470248288474977016e-04
5.356367328204214573e-04
5.410080018918960853e-04
5.385948461480438709e-04
5.294225149555132227e-04
5.276409588987007954e-04
5.215678567765281038e-04
5.200207640882581039e-04
5.207303736824541850e-04
5.235315329628065228e-04
5.194355151616036458e-04
5.229269852861761613e-04
5.213133554207161069e-04
5.208024143939837597e-04
5.197913589654490785e-04
5.294708971632644534e-04
5.258395802229642434e-04
5.336649541277438185e-04
5.295171838952227993e-04
5.221111321588977738e-04
5.249106645351276235e-04
5.188422743231058338e-04
5.244434491032734296e-04
5.220980820013210177e-04
5.204052664339542606e-04
5.205584107898175933e-04
5.203551292652264671e-04
5.189680843614042239e-04
5.180091568036005335e-04
5.186094436794519641e-04
5.300695454934611483e-04
5.265361862257123427e-04
5.226812936598435044e-04
5.290091241477057771e-04
5.368981219362467527e-04
5.267538479529320760e-04
5.222817620960995338e-04
5.235250835539772673e-04
5.230193608440458341e-04
5.194295081309974194e-04
5.179848347324877544e-04
5.189516086829826236e-04
5.179237719858065464e-04
5.240751837845891497e-04
5.256029166048392437e-04
5.234567826846614914e-04
5.276664014672860503e-04
5.307637300575151606e-04
5.266401683911680742e-04
5.229908420005813241e-04
5.204209563089534207e-04
5.249531648587435050e-04
5.200486251851543567e-04
5.172501114429906011e-04
5.199343519052490809e-04
5.182042863452806852e-04
5.197191290790215351e-04
5.149224074557423375e-04
5.182299151783809283e-04
5.309405969455838203e-04
5.234527518041432338e-04
5.179258645512163422e-04
5.233611358562484167e-04
5.172383913304656961e-04
5.192123964661732750e-04
5.169407959328964353e-04
5.217035999521612904e-04
5.227824440225958824e-04
5.210891045862809040e-04
5.197367165237665610e-04
5.127625394379719875e-04
5.165895883692428903e-04
5.141674540936946652e-04
5.207995040109380863e-04
5.191046802792698145e-04
5.145166767761110826e-04
5.260219186311587691e-04
5.251726252026855946e-04
5.245694192126393318e-04
5.210319708567112467e-04
5.183058005059137724e-04
5.202765198191628294e-04
5.250784393865615346e-04
5.259488912997767546e-04
5.302357953041791699e-04
5.168499366845936017e-04
5.183467757888138728e-04
5.146870797034352584e-04
5.178314924705774026e-04
5.290318425977602384e-04
5.270120629575103955e-04
5.193428369238972664e-04
5.115483596455306032e-04
5.132555030286312320e-04
5.153892852831631899e-04
5.163335619727150039e-04
5.085821845568716743e-04
5.116219079354777498e-04
5.098337656818330505e-04
5.116843123687431650e-04
5.221381696173920794e-04
5.136024177772924087e-04
5.154731654329225855e-04
5.140750028658658700e-04
5.109135730890556953e-04
5.100328213302418806e-04
5.074680462712422230e-04
5.070055340183898807e-04
5.065785226179286838e-04
5.077213398180901571e-04
5.083078780444338701e-04
5.071778374258429029e-04
5.043005541665479975e-04
5.064659344498068094e-04
5.064520693849772649e-04
5.074193904874846339e-04
5.078010755823925571e-04
5.064967815997078581e-04
5.061927367933094501e-04
5.058878159616142511e-04
5.045819387305527492e-04
5.040923453634605245e-04
5.065491655841469982e-04
5.041539581725374298e-04
5.053225002484395666e-04
5.102134222397580526e-04
5.114590981975198009e-04
5.101923074107616923e-04
5.105136224301531911e-04
5.077599402284249447e-04
5.093064683023840189e-04
5.103316070744767785e-04
5.091801955131814101e-04
5.071999650681391792e-04
5.037652299506589770e-04
5.042136821430176280e-04
5.053959030192345381e-04
5.050753446994349144e-04
5.075590626802295880e-04
5.078180169221013568e-04
5.066792567959055088e-04
5.103689996758476117e-04
5.062230193288996816e-04
5.050896550528704686e-04
5.068909784313290878e-04
5.023613543016835830e-04
5.043592915171757557e-04
5.057243659393861456e-04
5.040524090873077078e-04
5.031167529523372650e-04
5.036547052441164418e-04
5.131802550749853470e-04
5.114634608617052219e-04
5.073316162452102141e-04
5.066953715868293805e-04
5.046121194027363820e-04
5.045813712058588429e-04
5.052815977251157165e-04
5.017096700612455606e-04
5.016251612687483647e-04
5.044511490268632770e-04
5.075950146419927044e-04
5.034560716012492342e-04
5.057124682934955196e-04
5.059809889644383950e-04
5.029194930102675936e-04
5.082034243969246528e-04
5.092591076390817545e-04
5.085596552817150734e-04
5.043996818130836324e-04
5.019136675400659659e-04
5.014800175558775447e-04
5.020484910346567848e-04
5.065972858574241183e-04
5.073455191450193741e-04
5.040353571530431509e-04
5.036669259425252893e-04
5.074650922324508645e-04
5.074030137620866516e-04
5.050814477726816697e-04
5.021469725761563020e-04
5.011992005165665908e-04
5.053980043157934926e-04
5.028311716159805655e-04
5.000244244001805349e-04
5.024204030632973151e-04
5.046910111559555368e-04
5.012679466744884849e-04
5.018630443373694582e-04
5.064723663963377476e-04
5.024339683586731336e-04
5.005523154977709489e-04
5.038351344410329623e-04
5.072647851193323948e-04
5.016106937546282790e-04
5.010528460843488357e-04
5.001792364055290601e-04
4.994701332179829912e-04
5.027896724641323523e-04
5.059199087554588697e-04
5.016736162360757372e-04
5.025170103181153536e-04
5.015236907638609626e-04
5.013179499655962424e-04
5.005877988878637769e-04
4.966114269336685321e-04
4.978950426448136134e-04
4.989918001228943250e-04
4.989559995010495620e-04
4.971576534444465800e-04
5.020290234824642105e-04
5.005994345992804007e-04
4.975598421879112720e-04
4.965227155480534272e-04
4.969819099642335935e-04
4.977815202437341430e-04
4.958445118973031423e-04
4.953083407599478960e-04
4.963533428963273764e-04
4.965980042470619082e-04
4.989203705918043418e-04
4.987437801901251294e-04
4.974969517206773596e-04
4.967430722899734974e-04
4.959973535733297684e-04
4.947615816490724683e-04
4.963404004229232886e-04
4.957989003742113709e-04
4.963920800946652889e-04
4.970836715074255629e-04
4.975961317541077299e-04
4.961827595252543905e-04
4.976399824954569773e-04
5.012211477151140571e-04
4.988016560673713250e-04
4.980727884685620449e-04
4.973014467395842509e-04
4.979001212632283135e-04
5.029858002671971917e-04
5.066094192443415956e-04
5.002628080546855710e-04
4.982615413609891913e-04
4.966666980180889585e-04
4.948797432007268071e-04
4.963193146977573850e-04
4.966308013536035581e-04
4.965437954524531527e-04
4.955897456966340542e-04
4.954830510541796684e-04
4.954831907525658824e-04
4.971045680576934977e-04
4.957604920491576412e-04
4.950497619574889758e-04
4.945361783029511354e-04
4.952502204105257988e-04
4.958010453265160105e-04
4.973775852704420469e-04
4.955936776241288023e-04
4.949426307575777390e-04
4.962481762049719691e-04
4.993254697183147073e-04
4.977862728992477493e-04
4.964599414961412332e-04
4.984846222214400551e-04
4.964294610545038743e-04
4.975115443812683225e-04
4.943615902448072596e-04
4.949936846969649196e-04
4.941503982990979715e-04
4.965406958945095105e-04
4.997086041839792891e-04
4.955348296789452867e-04
4.947469220496714332e-04
4.938541096635162830e-04
4.953102587023749514e-04
4.949176858644932292e-04
4.952933086315169930e-04
4.949292051605880260e-04
4.941055638482793732e-04
4.948723333654924793e-04
4.934075783239677765e-04
4.943431005813181834e-04
4.936044948408380368e-04
4.934074444463476322e-04
4.955891374265775518e-04
4.952220100676640651e-04
4.963615559972822449e-04
4.980758734745904586e-04
4.944549640640616200e-04
4.967234301147982912e-04
4.949919559294358330e-04
4.956179065629840331e-04
4.963464918546379046e-04
4.956068063620477698e-04
4.944315878674387932e-04
4.949298279825597568e-04
4.928051057504490018e-04
4.965613537933677218e-04
4.962109669577330351e-04
4.979721939889714339e-04
4.968576686223968863e-04
4.967459390172734857e-04
4.955463751684874513e-04
4.950288421241566539e-04
