6.860730910301208851e+00
7.890725515782832655e-01
1.068964354693889562e-01
3.922032862901687900e-02
1.758959032595157693e-02
8.354333252646029342e-03
5.912541481666267092e-03
6.310704420320690025e-03
5.715852486900985241e-03
3.380904963705688715e-03
2.719461906235664909e-03
4.140468116383999239e-03
3.433230123482644471e-03
2.426538435975089582e-03
2.474010863807052374e-03
1.953628810588270339e-03
1.653028221335262147e-03
2.468803693773224950e-03
2.335779939312487667e-03
1.832521811593323946e-03
1.944241533055901484e-03
1.777127268724143505e-03
9.528365684673189900e-04
9.988664591219277057e-04
8.426685904851183512e-04
1.005394541425630407e-03
1.150103198597207665e-03
3.099036507774144238e-03
2.770279487594962294e-03
1.770008192397654013e-03
2.735948050394654361e-03
1.806965970899909735e-03
2.360976720228791410e-03
2.562041103374212980e-03
2.312116790562868118e-03
1.739596266997978135e-03
1.982539030723273928e-03
2.743787132203578949e-03
2.961326669901609247e-03
2.700995374470949346e-03
1.397913973778486208e-03
6.706320418743416667e-04
5.912611872190609357e-04
6.821298418799414797e-04
1.855782204074785113e-03
1.643173454795032740e-03
1.815559959504753438e-03
1.829100475879385981e-03
1.422196550993248777e-03
1.255362122901715382e-03
1.014232254237867848e-03
1.767408684827387333e-03
1.148199092131108002e-03
1.333996973698958755e-03
1.337597635574638757e-03
1.321474777068942829e-03
9.995858446927741604e-04
1.014752575429156423e-03
5.980855552479624531e-04
4.857041232753544937e-04
4.958456265740096569e-04
6.843884533736854575e-04
6.324309011688456156e-04
5.298995383782312274e-04
1.133196966839022848e-03
1.753829006338491949e-03
3.019909490831196308e-03
1.014576660236343785e-03
1.521246437914669557e-03
1.330759871052578092e-03
1.050258363829925700e-03
1.097531444975174877e-03
1.423379668267443776e-03
1.111591717926785393e-03
8.488443185342475555e-04
1.266161672538146290e-03
1.421581528848037080e-03
1.345890830270945939e-03
9.944191551767289639e-04
1.260049766278825614e-03
1.239113067276775750e-03
1.289597735740244302e-03
1.117764320224523588e-03
1.196715183323249264e-03
1.101138396188616839e-03
1.109113194979727355e-03
1.195340062258765015e-03
9.745683346409350634e-04
8.293892489746213393e-04
8.348204864887520671e-04
5.932806525379419327e-04
7.950291852466762283e-04
7.543982646893709898e-04
6.418420351110398336e-04
5.790686642285436609e-04
9.924021112965419455e-04
1.154201256576925603e-03
1.007248440873809115e-03
1.007334940368309617e-03
9.051621862454339428e-04
5.615155561827123599e-04
3.031775893759913851e-04
2.120653392921667600e-04
2.353062482143286616e-04
2.480334995198063661e-04
1.807411121262703145e-04
1.449889896321110427e-04
1.508549117716029232e-04
1.829960216127801632e-04
1.246036503289360607e-04
1.455193276342470307e-04
1.719680643873289282e-04
2.030477611697278971e-04
2.961696212878450534e-04
3.357399458764120720e-04
3.353792526468168944e-04
2.968271044665016342e-04
3.296082999440841160e-04
2.965791602036915611e-04
3.185650588420685164e-04
2.977008065499830774e-04
2.462286647642031312e-04
2.397436735918745507e-04
2.164988734875805784e-04
1.000996453512925655e-04
1.054189182468690032e-04
1.451602056476986036e-04
2.372136594203766544e-04
1.973395053937565644e-04
1.725326503219548504e-04
2.732881883275695254e-04
2.811075872159563113e-04
2.614985067339148481e-04
2.725191654462832849e-04
2.010557655012235045e-04
1.916352899570483660e-04
1.984467657166533226e-04
1.737576785671990365e-04
2.014674442762043273e-04
2.878412939026020684e-04
3.408903445233591118e-04
2.832305952324532081e-04
1.906786463223397840e-04
1.091136178729357144e-04
1.017838614643551436e-04
1.047317971824668321e-04
1.666989781369920928e-04
1.778045269020367522e-04
2.711699416977353394e-04
1.610190607607364600e-04
1.428929397661704678e-04
1.683296031842473894e-04
1.995971637370530570e-04
3.233542825910262980e-04
1.832035690313205177e-04
1.925781536556314569e-04
1.950462792592588812e-04
2.164246892789378816e-04
3.463692097284365662e-04
3.024749486939981471e-04
3.111366939265281070e-04
3.312550950795412172e-04
2.345609740586951429e-04
2.644478867296129248e-04
1.324055068835150505e-04
1.744005738146370385e-04
3.165897287544794381e-04
3.402476228075102188e-04
3.034866560483351241e-04
3.119995933957398046e-04
3.075707711104769151e-04
2.874655772757250924e-04
2.179387520300224423e-04
2.972970731207169701e-04
3.270001892815343819e-04
2.964456216432154179e-04
2.907978021539747823e-04
3.175055549945682504e-04
3.226595435990020633e-04
2.768309583188966133e-04
3.323237135191447924e-04
2.674318355275318135e-04
1.527759573946241235e-04
2.199361813836731125e-04
2.981283119879663207e-04
2.440548065351322239e-04
1.374742554617114419e-04
2.456428854202386100e-04
2.777137429802678742e-04
3.002242490765638758e-04
2.976317133288830736e-04
2.791959908790886185e-04
2.692587149795144796e-04
2.569179996498860419e-04
1.356530654447851811e-04
1.415652204741491005e-04
1.020803720166441053e-04
2.287592229549772983e-04
1.941277820151299184e-04
2.059092905255965780e-04
1.019035655190236894e-04
6.802190509915816987e-05
5.982745278743095696e-05
5.416722960944752869e-05
6.070002727938117188e-05
5.341373598639620197e-05
4.576959654514212297e-05
4.364796332083642754e-05
5.396792148530949178e-05
5.653212938341312246e-05
4.503636173467384516e-05
5.665715107170399143e-05
5.156605420779669928e-05
6.410995447367895937e-05
4.744877442135475847e-05
4.796998400706798109e-05
4.717399424407631430e-05
4.345773268141783638e-05
4.249321409588446841e-05
4.251629143254831162e-05
3.820745732809882747e-05
3.603623408707789941e-05
3.678671855595893887e-05
3.548550475898082504e-05
3.841937914330628836e-05
5.357987811294151470e-05
7.385893732134718990e-05
5.082769512227968973e-05
4.678552213590592281e-05
4.135807812417624247e-05
4.052664244227344306e-05
5.726964373025112125e-05
6.158850519568658823e-05
6.603196397918509590e-05
6.593561265617608753e-05
8.049901662161573497e-05
7.228261129057499969e-05
7.957406960485968468e-05
9.571559530741069466e-05
9.528930349915754321e-05
9.322686673840507865e-05
9.318195770902093500e-05
8.297165950352792239e-05
9.455567160330247676e-05
9.394838889420498163e-05
8.523429241904522682e-05
7.282642727659549022e-05
7.524084976466838541e-05
6.713228031003381786e-05
5.476056212501134452e-05
3.512000621412880990e-05
3.775533350562909889e-05
7.101423088897717575e-05
7.439337059622630477e-05
7.385630160570145195e-05
5.365943907236214998e-05
5.407522166933631524e-05
7.759859836369287494e-05
5.302224089973606034e-05
5.350965493562398207e-05
4.720563374576159093e-05
4.335020366852404550e-05
3.623266802605939758e-05
3.979137109126895937e-05
6.438748932851013067e-05
7.802335640008095110e-05
8.977143916126806560e-05
9.366547164972871813e-05
9.951785941666457260e-05
8.431502865278162604e-05
9.345238649984821135e-05
9.823301843425724655e-05
1.216680109791923287e-04
6.582022342627169564e-05
5.471415079227881506e-05
5.461241034936392951e-05
4.643098291126079993e-05
4.645519766199868172e-05
6.445131020882399753e-05
7.277768454514444416e-05
8.095855373539962146e-05
6.660424460278591683e-05
8.376255736948223514e-05
8.247357254731468856e-05
8.451282010355499184e-05
1.075273057722370140e-04
1.249484328582184498e-04
5.926834455749485642e-05
7.873317899793619019e-05
7.442686619469895688e-05
4.489153125177836181e-05
6.214416407601675019e-05
4.851453941228101301e-05
4.085922928425134431e-05
4.355861547082895684e-05
5.023302837798837301e-05
3.907197406078921360e-05
4.392737773741828413e-05
5.823532719659851728e-05
4.854246926697669415e-05
2.534561745051178285e-05
2.119015639436838818e-05
1.932159775606123595e-05
1.827225037231983151e-05
1.733958883960440357e-05
1.759097003741772050e-05
1.936357743943517630e-05
2.070751943392678960e-05
2.177577571274014325e-05
2.234614321423578144e-05
2.029016377491643652e-05
1.874575009424006499e-05
1.971776300706551342e-05
2.146657152479747310e-05
2.879231124097714201e-05
2.807906621455913477e-05
3.208713569620158252e-05
3.122025464108446613e-05
3.098262986895860833e-05
3.067200796067481725e-05
3.206092460459330915e-05
2.798660680127795921e-05
2.326714147784514488e-05
1.662202930674538948e-05
1.565125999150041161e-05
1.566201544846990281e-05
1.522288475825917043e-05
1.427122715540463037e-05
1.478658800806442674e-05
1.511466707597719438e-05
1.777768520696554468e-05
1.887601147245732272e-05
1.863196630438324200e-05
2.133235520886955918e-05
1.996768464778142448e-05
2.256277703054365634e-05
2.914020496973534978e-05
2.802238013828173348e-05
3.331545249238842963e-05
2.623692225824925253e-05
2.688975964701967178e-05
2.817265503836097264e-05
2.229535502920043790e-05
2.198101119574857740e-05
2.082441310449212459e-05
1.590710935488459586e-05
1.451934672331844990e-05
1.432224194104492266e-05
1.500031680734537076e-05
1.573159038343874340e-05
2.291343685101310257e-05
1.754742443154100261e-05
1.625688000785885514e-05
1.688542629381117944e-05
1.598984922566159958e-05
1.507138576926081475e-05
2.499689117030357011e-05
2.050503317150287195e-05
2.375924232183024219e-05
2.524391184124397249e-05
2.184041959480964646e-05
2.745849360508145764e-05
3.224326774216023934e-05
2.787267358144163086e-05
2.546713203628314727e-05
1.819709000301372793e-05
2.485044087734422579e-05
2.360229336773045361e-05
2.068393077934160693e-05
2.137719520760583624e-05
2.834758024619077468e-05
2.981876932608429478e-05
1.845038677856791832e-05
1.918429206853033907e-05
3.365676166140474108e-05
1.954384897544514320e-05
1.598688868398312479e-05
1.360356336590484682e-05
2.940480544566526078e-05
2.192996407757163979e-05
1.691549423412652822e-05
2.761391274361812840e-05
2.897172853408846869e-05
2.518169349059462615e-05
3.403401733521604639e-05
3.282670477346982942e-05
3.175192305207019807e-05
3.031180713151115789e-05
3.086444176005898179e-05
3.262153632022091188e-05
2.782993306027492508e-05
2.800800029945094138e-05
2.628327301863464595e-05
3.058957609027857096e-05
2.735472935455618426e-05
2.813567843986675279e-05
2.916259400080889396e-05
1.981488821911625564e-05
1.749294574437953997e-05
1.877276326922583394e-05
1.362064022032427669e-05
1.171070218788372552e-05
1.057871111243002815e-05
1.024001419409614823e-05
1.000168576865689897e-05
1.004179503070190583e-05
1.042846593009017010e-05
1.082414387383323696e-05
1.149796671597869102e-05
1.063947534021281138e-05
1.055135389833594740e-05
1.051131707754393540e-05
1.008496544727677280e-05
1.014500826386211042e-05
1.011838762678962633e-05
9.486860722063284579e-06
9.275927664020854768e-06
9.392206789016199086e-06
9.690613637758360710e-06
9.868506253951636609e-06
1.009400164093676789e-05
9.458792555960826915e-06
9.462814205107861198e-06
1.062649203049659331e-05
9.907216781357420355e-06
9.934966396940580357e-06
9.937035747498157095e-06
9.465016614740306300e-06
9.626164114706625696e-06
9.670455119703546759e-06
9.496093434790964577e-06
9.451919095226912082e-06
9.302230228058761663e-06
9.482365499025036115e-06
1.052096895364229500e-05
1.184267671305860858e-05
1.149672116298461299e-05
1.036343946907436407e-05
9.889944749374990351e-06
9.760222496879578102e-06
1.037882805121626006e-05
1.333243071712786298e-05
9.905202477966668762e-06
9.880786274152342569e-06
1.001251703200978261e-05
9.780368282008567232e-06
9.362583523397915319e-06
9.827996836975217543e-06
9.363717890664701604e-06
9.075001207747845572e-06
9.133707976616278756e-06
1.099956086818565314e-05
9.822435231399140321e-06
9.348138769382785879e-06
8.805273341749853666e-06
8.943420266405154739e-06
9.331605770057650029e-06
1.125267835959675654e-05
9.628712336962053764e-06
1.128824851548415609e-05
1.324028485214512363e-05
1.353508750980836305e-05
9.297832070842559576e-06
1.026358954732131746e-05
1.040599286170618177e-05
9.698482654130202040e-06
9.955884297596640631e-06
9.491935270489192821e-06
8.759782167544471692e-06
8.661769174977963071e-06
8.444083664471691686e-06
8.262373853540339042e-06
9.061154946721216791e-06
9.473697650719259061e-06
1.217710068885935538e-05
1.060889153450261768e-05
8.823505595501046628e-06
8.104068479042325973e-06
8.647827462482382205e-06
8.435666609329928517e-06
8.373734704036906574e-06
8.404016671192949384e-06
7.810236911609536714e-06
8.682316456543049183e-06
9.328565465693827041e-06
1.106079246255831162e-05
1.270330676561570726e-05
9.513632357993629169e-06
8.633356515019841027e-06
1.053640721693227533e-05
1.041647974489023875e-05
1.265464948119188193e-05
1.441176209482364357e-05
1.452343208256934236e-05
1.162679336630390026e-05
9.826065115703385916e-06
1.242389757862838417e-05
1.338741622021189027e-05
1.388778528053080697e-05
1.435343797311361346e-05
8.744651404413162138e-06
9.069139468920184977e-06
7.668294620088999752e-06
7.517350400121358520e-06
7.267782075359719213e-06
7.412996251332515554e-06
7.212026889646949543e-06
6.997969876465504058e-06
7.325325918827730104e-06
7.183647289821237453e-06
7.204662915683002550e-06
7.358139873758772981e-06
7.172723849180329464e-06
7.581911404486163519e-06
7.375826839961518999e-06
7.212075479401391592e-06
7.124398530322651252e-06
7.023700027275480922e-06
7.177729298746271694e-06
7.346325014623289801e-06
7.193841702246572484e-06
6.939989657439582685e-06
7.212753962448914197e-06
6.927153003744024657e-06
7.002414463386230636e-06
6.889514804697683018e-06
6.959463507882901298e-06
6.939473860256839713e-06
6.985742197684885807e-06
7.342878143390408125e-06
7.263985457939270079e-06
7.000192067607713567e-06
7.019997246970887888e-06
7.153748447308316488e-06
7.351049021053768229e-06
6.934953580639557574e-06
6.916460256434220016e-06
6.913955098752922252e-06
6.938707247172714973e-06
6.956276752134726679e-06
6.825272987498465396e-06
6.865334739813988563e-06
6.965852082885248650e-06
7.184375294855271762e-06
6.854494290564616507e-06
6.779480804652848408e-06
6.898570904922962485e-06
6.778020747333357576e-06
6.796240995754487813e-06
6.945721270312787796e-06
6.944560664123855701e-06
6.974330631237535272e-06
6.869035405543399805e-06
7.225598142213129735e-06
7.092463056324049492e-06
6.817326209329621634e-06
6.933761596883414313e-06
6.679428042843937704e-06
6.780606918255216781e-06
6.677074748040468136e-06
7.078166026985854503e-06
6.740828757756389339e-06
6.646392444054072596e-06
6.579796377081947867e-06
6.896384866195148450e-06
7.103905159056012222e-06
7.278309408320638055e-06
6.511025935651559510e-06
6.487095788543228991e-06
6.469681318321818592e-06
6.525331195916806221e-06
6.523084380205546040e-06
6.720787905578618107e-06
6.659232144556881225e-06
6.862252757855458354e-06
7.569652575512009546e-06
7.471587468899087811e-06
6.844477661616111047e-06
6.481963760052167684e-06
6.262332067308306990e-06
6.338749528822518187e-06
6.716986285937310070e-06
6.421017178581678139e-06
6.402364635960111458e-06
6.885958987368212208e-06
6.705396208417368714e-06
6.662270834567607380e-06
6.776907412131549791e-06
6.363683178278734315e-06
6.202601639415661339e-06
6.908581758580112025e-06
6.707788838866690809e-06
6.562740077242779419e-06
6.735586339345900342e-06
7.103820598786114376e-06
7.204814369288214779e-06
6.592154068130184727e-06
6.679588591396168509e-06
6.700179596919042524e-06
6.623061312893696426e-06
6.045870122761698440e-06
6.097312018482626056e-06
5.999998199968103679e-06
5.904831584757630311e-06
5.980360651847149881e-06
5.899691916511073772e-06
5.907408626626419962e-06
5.830899726788629608e-06
5.921391937135922151e-06
5.881215440695086896e-06
5.874856026366615139e-06
5.905246746351622617e-06
5.991589250697870569e-06
5.895158483326667750e-06
6.229958864878426878e-06
6.085465429350733757e-06
6.105362342623266328e-06
6.044268809546338500e-06
5.959728036941669754e-06
6.056206075299996883e-06
6.044713722985762045e-06
6.053108586456801615e-06
5.946797227807110345e-06
5.975824660708895123e-06
6.121938645264890172e-06
6.073622148505819326e-06
5.885892335300013656e-06
5.934989349043462256e-06
5.979489696983364580e-06
5.904602539885673079e-06
5.885255507109832082e-06
5.842286122970108747e-06
5.951577941232244823e-06
5.943512508110870671e-06
6.096427193824638719e-06
6.047840997780440375e-06
5.901223221371765079e-06
5.839568996179878183e-06
5.868859193469688593e-06
5.855959636846819533e-06
5.721845718653640117e-06
5.706809304228954716e-06
5.876369766610878456e-06
5.829386884670384122e-06
5.931697410233028106e-06
5.792611705146555154e-06
5.872345548141311494e-06
5.754066592089657206e-06
5.851203570728102762e-06
5.896221864531980827e-06
6.022390221005480440e-06
5.818609702146204993e-06
5.857755184024426853e-06
5.780100832453172358e-06
5.676174419022573031e-06
5.741494385347323598e-06
5.710247432944015769e-06
5.706182355424970981e-06
5.927951792727981059e-06
5.741401605519058818e-06
6.054425784896011295e-06
5.897051335068681680e-06
5.680741401192790024e-06
5.774764520083408401e-06
5.786127121609751897e-06
5.674462386195955332e-06
5.706823799300764222e-06
5.877033925116848137e-06
5.966872731733019633e-06
5.986148687497916737e-06
5.833073169014824427e-06
5.764393608842510561e-06
5.694435242276085943e-06
5.691564763310452860e-06
5.813429606860154478e-06
5.778642980658333156e-06
5.652528102473297622e-06
5.562480305343342818e-06
5.590291482349129923e-06
5.622411504191404844e-06
5.457340853354253002e-06
5.768187691046477994e-06
5.678183185864327243e-06
5.597365282028477279e-06
5.640929362016322387e-06
5.606777244793193288e-06
5.631048054510756629e-06
5.499960843735607680e-06
5.539794130982045317e-06
5.654053450143692486e-06
5.705502371711190959e-06
5.717385874959290959e-06
5.757846133747080214e-06
5.776184218575508905e-06
5.992799560772254894e-06
5.737588048759790011e-06
5.545997544231795134e-06
5.455712937418866204e-06
5.443143663796945475e-06
5.555145321523013990e-06
5.386095733683760215e-06
5.399982671860925451e-06
5.322658603290620133e-06
5.328966585693705954e-06
5.305070715166948503e-06
5.329565738065866753e-06
5.321367973465385487e-06
5.351998970581916753e-06
5.329927330421924295e-06
5.289317039114394331e-06
5.292875812301645055e-06
5.477401066400488733e-06
5.320849811596417397e-06
5.454905112856067378e-06
5.324998119249357503e-06
5.324820199348323174e-06
5.300766758864483563e-06
5.226607925123971654e-06
5.321679111602861667e-06
5.364306480259983462e-06
5.274209036087995289e-06
5.299640520206594374e-06
5.254389793662994465e-06
5.277777700030128641e-06
5.246064461061905604e-06
5.277537388792552181e-06
5.339269819160108455e-06
5.336048479875898581e-06
5.250578681170736672e-06
5.521934474472800164e-06
5.384991084156354191e-06
5.330334181508078134e-06
5.278535149955132849e-06
5.317059014942060796e-06
5.297125369452260202e-06
5.213377505697280867e-06
5.274645445751957595e-06
5.236709625933144707e-06
5.247775607131188566e-06
5.270855763228610327e-06
5.236847766809660412e-06
5.308898312250675930e-06
5.205848174227866937e-06
5.383843688377964839e-06
5.331598856628261274e-06
5.253146036920952949e-06
5.201509077323862923e-06
5.202161423767392650e-06
5.222345441779907221e-06
5.227029998877697095e-06
5.211637710544892058e-06
5.233391789261077065e-06
5.214312409407284576e-06
5.235976982476131694e-06
5.084005999833607686e-06
5.274331874716153495e-06
5.264024423468072200e-06
5.242935856131225592e-06
5.246698719929554500e-06
5.167586004972691055e-06
5.168783002318378009e-06
5.129829492034332192e-06
5.196629183501500277e-06
5.294107882036769128e-06
5.192748790250334254e-06
5.151317600393667478e-06
5.145480179180594521e-06
5.171961095129517902e-06
5.094520042803197041e-06
5.161151148058707064e-06
5.134523382821498333e-06
5.138730932685575342e-06
5.289042019285261800e-06
5.268511552003474546e-06
5.135151536705962086e-06
5.126942562583281299e-06
5.114904797665076161e-06
5.135576350312475940e-06
5.184810424907481890e-06
5.146635578512359305e-06
5.259648048649978591e-06
5.164870867702120619e-06
5.093289996693784075e-06
5.165992922684381144e-06
5.111494044740538981e-06
5.177582625037757510e-06
5.177072500828216678e-06
5.107344873067632021e-06
5.051945038303529145e-06
5.048216678460448748e-06
5.095878975680534495e-06
5.050061247402481968e-06
5.056248824075737502e-06
5.054736470810894728e-06
5.032971364471449876e-06
5.024876952575141501e-06
5.150161393885355549e-06
5.075685885458370078e-06
5.043089208811579399e-06
5.102505690501857655e-06
5.064861863957048796e-06
5.004451838885870360e-06
4.971080250015802110e-06
4.987079000784433108e-06
4.969322321812796703e-06
5.018405090595479123e-06
5.006849357869214484e-06
4.995810195396188985e-06
4.956332179517630551e-06
4.970077281996054977e-06
4.957182761700096646e-06
5.001912870739033509e-06
4.953846644184522860e-06
4.972868964614463039e-06
4.979992377229791939e-06
4.948809464622172358e-06
4.947114598508051470e-06
4.936192556215246271e-06
4.958872602855990747e-06
4.954929192990675971e-06
4.946455987919762265e-06
5.022982509217399469e-06
5.059900706783082230e-06
5.013049849367234517e-06
5.017268529172725150e-06
4.944378576965391234e-06
5.016368561427952955e-06
5.012605254250957101e-06
4.914615988127479626e-06
4.963434184901415963e-06
4.918764261674368754e-06
4.940308724599162985e-06
4.965598884609790159e-06
4.910643951916426886e-06
4.985405053048452997e-06
4.947976060520887015e-06
4.884332781784905819e-06
5.006977710309002189e-06
4.949357025907374580e-06
4.946748356360331284e-06
4.926824567519361492e-06
4.894635731034214016e-06
4.906413914795848880e-06
4.936732841542834310e-06
4.913957332064455502e-06
4.929377973894588988e-06
4.889769979854463769e-06
5.029474061757355569e-06
4.969871076809795002e-06
4.917485807709454263e-06
4.889452372935920552e-06
4.921986499084596459e-06
4.876792024788300866e-06
4.922561254261382030e-06
4.887186867108539107e-06
4.835087406718230510e-06
4.951598259594902460e-06
4.914836415537137898e-06
4.919676689496554561e-06
4.899405905689491361e-06
4.895675874649896117e-06
4.840974236230977451e-06
4.906811750515771734e-06
4.937111896197166061e-06
4.943734847984160466e-06
4.896768382423033811e-06
4.830922000564896396e-06
4.854268263443373482e-06
4.859792488787206482e-06
4.899418536297162402e-06
4.896088330497150140e-06
4.853482948874443537e-06
4.875903528045455460e-06
4.975299816578626633e-06
4.853240409374848410e-06
4.844432930894982176e-06
4.856662201291328529e-06
4.789826652995543216e-06
4.881405595824617533e-06
4.883529788912710162e-06
4.823362530714803142e-06
4.787379157278337346e-06
4.886401825388020370e-06
4.857684086800873216e-06
4.876159493960585678e-06
4.861337527017895069e-06
4.865148264343588719e-06
4.846805791203223804e-06
4.874830210610525683e-06
4.851695666729938069e-06
4.804577304184931394e-06
4.840847032028250057e-06
4.801273826160468500e-06
4.775253989919292169e-06
4.889302067567768634e-06
4.828124735922756033e-06
4.851351025081384990e-06
4.863138531163713027e-06
4.781710913448478095e-06
4.807983884802524699e-06
4.796550831542844778e-06
4.772923068685485875e-06
4.775919194344169227e-06
4.810381199149560416e-06
4.744525563182833478e-06
4.752245797590149037e-06
4.826242468425335003e-06
4.802170178663800640e-06
4.792794754848728189e-06
4.747199841403926088e-06
4.744027080505475169e-06
4.792708296008640900e-06
4.758947773098043060e-06
4.748371804907947250e-06
4.754231053993862757e-06
4.737138135624264007e-06
4.832024171719240427e-06
4.795543475211161422e-06
4.749134541270905513e-06
4.766960887536697386e-06
4.741990471757162256e-06
4.742369833365956195e-06
4.771116982738021422e-06
4.753681844249513572e-06
4.736613232125819364e-06
4.777641788678011095e-06
4.757379599595878972e-06
4.727077487132191552e-06
4.763258584716823121e-06
4.781776488016475585e-06
4.749202150833298050e-06
4.756248574722121533e-06
4.740685972137725573e-06
4.750723212509910470e-06
4.806201354767836503e-06
4.832504021123895485e-06
4.770481314153584948e-06
4.764484754105069611e-06
4.726284771550126607e-06
4.717241176876996517e-06
4.769124075210129377e-06
4.730208183900686320e-06
4.734305377951386617e-06
4.731531078050466022e-06
4.743977183352399321e-06
4.746454146697942972e-06
4.717806757525977615e-06
4.739577059353905836e-06
4.703533988958952250e-06
4.726776035113289593e-06
4.727912437374470925e-06
4.708791834673320409e-06
4.728917735974391351e-06
4.745914475279278461e-06
4.701099669546238147e-06
4.706451500169351104e-06
4.734594313049456105e-06
4.763082540648611199e-06
4.694469419064262522e-06
4.764727066230989294e-06
4.687212049248046581e-06
4.737322467462945666e-06
4.693294158641947433e-06
4.724126006294681817e-06
4.717737772352847630e-06
4.707340542609017236e-06
4.752389872919593303e-06
4.692093853009282611e-06
4.685390013037249277e-06
4.722539551949012432e-06
4.718321156360616103e-06
4.706203310433920875e-06
4.680663016642938262e-06
4.700865474660531618e-06
4.715390934961760311e-06
4.706972799795039633e-06
4.664578148094733140e-06
4.663679578698065428e-06
4.685242925006605389e-06
4.672301224672992587e-06
4.728525266273209296e-06
4.716141006610996556e-06
4.717107947271869878e-06
4.726693816792248981e-06
4.675512843732576415e-06
4.699648241057730216e-06
4.682691735524713464e-06
4.646313766443199880e-06
4.742375563182577195e-06
4.708940923592308367e-06
4.642861017600807658e-06
4.683994029619498517e-06
4.649891616281820800e-06
4.728828673705720406e-06
4.682078372297837462e-06
4.695796337728097400e-06
4.696991538821748691e-06
4.674776562296756310e-06
4.666271740916272054e-06
4.652285679185297510e-06
