2.725082874298095703e+00
1.538112610578536987e-01
7.110634570320446823e-02
4.410091166694959236e-02
1.854283486803372585e-02
1.781680000325043881e-02
1.375043361137310606e-02
1.275203687449296373e-02
1.244051599254210848e-02
1.070307629803816420e-02
1.005285171171029467e-02
1.106082492818435091e-02
8.931091365714868488e-03
8.872502172986665783e-03
9.775347076356410980e-03
7.072678456703822107e-03
6.986745012303193121e-03
7.909290958195924759e-03
7.627885788679122925e-03
6.043372986217339544e-03
9.786753915250301361e-03
5.628599785268306732e-03
7.510903757065534592e-03
5.686831194907426834e-03
4.987749581535656958e-03
5.742433480918407440e-03
7.098225876688957214e-03
5.864829445878664942e-03
5.237360484898090363e-03
6.275967539598544150e-03
6.758980608234803171e-03
6.032878998667001724e-03
7.283644905934731455e-03
7.084340012321869821e-03
8.439125493168830872e-03
5.784062823901574106e-03
7.582325177888075800e-03
5.965018489708502798e-03
7.411017858733733206e-03
7.545674995829661398e-03
5.071070976555347443e-03
6.198208002994458170e-03
5.042890241990487070e-03
7.145415060222148895e-03
5.877708550542593002e-03
8.344451431185007095e-03
5.063551943749189377e-03
6.482469694068034201e-03
5.271460084865490885e-03
6.297192846735318213e-03
6.715741318960984259e-03
5.389415503789980917e-03
6.630598722646634073e-03
5.570939121146996527e-03
6.376674709220726996e-03
7.143687922507524490e-03
5.232826961825291605e-03
4.540039304022987394e-03
5.729641299694776535e-03
5.592702267070611029e-03
4.353366326540708542e-03
4.966148020078738241e-03
4.820323393990595846e-03
5.436357886840899496e-03
6.096822675317525864e-03
6.058810433993737192e-03
5.349050275981426239e-03
5.923244015624125509e-03
7.938619237393140793e-03
5.052539364745219259e-03
5.002120044082403183e-03
5.461878608912229538e-03
4.557447818418343573e-03
4.182181709135572405e-03
5.274391422669093103e-03
4.362359099710981340e-03
5.280998690674702616e-03
5.517172006269295721e-03
5.396575666964054108e-03
4.985811654478311539e-03
6.368646553407113046e-03
5.045267598082621603e-03
6.860179516176382990e-03
6.391492051382859259e-03
7.082746364176273346e-03
4.467396531254053116e-03
5.674834828823804855e-03
4.966706658403079004e-03
4.777634671578804941e-03
7.033198451002438574e-03
6.026109059651692419e-03
5.623555121322472601e-03
4.962388581285874338e-03
4.574898009498913794e-03
4.834526528914769201e-03
5.143384914845228195e-03
4.653233879556258230e-03
5.194290230671565027e-03
4.720069312800963431e-03
5.599667939047018976e-03
4.635199516390760451e-03
5.048583261668682098e-03
4.692049541821082144e-03
4.831142568339903860e-03
5.259018546591202707e-03
4.507216081644098253e-03
5.360097624361515045e-03
4.539506199459235163e-03
4.939190577715635300e-03
4.847149209429820090e-03
4.774115824451048880e-03
5.606923562784989386e-03
5.125197581946849823e-03
5.881931322316328974e-03
4.607922242333491354e-03
5.053665954619646072e-03
4.540677337596814127e-03
5.280358872065941782e-03
4.712026721487442942e-03
5.798985250294208527e-03
4.634035440782706232e-03
5.266962107270956039e-03
5.551162641495466232e-03
4.786018825446565657e-03
5.280423443764448166e-03
4.801651307692130118e-03
5.203028675168752670e-03
4.743651021271944046e-03
5.219324026256799698e-03
5.606057432790596991e-03
4.845653660595417023e-03
5.007023612658183069e-03
5.434660861889521570e-03
4.996206611394882202e-03
5.048725676412384004e-03
5.372756160795688629e-03
5.809468372414509744e-03
5.282422838111718207e-03
5.319519123683373422e-03
4.476326828201611548e-03
5.483728212614853888e-03
4.551645523558060617e-03
5.297307235499222784e-03
5.095985407630602808e-03
4.610086325556039810e-03
4.526536523674924879e-03
5.417727554837862940e-03
5.326268573602040320e-03
5.041751855363448172e-03
5.014952272176742554e-03
5.299936980009078979e-03
5.496484537919362097e-03
4.974732330689827890e-03
4.865737942357857733e-03
5.371221185972292929e-03
4.511422943323850632e-03
5.028559903924663572e-03
5.164981043587128610e-03
5.272161525984604864e-03
5.139730560282866449e-03
5.250989769895871191e-03
5.171369295567274094e-03
5.670038672784964533e-03
4.873096787681181936e-03
5.640668328851461411e-03
5.443792790174484253e-03
5.321579830100138693e-03
5.641620761404435129e-03
4.991490704317887335e-03
5.643637385219335556e-03
4.864480656882126837e-03
5.248168172935645075e-03
4.761169664561748505e-03
5.484132872273524313e-03
4.876555409282445908e-03
5.573640111833810806e-03
4.872946068644523621e-03
5.567641463130712509e-03
4.692719938854376764e-03
6.200394903620083838e-03
5.004839971661567688e-03
5.628645420074462891e-03
5.510575603693723679e-03
4.683346177140871973e-03
5.941983622809250860e-03
4.984043849011261969e-03
5.496155315389235525e-03
5.595410863558451624e-03
4.839355902125437765e-03
5.702687427401542664e-03
4.962559789419174194e-03
5.419175761441390009e-03
4.739322854826848001e-03
5.749997217208147049e-03
4.857772029936313629e-03
4.846590260664622278e-03
5.476658387730519266e-03
5.075419787317514420e-03
5.256385076791048050e-03
4.759720371415217428e-03
5.276752791057030649e-03
4.786190266410510034e-03
5.132357279459635706e-03
4.688867678244908362e-03
4.922916181385517120e-03
5.191344146927197485e-03
4.778388810033599825e-03
5.086390922466914148e-03
4.905027026931445093e-03
4.844363468388716669e-03
4.899794701486825943e-03
4.844417174657185583e-03
4.804390948265790939e-03
5.025749715665976496e-03
5.339074724664290457e-03
4.729613506545622854e-03
4.776627446214358301e-03
4.923523093263308496e-03
5.014808382838964462e-03
5.108440450082222910e-03
4.944280410806338281e-03
5.024640355259180069e-03
4.737153494109709768e-03
4.798289077977339716e-03
5.142192977170149774e-03
5.051689377675454111e-03
5.358976311981678009e-03
4.996299743652343750e-03
4.916572632888953180e-03
5.133526865392923355e-03
4.972656878332297296e-03
4.741540178656578064e-03
5.330552657445271521e-03
4.811950338383515387e-03
4.925160513569911032e-03
4.809451444695393534e-03
5.164283482978741617e-03
4.876013689984877615e-03
4.971597188462813406e-03
4.926909382144610376e-03
5.198090647657712011e-03
4.858170170336961746e-03
5.073806426177422495e-03
5.078653339296579361e-03
5.385667396088440924e-03
4.855989323308070212e-03
4.729360264415542574e-03
4.879005098094542532e-03
5.192034877836704254e-03
4.968690530707438498e-03
4.959908158828814535e-03
5.009402831395466833e-03
4.829392458001772852e-03
5.008261650800704956e-03
4.978074536969264059e-03
4.650793038308620453e-03
5.328297770271698923e-03
5.015108889589707346e-03
4.746453836560249329e-03
4.683467093855142593e-03
5.001363189270098715e-03
5.166334255288044901e-03
4.694675871481497793e-03
4.960993615289528876e-03
4.944510369872053175e-03
5.126734108974535971e-03
5.211960524320602417e-03
4.531554334486524553e-03
5.048170685768127441e-03
4.841786033163468332e-03
5.259117422004540472e-03
4.950219299644231796e-03
5.005396436899900436e-03
5.148566638429959326e-03
5.049381560335556955e-03
4.822728534539540320e-03
5.067538159588973017e-03
4.792290429274241419e-03
5.471325013786554337e-03
5.225086739907662363e-03
5.106294682870308847e-03
5.400909421344597845e-03
5.073160398751497269e-03
4.897019670655329733e-03
4.916789010167121887e-03
4.617012338712811470e-03
4.621627740561962128e-03
5.026680883020162582e-03
4.965391165266434641e-03
4.618836023534337969e-03
5.108613676081101389e-03
4.651270030687252970e-03
4.943087541808684378e-03
4.939489377041657477e-03
5.096268995354573221e-03
4.945260938256978989e-03
4.809097076455752344e-03
5.091752080867688150e-03
4.832567181438207626e-03
4.770889412611722946e-03
4.739484904954831095e-03
5.052296134332816095e-03
5.104786716401576996e-03
4.837201597789923639e-03
4.847997954736153574e-03
5.020159451911847086e-03
4.794181169321139364e-03
4.823045805096626282e-03
5.060597322881221771e-03
4.762685857713222504e-03
5.266660513977210016e-03
5.017689429223537445e-03
4.855641008665164023e-03
4.881681719173987417e-03
5.076391467203696280e-03
4.973312063763539285e-03
5.184799743195374518e-03
4.736681624005238504e-03
5.044626848151286154e-03
4.744995695849259405e-03
4.972823274632294684e-03
4.821050912141799927e-03
4.968052574743826895e-03
4.874370526522397995e-03
4.877333994954824448e-03
4.794753777484099359e-03
5.225053212294976206e-03
5.126647806415955515e-03
4.918625888725121527e-03
4.970631562173366547e-03
4.804811285187800436e-03
4.995694849640130997e-03
5.107120610773563385e-03
5.066225305199623108e-03
5.024060762176911325e-03
4.894661717116832733e-03
5.007086787372827530e-03
4.953624370197455377e-03
5.004232283681631088e-03
5.020073304573695154e-03
4.736448327700297327e-03
4.717906859392921419e-03
4.915513408680756598e-03
5.132704507559537888e-03
5.127644632011651993e-03
4.859656250725190134e-03
4.897947112719218225e-03
4.703098442405462265e-03
4.799975780770182610e-03
5.011391981194416971e-03
5.150927851597468347e-03
4.914862569421529770e-03
5.042246698091427774e-03
5.079608410596847534e-03
5.036151657501856775e-03
4.954710447539885550e-03
5.062593302379052133e-03
5.124947056174278259e-03
4.581419207776586504e-03
5.104110420991976767e-03
5.021412391215562820e-03
5.198429493854443521e-03
4.970842661956946344e-03
5.065621497730414362e-03
4.963062393168608637e-03
5.045969815303881674e-03
4.919635131955146790e-03
4.733354163666565924e-03
4.832124647994835882e-03
5.006056589384873419e-03
4.890799367179472952e-03
4.905624625583489447e-03
4.988625800857941599e-03
5.095702906449635534e-03
4.863743359843890161e-03
4.953564299891392679e-03
5.058245733380317688e-03
5.113466021915276556e-03
5.103483020017544718e-03
4.868955506632725687e-03
4.798625440647204428e-03
4.899252826968829126e-03
5.057489033788442612e-03
5.133801760772864313e-03
4.984596123298008948e-03
4.945817403495311737e-03
4.791484059145052939e-03
5.154607972751061411e-03
4.861425297955672235e-03
4.918147188921769171e-03
5.133195780217647552e-03
4.965446734180052786e-03
4.826305434107780457e-03
5.094703597327073126e-03
4.979325613627831430e-03
5.016926055153210669e-03
4.828039556741714478e-03
5.005735748757918387e-03
4.921304527670145035e-03
4.856596079965432196e-03
4.841037560254335403e-03
5.007755787422259360e-03
5.106603416303793878e-03
4.959996944914261789e-03
5.026077075550953836e-03
4.673426893229286165e-03
5.255611458172400503e-03
4.740279400721192360e-03
4.909360315650701523e-03
5.062720893571774454e-03
4.894756401578585596e-03
4.934647586196660995e-03
4.842227014402548761e-03
5.074792852004368811e-03
4.980837150166432352e-03
4.969306600590546637e-03
4.996473900973796844e-03
4.984438108901183100e-03
5.025974164406458826e-03
5.073829088360071182e-03
5.088606694092352896e-03
5.181933908412854166e-03
5.004391695062319727e-03
5.037738941609859467e-03
5.092603464921315222e-03
4.924020419518153162e-03
4.983532708138227463e-03
5.114393308758735657e-03
4.909566914041836767e-03
5.267933166275422067e-03
4.985112231224775314e-03
5.054269606868426294e-03
5.033046783258517294e-03
5.122675715635220499e-03
4.886588857819636374e-03
4.766759695485234261e-03
5.096785413722197504e-03
5.143889846901099176e-03
4.817450574288765879e-03
5.194659810513257980e-03
4.878998423616091699e-03
4.815271900345881491e-03
4.845037357881665230e-03
5.067709988603989572e-03
5.150628431389729471e-03
5.017101299017667770e-03
4.701741893465320558e-03
4.887048931171496420e-03
4.803090666731198340e-03
5.023906628290812464e-03
5.134562806536753683e-03
4.978500151385863333e-03
4.974410093079010935e-03
4.924555309116840363e-03
4.975842156757910757e-03
5.208176560699939728e-03
4.844194278120994568e-03
5.032027450700600653e-03
4.827014636248350143e-03
5.022194857398669214e-03
5.075833294540643692e-03
5.162633800258238821e-03
5.143475408355395288e-03
5.165612014631430597e-03
5.230170519401629477e-03
4.800226772204041481e-03
4.878409982969363241e-03
5.218447651714086533e-03
4.894070482502381296e-03
5.208381451666355133e-03
5.087831057608127594e-03
4.865118612845738440e-03
4.733023233711719513e-03
4.990241955965757370e-03
5.157817155122756958e-03
4.967720403025547952e-03
5.231790555020173102e-03
4.979055374860763550e-03
5.048663510630528421e-03
5.166776323070128470e-03
5.055536516010761261e-03
4.950313984105984659e-03
4.884955162803332300e-03
4.927274460593859644e-03
5.043592148770888357e-03
5.034346909572680502e-03
5.161448071400324793e-03
4.946991956482331247e-03
4.940204322338104248e-03
4.865334834903478622e-03
5.137991004933913260e-03
4.945819731801748276e-03
4.897587777425845175e-03
4.790134417514006586e-03
4.888538271188735962e-03
5.099407241990168600e-03
5.161990256359179526e-03
5.164859040329853983e-03
4.971908560643593759e-03
4.740909285222490339e-03
4.950427295019228964e-03
5.047252867370843887e-03
5.035246722400188446e-03
4.915590553234021158e-03
5.139302462339401245e-03
5.105802168448765783e-03
4.950901493430137634e-03
5.106793095668156653e-03
4.927521416296561270e-03
5.062786551813284845e-03
5.051161007334788351e-03
5.231210341056187658e-03
5.129066606362660437e-03
4.852306408186753302e-03
4.847391818960507422e-03
4.794051715483267813e-03
4.977436425785223932e-03
4.731312161311507225e-03
5.094832585503657370e-03
5.024735660602648764e-03
4.945576035728056936e-03
4.947209265083074570e-03
5.253979160139958353e-03
5.208244392027457266e-03
4.979560462137063055e-03
5.122191583116848974e-03
4.957028664648532867e-03
5.006204824894666672e-03
5.084186326712369919e-03
4.979100388785203009e-03
4.800609856223066359e-03
4.768776164079706163e-03
5.090589479853709250e-03
5.119482986629009247e-03
4.882615059614181519e-03
4.977664444595575333e-03
5.125239025801420212e-03
4.711104479307929964e-03
5.195287521928548813e-03
4.991036839783191681e-03
4.938247458388407736e-03
5.109749579181273489e-03
4.818880076830585509e-03
5.010674241930246353e-03
4.934036638587713242e-03
4.792624696468313246e-03
5.009743074576060266e-03
5.038126527021328897e-03
4.886991033951441736e-03
4.961447014162938089e-03
5.130894637356202097e-03
4.840192617848515511e-03
4.999330577751000433e-03
4.928441563000281363e-03
4.977711321165164023e-03
4.847723214576642008e-03
5.028669101496537237e-03
4.950551471362511606e-03
5.196714463333289118e-03
5.130798711131016702e-03
4.689858450243870706e-03
4.875643178820610046e-03
4.834465992947419195e-03
4.899944178760051727e-03
5.006017629057168961e-03
4.805940901860594749e-03
4.969798959791660309e-03
4.851999226957559586e-03
5.039212449143330545e-03
5.084427073597908020e-03
5.116559099406003952e-03
5.072187787542740793e-03
4.957438757022221594e-03
5.070178303867578506e-03
5.310062319040298462e-03
5.107833382984002142e-03
5.004598914335171671e-03
4.746630477408568353e-03
4.939347816010315924e-03
4.902264879395564108e-03
5.016180376211802454e-03
4.889255079130331964e-03
5.128945068766673117e-03
5.056988292684157400e-03
4.944406139353911371e-03
4.817546345293521881e-03
4.947058235605557470e-03
4.919910492996375055e-03
5.138541882236798315e-03
5.071242184688647299e-03
4.914845805615186691e-03
5.192856459567944498e-03
5.268407054245471954e-03
4.986762224386136026e-03
4.934911616146564484e-03
4.848954112579424887e-03
4.891040734946727753e-03
5.015841374794642420e-03
4.890556136767069788e-03
4.928302640716235132e-03
4.947263126571972876e-03
4.948241170495748520e-03
5.215499394883711844e-03
5.002062146862347632e-03
5.100923124700784683e-03
5.127678780506054849e-03
5.007886172582705527e-03
4.914190620183944702e-03
5.005653326710064917e-03
5.027442239224910736e-03
4.951208053777615518e-03
4.934689030051231384e-03
4.775774509956439047e-03
4.974253786106904059e-03
5.006330087780952454e-03
4.882635548710823059e-03
5.290071635196606607e-03
5.142701168855031042e-03
4.759243146205942125e-03
5.103929899632930756e-03
4.743262970199187308e-03
5.191730024913947077e-03
5.036993573109309168e-03
5.225065009047587423e-03
4.980548750609159470e-03
5.220345842341582270e-03
4.989614865432183237e-03
4.954481031745672226e-03
5.072377777347962351e-03
5.042674640814463587e-03
5.119068392862875967e-03
5.182554014027118683e-03
5.043360559890667887e-03
5.166233672449986429e-03
5.169194579745332689e-03
5.056558021654685049e-03
5.077459073315064401e-03
4.866387695074081421e-03
4.908947894970576258e-03
4.978709854185581207e-03
4.979623792072136908e-03
5.027600719283024759e-03
5.086466980477173834e-03
4.916835576295852661e-03
5.242504024257262259e-03
4.979699073980252237e-03
5.069836198041836710e-03
5.161432704577843637e-03
4.837286348144213648e-03
4.742766264826059341e-03
4.800229488561551065e-03
5.073882018526394873e-03
5.182390101253986359e-03
5.004813584188620539e-03
5.027599011858304053e-03
5.060191266238689423e-03
4.910288378596305847e-03
5.144812942792971640e-03
4.985612972329060526e-03
4.887626040726900101e-03
5.224617818991343469e-03
5.005070939660072327e-03
4.988121179242928534e-03
5.057867849245667458e-03
4.972670227289199829e-03
5.058055122693379431e-03
5.152219751228888540e-03
4.984567873179912567e-03
5.150966811925172806e-03
5.103960478057463675e-03
5.005408233652512522e-03
4.855156876146793365e-03
4.659367725253105164e-03
4.954858062167962103e-03
5.029143144687016516e-03
5.003340231875578852e-03
4.975683211038510294e-03
5.022906387845675440e-03
5.028787689904372187e-03
5.040932291497786551e-03
5.134442821145057678e-03
5.099286480496327371e-03
4.854749344910184831e-03
4.970882398386796026e-03
5.251060550411541968e-03
4.977243331571419745e-03
5.147543192530672045e-03
5.257536346713702173e-03
4.946256056427955627e-03
5.038293078541755676e-03
5.222828437884648352e-03
5.124256946146488190e-03
5.272018179918329210e-03
4.888163103411595316e-03
5.258467358847458868e-03
5.131954482446114511e-03
5.131011363118886948e-03
5.312532962610323935e-03
5.032885043571392984e-03
5.344939262916644125e-03
5.186326491336028070e-03
4.858448247735698729e-03
4.974036632726590128e-03
4.942481406033039093e-03
5.184843360135952921e-03
4.881157074123620987e-03
5.190434244771798163e-03
4.978457620988289804e-03
5.151327233761548996e-03
5.221009099235137015e-03
5.074415355920791626e-03
5.159937776625156403e-03
5.173336404065291376e-03
5.243598793943722754e-03
5.071982896576325388e-03
4.974463644127051325e-03
5.046763457357883453e-03
5.002093811829884558e-03
5.187936127185821533e-03
4.957233866055806189e-03
4.929717785368363352e-03
5.185378249734640121e-03
5.145275654892127008e-03
5.107254255563020706e-03
4.971678368747234344e-03
4.963879783948262243e-03
4.824075537423293085e-03
5.087726439038912744e-03
4.940406419336795807e-03
5.084050974498192758e-03
4.968657158315181732e-03
5.164764821529388428e-03
5.015635086844365091e-03
5.069214229782422095e-03
5.142874239633480997e-03
5.267375148832798004e-03
5.190791562199592590e-03
4.980597955485184698e-03
5.138128219793240518e-03
5.218374232451121301e-03
4.981902893632650375e-03
5.190776816258828134e-03
4.979080986231565475e-03
5.178581768025954275e-03
5.013928127785523443e-03
5.206404253840446472e-03
5.022658656040827722e-03
5.040670434633891077e-03
5.047325510531663895e-03
5.024947691708803177e-03
5.022006264577309580e-03
5.215502033631007166e-03
4.742384422570466995e-03
5.103923069934050531e-03
4.823350192358096152e-03
5.340114391098420114e-03
5.040620608876149149e-03
4.891886996726195307e-03
5.128561053425073624e-03
5.023040963957707376e-03
5.178122936437527628e-03
5.120470343778531046e-03
5.115701661755641012e-03
5.105660762637853622e-03
4.934983172764380484e-03
5.101621306190888376e-03
5.002774919072787256e-03
4.871012410148978233e-03
4.999155799547831507e-03
5.252542595068613977e-03
5.113917868584394455e-03
5.033974225322405786e-03
5.294854131837685614e-03
5.059505191942055731e-03
5.210727298011382132e-03
5.203428833434979410e-03
4.932690877467393875e-03
5.024383620669444113e-03
5.005583167076110840e-03
4.980716233452160864e-03
4.898101091384887695e-03
5.275970790535211563e-03
4.950934400161107092e-03
4.982679461439450293e-03
4.919341765344142914e-03
5.000941300143797903e-03
5.119757882008950205e-03
5.059202046444018393e-03
5.128252475212017984e-03
5.000046454370021820e-03
4.950404788057009668e-03
5.048449306438366861e-03
4.970870756854613333e-03
4.842616617679595947e-03
5.113393844415743857e-03
4.822936917965610533e-03
5.204579637696345358e-03
5.293024703860282898e-03
5.182207717249791117e-03
5.335768063863118200e-03
5.107677076011896133e-03
5.126075508693854303e-03
4.973249975591897964e-03
4.924342346688111334e-03
5.120580705503622980e-03
4.564238789801795988e-03
5.025282657394806833e-03
5.046923955281575232e-03
4.772754929338892012e-03
4.720038191104928942e-03
4.958470972875754328e-03
4.984552506357431412e-03
5.086566476772229166e-03
5.192302788297335596e-03
4.955542429039875955e-03
5.178681729982296915e-03
4.969975290199120550e-03
5.008512952675421744e-03
5.093997654815514593e-03
5.161542755862076788e-03
5.309732630848884583e-03
5.067874677479267120e-03
5.105983155469099970e-03
5.049202746401230783e-03
5.146438876787821741e-03
5.128351971507072449e-03
5.109949347873528509e-03
4.923401090006033869e-03
5.066459222386280985e-03
5.142010127504666357e-03
5.087100435048341751e-03
4.846464532117049188e-03
5.085540469735860825e-03
5.044071469455957413e-03
5.009720878054698019e-03
5.029717460274696350e-03
4.937288196136553793e-03
4.848120268434286118e-03
5.084810002396504373e-03
5.131951067596673965e-03
5.102967067311207743e-03
4.997737705707550049e-03
5.240646190941333771e-03
5.276812085260947256e-03
5.037460010498762131e-03
4.986431139210860224e-03
5.115797432760397882e-03
4.930743016302585602e-03
5.185202384988467188e-03
5.032459894816081018e-03
5.032971346129973440e-03
4.963940630356471033e-03
5.003796269496281653e-03
5.319943806777398081e-03
5.106456732998291941e-03
5.050609509150187464e-03
4.994122466693322153e-03
5.127762909978628159e-03
5.254219596584637671e-03
5.101547576487064362e-03
5.227892349163691492e-03
4.922798213859398871e-03
5.123203465094168692e-03
5.350302904844284058e-03
4.948383818070094080e-03
5.021151620894670486e-03
5.187054630368947983e-03
5.070645517359177561e-03
5.371955378601948709e-03
5.005992483347654343e-03
4.989607414851586313e-03
5.223502404987812042e-03
5.150947875032822580e-03
5.010066864391167669e-03
5.272227649887402563e-03
5.002684891223907471e-03
4.985569200168053598e-03
5.362924033155043631e-03
4.881257812182108850e-03
5.070193981130917578e-03
4.943472022811572046e-03
5.163652822375297546e-03
5.056592325369517298e-03
5.041894192496935816e-03
5.034324092169602423e-03
5.089791025966405869e-03
4.888632024327914209e-03
5.051199812442064285e-03
5.126940396924813299e-03
5.070596157262722940e-03
5.079120552788178415e-03
5.064860141525666208e-03
5.014395030836264582e-03
5.027173397441704779e-03
5.025811803837616949e-03
5.161825257043044062e-03
5.179110914468765259e-03
4.969913357247908621e-03
5.004617851227521896e-03
4.854134827231367140e-03
5.117100508262713461e-03
4.859245382249355316e-03
5.013803641001383753e-03
5.116484748820464105e-03
4.994471246997515650e-03
5.159395902107159586e-03
5.146405504395564108e-03
5.060033096621434183e-03
5.096636557330687552e-03
5.239881109446287155e-03
5.095303834726412802e-03
5.097569432109594345e-03
5.223001198222239523e-03
5.110477562993764877e-03
5.111577610174815149e-03
5.051338113844394684e-03
5.156557230899731607e-03
5.033741705119609833e-03
5.199332255870103836e-03
4.943617930014927893e-03
4.948070738464593887e-03
5.136596194157998056e-03
4.963029486437638312e-03
5.095918818066517801e-03
5.168302760769923239e-03
5.079527075091998072e-03
5.150944149742524118e-03
4.850752574081222505e-03
5.091923754662275314e-03
5.213589562724034281e-03
5.210371998449166327e-03
5.076987203210592270e-03
5.171525447318951578e-03
5.006947399427493124e-03
5.076100273678700418e-03
5.059376824647188187e-03
4.997661958138148279e-03
5.040608812123537064e-03
4.999128325531880350e-03
5.170970223844051361e-03
5.003039414683978052e-03
5.197516021629174261e-03
5.185732617974281311e-03
4.962293741603692084e-03
5.098386202007532120e-03
5.023631112029154806e-03
5.298163276165723801e-03
4.867115290835499763e-03
5.065967484066884012e-03
5.127290574212868719e-03
5.186472864200671225e-03
5.019516839335362406e-03
5.175363893310229273e-03
5.236602698763211279e-03
5.186367159088452368e-03
4.941327652583519907e-03
5.094626763214667349e-03
4.885752685368061066e-03
4.950831333796183557e-03
5.192669263730446787e-03
5.038727850963671713e-03
5.202421297629673987e-03
5.140479188412427902e-03
5.209371758004029303e-03
5.027299746870994568e-03
4.887345712631940842e-03
4.867050098255276680e-03
5.151259712874889374e-03
4.913304466754198074e-03
4.881256104757388144e-03
5.026708201815684347e-03
5.091506832589705496e-03
5.229601636528968811e-03
4.985733112941185922e-03
4.908595078935225516e-03
5.238280476381381064e-03
5.209430431326230078e-03
5.082229928423960715e-03
5.171634567280610113e-03
5.023873876780271530e-03
5.101388009885947199e-03
5.123840489735205679e-03
5.276187633474667578e-03
5.127172296245892553e-03
5.117084830999374390e-03
4.910664167255163193e-03
5.038162538160880118e-03
4.960375837981700897e-03
5.026641922692458124e-03
5.146794797231753378e-03
5.200123880058526993e-03
5.066984643538792639e-03
5.316331051290035248e-03
5.317129427567124367e-03
5.230866683026154547e-03
5.162666086107492447e-03
5.105091258883476257e-03
4.929898617168267279e-03
4.874863817046086283e-03
5.056035394469897241e-03
