5.157209833463033410e-01
1.177374397714932713e-01
8.140983929236729477e-02
6.500293314456939697e-02
4.181130230426788330e-02
4.116861149668693542e-02
3.632333377997080254e-02
3.480154275894165039e-02
3.450677543878555298e-02
3.194552659988403320e-02
3.098469910522301876e-02
3.219718486070632935e-02
2.906083315610885620e-02
2.905413632591565334e-02
3.049300611019134521e-02
2.583477025230725491e-02
2.543483301997184753e-02
2.731485975285371029e-02
2.669794609149296963e-02
2.376545903583367550e-02
3.061453998088836670e-02
2.294605908294518673e-02
2.655758398274580753e-02
2.297360884646574772e-02
2.151361107826232910e-02
2.314162688950697697e-02
2.558798777560393131e-02
2.361960460742314541e-02
2.183616409699122227e-02
2.429581433534622192e-02
2.496914565563201904e-02
2.392961767812569820e-02
2.605875333150227749e-02
2.605036149422327793e-02
2.809629340966542446e-02
2.350234364469845974e-02
2.609350097676118099e-02
2.284790948033332825e-02
2.594801348944504940e-02
2.620531742771466457e-02
2.146427767972151554e-02
2.362507085005442417e-02
2.171385536591212070e-02
2.546600935359795773e-02
2.338218875229358673e-02
2.770576501886050022e-02
2.140594335893790043e-02
2.440815729399522030e-02
2.191375320156415188e-02
2.388296276330947876e-02
2.464122635622819149e-02
2.225971904893716061e-02
2.466362714767456055e-02
2.279964461922645569e-02
2.333284169435501099e-02
2.510166292389233791e-02
2.179130663474400723e-02
1.997807932396729672e-02
2.249932785828908169e-02
2.233519653479258335e-02
1.973474087814490116e-02
2.090098025898138798e-02
2.031640460093816006e-02
2.196052608390649044e-02
2.329226645330588139e-02
2.365312787393729008e-02
2.224460368355115139e-02
2.362426122029622280e-02
2.704650349915027618e-02
2.150450274348258972e-02
2.119977523883183682e-02
2.187370943526427067e-02
2.034639629224936283e-02
1.933490919570128239e-02
2.161029788355032719e-02
1.998886652290821075e-02
2.148906700313091278e-02
2.271760689715544498e-02
2.215285350879033291e-02
2.133450905481974400e-02
2.393754944205284119e-02
2.164371187488238132e-02
2.485141158103942871e-02
2.438881372412045681e-02
2.537510544061660767e-02
2.016224836309750759e-02
2.241409694155057156e-02
2.074628385404745853e-02
2.079255568484465397e-02
2.494670264422893524e-02
2.277520485222339630e-02
2.232935527960459507e-02
2.088401777048905575e-02
2.012241197129090511e-02
2.055463939905166626e-02
2.116136997938156128e-02
2.039798597494761265e-02
2.127499009172121799e-02
2.038731984794139862e-02
2.234282220403353489e-02
2.001144116123517239e-02
2.087960951030254364e-02
2.017134738465150082e-02
2.052184628943602360e-02
2.141648282607396328e-02
1.961942948400974274e-02
2.153829609354336941e-02
1.974202009538809574e-02
2.052761179705460751e-02
2.047111031909783566e-02
2.033573947846889496e-02
2.200513146817684174e-02
2.116829343140125275e-02
2.257901243865489960e-02
2.019788386921088016e-02
2.086222854753335201e-02
1.977189444005489349e-02
2.122544124722480774e-02
2.041759279867013180e-02
2.228052789966265476e-02
2.027347497642040253e-02
2.125100729366143429e-02
2.203465687731901920e-02
2.020720951259136200e-02
2.124923095107078552e-02
2.020010476311047756e-02
2.113886425892512119e-02
2.012920627991358555e-02
2.113856561481952667e-02
2.201646876831849300e-02
2.034742509325345242e-02
2.086644371350606167e-02
2.172687649726867676e-02
2.080715013047059261e-02
2.079185036321480953e-02
2.146490849554538727e-02
2.225613842407862461e-02
2.123455268641312801e-02
2.131523936986923218e-02
1.972673460841178894e-02
2.168890337149302280e-02
1.984379440546035767e-02
2.124025238056977474e-02
2.086499395469824589e-02
1.984616120656331265e-02
1.968675913910071171e-02
2.153626332680384434e-02
2.147895346085230625e-02
2.063063842554887020e-02
2.060142904520034790e-02
2.123599437375863277e-02
2.169171844919522488e-02
2.044203504920005798e-02
2.030202932655811310e-02
2.136898227035999298e-02
1.968249306082725525e-02
2.075978306432564938e-02
2.099661591152350223e-02
2.143358252942562103e-02
2.096046507358551025e-02
2.130728090802828587e-02
2.103786791364352024e-02
2.215165769060452663e-02
2.050528116524219513e-02
2.183315840860207760e-02
2.150374588867028439e-02
2.160934793452421940e-02
2.172086449960867680e-02
2.090968253711859501e-02
2.214856135348479069e-02
2.042419960101445400e-02
2.117356595893700802e-02
2.019092813134193420e-02
2.167173226674397671e-02
2.054418499271075046e-02
2.173956359426180637e-02
2.054372367759545528e-02
2.191900461912155151e-02
2.024055955310662472e-02
2.310428768396377563e-02
2.078795619308948517e-02
2.179001457989215851e-02
2.156950098772843563e-02
2.007247321307659149e-02
2.260605680445830143e-02
2.069457682470480717e-02
2.151220291852951050e-02
2.168283363183339321e-02
2.053566525379816807e-02
2.210728948314984524e-02
2.061638298134009159e-02
2.128190360963344574e-02
2.033517323434352875e-02
2.207657818992932522e-02
2.020605529348055637e-02
2.024837272862593449e-02
2.155982702970504761e-02
2.083983210225899899e-02
2.112639571229616917e-02
2.007474688192208492e-02
2.111549737552801884e-02
2.005753541986147678e-02
2.080816961824893951e-02
1.991269799570242680e-02
2.044311165809631348e-02
2.099558152258396149e-02
2.010165465374787533e-02
2.077266698082287991e-02
2.043508489926655972e-02
2.017653857668240749e-02
2.029133650163809574e-02
2.017726749181747437e-02
2.015441221495469296e-02
2.060237340629100800e-02
2.127166464924812317e-02
1.998039024571577824e-02
2.007272529105345524e-02
2.035677619278430939e-02
2.059229277074337006e-02
2.072633864978949345e-02
2.045843688150246822e-02
2.064239109555880344e-02
1.990669127553701401e-02
2.006251054505507267e-02
2.088197817405064785e-02
2.062616869807243347e-02
2.127222033838431156e-02
2.061749435961246490e-02
2.036194689571857452e-02
2.079077810049057007e-02
2.044384988645712650e-02
2.007817601164181912e-02
2.120619950195153439e-02
2.003644468883673466e-02
2.049823850393295288e-02
2.006858525176842892e-02
2.089958637952804565e-02
2.044585285087426388e-02
2.039886824786663055e-02
2.045910246670246124e-02
2.090109636386235439e-02
2.039684231082598484e-02
2.060145760575930393e-02
2.087201798955599583e-02
2.132010459899902344e-02
2.021605583528677738e-02
1.980938048412402355e-02
2.025144174695014954e-02
2.085283336540063107e-02
2.045711502432823181e-02
2.039424081643422329e-02
2.049853404362996304e-02
2.031436500449975216e-02
2.047392725944519043e-02
2.048544337352116787e-02
1.977094076573848724e-02
2.111316720644633091e-02
2.052022889256477356e-02
2.001988577346007145e-02
1.977266309161980831e-02
2.047307789325714111e-02
2.087152749300003052e-02
1.983616501092910767e-02
2.033195520440737522e-02
2.032684038082758701e-02
2.091752365231513977e-02
2.094444446265697479e-02
1.942703841874996937e-02
2.063751965761184692e-02
2.020825259387493134e-02
2.108812890946865082e-02
2.053131225208441532e-02
2.051257342100143433e-02
2.082113424936930454e-02
2.049775669972101963e-02
2.016939905782540524e-02
2.059363263348738468e-02
2.003610755006472385e-02
2.130975946784019470e-02
2.097223264475663387e-02
2.074656883875529087e-02
2.127969947954018795e-02
2.078297361731529236e-02
2.023395399252573765e-02
2.036575165887673580e-02
1.960464629034201420e-02
1.978050110240777218e-02
2.065139946838219845e-02
2.040016961594422543e-02
1.968332069615523136e-02
2.068347608049710476e-02
1.972304595013459408e-02
2.027982970078786099e-02
2.030710813899834835e-02
2.070309470097224033e-02
2.031454381843407833e-02
2.011901202301184452e-02
2.074678925176461422e-02
2.015955497821171963e-02
2.001543405155340946e-02
1.983961090445518494e-02
2.066003779570261753e-02
2.069755891958872593e-02
2.003532089293003082e-02
2.007451715568701542e-02
2.057683654129505157e-02
1.988810518135626995e-02
2.005036485691865170e-02
2.052559579412142551e-02
1.993244265516598904e-02
2.108558019002278530e-02
2.054637111723423004e-02
2.010899658004442966e-02
2.018296221892039097e-02
2.059769133726755894e-02
2.034780383110046387e-02
2.089249777297179020e-02
1.995246298611164093e-02
2.053347478310267246e-02
1.987277405957381046e-02
2.031697705388069153e-02
2.003617025911808014e-02
2.041117163995901859e-02
2.017449835936228550e-02
2.020637815197308743e-02
1.997715358932812893e-02
2.103887063761552059e-02
2.076777443289756775e-02
2.021849155426025391e-02
2.034924241403738773e-02
1.996799496312936031e-02
2.044979048271973812e-02
2.070245208839575565e-02
2.057816646993160248e-02
2.052464584509531773e-02
2.013630047440528870e-02
2.047816477715969086e-02
2.032027517755826199e-02
2.043204940855503082e-02
2.047167159616947174e-02
1.988398904601733005e-02
1.977244764566421509e-02
2.015660641094048702e-02
2.074930878976980961e-02
2.072778778771559513e-02
2.009548991918563843e-02
2.017366078992684567e-02
1.968765289833148205e-02
1.987239159643650055e-02
2.050933614373207092e-02
2.077960905929406368e-02
2.022143577535947048e-02
2.044365803400675571e-02
2.064828077952067173e-02
2.049717679619789124e-02
2.027837497492631161e-02
2.060065170129140102e-02
2.061438374221324921e-02
1.937373572339614117e-02
2.064371854066848755e-02
2.057081647217273712e-02
2.080928720533847809e-02
2.033065631985664368e-02
2.058638880650202549e-02
2.033261520167191708e-02
2.056859123210112369e-02
2.018618086973826206e-02
1.974874983231226719e-02
2.000596125920613491e-02
2.036400449772675716e-02
2.015105697015921390e-02
2.021324510375658787e-02
2.031513800223668301e-02
2.060114219784736633e-02
2.006628674765427792e-02
2.020493522286415100e-02
2.052209402124087131e-02
2.061112100879351414e-02
2.064885261158148563e-02
2.007914334535598755e-02
1.995815895497798920e-02
2.016596185664336002e-02
2.048013483484585964e-02
2.069144820173581326e-02
2.039255512257416927e-02
2.030316057304541386e-02
1.983298143992821491e-02
2.074178556601206577e-02
2.004268703361352169e-02
2.026570650438467777e-02
2.065635534624258793e-02
2.030144756038983547e-02
1.998510646323363102e-02
2.059583490093548977e-02
2.031543292105197906e-02
2.043721886972586430e-02
2.002527875204880917e-02
2.031676160792509830e-02
2.016154676675796509e-02
2.010653540492057800e-02
1.998183752099673069e-02
2.040101774036884308e-02
2.061822700003783024e-02
2.030318416655063629e-02
2.042640435198942936e-02
1.952854947497447216e-02
2.099493704736232758e-02
1.972946276267369473e-02
2.007639532287915432e-02
2.053624205291271210e-02
2.008085697889328003e-02
2.019877918064594269e-02
2.002198249101638794e-02
2.052702754735946655e-02
2.033795105914274967e-02
2.029155008494853973e-02
2.032421343028545380e-02
2.035079710185527802e-02
2.045768685638904572e-02
2.054609730839729309e-02
2.054731609920660770e-02
2.080340745548407352e-02
2.041837262610594547e-02
2.045534302790959560e-02
2.055656909942626953e-02
2.020709154506524288e-02
2.027678365508715427e-02
2.065944671630859375e-02
2.010899968445301056e-02
2.100472959379355228e-02
2.035365191598733151e-02
2.050832286477088928e-02
2.045598626136779785e-02
2.066248717407385624e-02
2.004870586097240448e-02
1.984371555348237240e-02
2.059158372382323063e-02
2.070807293057441711e-02
1.987833529710769653e-02
2.079029008746147156e-02
2.002885503073533260e-02
1.992057201762994015e-02
1.992206430683533466e-02
2.052113662163416660e-02
2.075249763826529301e-02
2.045601978898048401e-02
1.961880146215359486e-02
2.009254259367783749e-02
1.985665721197922909e-02
2.041116543114185333e-02
2.069690202673276150e-02
2.022486180067062378e-02
2.030992570022742069e-02
2.016133132080237186e-02
2.028449748953183376e-02
2.086061301330725468e-02
1.997037604451179504e-02
2.039500512182712555e-02
1.987291003266970432e-02
2.035470679402351379e-02
2.056348820527394497e-02
2.077142770091692722e-02
2.066049973169962681e-02
2.078771404922008514e-02
2.085526722172896183e-02
1.983119671543439114e-02
2.004156261682510376e-02
2.087471758325894558e-02
2.005854124824206150e-02
2.084340217212836063e-02
2.052833450337250912e-02
2.001717314124107361e-02
1.963138921807209766e-02
2.032294000188509739e-02
2.071845221022764957e-02
2.028046734631061554e-02
2.087624184787273407e-02
2.028448817630608761e-02
2.045482397079467773e-02
2.073352038860321045e-02
2.044375675419966495e-02
2.017183850208918369e-02
2.005015624066193783e-02
2.017496650417645657e-02
2.045292345186074459e-02
2.043317320446173466e-02
2.072478892902533329e-02
2.014837786555290222e-02
2.018872213860352718e-02
1.992238530268271648e-02
2.068998912970225132e-02
2.021146255234877384e-02
2.006496364871660984e-02
1.980679358045260227e-02
1.998297063012917721e-02
2.055845844248930729e-02
2.070394530892372131e-02
2.074192215998967373e-02
2.023165983458359921e-02
1.969004298249880588e-02
2.012245853741963589e-02
2.042398477594057835e-02
2.038310592373212063e-02
2.011575487752755367e-02
2.063407003879547119e-02
2.058170611659685886e-02
2.017914069195588314e-02
2.057641185820102692e-02
2.013183881839116299e-02
2.042611315846443176e-02
2.047699193159739292e-02
2.087295986711978912e-02
2.062414338191350185e-02
1.993224335213502132e-02
1.991221432884534084e-02
1.976785591493050373e-02
2.023397448162237919e-02
1.963282562792301178e-02
2.051004767417907715e-02
2.039638410011927402e-02
2.015889622271060944e-02
2.019708541532357418e-02
2.093240308264891422e-02
2.080234761039416111e-02
2.023850133021672451e-02
2.056342735886573792e-02
2.016549681623776638e-02
2.030180705090363705e-02
2.051741567750771725e-02
2.027752995491027832e-02
1.978480815887451172e-02
1.974591799080371857e-02
2.054670204718907559e-02
2.057167018453280247e-02
2.001942073305447781e-02
2.022489098211129391e-02
2.061068763335545742e-02
1.956762156138817585e-02
2.077953952054182804e-02
2.022598125040531158e-02
2.012855559587478638e-02
2.052567526698112488e-02
1.979723417510588848e-02
2.032213533918062962e-02
2.016607113182544708e-02
1.981601677834987640e-02
2.036678170164426052e-02
2.035313906768957889e-02
2.004642101625601566e-02
2.014158541957537449e-02
2.063485421240329742e-02
1.986250467598438263e-02
2.029164756337801731e-02
2.010971307754516602e-02
2.020102056364218510e-02
1.989673326412836826e-02
2.031737131377061092e-02
2.015681316455205166e-02
2.077593964835007870e-02
2.060983764628569401e-02
1.954534680893023693e-02
1.993088796734809875e-02
1.989134773612022400e-02
2.006256456176440037e-02
2.027389965951442719e-02
1.987045692900816715e-02
2.021597387890021122e-02
1.988237040738264835e-02
2.041296412547429287e-02
2.045931356648604191e-02
2.055843919515609741e-02
2.046334370970726013e-02
2.019307203590869904e-02
2.040068308512369907e-02
2.104781319697697842e-02
2.056412026286125183e-02
2.022792461017767704e-02
1.954910997301340103e-02
2.014026480416456974e-02
1.999809841314951694e-02
2.030945941805839539e-02
1.994371538360913479e-02
2.061593594650427616e-02
2.040744262437025822e-02
2.012412933011849606e-02
1.983660273253917694e-02
2.017230105896790707e-02
2.007098930577437199e-02
2.057805843651294708e-02
2.044140671690304958e-02
2.008965549369652950e-02
2.075574050347010410e-02
2.092647925019264221e-02
2.023100107908248901e-02
2.014282842477162563e-02
1.994178754587968075e-02
1.997165443996588505e-02
2.027940005064010620e-02
2.000467975934346401e-02
2.009967776636282719e-02
2.017059115072091305e-02
2.011034389336903774e-02
2.078549067179362095e-02
2.026349306106567383e-02
2.052387781441211700e-02
2.059316510955492771e-02
2.028865677615006649e-02
2.006359522541363918e-02
2.024895759920279301e-02
2.034714755912621700e-02
2.013689093291759491e-02
2.006802583734194553e-02
1.969812282671530926e-02
2.016264696915944302e-02
2.023335049549738682e-02
2.003496078153451168e-02
2.096381224691867828e-02
2.061075282593568050e-02
1.958878121028343952e-02
2.050217613577842712e-02
1.959307957440614700e-02
2.074115350842475891e-02
2.037811217208703243e-02
2.083420008420944214e-02
2.019631614287694180e-02
2.079340318838755405e-02
2.028261745969454563e-02
2.010386561354001247e-02
2.044566969076792515e-02
2.038021323581536495e-02
2.054176976283391201e-02
2.068235352635383606e-02
2.034571642676989353e-02
2.068312652409076691e-02
2.066630621751149380e-02
2.042295783758163452e-02
2.048224334915478909e-02
1.989398524165153503e-02
2.003110138078530514e-02
2.011915730933348453e-02
2.019246357182661808e-02
2.031717014809449398e-02
2.049072893957297123e-02
2.005179288486639774e-02
2.081654531260331356e-02
2.022568384806315220e-02
2.046168843905131138e-02
2.063967101275920868e-02
1.980007129410902775e-02
1.963983848690986633e-02
1.973630674183368683e-02
2.039820017913977421e-02
2.071515532831351078e-02
2.026682160794734955e-02
2.029956877231597900e-02
2.042313975592454159e-02
2.000574643413225925e-02
2.061764647563298428e-02
2.019778576989968502e-02
1.998175308108329773e-02
2.080192044377326965e-02
2.026892453432083130e-02
2.021816497047742092e-02
2.038751977185408390e-02
2.018929459154605865e-02
2.042717424531777584e-02
2.062867581844329834e-02
2.018663535515467441e-02
2.057993908723195278e-02
2.050166390836238861e-02
2.025299146771430969e-02
1.989320603509743893e-02
1.934898861994345867e-02
2.012497310837109768e-02
2.034419961273670197e-02
2.024734703203042233e-02
2.018454981346924984e-02
2.033092640340328217e-02
2.029699087142944336e-02
2.031578434010346615e-02
2.060797313849131382e-02
2.050160430371761322e-02
1.991990332802136623e-02
2.015445940196514130e-02
2.086274698376655579e-02
2.019960122803847111e-02
2.060613594949245453e-02
2.087246874968210972e-02
2.008552476763725281e-02
2.031622019906838619e-02
2.075577154755592346e-02
2.052700519561767578e-02
2.089071956773598873e-02
1.993404328823089600e-02
2.088221162557601929e-02
2.058726611236731327e-02
2.055349946022033691e-02
2.098164459069569790e-02
2.029008542497952663e-02
2.106328184405962742e-02
2.067044253150622166e-02
1.990750307838122166e-02
2.016001132627328121e-02
2.008128849168618404e-02
2.067932424445946896e-02
1.991988221804301060e-02
2.068225604792435848e-02
2.018749030927817142e-02
2.056383589903513706e-02
2.079935992757479465e-02
2.037835121154785156e-02
2.059168244401613987e-02
2.064617847402890408e-02
2.081181978185971462e-02
2.040386386215686798e-02
2.016786796351273739e-02
2.032586683829625332e-02
2.021212379137675083e-02
2.068342268466949463e-02
2.008140832185745239e-02
2.008371986448764801e-02
2.067142973343531406e-02
2.055845285455385960e-02
2.047423397501309597e-02
2.017641998827457428e-02
2.018490371604760372e-02
1.970078268398841106e-02
2.041434434552987301e-02
2.006275889774163448e-02
2.040873530010382450e-02
2.018786904712517941e-02
2.064968148867289341e-02
2.026306403179963314e-02
2.036306510368983066e-02
2.057387741903464115e-02
2.087411284446716309e-02
2.067669232686360561e-02
2.014036228259404385e-02
2.054530133803685391e-02
2.071070671081542969e-02
2.018848372002442562e-02
2.070440972844759739e-02
2.018431884547074520e-02
2.065819501876831055e-02
2.028345689177513123e-02
2.074091757337252415e-02
2.030043428142865383e-02
2.033366387089093411e-02
2.029283593098322666e-02
2.026423625648021698e-02
2.025094876686732090e-02
2.076157306631406033e-02
1.962894480675458908e-02
2.043975020448366917e-02
1.973209530115127563e-02
2.103307098150253296e-02
2.033803177376588070e-02
1.995994957784811771e-02
2.056325972080230713e-02
2.032071848710377895e-02
2.061779734989007198e-02
2.055419795215129852e-02
2.042843960225582123e-02
2.051755475501219547e-02
2.004557785888512814e-02
2.046976176400979244e-02
2.027796022593975067e-02
1.993720854322115696e-02
2.021637372672557831e-02
2.083552132050196445e-02
2.049526510139306271e-02
2.025877063473065579e-02
2.092124707996845245e-02
2.038973631958166874e-02
2.066959440708160400e-02
2.071467724939187252e-02
2.003328688442707062e-02
2.022785693407058716e-02
2.029127627611160278e-02
2.012481478353341305e-02
1.999163379271825039e-02
2.086529321968555450e-02
2.010139264166355133e-02
2.019075180093447483e-02
1.996471174061298370e-02
2.017640632887681210e-02
2.057079412043094635e-02
2.036394861837228024e-02
2.055344109733899319e-02
2.026728851099808895e-02
2.007761349280675137e-02
2.031055341164271152e-02
2.012068964540958405e-02
1.978957125296195232e-02
2.045992265144984043e-02
1.968119107186794281e-02
2.072778033713499821e-02
2.088664658367633820e-02
2.061961653331915653e-02
2.103968647619088375e-02
2.045267820358276367e-02
2.052393183112144470e-02
2.015304254988829410e-02
1.996031962335109711e-02
2.043955524762471401e-02
1.909906323999166489e-02
2.025147527456283569e-02
2.034548607965310299e-02
1.962665716807047642e-02
1.950964207450548923e-02
2.007871369520823276e-02
2.019403502345085144e-02
2.042821235954761505e-02
2.065853091577688969e-02
2.006607937316099918e-02
2.065008630355199062e-02
2.008684103687604153e-02
2.022111540039380276e-02
2.043558036287625515e-02
2.062448424597581112e-02
2.096378927429516995e-02
2.036446457107861721e-02
2.049428162475426876e-02
2.032475359737873077e-02
2.051994204521179199e-02
2.053474324444929874e-02
2.049278716246287144e-02
2.004535744587580479e-02
2.041670866310596466e-02
2.058400834600130833e-02
2.042355574667453766e-02
1.983663998544216156e-02
2.036191212634245670e-02
2.030554662148157871e-02
2.022776814798514164e-02
2.025838072101275242e-02
2.006570249795913696e-02
1.975527995576461041e-02
2.036099011699358738e-02
2.050846504668394840e-02
2.044742057720820225e-02
2.019722387194633484e-02
2.082321979105472565e-02
2.089024148881435394e-02
2.024055334428946293e-02
2.020989234248797214e-02
2.047083775202433384e-02
2.008899487555027008e-02
2.062601223587989807e-02
2.025892212986946106e-02
2.026489439109961307e-02
2.006103284657001495e-02
2.017538435757160187e-02
2.097370475530624390e-02
2.047919047375519955e-02
2.032773507138093197e-02
2.016814487675825870e-02
2.054547828932603085e-02
2.083496128519376003e-02
2.047648901740710056e-02
2.078017530341942989e-02
1.998503257830937588e-02
2.044421993196010590e-02
2.104794109861056126e-02
2.004786642889181889e-02
2.027991972863674164e-02
2.063536085188388824e-02
2.038296125829219818e-02
2.109292894601821899e-02
2.028147876262664795e-02
2.017749473452568054e-02
2.077301467458407200e-02
2.056772386034329617e-02
2.028199595709641659e-02
2.087639831006526947e-02
2.015978470444679260e-02
2.012410449484984196e-02
2.106634527444839478e-02
1.993002432088057316e-02
2.033527754247188568e-02
2.006387524306774139e-02
2.060821279883384705e-02
2.034707615772883213e-02
2.028296266992886746e-02
2.031427932282288754e-02
2.043739457925160610e-02
1.994661862651507175e-02
2.033694026370843136e-02
2.048838883638381958e-02
2.035219843188921726e-02
2.039568188289801395e-02
2.039693109691143036e-02
2.025359744826952732e-02
2.029264097412427151e-02
2.022652576367060459e-02
2.057272568345069885e-02
2.066485397517681122e-02
2.011062266925970829e-02
2.020742682119210445e-02
1.981763262301683426e-02
2.046642949183781826e-02
1.987955346703529358e-02
2.024558931589126587e-02
2.051363140344619751e-02
2.015860999623934544e-02
2.056921459734439850e-02
2.058457955718040466e-02
2.036960981786251068e-02
2.045382435123125828e-02
2.076701074838638306e-02
2.045486929515997684e-02
2.037782222032546997e-02
2.072602324187755585e-02
2.043539782365163052e-02
2.044474519789218903e-02
2.030744651953379429e-02
2.060592919588088989e-02
2.027588834365208828e-02
2.069860262175400936e-02
2.004926341275374210e-02
2.002280702193577969e-02
2.051890082657337189e-02
2.009128468732039249e-02
2.047688762346903599e-02
2.062269734839598453e-02
2.037415839731693268e-02
2.059547603130340576e-02
1.988787266115347660e-02
2.043822159369786465e-02
2.073127403855323792e-02
2.074570270876089848e-02
2.036547785003979885e-02
2.060205675661563873e-02
2.020057414968808376e-02
2.034238850076993191e-02
2.034832288821538174e-02
2.019927899042765415e-02
2.033968704442183292e-02
2.020860215028126919e-02
2.059871951738993442e-02
2.020361336568991459e-02
2.060420749088128292e-02
2.066246358056863033e-02
2.014466809729735172e-02
2.045853435993194580e-02
2.028316383560498440e-02
2.087039873003959656e-02
1.986240160961945736e-02
2.035523764789104462e-02
2.049192599952220917e-02
2.065911826988061153e-02
2.020057787497838223e-02
2.060151286423206329e-02
2.077911607921123505e-02
2.068137067059675968e-02
2.006553299725055695e-02
2.044134152432282650e-02
1.988997993369897091e-02
2.012505754828453064e-02
2.068874115745226658e-02
2.025932011504967892e-02
2.068131044507026672e-02
2.053293337424596035e-02
2.069597256680329525e-02
2.026799134910106659e-02
1.991130101184050358e-02
1.983918839444716656e-02
2.053590739766756809e-02
1.998302278419335568e-02
1.982321000347534931e-02
2.030531751612822330e-02
2.043649988869826115e-02
2.074145960311095035e-02
2.017771328488985813e-02
1.996051333844661713e-02
2.076580002903938293e-02
2.071355096995830536e-02
2.040492991606394566e-02
2.062853301564852512e-02
2.020427398383617401e-02
2.047893839577833927e-02
2.052729452649752415e-02
2.086222854753335201e-02
2.047494053840637207e-02
2.047644741833209991e-02
1.995447029670079434e-02
2.026800252497196198e-02
2.006019279360771179e-02
2.024023421108722687e-02
2.059797632197539127e-02
2.070403099060058594e-02
2.035796021421750271e-02
2.097022160887718201e-02
2.096006025870640957e-02
2.077282406389713287e-02
2.054717577993869781e-02
2.049790136516094208e-02
2.007138729095458984e-02
1.986451478054125988e-02
2.032789836327235020e-02
