4.829944223165512363e-02
1.515547852031886612e-02
3.743088606279343453e-03
1.223071856657043099e-03
4.635614299331791482e-04
3.598339855670928847e-04
6.541341514093801596e-04
1.184734291746281001e-03
6.528908765176310918e-04
2.489973558112978935e-04
7.004145445534959435e-04
4.731449138489551625e-04
4.233737316098995615e-04
3.392571874428540251e-04
7.467407354852184870e-04
1.608185149962082505e-03
5.971486360067501230e-04
5.182940541999414997e-04
3.529880035785026631e-04
2.496538683772086989e-04
6.070145711419173019e-04
4.824043106054887284e-04
4.948417074047029452e-04
4.573935366352088749e-04
2.735984424361959208e-04
1.280604668863816241e-04
1.621673152840230722e-04
1.793835588614456464e-04
2.220592694357037653e-04
1.725564048683736419e-04
1.230141671840101372e-04
1.921353745274245793e-04
1.138618565164506462e-04
1.100645997212268439e-04
3.223636340408120304e-04
1.935075342771597207e-04
1.662581977143417990e-04
2.644968408276326954e-04
4.250234473147429309e-04
3.830616784398444214e-04
7.896111113950609944e-04
4.469969440833665647e-04
6.632629199884831472e-04
4.410698107676580765e-04
3.076808439800515988e-04
2.359616511967033039e-04
2.516851236578077078e-04
1.434885700291488211e-04
1.275842056202236509e-04
2.388465225521940846e-04
1.119300628488417661e-04
1.291111620957963169e-04
1.262714424228761237e-04
1.724006455333437825e-04
1.559967047796817605e-04
4.762888187542557500e-04
4.358694641268812120e-04
3.311881897388957658e-04
2.943032122857403010e-04
1.609993203601334352e-04
1.135410879214759970e-04
1.531104011519346440e-04
1.239541481481864940e-04
1.433407975127920454e-04
1.818702949094586074e-04
1.809679255529772544e-04
1.666301315708551447e-04
1.107990825403248837e-04
1.421388653398025672e-04
1.049446182150859386e-04
1.067307857738342136e-04
8.553388361178803647e-05
2.024564986641053165e-04
3.127203031908720949e-04
2.885636888095177602e-04
1.504494372056797093e-04
7.678557194594759765e-05
6.749268504790961742e-05
1.587977683811914284e-04
1.298693990975152755e-04
9.090779276448302242e-05
7.603885733260540021e-05
1.588852588611189222e-04
2.201125178544316549e-04
2.165669196983799393e-04
1.738991115416865687e-04
2.181067167839500945e-04
1.681976609688717872e-04
3.220358936232514896e-04
2.409288958006072844e-04
2.076053257042076384e-04
2.207991201430559158e-04
3.367069999512750872e-04
4.459684809262398414e-04
1.933165629452560205e-04
1.193059615616220981e-04
9.273765499528963119e-05
5.894073401577770574e-05
5.574205533775966614e-05
5.816757875436451557e-05
6.219129172677640414e-05
2.966390638903249055e-05
2.509808527975110473e-05
4.330869878685916638e-05
2.248657947347965227e-05
2.734181189225637489e-05
2.644962005433626541e-05
4.337215032137464867e-05
2.906664449255913632e-05
2.736419319262495400e-05
2.197834701291867667e-05
2.094091073558956986e-05
4.774194940182496794e-05
4.486180550884455171e-05
4.758057548315264285e-05
3.503381922200787948e-05
6.816540535510284555e-05
4.570889941533095999e-05
1.940361944434698603e-05
3.636516530605149591e-05
3.208768939657602595e-05
3.976762054662686112e-05
5.380658240028424188e-05
3.367155350133543970e-05
3.059864648093935238e-05
4.585360420605866238e-05
4.517814177233958888e-05
4.294463142286986248e-05
4.414014747453620522e-05
3.062117648369167136e-05
2.806952225000714087e-05
6.983865423535463011e-05
4.613105247699422897e-05
4.566871029965113848e-05
6.425688843592070043e-05
4.082208779436769235e-05
4.836261059608659978e-05
3.445800903136842088e-05
3.230375023122178391e-05
3.853395228361478211e-05
2.734084700932726196e-05
4.316504691814770922e-05
4.048572964165941812e-05
3.769379800360184434e-05
5.775897552666720274e-05
4.027112154290079935e-05
4.621243624569615349e-05
4.394963989398093098e-05
4.442097015271429244e-05
3.816451771854190156e-05
4.459863121155649559e-05
3.535071991791483150e-05
6.252745206438702920e-05
4.137326795898843828e-05
1.659448671489372054e-05
1.817753609429928542e-05
1.783160992090415607e-05
1.981789191631833227e-05
2.685530871531227536e-05
2.070427240141725633e-05
2.900635699916165390e-05
3.066510853386716782e-05
2.164979578083148158e-05
1.450675940759538241e-05
1.527816857560537755e-05
2.857095378203666633e-05
4.413364367792382701e-05
6.571632948180195486e-05
9.626202445360832187e-05
6.569417655555298552e-05
2.355268889004946754e-05
2.656596780070685782e-05
2.825151559591176784e-05
3.479155766399344700e-05
2.722303433984052458e-05
6.362296117004006559e-05
4.652323732443619384e-05
2.430519907647976652e-05
2.760547176876570962e-05
3.409116161492420496e-05
2.433877416478935561e-05
3.079994712607003748e-05
5.765585810877382620e-05
3.874975318467477608e-05
3.650597118394216252e-05
4.390763988340040804e-05
4.572785692289471491e-05
4.033627174067077887e-05
3.157460869260830669e-05
3.502047147776465999e-05
3.816080879914807156e-05
3.194429518771357834e-05
2.544123790357843837e-05
2.128957339664339088e-05
2.348657908441964605e-05
5.029071890021441775e-05
5.856086518178927052e-05
5.363447207855643044e-05
6.991834525251760537e-05
4.527421879174653441e-05
1.701102537481347031e-05
1.438561116628989112e-05
8.519099264958639883e-06
7.481120064767310396e-06
9.861245143838458948e-06
7.559747564300777983e-06
8.642161037641927346e-06
9.072489774553105235e-06
7.820130986146977425e-06
9.177044444186321248e-06
1.408228081345441751e-05
9.511776806903071024e-06
6.899008940308703872e-06
9.449210256207152947e-06
1.275884728784148979e-05
8.181376006177743643e-06
7.629117772012250667e-06
1.132263885210704689e-05
1.059012797668401584e-05
7.958488617987314112e-06
6.034582293068524789e-06
8.636878283141413365e-06
1.103139284168719246e-05
8.288773892672907434e-06
6.833841280240449292e-06
1.103750453239626882e-05
9.386119745613542132e-06
1.214330425227672061e-05
1.189896011055679992e-05
7.440237095579505136e-06
1.063200716089340858e-05
2.062355579255381464e-05
3.007820696439012022e-05
2.396415111434180357e-05
1.718706189421936734e-05
1.193919338220439318e-05
5.299448594087152403e-06
5.153314350536675023e-06
9.504444551566849209e-06
9.351231892651411958e-06
6.463267027356778271e-06
6.947041583771351725e-06
6.383583240676671267e-06
7.290581220331660176e-06
1.652071164244262104e-05
1.228314690706611111e-05
6.299598726400290446e-06
5.631877911582705565e-06
8.325810972564795181e-06
1.273124498766264912e-05
8.570469071855768900e-06
8.739716804484487511e-06
1.347535480817896382e-05
1.675349449214991182e-05
1.105519170323532240e-05
1.092870206775842234e-05
1.013264395623991698e-05
4.700163947291002503e-06
6.357858251249126794e-06
1.324663871855591492e-05
1.206819661092595197e-05
6.697054072901664937e-06
1.362596190119802554e-05
1.533419172119465792e-05
9.692236062619485892e-06
1.245849803126475240e-05
1.947732835105853155e-05
1.303781150454597048e-05
7.709725218774110883e-06
1.078015438906731981e-05
1.002451613203447846e-05
1.069544332494842888e-05
1.583034845680231161e-05
1.266050089725467774e-05
1.181017187263933078e-05
7.080293926264857873e-06
6.692003057651163375e-06
8.159721301126409576e-06
1.419056152371922542e-05
1.097101376217324219e-05
1.140059284807648544e-05
1.358266335955704630e-05
2.885322774091036855e-05
1.725876823002181617e-05
1.717670274956617369e-05
2.438577303109923378e-05
1.945772546605439721e-05
1.150542625509842697e-05
1.999387895921245082e-05
1.187121611110342235e-05
5.933222882958943786e-06
6.279249191720737144e-06
6.232679334061686288e-06
6.571168933078297753e-06
5.652140885104017798e-06
6.271299457694112619e-06
9.945664851329638962e-06
8.349263293894181747e-06
1.085991243598982692e-05
1.227278880833182484e-05
6.518337181660172403e-06
4.622755341188167222e-06
4.101789318156079220e-06
2.384672615107774449e-06
2.801635594096296784e-06
2.920632664427103178e-06
3.329854530420561702e-06
2.753346188910654661e-06
1.967607022379524836e-06
1.870353423782944362e-06
2.009287931059589112e-06
2.280018122746696463e-06
3.078906433984229637e-06
2.421725190515644584e-06
3.427183992243953896e-06
2.936104817763407651e-06
2.663821237547381146e-06
2.920277199791598663e-06
3.319080735764145915e-06
1.929720264115530796e-06
2.170523197264628749e-06
2.766362615602701966e-06
3.158954132231883535e-06
2.685208266939298398e-06
4.363277014363120543e-06
3.497596173929196169e-06
3.230299807910341939e-06
2.560343341428961054e-06
3.944569550640153805e-06
7.659248603886226531e-06
8.052667544689029116e-06
5.352975517780578399e-06
4.155782198722590354e-06
3.845626406473457051e-06
2.942239018466352887e-06
2.632825487580703169e-06
1.936858978979216772e-06
1.654195307310146830e-06
1.739141748657857491e-06
2.358141182412509722e-06
1.832348004882078385e-06
2.299782136105932465e-06
2.264912473037839021e-06
2.400343953468109164e-06
3.685469914671557405e-06
5.158921112524694763e-06
3.041844365725410171e-06
2.682758417904551776e-06
2.590967972082580757e-06
2.113603051157042585e-06
3.418316441639035305e-06
2.951269721052085515e-06
3.893242751473735383e-06
4.336849929131858347e-06
2.850353666872251779e-06
3.824657073892012535e-06
2.394198645561118610e-06
2.358512733735551423e-06
2.404611018391733439e-06
2.993618772961781276e-06
2.964940654237580105e-06
4.106632923139841635e-06
1.790260967027279548e-06
2.862903033928887284e-06
5.694413835044542454e-06
4.901251304545439610e-06
3.452977910001209069e-06
2.079005201949257583e-06
1.986124050290527351e-06
2.625008801260264760e-06
3.307080191916611511e-06
2.866075760721287224e-06
3.134523615244688784e-06
5.316677061273367144e-06
5.318815237842500379e-06
3.082304590407147601e-06
1.928846273813178414e-06
2.344707496604314656e-06
2.479629074514377862e-06
2.261745930809411390e-06
4.316198976539454063e-06
2.342851917092047928e-06
1.631527129575260957e-06
2.491138855020835932e-06
1.864907227400180915e-06
1.762264270155355832e-06
2.444778669996594714e-06
3.774099423026200553e-06
5.090681383990158793e-06
2.661020164396177109e-06
3.958278011850780046e-06
3.242717377816006689e-06
2.607172189073026117e-06
3.030193647646228698e-06
2.462134727920784086e-06
3.324565000184520613e-06
4.287961803584039275e-06
3.523185125686723210e-06
2.094777460115437692e-06
2.496318450084800218e-06
1.984462983273260761e-06
1.318931617788621140e-06
1.075687208640374593e-06
1.385676887366571548e-06
1.402391495730626132e-06
1.075543514161836441e-06
1.105292099623511604e-06
1.381051527005183659e-06
1.345762223081692270e-06
1.382210189149191180e-06
1.179309526833094508e-06
1.042986224319974966e-06
1.036076565696930587e-06
1.004397611836793573e-06
8.948102561134874122e-07
8.607739005128678188e-07
9.768093036655045580e-07
1.160008767442377618e-06
1.410010747804335467e-06
1.612859523447696162e-06
1.295641061460628492e-06
1.066623531187360725e-06
9.566183848619403699e-07
8.861180504027288195e-07
8.422350646242193338e-07
8.672188386071866474e-07
1.657149101674804157e-06
2.272563222049939213e-06
1.489482826855237363e-06
1.174663168512779521e-06
1.259496616512478837e-06
1.048407645498628056e-06
8.906561561161652631e-07
8.561611252844159449e-07
8.987662027948317700e-07
9.677031897581401122e-07
9.532519044341824853e-07
1.158774944087781393e-06
1.243069175416167085e-06
1.121928460179333300e-06
9.553806080475623338e-07
1.100657081565259347e-06
9.476096295202296672e-07
1.002539926275858222e-06
1.230619312764247213e-06
1.255724981774619664e-06
1.124688679965402116e-06
1.466147688233831929e-06
1.319990172987672807e-06
8.697187894313174183e-07
8.723431847101892133e-07
8.957906572959473336e-07
1.147563767744941330e-06
1.239528737073669533e-06
1.127660959809872936e-06
1.498176595760014522e-06
1.026006376037003107e-06
1.115515811989098396e-06
9.847738454027421116e-07
7.928894433462118984e-07
9.231407346987908082e-07
1.034194417570688614e-06
8.459519506232026985e-07
1.027033499667595522e-06
9.015497880682232578e-07
7.761307841747111736e-07
8.939921258388495031e-07
8.631677815174043221e-07
8.612158211462883204e-07
1.354258631636184915e-06
1.384323843467427735e-06
9.630652641590132103e-07
9.755898474850256145e-07
8.022924674833120450e-07
9.038080605705545591e-07
8.280107891778243145e-07
1.177972353616496590e-06
1.190644383086691960e-06
1.045695171342231333e-06
8.021794258183944780e-07
8.341534339706413660e-07
9.060281740858044517e-07
9.245813942015957066e-07
8.411071803493541665e-07
8.670900513152446365e-07
8.557056673907937207e-07
9.605937520973384380e-07
8.745163739831696148e-07
9.344719046566751574e-07
1.057020875805392195e-06
1.407448047530124228e-06
2.235045633369736691e-06
4.501175141058411100e-06
2.173745383515779564e-06
1.657694383538910188e-06
1.392413219036825382e-06
1.334859061330462240e-06
1.058651116636610738e-06
8.651352345623308793e-07
8.232105244587728097e-07
7.071651083379038239e-07
8.485188573104096365e-07
7.126110972421884071e-07
6.034330340298765381e-07
6.287530013082687431e-07
6.762236068880156381e-07
6.191593840298991867e-07
6.739362049756891581e-07
6.785783426721536247e-07
9.499538037971433792e-07
7.870315243962977547e-07
9.892726211546687409e-07
7.018414123649562984e-07
7.017959319455257871e-07
7.973480848022518118e-07
8.052768180277780418e-07
7.334316819651576013e-07
6.785484117699525298e-07
6.276133476035284032e-07
6.043301340241669307e-07
6.276532587889960480e-07
5.823065635013336062e-07
6.000913074899472545e-07
5.986112711298119181e-07
6.835859494458417916e-07
8.581903728099859595e-07
7.822758760767101194e-07
5.922508591993392170e-07
6.449238583172700601e-07
6.380206059475312517e-07
6.466623375445124323e-07
6.443599886551965452e-07
6.646081658345792675e-07
8.535514069762939683e-07
1.106019243479750045e-06
6.637606873027834808e-07
6.014579469137970379e-07
6.948174984700016952e-07
6.368598803874192527e-07
7.700089696527357287e-07
6.839745381626016328e-07
6.156625516950953381e-07
5.755234326443315209e-07
5.844111115038685966e-07
5.979912572229295196e-07
5.928778989527927902e-07
5.448083200576547401e-07
5.261315592974824752e-07
5.947084844137862515e-07
6.858659389763488011e-07
6.635279959255057778e-07
6.302665866542156860e-07
5.880937891333814848e-07
7.862879570552650178e-07
7.758025191151318722e-07
6.721907880091748878e-07
6.508333257215781063e-07
6.480835594402379198e-07
6.473314698496324338e-07
7.442061388474030325e-07
6.764235280343200853e-07
6.305067003609110967e-07
5.288292143745821218e-07
5.189984179310158440e-07
5.588370527220831930e-07
6.097151697304070271e-07
5.033430028333896189e-07
5.275519782799165537e-07
5.844151658607188014e-07
5.864729445193006752e-07
5.613102786128365339e-07
5.721073989661818328e-07
6.575795595153976623e-07
5.804445976309579935e-07
6.582931803222890964e-07
8.661011520416650244e-07
7.883635092298391312e-07
7.080385671542898794e-07
5.396100007715176828e-07
5.218179381927257054e-07
6.538129966315864294e-07
6.784662488712456040e-07
5.615424527150026248e-07
6.010708261783293406e-07
5.502020059111601282e-07
5.149428787376564711e-07
6.225317548569364166e-07
7.883256529339633258e-07
6.917515904092397673e-07
5.513111972277329399e-07
5.071008985169100713e-07
5.158287635254054780e-07
5.219728549832324947e-07
7.006701082445943241e-07
7.980688849329454084e-07
6.646476975902259741e-07
6.602250238074702369e-07
7.673464835988852217e-07
8.306825833415132789e-07
5.309893438720791468e-07
4.956437535952318285e-07
4.454293765832062702e-07
4.859156561565214361e-07
4.525311581460300764e-07
4.594442586380864668e-07
4.551288697030031472e-07
4.683893422452456540e-07
5.131163945293337323e-07
4.577358936330711003e-07
4.468961734005461039e-07
4.563937409329809968e-07
4.718739816667039122e-07
4.802691890404276333e-07
4.490090162789784002e-07
4.290617660274165034e-07
4.535533008720449182e-07
4.805267835195081292e-07
4.492782984755194563e-07
5.043345268518350653e-07
4.926000087834836449e-07
4.775803432721659192e-07
5.383766350064434360e-07
4.651171181535573851e-07
4.564444921584254083e-07
4.465732104108610656e-07
4.452042901448294393e-07
4.621297577500626979e-07
4.601771635748264301e-07
4.755353899099645681e-07
5.265788232122758927e-07
4.990057689724380484e-07
4.846027479743497255e-07
4.842761342160883730e-07
4.769572271356992344e-07
4.536466846616349358e-07
5.012958880001861174e-07
5.325365648900514802e-07
4.857552895032313668e-07
5.083557837792796120e-07
4.976545099566464857e-07
4.591692132294155969e-07
4.580004940635262967e-07
5.282899650183025885e-07
4.615264387552997293e-07
4.561031175853713860e-07
5.025707309869176666e-07
4.897170668982653297e-07
4.469602153278629081e-07
4.544885022994549006e-07
4.566186596832721777e-07
4.995638363425313886e-07
4.553241609528413180e-07
4.739032263501030472e-07
4.410064732951468508e-07
4.866500134426132294e-07
4.972823163029716154e-07
4.537331363962948672e-07
4.431491952061606055e-07
4.485773189344399937e-07
4.548407190441139286e-07
4.481901697772627601e-07
4.445354022664105287e-07
4.703659968186002516e-07
5.425488936339206279e-07
4.626482535741161185e-07
4.969554552758381337e-07
5.168556995727158210e-07
4.643565006290373382e-07
4.841342089889621579e-07
5.621397150434858790e-07
5.319636926515158848e-07
5.250425587632889801e-07
4.555694502528240476e-07
4.775866827344543920e-07
5.052623919254983775e-07
4.913021612651391690e-07
4.678087904608219317e-07
4.586049698218630616e-07
4.352047099587252676e-07
4.270392579996951205e-07
4.243168618245363071e-07
5.531673352265898271e-07
4.467299802968227490e-07
4.428309765103222056e-07
4.447845327604227350e-07
4.568628696688392453e-07
4.396802793849019720e-07
4.207782339449295038e-07
4.296100051703888418e-07
4.627020842917773037e-07
4.493902238777991337e-07
4.369883825461329146e-07
4.176015281132095181e-07
4.647244999489430378e-07
4.629504658737459765e-07
4.372056793044976287e-07
5.831687090562809740e-07
5.227097133797542695e-07
4.515237776558933441e-07
4.432738734294616840e-07
4.088840526605963638e-07
4.310855700850879551e-07
4.251536182664494739e-07
4.080732409761367308e-07
4.358559507977588298e-07
4.016625752001345973e-07
3.971947364789230156e-07
4.310862934175929907e-07
4.204107241889687324e-07
3.962290975323412567e-07
4.189260771170211122e-07
3.953793154209961146e-07
3.925060710230354849e-07
4.102023567043033730e-07
4.006435347037040417e-07
3.980187635477250402e-07
4.014884822822750827e-07
4.006389531241438817e-07
4.052805536503001561e-07
3.980557650606897474e-07
4.191392335428645310e-07
4.015879696339652794e-07
4.128844892647975939e-07
3.871886285367054476e-07
4.015663151335502440e-07
4.064392456371024415e-07
4.067450475986333807e-07
4.041136804744382865e-07
3.846667709694884464e-07
4.007836452046831361e-07
3.976892962498368645e-07
4.026780800359120000e-07
4.200835050482964910e-07
4.197347266199358485e-07
4.014319372913632939e-07
3.796770585040576513e-07
4.282906076014114554e-07
4.314267826543982453e-07
3.916683375848606480e-07
3.954633001512775187e-07
3.989656377711980683e-07
3.980945763260024039e-07
3.968303744272816614e-07
4.067172085342463000e-07
4.011513141222167072e-07
4.194018451642022926e-07
4.024281537340357423e-07
3.995592265937375487e-07
4.040137831395895879e-07
3.844186686308148531e-07
3.953166554993004168e-07
3.950639538174982696e-07
3.917309570056204393e-07
3.884929448361162729e-07
3.852234549128752406e-07
3.888207722013703354e-07
3.998522657866487967e-07
4.091418929874634963e-07
4.028342424078346085e-07
3.875756533489038702e-07
3.936943741678078262e-07
4.029582271414255744e-07
3.929074651409791629e-07
4.114461233939437079e-07
3.997856090620643954e-07
3.902387902599002912e-07
4.010768549278509666e-07
3.995748414808986232e-07
4.090662883982076892e-07
3.826312749311000622e-07
3.932299755149415538e-07
3.927541897041919795e-07
3.906122778118969912e-07
4.002194501140366113e-07
4.211946929899568416e-07
4.201750591903419263e-07
3.932054767119552919e-07
3.921115478533465542e-07
3.751987307509807579e-07
3.824433569832308422e-07
3.992909284988854673e-07
3.955894115392766464e-07
4.090572588211216710e-07
4.153485392066613925e-07
4.018929942617433077e-07
3.889710683324665509e-07
4.002078583198453786e-07
4.158913910146111236e-07
4.011045675156310502e-07
3.997852743964358418e-07
3.958740954601580491e-07
3.850971530994229503e-07
3.853552250632219511e-07
3.775957480911529485e-07
3.964644378129378522e-07
4.192003473235672573e-07
3.883871244170222675e-07
3.961360469872943001e-07
3.878168328697029210e-07
3.925902376522572013e-07
4.002784024237371341e-07
3.818261575361248000e-07
3.759398005342972981e-07
3.676567850163792173e-07
3.776997431259587968e-07
3.825579980798465628e-07
3.859486767510133981e-07
3.746116476577299075e-07
3.741995953987498281e-07
3.777336317511981284e-07
3.715337001608531652e-07
3.727177286805272161e-07
3.731939003159823399e-07
3.720030044007671677e-07
3.895418252852778202e-07
3.797766140678504387e-07
3.806424366814553650e-07
3.685933570807264702e-07
3.745058108961530009e-07
3.772002052926382021e-07
3.792228810084452350e-07
3.746769912993386454e-07
3.728021162885397644e-07
3.724771630686518514e-07
3.746253952385814257e-07
3.763730809680510098e-07
3.731760628511437760e-07
3.756371746987952065e-07
3.797986181552914892e-07
3.827538435530186795e-07
3.681040084302367283e-07
3.758045110657803889e-07
3.725489094108524812e-07
3.755680907602254381e-07
3.776738353167274909e-07
3.780268428954513987e-07
3.791966840083205064e-07
3.698718316513804999e-07
3.752512327537260717e-07
3.822875996206676169e-07
3.860215642248476691e-07
3.728388556112349867e-07
3.706847437001669975e-07
3.710709869153561370e-07
3.738771994221679051e-07
3.686253663204297693e-07
3.728091414245682456e-07
3.686879175290869171e-07
3.763013197044529185e-07
3.700461469691162863e-07
3.768015425009707754e-07
3.806579215392957637e-07
3.757769817980261102e-07
3.762201004064991139e-07
3.743166729464064596e-07
3.713630938761980466e-07
3.704462884002168933e-07
3.705684783028573187e-07
3.700856680666220094e-07
3.716398190078962428e-07
3.631326663366962642e-07
3.792448374895229684e-07
3.756204748128766580e-07
3.706433986394586100e-07
3.785309147019688892e-07
3.787794845777625385e-07
3.724232740864863656e-07
3.710917177102146313e-07
3.691519701476409060e-07
3.699633310816352605e-07
3.754760946605983918e-07
3.708485564857255562e-07
3.699045642235887287e-07
3.817039825548817832e-07
3.808902228286114921e-07
3.695377166934577068e-07
3.693469551535599537e-07
3.755304192054609302e-07
3.744353875845263246e-07
3.740917783545682839e-07
3.694887823257886551e-07
3.881670153305094361e-07
3.730494846365672856e-07
3.713263907911823586e-07
3.718643981187596986e-07
3.737349949517465575e-07
3.731594368616697360e-07
3.734600944937938250e-07
3.766299265350880781e-07
3.790884584020659531e-07
3.662284385086422950e-07
3.675452646234589232e-07
3.641076510518814545e-07
3.667385364281017246e-07
3.751018539333017331e-07
3.709931441164826326e-07
3.756201643057011097e-07
3.725633263229610536e-07
3.750892119569471212e-07
3.770537183811484071e-07
3.650884536909870803e-07
3.617091550722761895e-07
3.633632026378563751e-07
3.619759056050497536e-07
3.639191049842338332e-07
3.611213251986100447e-07
3.653040458573286636e-07
3.792700120186509488e-07
3.610249379448760010e-07
3.638049385301655791e-07
3.617777004194522200e-07
3.649425565299679663e-07
3.615573227477852924e-07
3.612942350628145717e-07
3.627722357180118495e-07
3.647291272557140262e-07
3.598591568731990159e-07
3.617645994324902964e-07
3.744161503504983663e-07
3.640334433896441624e-07
3.603842692712078027e-07
3.655982141026470239e-07
3.584305581227908988e-07
3.614046008237892026e-07
3.611295724681440333e-07
3.602926895496239224e-07
3.605041271725894952e-07
3.617039837422453486e-07
3.619213011063493362e-07
3.603177262334611230e-07
3.619512540353753032e-07
3.680373829695326898e-07
3.647843186627141920e-07
3.617176382419984187e-07
3.669296297914570459e-07
3.618380546299704292e-07
3.627879223699892464e-07
3.636797323736118521e-07
3.606103931019788433e-07
3.562856811356596048e-07
3.622352096499526048e-07
3.599126969788812858e-07
3.589931068859186992e-07
3.638811534756314465e-07
3.617233026886879194e-07
3.591237977218497478e-07
3.617821526802345034e-07
3.672992733072533368e-07
3.647826687824817888e-07
3.698019064302116021e-07
3.631363924228025796e-07
3.628708952874148857e-07
3.629981421227057369e-07
3.602743330333169069e-07
3.602491041476696515e-07
3.575357624185926609e-07
3.608590191106486600e-07
3.661303399127291625e-07
3.612689923215839477e-07
3.611055959140685551e-07
3.588035554002999773e-07
3.684196101971792920e-07
3.624553087888670932e-07
3.628764773111470276e-07
3.625754104064071831e-07
3.626419129432179034e-07
3.659307616032947196e-07
3.587544590288871404e-07
3.607381302117573690e-07
3.615440952842163718e-07
3.637338807038758902e-07
3.562533777312637645e-07
3.598855666808731257e-07
3.650815102673732115e-07
3.588684400313013506e-07
3.672197863124892941e-07
3.659782819909196617e-07
3.593289250147790775e-07
3.651290519712802264e-07
3.605005545637141146e-07
3.627332112898784650e-07
3.620825282268924745e-07
3.569284473314837881e-07
3.605943753370866246e-07
3.621187076419118861e-07
3.587483284661630235e-07
3.626980674908963708e-07
3.571182155326369168e-07
3.587419634243360527e-07
3.589870026132757736e-07
3.701952010715103613e-07
3.619340738225673704e-07
3.585423236529550301e-07
3.588964915479664130e-07
3.619764804341230258e-07
3.619721269387810025e-07
3.579825872179753999e-07
3.556755103772957227e-07
3.631081909816202612e-07
3.553856643634389700e-07
