1.449966663122177035e+00
6.765689641237259133e-01
2.702421069145202748e-01
1.600564472377300207e-01
1.124308656901121112e-01
1.167455419898033170e-01
1.742201715707779042e-01
2.984525121748447529e-01
1.574426546692848095e-01
9.851131699979305545e-02
2.233362719416618347e-01
1.209104139357805308e-01
1.340878538787365071e-01
1.661933418363332748e-01
2.427567526698112543e-01
3.208562985062599071e-01
1.749094001948833521e-01
1.201856359839439392e-01
1.161707162857055636e-01
1.171861693263053922e-01
1.435463130474090576e-01
1.018849238753318787e-01
1.501748397946357783e-01
1.257826842367649189e-01
8.800512626767158231e-02
7.019314877688884180e-02
8.953653126955032904e-02
9.027804024517535608e-02
1.197511184960603770e-01
9.578369520604609888e-02
6.415007300674915869e-02
9.605409614741802771e-02
6.414283327758311948e-02
6.403878889977931976e-02
1.463698662817478069e-01
8.697057701647281647e-02
9.275830164551734924e-02
1.467518541961908285e-01
1.702040314674377330e-01
1.572442021220922526e-01
2.779292628169059975e-01
1.653493933379650005e-01
1.985197484493255726e-01
1.651897769421339091e-01
1.039447143673896817e-01
1.011744279414415332e-01
1.013846669346094159e-01
6.603603139519691190e-02
6.137855686247348924e-02
1.317973606288433130e-01
6.198283880949020247e-02
8.078243285417556485e-02
6.357562802731990537e-02
8.311011381447315494e-02
7.680871672928332727e-02
2.137785948812961634e-01
1.733814235776662827e-01
1.200319550931453760e-01
9.520599097013474066e-02
8.799477741122245511e-02
6.026172377169132510e-02
8.978250324726104459e-02
7.177994027733802795e-02
7.019459791481494348e-02
9.285613223910331449e-02
8.016014359891414365e-02
1.008739441633224460e-01
5.973271317780017714e-02
8.451129198074340543e-02
6.926457583904266357e-02
6.858435403555632193e-02
5.867797210812568387e-02
7.902311421930789670e-02
8.357694298028946200e-02
1.121757961809635162e-01
7.364127188920974176e-02
5.587716996669769148e-02
4.882994107902050018e-02
9.555714093148708066e-02
8.415106497704982758e-02
5.734447166323661943e-02
5.172007344663143158e-02
6.663673892617225092e-02
7.367304936051369268e-02
1.128478690981864901e-01
9.064582921564579010e-02
1.195617914199829102e-01
7.759736403822899142e-02
1.092764694243669454e-01
7.944044210016727725e-02
9.500169754028320312e-02
8.865575678646564484e-02
1.309349052608013153e-01
1.663195926696062199e-01
8.790543861687183380e-02
6.357478499412536066e-02
5.191800743341445923e-02
4.045999329537153244e-02
5.169612187892198840e-02
3.801629208028316220e-02
4.300162810832262178e-02
3.266778197139501294e-02
3.921222351491451125e-02
3.630127497017383853e-02
2.888613371178507666e-02
3.510647248476743421e-02
4.130465015769004683e-02
5.620444100350141525e-02
4.643458612263202945e-02
3.251889534294605255e-02
2.901599900797009399e-02
2.612051423639059206e-02
3.417801745235919675e-02
4.162237178534269194e-02
4.145119730383158008e-02
3.422347791492939134e-02
6.777310166507959088e-02
4.326058346778154096e-02
2.472332753241062234e-02
5.051615517586469789e-02
3.485020510852336606e-02
4.553402420133352557e-02
6.066118963062763075e-02
3.631567060947418074e-02
3.896793574094772200e-02
4.769873339682817459e-02
3.840558081865310530e-02
3.824453800916671753e-02
3.884397875517606874e-02
3.598553724586963515e-02
3.084512241184711456e-02
6.227703634649515291e-02
3.272518273442983489e-02
3.639411330223083635e-02
5.943106114864349365e-02
3.361869510263204575e-02
4.215980842709541460e-02
2.967844735831022193e-02
3.215712551027536531e-02
3.196395765990019122e-02
3.322447240352630754e-02
3.962431922554969510e-02
3.654926251620053967e-02
3.365626186132431030e-02
5.040523223578929901e-02
3.260695207864046374e-02
3.542656470090151111e-02
3.733718469738959989e-02
3.981399182230234424e-02
5.456485617905855456e-02
5.628137756139039993e-02
4.185517840087413927e-02
6.605784874409437180e-02
5.151041764765977582e-02
2.675601104274392267e-02
2.543235803022980690e-02
2.632150463759899001e-02
2.663761097937822342e-02
4.477762151509523392e-02
2.997194901108741691e-02
3.409823048859834949e-02
3.099039196968078613e-02
2.969224536791443755e-02
3.054039916023611884e-02
2.275620754808187554e-02
3.590135704725980897e-02
4.958934020251035829e-02
5.988061409443616590e-02
9.469079710543155948e-02
5.237241927534341812e-02
2.687365086749195914e-02
3.340827617794275145e-02
4.513911120593547960e-02
4.412602148950099668e-02
3.310012165457010269e-02
7.463605459779501516e-02
4.161284342408180098e-02
2.746357992291450362e-02
2.963943202048540185e-02
3.355588745325803479e-02
2.925921920686960082e-02
2.795575493946671555e-02
3.837742377072572708e-02
3.284085858613252501e-02
3.332618921995163241e-02
4.715292192995548110e-02
4.479836989194154601e-02
5.116300731897353848e-02
3.400570005178451399e-02
4.338972140103578706e-02
4.904108941555022916e-02
4.831320326775312424e-02
3.776644170284271240e-02
3.081150092184543540e-02
2.954930625855922699e-02
4.028257075697183609e-02
3.726189658045768460e-02
4.738198574632405957e-02
6.714566443115473071e-02
4.231666717678308348e-02
2.648075884208083222e-02
3.085164427757263253e-02
1.569309616461396148e-02
1.742885187268257072e-02
2.390795992687344551e-02
1.994247958064079146e-02
2.097320752218365808e-02
2.112370366230607172e-02
1.726864781230687956e-02
1.835808362811803748e-02
2.559525370597839217e-02
2.475128229707479477e-02
1.677290610969066689e-02
1.820962224155664444e-02
1.926956633105874131e-02
1.714615710079669952e-02
1.646916470490395953e-02
2.353562870994210104e-02
2.256780844181776116e-02
2.033613333478569846e-02
1.451070075854659150e-02
2.276417352259159019e-02
1.829760307446122100e-02
1.828136444091797014e-02
1.714195245876908372e-02
2.191339256241917749e-02
2.172261802479624748e-02
2.215936267748475075e-02
2.053100690245628426e-02
1.809044722467660973e-02
2.223702939227223396e-02
3.249514484778046747e-02
4.464260572567581992e-02
4.511652663350105424e-02
3.610124224796891490e-02
2.515466557815670967e-02
1.459343507885932888e-02
1.346680773422121932e-02
2.439862694591283729e-02
2.090606885030865669e-02
1.502468707039952313e-02
1.714127706363797327e-02
1.870062882080674241e-02
1.819539396092295647e-02
2.199670560657978127e-02
1.900323219597339561e-02
1.657643672078847746e-02
1.657061222940683226e-02
1.662060907110572000e-02
2.488634148612618377e-02
1.948879873380065034e-02
1.819559428840875764e-02
2.042111027985811164e-02
2.536486145108938356e-02
1.934656789526343484e-02
2.166450768709182739e-02
1.707653710618615289e-02
1.262649223208427499e-02
1.332101896405219962e-02
2.079546591266989708e-02
2.221212657168507645e-02
1.523959478363394807e-02
2.752698576077818732e-02
2.509638266637921264e-02
1.657708548009395599e-02
2.071143835783004900e-02
2.764809085056185722e-02
2.662670742720365386e-02
2.181162368506193300e-02
1.898333476856350899e-02
2.003705967217683792e-02
2.501408001407980780e-02
2.363704089075326781e-02
1.980451187118887832e-02
2.169109564274549623e-02
1.564595540985464980e-02
1.778159504756331513e-02
2.076244130730629106e-02
2.103652823716401984e-02
1.960481246933341165e-02
1.703158514574170182e-02
2.005509259179234435e-02
2.843344556167721679e-02
2.524646744132041931e-02
3.453431781381368498e-02
4.089051363989711085e-02
3.452889434993267059e-02
2.440777029842138360e-02
4.256978239864110669e-02
3.056419929489493509e-02
1.409284258261322975e-02
1.313980519771575962e-02
1.619467516429722379e-02
1.715241512283682823e-02
1.866854196414351533e-02
1.465063756331801484e-02
1.979067334905266692e-02
1.942981341853737901e-02
2.095249695703387330e-02
2.571355709806084563e-02
2.035235529765486856e-02
1.518859402276575600e-02
1.643206737935543060e-02
8.828013716265559890e-03
1.148822982795536483e-02
1.179289384745061363e-02
1.345962323248386418e-02
1.044539860449731315e-02
9.405328892171382904e-03
1.002099565230309998e-02
9.595837071537971150e-03
9.856260241940617214e-03
1.348348706960678101e-02
9.715169761329888951e-03
1.199897304177284171e-02
1.212151888757944176e-02
1.283378247171640396e-02
9.957207366824150085e-03
1.325472104363143409e-02
9.405529173091054657e-03
1.044558575376868317e-02
1.242675338871777023e-02
1.220824215561151435e-02
1.054960191249847481e-02
1.415033866651356151e-02
1.116244192235171795e-02
1.226976313628256286e-02
1.095528872683644225e-02
1.206096396781504085e-02
2.503272816538810661e-02
2.348616262897849222e-02
1.619359264150261810e-02
1.572863887995481352e-02
1.476004123687744106e-02
1.188869383186101983e-02
1.093246932141482899e-02
9.276074264198541988e-03
9.219069452956318161e-03
9.225420933216810920e-03
1.184525708667933871e-02
8.728830609470605850e-03
1.262049321085214650e-02
9.453681390732526432e-03
1.050000553950667347e-02
1.609435724094510078e-02
1.898047816939651966e-02
1.160323186777532066e-02
1.117044999264180626e-02
1.083682547323405743e-02
1.043089665472507477e-02
1.597725721076130936e-02
1.488441633991897071e-02
1.408024709671735694e-02
1.529365219175815582e-02
1.038681846112012898e-02
1.669136350974440713e-02
1.079500815831124783e-02
8.977423654869198799e-03
9.830874903127551773e-03
1.265572463162243332e-02
1.335399267263710429e-02
1.388631765730679105e-02
9.518989035859704365e-03
1.151106106117367675e-02
2.055106726475059917e-02
1.832078895531594892e-02
1.315328506752848695e-02
9.338947525247932174e-03
9.903564350679516792e-03
1.098833405412733520e-02
1.043061451055109570e-02
1.024417476728558575e-02
1.177095137536525796e-02
2.109142532572150230e-02
1.794688971713185449e-02
1.191860754042863881e-02
9.109548013657330773e-03
9.912010561674833992e-03
9.487323649227618477e-03
1.121886842884123325e-02
1.358010461553931306e-02
1.020530285313725471e-02
9.545563627034426082e-03
1.150551820173859562e-02
9.642425552010535847e-03
9.571144497022033085e-03
9.140289761126041759e-03
1.322456439957022702e-02
1.509493058547377656e-02
1.065185070037841762e-02
1.397612942382693221e-02
9.647468104958534241e-03
1.097479984164237941e-02
1.232626293785870145e-02
1.005272986367344856e-02
1.447199718095362221e-02
1.865140511654317379e-02
1.507845711894333432e-02
9.643336152657866131e-03
9.398089582100510250e-03
1.049250517971813713e-02
7.871473743580281041e-03
7.562300818972289389e-03
8.614539448171854713e-03
8.742160117253660462e-03
8.154235593974590995e-03
7.608435815200209618e-03
8.022864535450934670e-03
1.119843772612512042e-02
8.018031250685453415e-03
7.523999619297683412e-03
6.559934676624834191e-03
7.560063246637582432e-03
6.616465654224157680e-03
6.546672433614730835e-03
6.397400796413421457e-03
7.209689728915691723e-03
7.444086531177162951e-03
9.532021591439843178e-03
8.125113882124423634e-03
8.398806862533091805e-03
7.076956960372626608e-03
7.097668875940143889e-03
7.421526196412742311e-03
6.237616436555981983e-03
5.933580663986503731e-03
8.113878429867327213e-03
1.333857201971113716e-02
9.070691093802452434e-03
9.056728868745266697e-03
9.088497050106525768e-03
7.123649097047745835e-03
6.448611174710095276e-03
7.647241279482841318e-03
7.025488349609076803e-03
6.879232800565659653e-03
7.203558925539255142e-03
9.155976516194642284e-03
8.584412210620940425e-03
8.738618949428201069e-03
6.448851502500474626e-03
8.066498744301497242e-03
7.086804811842739235e-03
7.318041985854506493e-03
8.602671697735786785e-03
8.794024307280778191e-03
7.778739742934704000e-03
8.248701458796858788e-03
9.354643849655985485e-03
6.982510420493781220e-03
6.646387558430433100e-03
7.202320406213403095e-03
7.136613246984779835e-03
7.773710018955171282e-03
8.639370044693350098e-03
1.075382721610367368e-02
7.238924852572381496e-03
7.137782359495759184e-03
6.769065745174884796e-03
6.287305545993149107e-03
7.106381608173251499e-03
7.714667543768882925e-03
6.701359082944691528e-03
8.461362705565989364e-03
6.482245423831045975e-03
6.468330975621938705e-03
6.139605585485696619e-03
6.501771276816725731e-03
6.416380149312317024e-03
7.543135201558470726e-03
1.044324650429189275e-02
6.048721447587013418e-03
7.478880183771252806e-03
6.045180233195423733e-03
6.384426262229681015e-03
6.548435962758958513e-03
7.197130750864744013e-03
8.167176763527095665e-03
8.636254817247390747e-03
6.296819518320262085e-03
6.133784796111286033e-03
6.457677949219942440e-03
6.803339137695730079e-03
6.613619485870003353e-03
6.248204386793076992e-03
6.946423067711293350e-03
7.117902836762368332e-03
7.606974430382251393e-03
6.615199916996061975e-03
7.725219242274761200e-03
7.839046069420874119e-03
8.531299652531743050e-03
1.106510101817548275e-02
9.212094219401478420e-03
9.110867604613303791e-03
9.311869228258728287e-03
7.901259185746311448e-03
6.994186644442379128e-03
6.324926111847162420e-03
6.291407230310142214e-03
6.004278734326362783e-03
6.004476151429116552e-03
6.181901623494923288e-03
5.549685447476804256e-03
5.917397886514663349e-03
5.842465907335281372e-03
5.589626729488372803e-03
5.836515105329453945e-03
6.023609847761690790e-03
8.126666955649852059e-03
6.192490318790077816e-03
8.519131224602460861e-03
5.653222952969372099e-03
6.508894893340766256e-03
6.311446009203791445e-03
6.345471367239952087e-03
6.096259620971977537e-03
5.857475334778428078e-03
5.331370118074119265e-03
5.545451585203409021e-03
5.304365186020731926e-03
5.782032734714448452e-03
5.888312240131199360e-03
5.769848101772367607e-03
5.685854540206492121e-03
7.049903646111488689e-03
6.974880630150437182e-03
5.742158903740346258e-03
6.495379353873431336e-03
5.057788989506662065e-03
5.789205082692205906e-03
6.383786723017692392e-03
6.209138664416968822e-03
7.549118809401988636e-03
8.150769537314772953e-03
5.564533919095992869e-03
5.825061094947158943e-03
5.595650989562273026e-03
6.088680843822658409e-03
6.735638342797755848e-03
5.814260710030794491e-03
5.259169614873826504e-03
5.522934929467737328e-03
5.284247198142110954e-03
5.856809089891612530e-03
5.667361966334283525e-03
4.896696889773011208e-03
4.815734573639929295e-03
5.204475438222289259e-03
5.724309384822845806e-03
6.015392416156828230e-03
5.532391392625868667e-03
5.348123726435005665e-03
7.024433161132037466e-03
6.538259680382907391e-03
6.097647594287991524e-03
6.031717918813228434e-03
5.482538579963147293e-03
5.616311193443834435e-03
5.747661297209561045e-03
5.869116610847413193e-03
5.416275886818766767e-03
5.189880426041781729e-03
5.299345240928232670e-03
5.765677150338888342e-03
5.330533208325505430e-03
5.086141452193260019e-03
5.055420310236513268e-03
5.354624637402593916e-03
5.682069412432611162e-03
5.716436449438333858e-03
5.308545380830764944e-03
5.538812791928649122e-03
5.278987833298743118e-03
5.652863509021699082e-03
7.153098052367567843e-03
7.251167041249573404e-03
5.686728260479867111e-03
4.973877291195094759e-03
5.153196281753480434e-03
6.155179534107446844e-03
5.516278231516480793e-03
5.330862989649176424e-03
6.141113652847707445e-03
5.254408996552229101e-03
4.743720265105366360e-03
5.854849237948656082e-03
5.519172502681612622e-03
6.218020175583660776e-03
5.262943147681653326e-03
5.012466246262193073e-03
5.435719387605786324e-03
5.189483659341931690e-03
5.781621974892914469e-03
6.106407847255468369e-03
5.429457663558423866e-03
5.594977084547281612e-03
6.477159424684941422e-03
5.806617974303662950e-03
4.926960542798041950e-03
4.761558817699551235e-03
4.511118179652840073e-03
4.730709106661378990e-03
4.459031403530389244e-03
4.786016792058945049e-03
4.712485382333398212e-03
4.619401646777987480e-03
4.878472792916000236e-03
4.625479830428958286e-03
4.487966746091842304e-03
4.943923547398298805e-03
4.648488026577979500e-03
4.868904745671897780e-03
4.632588080130517656e-03
4.700933711137622768e-03
4.632866999600082636e-03
4.610978614073247064e-03
4.650422395206988205e-03
5.030650296248495579e-03
4.894687654450535427e-03
4.877724824473262180e-03
5.271750921383500273e-03
4.663047823123633515e-03
4.753358906600624496e-03
4.686891182791442026e-03
4.611124156508594578e-03
4.687211487907916481e-03
4.754706448875367468e-03
4.746088152751326214e-03
4.988407134078443050e-03
4.794052708894014705e-03
4.693115223199128758e-03
4.956803144887089382e-03
4.628298955503850828e-03
4.678335122298449625e-03
5.069390940479934389e-03
5.577256879769265305e-03
4.517481219954789032e-03
5.218458292074501341e-03
5.245285178534686739e-03
4.883438255637884487e-03
4.970555892214179039e-03
5.395553528796881264e-03
4.682041984051465815e-03
4.662038269452750336e-03
4.966861312277614723e-03
4.784704977646469723e-03
4.519190860446542328e-03
4.602286685258150274e-03
4.625835944898426880e-03
5.034703633282333439e-03
4.703550518024712454e-03
4.780895053409039627e-03
4.550365894101559942e-03
5.122843233402818094e-03
4.615888977423310106e-03
4.842988669406622475e-03
4.598989500664174557e-03
4.515714629087596785e-03
4.841015627607703382e-03
4.452400875743478190e-03
4.539435950573533600e-03
5.059254472143948078e-03
5.384612665511667902e-03
4.365280317142605608e-03
4.893302498385310000e-03
5.169729888439178640e-03
4.798017337452620441e-03
5.241409211885183703e-03
5.130662862211465662e-03
5.696641770191490997e-03
5.299092433415353125e-03
4.616799694485962217e-03
4.608064517378806721e-03
5.028359591960906982e-03
5.008027167059480797e-03
4.515962384175509214e-03
4.819722357206046234e-03
4.503996344283223152e-03
4.522048775106668819e-03
4.495618224609643221e-03
5.724620260298252279e-03
4.675743461120873690e-03
4.588760505430400545e-03
4.394248093012720693e-03
4.724821355193853205e-03
4.435752716381103147e-03
4.362637619487940918e-03
4.486486688256264080e-03
5.052517587319016630e-03
4.456589138135314335e-03
4.588712414260953665e-03
4.560672712977975260e-03
5.048673134297132492e-03
4.746279073879122387e-03
4.642208490986376654e-03
4.956300859339535583e-03
5.411837110295891415e-03
4.890138586051762278e-03
4.931973968632518898e-03
4.290443297941237341e-03
4.387306666467338453e-03
4.481885384302585970e-03
4.331363877281546419e-03
4.570475418586283749e-03
4.309989360626787294e-03
4.252272937446832483e-03
4.619259631726890976e-03
4.588241805322468281e-03
4.361401195637881756e-03
4.363570932764559811e-03
4.281760076992213726e-03
4.345808003563433886e-03
4.331931273918598543e-03
4.239888745360076427e-03
4.411340923979878426e-03
4.308436170686036175e-03
4.227430885657667767e-03
4.184459405951202089e-03
4.348051245324313294e-03
4.609879688359797001e-03
4.336726048495620663e-03
4.286019434221089060e-03
4.188670846633613283e-03
4.311333235818892717e-03
4.479653469752519976e-03
4.293254949152469982e-03
4.383886244613677437e-03
4.157998540904372931e-03
4.339696234092116009e-03
4.278344730846583670e-03
4.255191679112613548e-03
4.783652303740382021e-03
4.172937665134668524e-03
4.283264570403844118e-03
4.178858571685850273e-03
4.538022831548004996e-03
4.781426826957613577e-03
4.117928107734769756e-03
4.404610651545226400e-03
4.350089887157082731e-03
4.248377529438585216e-03
4.192231653723866094e-03
4.637866467237472708e-03
4.314005607739090919e-03
4.294830712024122303e-03
4.111717012710869659e-03
4.205638787243515427e-03
4.310977365821600134e-03
4.212524369359016072e-03
4.248220333829521786e-03
4.203458479605614966e-03
4.179735807701945652e-03
4.162747098598628889e-03
4.150924028363078659e-03
4.165837902110070164e-03
4.229097871575504715e-03
4.426854453049600471e-03
4.166462807916104794e-03
4.190703725907951420e-03
4.270514613017440189e-03
4.255805967841297215e-03
4.131496779154986317e-03
4.234212811570614750e-03
4.162633186206221234e-03
4.183628712780773640e-03
4.222798498813062733e-03
4.383409104775637388e-03
4.306947346776723862e-03
4.120148299261927431e-03
4.169277998153119932e-03
4.201175679918378245e-03
4.261008289176970720e-03
4.489711485803127289e-03
4.532451368868350636e-03
4.399987671058624636e-03
4.240864329040050854e-03
4.112170217558741916e-03
4.156902956310659647e-03
4.136935935821384365e-03
4.161598870996385986e-03
4.285039077512919729e-03
4.524254030548036445e-03
4.353421588893980135e-03
4.234085814096033920e-03
4.459809756372124130e-03
4.619507107418030327e-03
4.198328079655766661e-03
4.329027165658772339e-03
4.546018340624869217e-03
4.254072473850100886e-03
4.197913280222564936e-03
4.130365455057472164e-03
4.108394682407379324e-03
4.340528789907693689e-03
4.289470030926167965e-03
4.349621897563338453e-03
4.249278758652508432e-03
4.135186166968196977e-03
4.305891855619847601e-03
4.180181911215186466e-03
4.090158350300044168e-03
4.120348067954182451e-03
4.164113977458328356e-03
4.062219255138188947e-03
4.064221959561109196e-03
4.150215093977749695e-03
4.086132417432964195e-03
4.037030506879091263e-03
4.043666261713952173e-03
4.004858166445047010e-03
4.003835481125861233e-03
4.107364604715257536e-03
4.080415016505867416e-03
4.229510214645415718e-03
4.039123328402638782e-03
4.091802390757947987e-03
4.045281722210347479e-03
4.055024555418640722e-03
4.023522813804447304e-03
4.064054100308567112e-03
4.086337704211473638e-03
4.053565394133329565e-03
4.056871251668781389e-03
4.101943538989872087e-03
4.188731929752975355e-03
4.011347005143761461e-03
4.255756211932748556e-03
4.078993725124746214e-03
4.018188535701483835e-03
4.090107709635049452e-03
4.133593232836574316e-03
4.044035333208739758e-03
4.213724052533507347e-03
4.001906246412545269e-03
4.035876749549060713e-03
4.029478551819920887e-03
4.041225905530155052e-03
4.114977072458714073e-03
4.063840815797447811e-03
4.234061122406274254e-03
4.003438726067542683e-03
4.029387072660028761e-03
4.003453068435192108e-03
4.063559393398463553e-03
4.066435946151613842e-03
4.129222105257212769e-03
4.070435161702334534e-03
4.117726569529622620e-03
4.040263849310577263e-03
4.136739205569029201e-03
4.040488519240170891e-03
4.054740467108785933e-03
4.067240783479064356e-03
4.073866852559148918e-03
4.019814671482891018e-03
4.086171451490372419e-03
3.991197189316153179e-03
4.016709886491299022e-03
4.133164626546203743e-03
3.984628920443355690e-03
4.083765158429742033e-03
3.989473369438200842e-03
4.001920274458825415e-03
4.222616821061819445e-03
4.245469009038061077e-03
4.032524605281651194e-03
4.034879838582128113e-03
4.026567330583930016e-03
4.042616987135261297e-03
4.062054620590060949e-03
3.995085274800658573e-03
4.079375416040420532e-03
4.087216220796108246e-03
4.066731187049299305e-03
4.050919320434331894e-03
3.992932289838791240e-03
4.040353419259190733e-03
4.006511881016194820e-03
4.042896872851997961e-03
3.985188074875622814e-03
4.079363867640494953e-03
4.055969638284295624e-03
4.011211858596652746e-03
3.973745484836399208e-03
4.067595594096929008e-03
3.978573263157159264e-03
4.177643707953393806e-03
4.432078602258115660e-03
4.193425003904849291e-03
4.172149579972028732e-03
3.980601031798869371e-03
4.022693063598125826e-03
3.965272102504968643e-03
4.033542540855705912e-03
4.005086421966552561e-03
4.115205025300383568e-03
4.020030109677464117e-03
3.997171262744814504e-03
4.065871448256075035e-03
3.929178800899535244e-03
3.956771362572908748e-03
3.991051926277577877e-03
4.017126490361988198e-03
4.054350999649613922e-03
3.979500720743089741e-03
3.995626675896346222e-03
3.983870253432541912e-03
3.938370500691235065e-03
4.077425051946192980e-03
4.028785089030861681e-03
3.958604845684022058e-03
3.925730090122670282e-03
3.924501733854413379e-03
3.931844769977032965e-03
3.928465291392057961e-03
3.951714595314115112e-03
3.936608007643371474e-03
3.957026067655533726e-03
3.965484863147139723e-03
3.949272015597670923e-03
3.955402038991450916e-03
3.993379650637507439e-03
3.950713668018579483e-03
3.951658238656818520e-03
3.950621082913130869e-03
3.918847336899488817e-03
3.960606176406145096e-03
3.934857517015189279e-03
3.901693248189985839e-03
3.950007271487265999e-03
3.967359196394681931e-03
3.995102387852967132e-03
3.977618308272212917e-03
3.922257956583052527e-03
3.945663082413375031e-03
4.028784984257072210e-03
3.940750146284699440e-03
3.938030032441019838e-03
3.922919824253768076e-03
3.930516203399747784e-03
3.914958832319825541e-03
3.918976394925266331e-03
3.976037364918738430e-03
3.954710671678185463e-03
4.002025502268224608e-03
3.925610729493200605e-03
3.964453877415508032e-03
3.976656694430857723e-03
4.039978620130568916e-03
3.993088682182133371e-03
3.930959792342036963e-03
3.944253374356776476e-03
3.963558399118482893e-03
3.942423523403704513e-03
3.946402412839234049e-03
3.968690684996545141e-03
3.963653300888836557e-03
3.954181144945323294e-03
3.961543377954512835e-03
3.984734311234206135e-03
4.026094684377312660e-03
3.949523414485156189e-03
3.909806453157216657e-03
3.944119531661271702e-03
4.045723355375230312e-03
3.940131235867738897e-03
3.912771947216242725e-03
3.942807693965733398e-03
3.911758051253854881e-03
3.938509302679448973e-03
3.935751435346901243e-03
3.917065751738846476e-03
4.030067892745137388e-03
3.998168278485536575e-03
3.948296536691486835e-03
3.989088907837867390e-03
3.945405606646090919e-03
3.959194221533834761e-03
3.950438532046973879e-03
3.926496300846338099e-03
3.920244483742863287e-03
3.933080553542822946e-03
4.003034729976207018e-03
3.917370166163891554e-03
3.912952693644911398e-03
3.947627765592187296e-03
3.926972404588014061e-03
3.902153321541845885e-03
4.001422331202775413e-03
3.913068748079240496e-03
3.984173364005983049e-03
3.926479211077094252e-03
4.015209991484880794e-03
3.924216947052627628e-03
3.919752128422260111e-03
3.984924627002328461e-03
3.899659856688231403e-03
3.948976530227810318e-03
3.891595650929957802e-03
