8.640973369280496863e-01
5.033752620220184326e-01
2.899924814701080322e-01
2.640943427880604877e-01
2.541916966438293457e-01
2.767118414243062152e-01
4.302984178066253662e-01
2.723019321759541644e-01
2.310272504885991507e-01
2.800868203242619647e-01
3.894149214029312134e-01
2.411584208408991403e-01
2.303990870714187622e-01
4.023825923601786481e-01
3.477917909622192383e-01
3.150063902139663696e-01
2.547584821780522479e-01
2.513658354679743634e-01
2.156573683023452759e-01
2.432116270065307617e-01
2.156945665677388602e-01
2.191812247037887573e-01
2.661185463269551410e-01
2.066005965073903494e-01
2.305985242128372192e-01
2.352993736664454050e-01
2.331303010384241647e-01
2.570647547642390118e-01
2.642725060383478985e-01
2.397589137156804495e-01
2.222708165645599365e-01
2.419192145268122263e-01
2.260771145423253470e-01
2.825986643632252826e-01
2.423635125160217285e-01
2.142735968033472604e-01
2.619602084159851074e-01
2.318791200717290335e-01
2.264836976925531931e-01
5.446845392386118201e-01
3.107416431109110699e-01
3.083292792240778790e-01
4.517220854759216309e-01
2.809785008430480957e-01
2.538091043631235944e-01
2.753717998663584576e-01
2.598734647035598755e-01
2.384774535894393921e-01
3.031548559665679932e-01
2.184285720189412527e-01
2.656843115886052265e-01
2.362066507339477539e-01
2.307900836070378714e-01
2.417498479286829538e-01
3.945803046226501465e-01
3.832599322001139508e-01
2.800162732601165771e-01
2.447911699612935477e-01
2.177254954973856516e-01
2.965625425179799213e-01
2.312063723802566528e-01
2.399029980103174753e-01
2.290508896112442017e-01
2.364223897457122803e-01
2.217546204725901193e-01
2.604347666104634418e-01
2.500271747509638653e-01
2.312907675902048654e-01
2.235018958648045950e-01
1.998468289772669382e-01
2.104794184366861887e-01
2.124405006567637033e-01
2.401490161816279001e-01
2.060247013966242380e-01
2.216392606496810913e-01
2.531119088331858502e-01
2.528423021237055646e-01
2.375244100888570242e-01
2.833105673392613544e-01
2.029211223125457764e-01
2.279477963844935007e-01
2.260839194059371948e-01
2.117520123720169067e-01
3.033698201179504395e-01
2.059620469808578491e-01
3.103055804967880249e-01
2.965835432211558209e-01
2.703905403614044189e-01
2.757111092408497943e-01
2.957314252853393555e-01
2.490744888782501221e-01
2.914590189854304181e-01
3.172760903835296631e-01
3.160763333241145001e-01
2.138435691595077515e-01
2.327444752057393484e-01
2.161820381879806519e-01
2.072091797987619943e-01
2.032658209403356009e-01
2.257512013117472238e-01
2.143657555182774954e-01
2.099107553561528616e-01
2.111922850211461478e-01
2.172652582327524728e-01
2.192293753226598196e-01
2.459992170333862305e-01
2.551015516122182025e-01
2.178703149159749441e-01
2.170193046331405640e-01
2.236417979001998901e-01
2.182962348063786917e-01
2.294157892465591431e-01
2.119806855916976929e-01
2.105757494767507010e-01
2.090896666049957275e-01
2.471879869699478149e-01
2.178515642881393433e-01
2.162750015656153268e-01
2.045188595851262503e-01
2.332671334346135550e-01
2.306996931632359915e-01
2.095546076695124216e-01
2.238709131876627512e-01
2.372940629720687866e-01
2.204506794611612863e-01
2.267626971006393433e-01
2.126086850961049490e-01
2.370126744111379080e-01
2.265910853942235403e-01
2.217002560695012503e-01
2.527016947666804181e-01
2.304039051135381155e-01
2.123480041821797781e-01
2.484455108642578125e-01
2.195726434389750070e-01
2.066867103179295950e-01
2.152946541706720895e-01
2.262811958789825439e-01
2.264531999826431274e-01
2.216511368751525879e-01
2.133595446745554514e-01
2.286081860462824411e-01
2.129462112983067923e-01
2.071141650279363089e-01
2.287427534659703665e-01
2.244193255901336670e-01
2.171451846758524484e-01
2.250705411036809378e-01
2.209726621707280569e-01
2.481237749258677072e-01
2.098388473192850656e-01
2.382313907146453857e-01
2.478739420572916574e-01
2.133964796861012869e-01
2.186502466599146433e-01
2.053370376427968436e-01
2.147081295649210519e-01
2.553590089082717896e-01
2.173462758461634226e-01
2.124098092317581177e-01
2.137437363465627127e-01
2.220366994539896555e-01
2.331449637810389108e-01
2.214580227931340628e-01
2.289274086554845267e-01
2.417636017004648752e-01
2.104687194029490060e-01
2.413313239812850952e-01
2.587745090325673236e-01
2.303119450807571411e-01
2.096221446990966797e-01
2.550517320632934570e-01
2.359019170204798288e-01
2.276496887207031250e-01
2.546971788009007587e-01
2.592484454313914166e-01
2.115197678407033377e-01
2.215394874413808279e-01
2.260090112686157227e-01
2.138523757457733154e-01
2.109825859467188425e-01
2.218515574932098389e-01
2.129586388667424612e-01
2.265388518571853638e-01
2.133815338214238577e-01
2.259699900945027762e-01
2.435861478249231882e-01
2.085042347510655814e-01
2.183470676342646188e-01
2.384217729171117239e-01
2.142563958962758475e-01
2.211297700802485056e-01
2.224266876777013235e-01
2.223092714945475168e-01
2.240665654341379709e-01
2.125636786222457886e-01
2.252180625995000296e-01
2.662283778190612793e-01
2.180702537298202515e-01
2.208841194709142142e-01
2.433310151100158691e-01
2.180967877308527536e-01
2.162280529737472534e-01
2.142753601074218750e-01
2.257343431313832693e-01
2.247561216354370117e-01
2.200525452693303519e-01
2.179866780837377005e-01
2.218933155139287405e-01
2.269479980071385794e-01
2.363888969024022513e-01
2.168584316968917847e-01
2.195282280445098877e-01
2.321999669075012207e-01
2.120191355546315604e-01
2.181281298398971558e-01
2.228123396635055542e-01
2.247329403956731253e-01
2.133662352959314890e-01
2.164469112952550345e-01
2.225914796193440848e-01
2.199491709470748901e-01
2.287708024183909006e-01
2.195493727922439575e-01
2.184568842252095633e-01
2.370944718519846506e-01
2.324236333370208740e-01
2.270299543937047415e-01
2.178521205981572562e-01
2.233856966098149710e-01
2.257939626773198538e-01
2.320805440346399851e-01
2.585058808326721191e-01
2.137342542409896851e-01
2.186079124609629221e-01
2.203752944866816110e-01
2.227027962605158395e-01
2.125282883644104004e-01
2.215044399102528982e-01
2.138655136028925485e-01
2.286618103583653860e-01
2.180423835913340158e-01
2.208069314559300833e-01
2.187621891498565674e-01
2.296529710292816162e-01
2.131488968928655081e-01
2.211611370245615549e-01
2.206755181153615408e-01
2.393154551585515433e-01
2.156077673037846976e-01
2.137962281703948975e-01
2.228986322879791260e-01
2.157836953798929758e-01
2.320130616426467896e-01
2.169941614071528024e-01
2.328946292400360107e-01
2.165586451689402170e-01
2.155495882034301758e-01
2.204725046952565604e-01
2.237880577643712454e-01
2.177896499633789062e-01
2.166086286306381226e-01
2.387333512306213379e-01
2.282942334810892648e-01
2.160552988449732370e-01
2.274048229058583670e-01
2.305175115664800101e-01
2.255528271198272705e-01
2.194156845410664969e-01
2.222299973169962473e-01
2.140668878952662058e-01
2.127943336963653564e-01
2.169195165236791067e-01
2.242159694433212280e-01
2.246100455522537231e-01
2.191757808128992624e-01
2.201404621203740530e-01
2.104999373356501169e-01
2.231551359097162790e-01
2.165920386711756296e-01
2.132040063540140695e-01
2.212384194135665894e-01
2.218348284562428885e-01
2.219538589318593436e-01
2.360318054755528860e-01
2.401012877623240060e-01
2.458536475896835327e-01
2.332516312599182129e-01
2.189634193976720267e-01
2.212680528561274118e-01
2.213853100935617990e-01
2.245714714129765921e-01
2.218452791372934885e-01
2.263993869225184030e-01
2.194534242153167725e-01
2.241089940071105957e-01
2.165030241012573242e-01
2.204298575719197684e-01
2.152112523714701242e-01
2.221217155456542969e-01
2.168546865383783884e-01
2.175545394420623779e-01
2.232413142919540405e-01
2.166924079259236746e-01
2.197822680075963431e-01
2.231535613536834717e-01
2.196515550216039114e-01
2.179867923259735107e-01
2.161553800106048584e-01
2.211397737264633179e-01
2.204852153857549124e-01
2.164240777492523193e-01
2.183999717235565186e-01
2.157509823640187674e-01
2.196029573678970337e-01
2.154979457457860403e-01
2.180570711692174368e-01
2.222588062286376953e-01
2.165599862734476633e-01
2.199568549791971750e-01
2.195203950007756644e-01
2.208222895860671997e-01
2.169021020332972116e-01
2.200879802306493216e-01
2.133346249659856253e-01
2.136062184969584055e-01
2.203691899776458740e-01
2.179074237744013376e-01
2.162334471940994263e-01
2.263712088267008371e-01
2.163107792536417551e-01
2.216213444868723459e-01
2.153699845075607300e-01
2.174702187379201346e-01
2.179327507813771658e-01
2.203386078278223581e-01
2.173865983883539743e-01
2.175330867369969778e-01
2.153595586617787772e-01
2.191689759492874146e-01
2.169655015071233206e-01
2.194476574659347534e-01
2.187566955884297781e-01
2.209084331989288330e-01
2.193707525730133057e-01
2.209957093000411987e-01
2.173287024100621634e-01
2.177620480457941599e-01
2.186633199453353882e-01
2.207994312047958374e-01
2.179641822973887033e-01
2.180921485026677542e-01
2.253239303827285767e-01
2.187271912892659598e-01
2.168548653523127145e-01
2.187197903792063303e-01
2.263323316971460886e-01
2.189960330724716187e-01
2.125400652488072806e-01
2.209075887997945242e-01
2.304048985242843628e-01
2.190916190544764108e-01
2.190249313910802298e-01
2.183920592069625854e-01
2.392825285593668527e-01
2.180805106957753592e-01
2.177346249421437674e-01
2.187460313240686960e-01
2.222736676534017020e-01
2.165859838326772147e-01
2.164264967044194632e-01
2.179196725289026804e-01
2.172928502162297659e-01
2.266199787457784109e-01
2.152035782734552927e-01
2.161225676536560059e-01
2.233240306377410889e-01
2.172105113665262766e-01
2.197108815113703317e-01
2.173939347267150879e-01
2.198219249645868845e-01
2.194356371959050589e-01
2.193030069271723337e-01
2.259233196576436453e-01
2.201134363810221262e-01
2.287330428759256906e-01
2.181688596804936819e-01
2.234879136085510254e-01
2.206626832485198975e-01
2.267003109057744437e-01
2.157190690437952585e-01
2.207890301942825317e-01
2.197200059890747070e-01
2.151082555452982492e-01
2.168867538372675485e-01
2.218861381212870187e-01
2.163158853848775320e-01
2.164821277062098093e-01
2.207794984181722098e-01
2.170209288597106934e-01
2.187982499599456787e-01
2.179517447948455811e-01
2.189626097679138184e-01
2.157152742147445679e-01
2.190904269615809030e-01
2.185914566119512015e-01
2.171761641899744577e-01
2.150706648826599121e-01
2.186092784007390433e-01
2.191399882237116403e-01
2.188603729009628296e-01
2.172066519657770700e-01
2.196603814760843820e-01
2.168309787909189768e-01
2.199218124151229858e-01
2.199917485316594534e-01
2.197644958893457956e-01
2.171545575062433786e-01
2.237106611331304007e-01
2.167859524488449097e-01
2.183555811643600464e-01
2.180178215106328421e-01
2.201483945051828928e-01
2.182835837205251150e-01
2.166921993096669607e-01
2.227877726157506399e-01
2.139143099387486868e-01
2.202797134717305594e-01
2.162456760803858347e-01
2.209739089012145996e-01
2.209910303354263306e-01
2.193272511164347238e-01
2.170659999052683420e-01
2.180294295152028494e-01
2.181259542703628540e-01
2.178219407796859741e-01
2.194839169581731253e-01
2.181539287169774466e-01
2.151805957158406668e-01
2.206759999195734567e-01
2.198595156272252493e-01
2.174112300078074045e-01
2.184630930423736572e-01
2.170750747124353952e-01
2.243006328741709299e-01
2.198575735092163086e-01
2.179472694794336862e-01
2.243177543083826608e-01
2.185390690962473459e-01
2.173079848289489746e-01
2.232452730337778635e-01
2.193974355856577463e-01
2.159630556901296072e-01
2.184326102336247855e-01
2.211746970812479562e-01
2.184028128782908029e-01
2.196920861800511771e-01
2.161900649468103952e-01
2.157320678234100342e-01
2.172192235787709647e-01
2.212074846029281616e-01
2.181409647067387991e-01
2.158023118972778320e-01
2.173199901978174753e-01
2.200825363397598267e-01
2.191630204518636160e-01
2.189866602420806885e-01
2.165465901295343942e-01
2.164712150891622000e-01
2.159344603617986136e-01
2.194771369298299246e-01
2.194660951693852835e-01
2.175617317358652658e-01
2.195319831371307373e-01
2.196221748987833566e-01
2.188378920157750540e-01
2.160560091336568289e-01
2.175240317980448312e-01
2.194418708483378000e-01
2.174541602532068796e-01
2.151089608669281006e-01
2.178053706884384155e-01
2.161270727713902884e-01
2.194938460985819406e-01
2.193997601668039865e-01
2.167577246824900217e-01
2.192243436972300119e-01
2.239215523004531860e-01
2.173157135645548410e-01
2.171101719141006470e-01
2.192543943723042899e-01
2.198931525150934763e-01
2.167181819677352905e-01
2.181223581234613962e-01
2.170737981796264648e-01
2.171070277690887451e-01
2.206390947103500366e-01
2.177472362915674753e-01
2.183611641327539987e-01
2.187625616788864136e-01
2.195289979378382272e-01
2.160969475905100412e-01
2.191291302442550659e-01
2.190984338521957397e-01
2.182150135437647409e-01
2.198124925295511789e-01
2.179382195075353079e-01
2.191662043333053589e-01
2.186201115449269705e-01
2.165148456891377859e-01
2.183199326197306223e-01
2.197308540344238281e-01
2.178322573502858572e-01
2.176471700270970755e-01
2.170328994592030936e-01
2.184021174907684326e-01
2.174105048179626465e-01
2.187719891468683786e-01
2.182952314615249634e-01
2.167691240708033151e-01
2.176571140686670847e-01
2.170152664184570312e-01
2.206681122382481985e-01
2.214156587918599539e-01
2.175768166780471802e-01
2.181930591662724905e-01
2.186049024264017648e-01
2.180481404066085815e-01
2.190402547518412180e-01
2.154308309157689505e-01
2.189645022153854370e-01
2.162193457285563059e-01
2.173807471990585327e-01
2.220516453186670847e-01
2.182155499855677194e-01
2.189625302950541086e-01
2.194533099730809622e-01
2.172118773063023978e-01
2.208521465460459299e-01
2.186393539110819406e-01
2.185736149549484253e-01
2.202531596024831229e-01
2.186565399169921875e-01
2.187844316164652414e-01
2.181004534165064401e-01
2.208372702201207571e-01
2.178456485271453857e-01
2.189964155356089182e-01
2.182646195093790598e-01
2.176118493080139160e-01
2.178873717784881592e-01
2.199734896421432495e-01
2.175372739632924490e-01
2.171722104152043753e-01
2.178642998139063425e-01
2.178255418936411447e-01
2.177105893691380911e-01
2.183059950669606619e-01
2.197968512773513794e-01
2.179173280795415335e-01
2.179252803325653076e-01
2.170756459236145020e-01
2.190057734648386545e-01
2.172289441029230661e-01
2.206158439318338937e-01
2.177752902110417776e-01
2.197013795375823975e-01
2.176397293806076050e-01
2.194426357746124268e-01
2.188316931327184134e-01
2.163705875476201468e-01
2.175845603148142404e-01
2.170096983512242728e-01
2.170015424489974976e-01
2.175573855638504028e-01
2.222090015808741159e-01
2.179700682560602731e-01
2.192441225051879883e-01
2.189657241106033325e-01
2.177931517362594604e-01
2.186899681886037283e-01
2.169242352247238159e-01
2.171463718016942435e-01
2.204889009396235056e-01
2.177360902229944772e-01
2.180265734593073434e-01
2.157933612664540701e-01
2.218556255102157593e-01
2.191144973039627075e-01
2.195437649885813303e-01
2.179254144430160522e-01
2.195405115683873587e-01
2.181631277004877634e-01
2.177178959051767893e-01
2.178590198357900076e-01
2.182587931553522653e-01
2.187973211208979196e-01
2.167905718088150024e-01
2.170175562302271433e-01
2.193760424852371216e-01
2.166632016499837332e-01
2.181738764047622681e-01
2.181226909160614014e-01
2.191345840692520142e-01
2.191136628389358521e-01
2.168938765923182077e-01
2.184633264938990183e-01
2.189630071322123117e-01
2.178871482610702515e-01
2.168658773104349680e-01
2.171230763196945190e-01
2.176815718412399292e-01
2.189082602659861154e-01
2.167278478542963571e-01
2.178106655677159720e-01
2.173949976762135916e-01
2.194852630297342844e-01
2.175025244553883963e-01
2.199023962020874023e-01
2.175701955954233713e-01
2.161690344413121634e-01
2.200979987780253000e-01
2.175813416639963693e-01
2.176436781883239746e-01
2.179578840732574463e-01
2.170764058828353882e-01
2.181204259395599365e-01
2.170247981945673532e-01
2.193172077337900705e-01
2.176724970340728760e-01
2.171986947456995554e-01
2.188466986020406180e-01
2.175684670607248850e-01
2.167560706535975046e-01
2.186686644951502390e-01
2.162486910820007324e-01
2.211174170176188059e-01
2.160434176524480276e-01
2.175196657578150339e-01
2.176563491423924857e-01
2.182475030422210693e-01
2.172522246837615967e-01
2.163239419460296631e-01
2.184413423140843802e-01
2.177965690692265921e-01
2.182493358850479126e-01
2.180286745230356760e-01
2.166556715965270996e-01
2.183567186196645193e-01
2.174844841162363596e-01
2.162979990243911743e-01
2.172384659449259348e-01
2.159650673468907767e-01
2.184191296497980661e-01
2.168054680029551096e-01
2.170269985993703299e-01
2.186282575130462646e-01
2.177313218514124460e-01
2.172277172406514578e-01
2.173977444569269724e-01
2.168138126532236643e-01
2.193917930126190186e-01
2.169419775406519479e-01
2.178682635227839059e-01
2.168673972288767404e-01
2.195271452267964774e-01
2.179508209228515625e-01
2.166837106148401804e-01
2.159554958343505859e-01
2.174587249755859375e-01
2.163353413343429565e-01
2.227267622947692871e-01
2.176101307074228830e-01
2.173741459846496582e-01
2.178902725378672189e-01
2.164448400338490897e-01
2.163104265928268433e-01
2.190562089284261160e-01
2.169700662295023508e-01
2.174167682727178030e-01
2.166849474112192697e-01
2.169147034486134940e-01
2.179357657829920358e-01
2.202770362297693796e-01
2.170303662618001395e-01
2.183067649602890015e-01
2.168342024087905884e-01
2.175824195146560669e-01
2.184218515952428274e-01
2.174265980720520020e-01
2.167707582314809256e-01
2.172245532274246216e-01
2.178764641284942627e-01
2.182636012633641653e-01
2.172522991895675659e-01
2.192185968160629272e-01
2.171476334333419800e-01
2.191687325636545725e-01
2.160721619923909598e-01
2.166305482387542725e-01
2.179266810417175293e-01
2.164832651615142822e-01
2.166217913230260306e-01
2.176949679851531982e-01
2.199366937081018991e-01
2.176586985588073730e-01
2.187798619270324707e-01
2.175449480613072806e-01
2.177009185155232840e-01
2.188189427057901926e-01
2.173850188652674265e-01
2.177979250748952322e-01
2.173279921213785715e-01
2.173197666803995676e-01
2.179510990778605051e-01
2.158774783213933401e-01
2.168325781822204590e-01
2.186108132203420096e-01
2.180085132519404001e-01
2.180288583040237427e-01
2.171695083379745483e-01
2.168360749880472726e-01
2.185420244932174683e-01
2.172876894474029541e-01
2.197084377209345407e-01
2.165325681368509836e-01
2.198470532894134521e-01
2.178742438554763794e-01
2.166395386060079031e-01
2.166996647914250784e-01
2.172952542702356882e-01
2.176612267891565866e-01
2.162127643823623657e-01
2.192577024300893240e-01
2.174467096726099558e-01
2.195857167243957520e-01
2.176930258671442575e-01
2.187265803416570120e-01
2.171653111775716238e-01
2.178291231393814087e-01
2.172957162062326975e-01
2.162181933720906668e-01
2.173222949107488089e-01
2.167203972736994333e-01
2.178472677866617746e-01
2.177627583344777518e-01
2.168232897917429514e-01
2.164329737424850464e-01
2.177316198746363229e-01
2.173649171988169260e-01
2.176018754641214914e-01
2.205449442068735666e-01
2.185946106910705566e-01
2.166476696729660034e-01
2.175827125708262033e-01
2.165305962165196829e-01
2.169426133235295706e-01
2.162963102261225290e-01
2.156666070222854614e-01
2.177635381619135446e-01
2.176355769236882620e-01
2.191034605105718069e-01
2.186910311381022043e-01
2.177364776531855173e-01
2.167319109042485648e-01
2.185357064008712769e-01
2.184323122104009085e-01
2.158028284708658762e-01
2.167743543783823557e-01
2.170263777176539011e-01
2.192968378464380808e-01
2.191266814867655344e-01
2.180724143981933594e-01
2.183912694454193115e-01
2.172285765409469604e-01
2.162973632415135794e-01
2.165623356898625784e-01
2.188215106725692749e-01
2.177187254031499319e-01
2.183402280012766428e-01
2.170138955116271973e-01
2.191652556260426932e-01
2.181533873081207275e-01
2.171083291371663504e-01
2.159138570229212351e-01
2.181442777315775461e-01
2.168756425380706787e-01
2.196210374434789114e-01
2.168494512637456351e-01
2.174160132805506296e-01
2.160926709572474069e-01
2.195498694976170950e-01
2.174428900082906180e-01
2.171402275562286377e-01
2.166979461908340454e-01
2.177942295869191580e-01
2.167624384164810181e-01
2.179884413878122873e-01
2.180284361044565744e-01
2.176528722047805786e-01
2.170698295036951608e-01
2.183901518583297729e-01
2.177293896675109863e-01
2.162582079569498605e-01
2.180110762516657419e-01
2.170295516649881906e-01
2.172318994998931885e-01
2.188729544480641775e-01
2.195129146178563528e-01
2.171647548675537109e-01
2.174949000279108591e-01
2.178408602873484201e-01
2.154620339473088675e-01
2.180764774481455393e-01
2.185808718204498291e-01
2.183433771133422852e-01
2.172606835762659616e-01
2.159636070330937796e-01
2.166456580162048340e-01
2.177779277165730887e-01
2.195434272289276123e-01
2.169960190852483206e-01
2.185985992352167673e-01
2.168702582518259592e-01
2.177276810010274344e-01
2.180526604255040579e-01
2.172298779090245657e-01
2.179566621780395508e-01
2.170537014802297049e-01
2.165978997945785522e-01
2.168550242980321341e-01
2.174975574016571045e-01
2.178307374318440848e-01
2.168070673942565918e-01
2.200342069069544382e-01
2.181738913059234619e-01
2.176806529362996512e-01
2.174208958943684988e-01
2.175774077574411935e-01
2.174417128165563040e-01
2.163711488246917725e-01
2.165073603391647339e-01
2.183728168408075876e-01
2.166105906168619699e-01
2.178133626778920584e-01
2.165327717860539847e-01
2.171096156040827341e-01
2.169612447420755930e-01
2.177180896202723093e-01
2.178666740655899048e-01
2.177893469731012888e-01
2.173630396525065012e-01
2.188492814699808664e-01
2.163099795579910278e-01
2.176906069119771414e-01
2.177777091662088937e-01
2.154256304105122977e-01
2.162298262119293213e-01
2.186810622612635202e-01
2.162485222021738596e-01
2.191255688667297363e-01
2.175122449795404977e-01
2.160573899745941162e-01
2.168026616175969534e-01
2.172938634951909476e-01
2.171617845694223947e-01
2.161956330140431815e-01
2.166227400302886963e-01
2.164438019196192331e-01
2.170594086249669485e-01
2.180680682261784964e-01
2.161535372336705618e-01
2.157674481471379691e-01
2.164955139160156250e-01
2.194992204507192068e-01
2.170587231715520316e-01
2.174540410439173288e-01
2.177673975626627512e-01
2.170887241760889597e-01
2.178664306799570627e-01
2.177598128716150827e-01
2.180118610461553030e-01
2.174241443475087576e-01
2.168181737263997488e-01
2.174684007962544852e-01
2.185491522153218680e-01
2.171385983626047678e-01
2.182930459578832083e-01
2.182161509990692139e-01
2.170301477114359445e-01
2.171605328718821115e-01
2.177623609701792307e-01
2.181515296300252371e-01
2.181660979986190796e-01
2.179079055786132812e-01
2.176361282666524344e-01
2.186425973971684866e-01
2.166629234949747629e-01
2.175804376602172852e-01
2.170806030432383127e-01
2.174020409584045410e-01
2.178182552258173532e-01
2.185373306274414062e-01
2.182441254456838065e-01
2.155328442653020316e-01
2.182378470897674561e-01
2.180617501338323050e-01
2.164745678504308157e-01
2.174392541249593191e-01
2.173008968432744437e-01
2.163656055927276611e-01
2.164200643698374338e-01
2.169206986824671335e-01
2.175845503807067871e-01
2.179834693670272827e-01
2.172426730394363403e-01
2.172365387280782156e-01
2.170531998078028268e-01
2.173426995674768991e-01
2.166696339845657349e-01
2.172615428765614920e-01
2.181667685508728027e-01
2.185642272233963013e-01
2.168646405140558786e-01
2.171142150958379202e-01
2.160614281892776489e-01
2.173521518707275391e-01
2.174835652112960815e-01
2.174102862675984793e-01
2.199001014232635498e-01
2.187935858964920044e-01
2.175158907969792776e-01
2.163863927125930786e-01
2.185867180426915579e-01
2.179888238509496146e-01
2.172845552364985056e-01
2.160740494728088379e-01
2.169586569070816040e-01
2.167094200849533081e-01
2.180163810650507517e-01
2.162400931119918823e-01
2.159869472185770578e-01
2.170111636320749826e-01
2.174139519532521658e-01
2.169582098722457886e-01
2.170234719912211008e-01
2.174339493115743094e-01
2.170978039503097534e-01
2.180420905351638794e-01
2.182497680187225342e-01
2.163859953482945853e-01
2.166592826445897513e-01
2.168234785397847586e-01
2.176158527533213205e-01
2.181204557418823242e-01
2.163799603780110770e-01
2.163712431987126761e-01
2.176817506551742554e-01
2.173074682553609305e-01
2.173330684502919607e-01
2.182045380274454660e-01
2.177589684724807739e-01
2.181982348362604684e-01
2.158672759930292673e-01
2.173752735058466501e-01
2.182268599669138498e-01
2.164792865514755249e-01
2.166718592246373587e-01
2.200919091701507568e-01
2.180167337258656912e-01
2.160463482141494751e-01
2.172633955876032419e-01
2.163899590571721487e-01
2.166078736384709769e-01
2.172710746526718140e-01
2.177247057358423776e-01
2.179987629254659109e-01
2.162771622339884348e-01
2.187353223562240601e-01
2.165433466434478760e-01
2.176919976870218820e-01
2.166990786790847778e-01
2.167655030886332101e-01
2.174524118502934866e-01
2.195016791423161917e-01
2.181616077820459909e-01
2.173086851835250854e-01
2.181415110826492310e-01
2.165415386358896799e-01
2.180428256591161185e-01
2.165315051873525076e-01
2.174304028352101736e-01
2.174549202124277658e-01
2.166731158892313547e-01
2.161509593327840262e-01
2.172379791736602783e-01
2.167748610178629465e-01
2.174584120512008667e-01
2.165701836347579956e-01
2.178983589013417654e-01
