2.912849994997183598e-02
6.205426218609015436e-03
5.307685428609450369e-03
4.607754216218988390e-03
4.394541960209608078e-03
4.571552310759822817e-03
6.097283990432818442e-03
2.525137349342306600e-03
3.531439462676644325e-03
3.329950074354807391e-03
3.322793403640389442e-03
3.447305566320816531e-03
3.315443561101953044e-03
4.225821079065402060e-03
2.956802025437355042e-03
2.900236131002505765e-03
2.833872645472486958e-03
4.047471564263105392e-03
3.213419967020551219e-03
3.755903725201884761e-03
2.482991510381301389e-03
3.412080307801564679e-03
4.492528270930051804e-03
2.677744254469871521e-03
3.932253302385409384e-03
3.831232044224937901e-03
2.963247747781375899e-03
3.597083889568845286e-03
3.127736194680134311e-03
3.682510539268454060e-03
2.350092399865388870e-03
3.024674952030181885e-03
3.556702984496951103e-03
3.716345721234878049e-03
3.007668303325772285e-03
2.946821041405200958e-03
3.518616935859123721e-03
3.749345041190584645e-03
2.874293519804874911e-03
4.674575912455718012e-03
3.682677246009310231e-03
3.953211087112625151e-03
3.784225787967443466e-03
4.433911448965470285e-03
3.495797126864393697e-03
4.080977834140260725e-03
4.840137747426827459e-03
4.287964276348550825e-03
3.538842778652906418e-03
3.314034625266989217e-03
3.695559843132893100e-03
3.598680098851521954e-03
4.215124296024441719e-03
3.389928179482618823e-03
4.349559235076109857e-03
3.913603955879807472e-03
3.256930115943153844e-03
3.994139454637964277e-03
3.030834331487616048e-03
3.585856330270568385e-03
4.001076721275846453e-03
3.528993111103773117e-03
3.949719791611035376e-03
4.465010249987244606e-03
3.343396664907535062e-03
3.615089925006031990e-03
3.525347138444582477e-03
3.249556136627992139e-03
3.920524691541989355e-03
3.145527637874086842e-03
3.230082026372353091e-03
3.578262946878870473e-03
4.179157006243864984e-03
2.747142454609274864e-03
2.844276061902443423e-03
3.314498811960220337e-03
3.722479178880651936e-03
3.893486689776182175e-03
3.300785009438792720e-03
2.869106673945983395e-03
3.831203871717055783e-03
3.338954139811297402e-03
3.093036124482750893e-03
3.508394273618856921e-03
3.444116019333402171e-03
4.014989516387383432e-03
3.533312119543552399e-03
4.557654416809479685e-03
4.332331009209156036e-03
4.364394893248875647e-03
3.885810729116201401e-03
3.624619372809926524e-03
3.560068008179465785e-03
3.212378825992345810e-03
3.564050033067663655e-03
3.770011011511087418e-03
3.488879883661866188e-03
3.362986026331782341e-03
3.031652498369415746e-03
3.184821922332048416e-03
3.602880596493681416e-03
3.434260531018177524e-03
3.349923140679796681e-03
3.801875592519839749e-03
3.812697250396013260e-03
3.407646746685107694e-03
3.450358984991908073e-03
3.705254523083567619e-03
3.651614145686229215e-03
3.603193520878752217e-03
3.660844406113028526e-03
3.850498391936222568e-03
3.396450541913509369e-03
3.426031287138660893e-03
3.407107666134834290e-03
3.547007295613487706e-03
3.227337729185819626e-03
3.421679992849627986e-03
3.432955980921784892e-03
3.643569226066271319e-03
3.609546072160204396e-03
3.416744836916526303e-03
3.565716246763865008e-03
3.252889961004257202e-03
3.649738384410738945e-03
3.897822850073377147e-03
3.425634000450372696e-03
3.510268172249197960e-03
3.548383479937911034e-03
3.922594555964072256e-03
3.561799957727392659e-03
3.960234966749946565e-03
3.137201924497882381e-03
3.692717989906668663e-03
3.725765272974967957e-03
3.296924444536367908e-03
3.351608136047919736e-03
3.570890209327141299e-03
3.718197656174500928e-03
3.925634936119119615e-03
3.403703294073542104e-03
3.817280754446983337e-03
3.798097837716341019e-03
3.236820533250769124e-03
3.591297582412759318e-03
4.078226707254846602e-03
3.510278339187304034e-03
3.905849453682700648e-03
3.507599855462709918e-03
3.870214646061261640e-03
3.642881754785776138e-03
3.825515120600660787e-03
3.355361676464478030e-03
3.536169339592257991e-03
3.706843437006076322e-03
3.348176678021749005e-03
3.231012805675467000e-03
3.809169788534442439e-03
3.719588431219259753e-03
3.630128223448991776e-03
3.522959615414341435e-03
3.637540464599927411e-03
3.536658439164360509e-03
3.494269990672667966e-03
3.802534037580092893e-03
3.460878622718155384e-03
3.604898462072014809e-03
3.542894419903556361e-03
3.485475744431217656e-03
4.269025676573316545e-03
3.438010113313794136e-03
3.767753252759575844e-03
3.541366041948398099e-03
3.705903266867001996e-03
3.540420361484090343e-03
3.779740616058310018e-03
3.935602959245443344e-03
3.612187225371599197e-03
3.778301179409027100e-03
3.630484531943996892e-03
3.339036911105116353e-03
3.815711863959828868e-03
3.446031827479600906e-03
3.998796300341685324e-03
3.507993184030056000e-03
4.181513718018929453e-03
3.678887228791912541e-03
3.450148661310473933e-03
3.756933069477478519e-03
3.606028699626525388e-03
3.603023787339528546e-03
4.035424285878737478e-03
4.013323302691181212e-03
3.901049029082059860e-03
3.825635649263858795e-03
3.408832475543022156e-03
3.994670774166782408e-03
3.537213119367758288e-03
3.571773103127876773e-03
3.822150950630506024e-03
3.549662496273716435e-03
3.996968657399217577e-03
3.587621962651610374e-03
3.656694743161400304e-03
3.536919675146540151e-03
3.589311769853035464e-03
3.522653908779223905e-03
3.568625310435891151e-03
3.567042062059044838e-03
3.495423433681329236e-03
3.648737445473670959e-03
3.694636126359303937e-03
3.895996371284127235e-03
3.689802639807263866e-03
3.593056385094920650e-03
3.601536930849154935e-03
3.598852626358469472e-03
3.835413604974746704e-03
3.952648335446913748e-03
3.716223873198032379e-03
3.669255956386526570e-03
3.609137920041879163e-03
3.975873580202460289e-03
3.613353862116734042e-03
3.610807703807950020e-03
3.781009853507081523e-03
3.851375232140223041e-03
3.780301660299301147e-03
3.556610240290562167e-03
3.709219085673491016e-03
3.858119249343872070e-03
3.721668850630521774e-03
3.555876668542623520e-03
3.476254564399520412e-03
3.940134464452664347e-03
3.609916117663184657e-03
4.063676887502272635e-03
3.790183846528331294e-03
4.062563025703032522e-03
3.622768679633736610e-03
3.515475041543444142e-03
3.968756801138321848e-03
3.783509212856491551e-03
3.712586204831799016e-03
3.748666029423475266e-03
3.283416464303930745e-03
3.909017347420255632e-03
3.805153692762056842e-03
3.512576377640167728e-03
3.881693196793397412e-03
3.890379797667264938e-03
3.941569399709503145e-03
3.310474683530628681e-03
3.782161977142095566e-03
3.938324749469757080e-03
3.957019265120227842e-03
3.727844450622797012e-03
3.914839588105678558e-03
3.443323153381546483e-03
3.926731102789442034e-03
3.368174036343892560e-03
3.463795486216743932e-03
3.709414275363087654e-03
4.201923652241627664e-03
3.686538975064953313e-03
3.959554480388760567e-03
3.691780924176176534e-03
3.854830206061402812e-03
3.662421988944212451e-03
3.992657565201322527e-03
3.614680763954917445e-03
3.439967753365635872e-03
3.768418837959567561e-03
3.450454212725162506e-03
3.859009360894560814e-03
3.901684579129020228e-03
3.669323554883400455e-03
3.407188691198825836e-03
3.936147782951593399e-03
3.712586437662442670e-03
3.319809795357286930e-03
3.687899094074964523e-03
3.805319235349694743e-03
3.993629245087504387e-03
3.949668025597929955e-03
3.639031123990813747e-03
3.451137182613214002e-03
3.486294687415162578e-03
3.748463777204354749e-03
3.842290102814634786e-03
4.003015967706839533e-03
3.770447646578153119e-03
3.441887907683849335e-03
3.517403965815901756e-03
3.618610479558507457e-03
3.699099877849221230e-03
3.984591846043865175e-03
3.765762007484833255e-03
3.588032908737659454e-03
3.700783941894769669e-03
3.922889862830440492e-03
3.983549851303298979e-03
3.669061077137788281e-03
3.742028959095478058e-03
3.785826265811920166e-03
4.112708227088053732e-03
3.800478531047701836e-03
3.938010272880394964e-03
3.932266030460596085e-03
4.094687988981604576e-03
3.692637352893749728e-03
3.822888170058528438e-03
3.602018424620231137e-03
3.462663153186440468e-03
3.657400530452529445e-03
3.690529149025678635e-03
3.856897586956620216e-03
3.405078702295819774e-03
3.859467726821700587e-03
3.751311839247743144e-03
3.568022511899471283e-03
3.945345447088281603e-03
3.865858772769570351e-03
3.860077432667215810e-03
3.572897830357154355e-03
3.673221993570526585e-03
3.478007313484946742e-03
4.085486211503545732e-03
3.296524868346750736e-03
3.716594073921442032e-03
3.906671423465013504e-03
3.587845790510376439e-03
3.615527724226315961e-03
3.816470038145780563e-03
3.674431471154093742e-03
3.666672157123684883e-03
3.646547518049677358e-03
3.680978047971924291e-03
3.720169188454747200e-03
3.566835929329196467e-03
3.613834424565235629e-03
3.893882424260179057e-03
3.840705535064140811e-03
3.850923152640461922e-03
3.689421806484460831e-03
3.671736922115087509e-03
3.667384230842193112e-03
4.022507385040323229e-03
3.593007490659753337e-03
3.479032932470242038e-03
3.616773135339220509e-03
3.790102899074554443e-03
3.755147724101940646e-03
3.552246683587630734e-03
3.957194198543827028e-03
3.678269451484084129e-03
3.567892281959454074e-03
3.557762907197078214e-03
3.508969986190398679e-03
3.806104961161812291e-03
3.766223012159267917e-03
3.564751396576563373e-03
3.920138658334811239e-03
3.603424100826183810e-03
3.809629551445444570e-03
3.837313813467820630e-03
3.562020370736718178e-03
3.707209058726827159e-03
3.553630551323294640e-03
3.704952308908104897e-03
3.781020408496260643e-03
3.895351275180777059e-03
3.851097154741486058e-03
3.861138752351204410e-03
3.468670183792710304e-03
3.554199046144882693e-03
3.498549417903026090e-03
3.685157358025511250e-03
3.522298609217008099e-03
3.629262015844384685e-03
3.482808591797947884e-03
3.437054537547131524e-03
3.851544655238588796e-03
3.722514957189559937e-03
3.569438199823101506e-03
3.691775879512230411e-03
3.606849582865834236e-03
3.671234473586082458e-03
3.736525929222504153e-03
3.575066337361931801e-03
3.753733045111099734e-03
3.607900347560644150e-03
3.771738847717642784e-03
3.709678460533420100e-03
3.545565763488411903e-03
3.829349220419923320e-03
3.750531080489357457e-03
3.853375713030497089e-03
3.511553164571523666e-03
3.703768985966841235e-03
3.892490795503059878e-03
3.755713502566019549e-03
3.752492368221282959e-03
3.819683489079276576e-03
3.791876602917909622e-03
3.859360081454118237e-03
3.409067750908434391e-03
3.777263220399618149e-03
3.764656605198979378e-03
3.836048844580849156e-03
3.583264614765842900e-03
3.702762148653467641e-03
3.504708719750245557e-03
3.623970706636706843e-03
3.706456472476323590e-03
3.764872749646504865e-03
3.899602219462394714e-03
3.675123754267891393e-03
3.855373244732618332e-03
3.646410846461852536e-03
3.867756730566422000e-03
3.874464426189661026e-03
3.942150855436921120e-03
3.842064800361792102e-03
3.756126078466574206e-03
3.594751857842008128e-03
3.499206698810060964e-03
3.939781027535597772e-03
3.360065980814397335e-03
3.884199075400829315e-03
3.912823585172493963e-03
3.919354174286127090e-03
3.799441425750652804e-03
3.823452241097887502e-03
3.845083449656764522e-03
3.796871208275357738e-03
3.573267099757989392e-03
3.503386319304505839e-03
3.429318933437267795e-03
3.797945644085606084e-03
3.521555025751391902e-03
3.560959283883372798e-03
3.795227734372019768e-03
3.671640375008185849e-03
3.834386899446447835e-03
3.646149765700101852e-03
4.002133927618463545e-03
3.246413699040810123e-03
3.883815137669444084e-03
3.647503986333807454e-03
3.637484507635235786e-03
3.742347238585352898e-03
3.747386935477455602e-03
3.546179272234439850e-03
3.692530250797668948e-03
3.633224250127871976e-03
3.636450351526339993e-03
3.696796639511982455e-03
3.440509938324491038e-03
3.591559672107299313e-03
3.754718462005257607e-03
3.519809106364846230e-03
3.579994275545080647e-03
3.668401002263029561e-03
3.458321016902724757e-03
3.826045120755831256e-03
3.874567492554584994e-03
3.605096600949764252e-03
3.673273604363203049e-03
3.599289106205105782e-03
3.898428364967306600e-03
3.756725927814841270e-03
3.517519216984510422e-03
3.632675545910994067e-03
3.617445162187019839e-03
3.876172161350647464e-03
3.722806461155414581e-03
3.936068853363394737e-03
3.591151830429831996e-03
3.858802917723854527e-03
3.472904985149701581e-03
3.670069544265667453e-03
3.597093280404806137e-03
3.370185305053988948e-03
3.853881654019156947e-03
3.607051602254311099e-03
3.983651598294575720e-03
3.554288453112045779e-03
3.718437316517035022e-03
3.696668272217114911e-03
3.888466628268361092e-03
3.951365360990166664e-03
3.786938885847727313e-03
3.689961895967523112e-03
3.665014247720440373e-03
3.903317109992106900e-03
3.517772924775878444e-03
3.762501912812391772e-03
3.915217782681186705e-03
3.709171588222185626e-03
3.935184174527724295e-03
3.442383371293544769e-03
3.674747732778390393e-03
3.916807627926270456e-03
3.753070098658402905e-03
3.865422836194435611e-03
3.373206825926899910e-03
4.127258900552988052e-03
3.916696567709247560e-03
3.574135790889461980e-03
3.891957458108663559e-03
3.851362348844607816e-03
3.883432286481062427e-03
3.724090599765380368e-03
3.565200061226884379e-03
3.910644988839824705e-03
3.672276002665360913e-03
3.715221692497531428e-03
3.502526863788565144e-03
3.543023485690355301e-03
3.717141691595315933e-03
3.427541504303614154e-03
3.501055374120672688e-03
3.966954303905367851e-03
3.757121584688623891e-03
3.731835943957169995e-03
3.826971709107359395e-03
3.716557752341032028e-03
3.900689460958043590e-03
3.344147194487353311e-03
3.808798966929316521e-03
3.540750825777649879e-03
3.484550320232907786e-03
3.897930883492032542e-03
3.852325258776545525e-03
3.962107546006639509e-03
3.515795028458038821e-03
3.527597757056355476e-03
3.342645514446000114e-03
3.722021123394370079e-03
3.848412772640585899e-03
3.729635073492924228e-03
3.350778909710546479e-03
3.606099480142196164e-03
3.460365114733576775e-03
3.792328216756383433e-03
3.861941474800308690e-03
3.831739770248532295e-03
3.665576378504435077e-03
3.674909705296158791e-03
3.795838604370752826e-03
3.772999004771312222e-03
3.908828754598895998e-03
3.612290912618239865e-03
3.796473223095139012e-03
3.760441051175197110e-03
3.653495650117596135e-03
3.674409817904233932e-03
3.831265959888696671e-03
3.975901675100128145e-03
3.793604283904036031e-03
3.631607008477052197e-03
3.702825478588541493e-03
3.465610711524883761e-03
3.884961828589439392e-03
3.806815405065814509e-03
3.869173505033055797e-03
3.815700765699148178e-03
3.413080237805843353e-03
3.906678641214966774e-03
3.372391375402609363e-03
3.579295085122188077e-03
3.804264590144157410e-03
3.529007779434323311e-03
3.926733896757165880e-03
4.027197525526086778e-03
3.796813388665517316e-03
3.777514367053905978e-03
3.611460793763399124e-03
3.851400921121239662e-03
3.692120003203550830e-03
3.728043598433335767e-03
3.488917835056781769e-03
3.868547966703772545e-03
3.600180769960085406e-03
3.903658827766776085e-03
3.388706982756654277e-03
3.462967928498983383e-03
3.671987603108088031e-03
3.632724517956376076e-03
3.600904950872063637e-03
3.777562330166498675e-03
3.995555220171809196e-03
3.816079193105300412e-03
3.739931543047229304e-03
3.780251213659842954e-03
3.427004053567846761e-03
3.569639520719647408e-03
3.653689365213116155e-03
3.871352799857656016e-03
3.415914407620827212e-03
3.682122255365053668e-03
3.730247030034661293e-03
3.937419426317016573e-03
3.864721472685535893e-03
3.549907511721054568e-03
3.640817788739999280e-03
3.655734316756328092e-03
3.558751816550890460e-03
3.541333523268500819e-03
3.564788339038690076e-03
3.708159240583578601e-03
4.099221046393116026e-03
3.505481562266747012e-03
3.624204002941648021e-03
3.947743292277057676e-03
3.883350407704710960e-03
3.665728572135170445e-03
3.621087021504839406e-03
3.764831461012363434e-03
3.492812393233180046e-03
3.714571318899591908e-03
3.500187691921988978e-03
3.644822941472133145e-03
3.825894789770245552e-03
3.757596171150604739e-03
3.952144024272759466e-03
3.677857806906104088e-03
3.579856983075539126e-03
3.528898659472664342e-03
3.717848177378376470e-03
3.845809648434320941e-03
3.613416881610949979e-03
3.679234922553102031e-03
3.786095806087056651e-03
3.500499296933412552e-03
3.987180301919579506e-03
3.448366963615020261e-03
3.700172839065392957e-03
3.862131154164671898e-03
4.024944966658949852e-03
3.808809754749139295e-03
3.339398303069174290e-03
3.684207874660690770e-03
3.567413659766316414e-03
3.787528024986386299e-03
3.852499804149071231e-03
3.352303484765192017e-03
3.663647609452406421e-03
3.896517679095268250e-03
3.505274420604109764e-03
3.810345117623607173e-03
3.428100996340314403e-03
3.554183989763259888e-03
3.421307075768709183e-03
3.846602902437249675e-03
3.816448462506135449e-03
3.665915379921595111e-03
3.709624676654736056e-03
3.657899331301450729e-03
3.498263657093048096e-03
3.849406804268558965e-03
3.780315552527705684e-03
3.562625963240861893e-03
3.464358470713098988e-03
3.805895724023381724e-03
3.911067033186554909e-03
3.604339590917030826e-03
3.535760799422860146e-03
3.625582670792937279e-03
3.562619211152195930e-03
3.544668278967340932e-03
3.855663662155469403e-03
3.836033865809440613e-03
3.557109429190556064e-03
3.728104910502830997e-03
3.461293255289395795e-03
3.712905958915750041e-03
3.630341961979866028e-03
3.816415167724092946e-03
3.714675704638163104e-03
3.293109048778811946e-03
4.028879571706056595e-03
3.662430138016740336e-03
3.663212216148773685e-03
3.692029121642311559e-03
3.523760552828510747e-03
3.668457347278793797e-03
3.634661746521790967e-03
3.417848686998089299e-03
3.519262342403332248e-03
3.827972259993354335e-03
3.703129400188724055e-03
3.955395581821600885e-03
3.745876485481858253e-03
3.606866579502820969e-03
3.541144154344995961e-03
3.961391358946760206e-03
3.501910328244169698e-03
3.448430526380737767e-03
3.794693388044834137e-03
3.205578774213790894e-03
3.524258499965071678e-03
3.549712554862102017e-03
3.674883705874284253e-03
3.658495377749204636e-03
3.610535990446805954e-03
3.790773761769135938e-03
3.658077291523416982e-03
3.626689082011580467e-03
3.698842367157340050e-03
3.497885928178826823e-03
3.566657891497015953e-03
3.737956983968615532e-03
3.790323389694094658e-03
3.517757480343183026e-03
3.613405162468552589e-03
3.821400382245580211e-03
3.691994429876407132e-03
3.706621161351601138e-03
3.437146699676910892e-03
3.688180043051640048e-03
3.401947983851035581e-03
3.570436344792445645e-03
3.557408694177865982e-03
3.570443407321969524e-03
4.072319250553846359e-03
3.691092909624179349e-03
3.616173751652240753e-03
3.630540876959761128e-03
3.461971879005432129e-03
3.749540075659751892e-03
3.557371751715739713e-03
3.877364487076798930e-03
3.748791913191477313e-03
3.728166765843828664e-03
3.591539338231086731e-03
3.432448177287975803e-03
3.756056772544980049e-03
3.625741150851050868e-03
3.692373943825562940e-03
3.505355678498744965e-03
3.690343272561828151e-03
3.571452107280492783e-03
3.400154799843827739e-03
3.702654115234812245e-03
3.683752069870630756e-03
3.512260892118016734e-03
3.538215300068259239e-03
3.636679689710339055e-03
3.900402768825491414e-03
3.817406715825200081e-03
3.937186052401860266e-03
3.613763178388277545e-03
3.548355540260672569e-03
3.582483778397242084e-03
3.534413951759537206e-03
3.541850252076983452e-03
3.380276029929518700e-03
3.700193095331390843e-03
3.831451836352547154e-03
3.806427121162414551e-03
3.951374984656770735e-03
3.670019097626209259e-03
3.550859168171882629e-03
4.070394982894261389e-03
3.865745384246110916e-03
3.563492869337399945e-03
3.557546762749552727e-03
3.639302216470241547e-03
3.684278499955932155e-03
3.707819463064273343e-03
3.623978700488805771e-03
3.801202401518821716e-03
3.388037361825505748e-03
3.575590982412298665e-03
3.608506948997577176e-03
3.654931904748082161e-03
3.917069329569737406e-03
3.644239312658707156e-03
3.363231585050622478e-03
4.056011171390612631e-03
3.571118072917064176e-03
3.650831601892908559e-03
3.533209208399057388e-03
3.388245201980074391e-03
3.792731867482264981e-03
3.981421779220302611e-03
3.721736371517181396e-03
3.573231243838866696e-03
3.434540393451849475e-03
3.711830514172712817e-03
3.594696133707960591e-03
3.744579774017135158e-03
3.463033741960922732e-03
3.841355598221222415e-03
3.443550551310181618e-03
3.359316925828655705e-03
3.660249756649136543e-03
3.662143213053544507e-03
3.732559038326144218e-03
4.020487268765767126e-03
3.649758795897165790e-03
3.639754839241504669e-03
3.522858489304780960e-03
3.733319385598103061e-03
3.636313291887442126e-03
3.886365176488955960e-03
3.451287125547727094e-03
3.775784202540914073e-03
3.854420889789859309e-03
3.638936439529061317e-03
3.311712566452721610e-03
3.778090700507164001e-03
3.479271506269772992e-03
3.580606852968533978e-03
3.510298673063516617e-03
3.217308588015536323e-03
3.637176317473252759e-03
3.410039314379294858e-03
3.673624557753404126e-03
3.508304012939333916e-03
3.841547993943095207e-03
3.479746092731753841e-03
3.651183331385254860e-03
3.689185560991366849e-03
3.649253320569793239e-03
3.674894105643033981e-03
3.749769491453965650e-03
3.403685288503766060e-03
3.572087346886595235e-03
3.414123862360914693e-03
3.580701925481359019e-03
3.630640140424171939e-03
3.825823310762643814e-03
3.438558507089813695e-03
3.419082068527738109e-03
3.797670671095450864e-03
3.646179723242918506e-03
3.769432815412680163e-03
3.583334386348724365e-03
3.439925455798705563e-03
3.631752294798692212e-03
3.635675723974903569e-03
3.707842668518424034e-03
3.632540038476387515e-03
3.437645578136046872e-03
3.642263278986016765e-03
3.580877790227532387e-03
3.583260423814257131e-03
3.688055090606212616e-03
3.728484424451986804e-03
3.894964698702096939e-03
3.636057643840710178e-03
3.648049120480815425e-03
3.726977932577332005e-03
3.415242691213885799e-03
3.583514597266912460e-03
3.543013473972678185e-03
3.649644631271561131e-03
3.840925016750892148e-03
3.937792265787720680e-03
3.561668408413728223e-03
3.452744412546356664e-03
3.756066473821798816e-03
3.778117398420969501e-03
3.425720613449811935e-03
3.363985180233915791e-03
3.558218711987137794e-03
3.728530447309216008e-03
3.644268882150451198e-03
3.558957716450095177e-03
3.503759391605854034e-03
3.551258007064461708e-03
3.792370591933528438e-03
3.593922825530171394e-03
3.788930286342898860e-03
3.542533299575249209e-03
3.755831780532995715e-03
3.766218898817896843e-03
3.524771969144543157e-03
3.553444830079873547e-03
3.604845997566977992e-03
3.714924678206443787e-03
3.787096201752623067e-03
3.486773387218514934e-03
3.650642155359188571e-03
3.754759052147468076e-03
3.731318982318043709e-03
3.687672084197402000e-03
3.770048652465144649e-03
3.740881181632479176e-03
3.580500526974598422e-03
3.665845375508069992e-03
3.572468180209398270e-03
3.659751731902360916e-03
3.982936652998129816e-03
3.465119050815701485e-03
3.572053664053479686e-03
3.524786792695522308e-03
3.667021325478950992e-03
3.541287112360199437e-03
3.718013642355799675e-03
4.036286069701115579e-03
3.405100277935465321e-03
3.793060158689816937e-03
3.443601541221141815e-03
3.559706189359227672e-03
3.414065344259142876e-03
3.842635080218315125e-03
3.541717771440744400e-03
3.641437971964478493e-03
3.652737087880571828e-03
3.655754029750823975e-03
3.362230258062481880e-03
3.856517529735962405e-03
3.567920687297979846e-03
3.739437942082683101e-03
3.510176436975598335e-03
3.658177563920617104e-03
3.525788895785808563e-03
4.049304096649090738e-03
3.679188356424371257e-03
3.559186899413665280e-03
3.729221333439151301e-03
3.579702383528152957e-03
3.649910523866613851e-03
3.541739812741676822e-03
3.793421589458982005e-03
3.583467953527966991e-03
4.192038594434658975e-03
3.591965961580475316e-03
3.452511737123131752e-03
3.538068771983186259e-03
3.693123658498128400e-03
3.513404478629430280e-03
3.575328815107544408e-03
3.704692935571074486e-03
3.658855644365151868e-03
3.502780105918645859e-03
3.590436264251669393e-03
3.462265866498152270e-03
3.695180484404166684e-03
3.819788650919993863e-03
3.403997281566262245e-03
3.667106541494528308e-03
3.751086769625544548e-03
3.602277875567475810e-03
3.569411657129724965e-03
3.744633557895819202e-03
3.619995123396317020e-03
3.647587106873591885e-03
3.698922305678328023e-03
3.779584852357705579e-03
3.264485858380794525e-03
3.406138081724444881e-03
3.552204541241129384e-03
3.778324928134679794e-03
3.624356351792812347e-03
3.829049644991755486e-03
4.083129965389768572e-03
3.729125407213965907e-03
3.741846575091282382e-03
3.448811670144399152e-03
3.617672172064582362e-03
3.755979317550858006e-03
3.620937699452042580e-03
3.621629982565840230e-03
4.002708476036787033e-03
3.625604091212153435e-03
3.538112388923764229e-03
3.730611875653266907e-03
3.643038682639598846e-03
3.664097283035516739e-03
3.839162255947788701e-03
3.611835340658823505e-03
3.625273238867521286e-03
3.586201540504892812e-03
3.567966399714350700e-03
3.677667739490667834e-03
3.578820886711279407e-03
3.698352491483092308e-03
3.718645389502247319e-03
3.539995911220709338e-03
3.482717166965206609e-03
3.756090921039382472e-03
3.525458353882034764e-03
3.580469172447919846e-03
3.569929550091425433e-03
3.584953024983406067e-03
3.357656920949617877e-03
3.488793270662426949e-03
3.859895591934522138e-03
3.646787954494357109e-03
3.211848360175887599e-03
3.541251178830862045e-03
3.224447641211251273e-03
3.913792548701167107e-03
3.334580843026439204e-03
3.417791953931252017e-03
