2.122524690628051935e+00
1.771983242034912198e+00
1.927590560913085893e+00
1.617078948020935103e+00
1.486038136482238814e+00
1.279170155525207520e+00
1.155168604850768999e+00
1.116232538223266513e+00
1.075775671005249068e+00
1.034508717060089067e+00
1.067444145679473877e+00
1.048233795166015669e+00
1.091963171958923340e+00
1.046110928058624268e+00
1.022072863578796342e+00
9.933890938758850320e-01
9.688503026962280718e-01
9.691796541213989480e-01
9.705225586891174094e-01
9.568184614181518555e-01
9.692721009254455788e-01
9.639387011528015581e-01
1.004153037071227939e+00
1.017675745487213179e+00
9.710781216621399148e-01
9.530551910400391069e-01
9.567527890205382857e-01
9.510897278785706010e-01
9.629344224929810014e-01
9.561589479446410689e-01
9.718910694122314675e-01
9.563182711601256880e-01
9.946370720863342285e-01
9.714685797691344771e-01
9.622678518295287864e-01
9.753522992134093794e-01
9.745546221733093484e-01
9.894743442535400835e-01
9.772233486175536665e-01
9.520930290222168191e-01
9.434122204780578391e-01
1.022374701499938920e+00
1.034105539321899414e+00
1.017394816875457852e+00
9.967857599258422852e-01
1.007499063014984042e+00
9.771806955337524192e-01
9.870606422424316184e-01
1.012277090549468905e+00
9.796588420867919922e-01
9.853071570396423340e-01
9.981330275535583718e-01
9.734344363212585893e-01
1.010196244716644376e+00
1.083562397956848056e+00
1.042150318622589111e+00
1.054038953781127885e+00
1.035699558258056596e+00
1.050140345096588046e+00
1.072449433803558394e+00
1.036880803108215288e+00
1.019257795810699418e+00
1.033984541893005371e+00
1.064173197746276944e+00
1.013226866722106934e+00
1.050151479244232133e+00
1.007986247539520264e+00
1.032573080062866300e+00
1.033599030971527055e+00
1.010766613483428999e+00
9.653147339820862260e-01
9.879341244697570357e-01
1.031610131263732910e+00
1.037715685367584184e+00
1.011509895324707031e+00
9.772920012474060059e-01
9.736511230468749556e-01
1.061827790737152055e+00
1.036263084411621183e+00
9.917768120765686479e-01
1.000486993789672763e+00
1.045026314258575395e+00
9.878945589065551980e-01
9.745083570480346236e-01
9.756170511245727539e-01
9.917542815208435503e-01
9.715854167938232644e-01
9.488545536994934526e-01
1.026347839832305819e+00
1.017001318931579634e+00
9.380253911018371360e-01
9.873463153839111550e-01
9.670287132263183372e-01
9.698182821273804155e-01
9.632978081703186257e-01
9.927661657333374245e-01
1.001638853549957187e+00
1.055394089221954435e+00
1.028010559082031206e+00
9.652564883232116477e-01
9.556037545204162376e-01
9.769167423248290572e-01
9.181803107261657937e-01
9.007300496101379172e-01
8.891477465629578081e-01
9.114552617073059526e-01
8.939711809158324973e-01
9.535215616226195845e-01
9.157241344451904075e-01
8.844497442245483620e-01
1.144610202312469571e+00
1.053660261631012007e+00
9.959106326103210893e-01
9.445318818092346413e-01
9.190471768379211426e-01
8.910159826278686301e-01
9.226723790168762651e-01
9.662606120109558105e-01
9.733693242073059304e-01
9.786820769309997337e-01
9.253226161003113015e-01
9.129351854324341264e-01
9.221986532211303711e-01
8.976536393165588379e-01
8.546684741973876731e-01
9.148547887802124245e-01
8.944434285163879172e-01
8.062752723693847878e-01
9.429383635520934837e-01
9.329210162162780984e-01
9.124992251396178977e-01
8.781957864761352761e-01
8.306882739067077415e-01
9.189004778861999956e-01
9.160224080085754839e-01
9.808416128158569114e-01
9.323760986328124556e-01
9.330981850624084917e-01
9.074439167976379172e-01
8.873583674430847168e-01
1.020146298408508345e+00
9.178396940231323686e-01
8.459068179130554421e-01
8.687572717666626199e-01
8.429718494415283647e-01
8.617733716964721680e-01
8.373202323913574441e-01
9.687509655952453169e-01
9.447593927383423074e-01
8.940595269203186479e-01
8.825912833213805930e-01
8.780596852302551270e-01
8.878924846649169922e-01
8.229027986526489258e-01
8.329436779022216797e-01
7.767022371292113814e-01
9.524144530296325684e-01
1.022502136230468706e+00
1.084916067123413042e+00
8.939902663230896440e-01
8.510690093040466087e-01
8.910868763923645020e-01
8.184371232986450417e-01
8.072691202163696511e-01
8.364427566528320757e-01
1.012668526172638028e+00
1.027160882949829102e+00
1.042184281349182173e+00
9.189658761024475098e-01
8.715899229049682839e-01
8.138605594635009988e-01
8.678880810737610307e-01
9.445069193840026633e-01
1.031566643714904696e+00
1.010375487804412886e+00
1.053072762489318803e+00
1.021424877643585249e+00
9.903870820999145508e-01
9.080115675926208052e-01
9.193886399269104448e-01
9.036665439605713335e-01
9.179946064949036089e-01
8.849033236503600630e-01
9.890467524528503418e-01
9.183437824249267578e-01
8.854761600494385210e-01
8.681262373924255593e-01
8.271683812141418235e-01
7.939145207405090554e-01
8.032254934310912864e-01
8.265213251113892046e-01
9.269359946250915749e-01
9.588979721069336160e-01
8.880967736244201882e-01
7.901277542114257812e-01
8.004768133163452370e-01
8.515769600868224876e-01
9.090940356254577637e-01
7.822519183158874734e-01
9.924336194992064986e-01
9.180406093597411887e-01
7.817126512527465820e-01
7.302128076553344727e-01
7.060210824012755904e-01
7.189793825149536355e-01
9.124930024147033247e-01
9.637134790420531782e-01
8.492602467536926047e-01
8.360283374786376953e-01
7.172024726867676225e-01
6.754007577896118386e-01
6.815562605857848899e-01
6.346718430519103782e-01
7.891552805900573508e-01
8.788755536079406738e-01
7.948691844940185547e-01
6.880712389945984331e-01
6.956980943679809126e-01
6.836803078651427779e-01
6.951995968818664995e-01
7.473612546920775923e-01
6.828114151954650657e-01
6.794622659683227095e-01
6.449778676033020020e-01
6.451087117195128950e-01
6.323968529701232688e-01
6.041360139846801980e-01
5.943974018096923606e-01
7.550567626953125222e-01
8.258638501167296919e-01
7.288345098495483398e-01
6.704454183578490989e-01
7.011738300323486772e-01
6.275828123092651589e-01
5.899350583553314431e-01
5.745287179946899636e-01
6.061319887638092485e-01
5.887014865875244141e-01
5.635503411293030229e-01
5.787552773952484575e-01
6.029382467269897017e-01
6.261603474617004617e-01
6.019442915916443093e-01
5.789317309856414351e-01
5.753366649150848389e-01
8.082954049110412376e-01
7.783583402633666992e-01
8.493364810943603294e-01
7.489913463592529075e-01
6.671930551528930664e-01
6.091952681541442649e-01
5.860351920127868652e-01
6.517039537429809570e-01
6.349506199359893355e-01
5.694056510925292747e-01
5.804625511169433372e-01
5.693900525569915994e-01
5.718241691589355247e-01
5.393144845962524192e-01
5.656828701496123823e-01
6.534577608108520508e-01
5.992292761802673340e-01
5.845874607563018577e-01
5.878642618656158003e-01
6.262669086456298384e-01
5.743033468723297563e-01
5.387397825717925581e-01
5.367359817028045654e-01
5.337985038757324663e-01
5.359881937503814253e-01
5.114528834819793701e-01
5.857673764228821245e-01
5.878190815448760542e-01
7.518932223320007324e-01
6.124220252037048118e-01
5.484154403209686723e-01
5.537394464015961137e-01
6.089032351970672385e-01
6.244812965393066184e-01
5.703860878944396751e-01
6.281251311302185059e-01
5.965754032135009988e-01
5.591089546680449995e-01
5.199715673923492876e-01
7.013696312904358354e-01
6.631880998611450195e-01
6.765821933746337669e-01
6.598186016082763228e-01
6.062960386276244895e-01
5.487354040145874245e-01
5.502588391304016335e-01
5.182803273200988770e-01
5.303083896636963113e-01
5.151645720005035844e-01
4.898000895977020486e-01
5.223023891448974609e-01
6.160653948783874068e-01
5.764651238918304665e-01
5.316734135150908980e-01
5.647169947624206543e-01
5.309787034988403542e-01
5.446999311447143777e-01
5.081781387329101785e-01
4.596360206604003795e-01
4.477819025516510121e-01
4.282083511352539062e-01
4.535028636455535889e-01
4.665033400058746227e-01
4.849248528480529785e-01
4.407301723957061657e-01
4.813804566860199197e-01
4.958261728286743053e-01
4.759857356548309326e-01
4.504669845104217751e-01
4.785731613636016735e-01
4.568868160247802623e-01
4.431875467300415150e-01
4.300395607948303001e-01
4.416953742504119984e-01
4.530015110969543568e-01
5.329397082328796165e-01
5.577222526073455366e-01
5.292306065559386763e-01
5.041693210601806419e-01
4.658648848533630260e-01
4.417170226573944314e-01
4.404919505119323508e-01
4.246638894081115612e-01
4.161934256553649902e-01
4.092349648475647195e-01
4.153870165348053090e-01
4.649495840072631614e-01
4.541859269142151101e-01
4.533558309078216664e-01
4.848226428031921498e-01
5.081845760345459206e-01
4.586882293224334717e-01
4.825097799301147350e-01
4.434750735759734885e-01
4.214876949787139671e-01
4.224258422851562278e-01
4.210237264633178711e-01
4.006137132644653209e-01
3.951719701290130615e-01
3.994126021862030029e-01
3.868673741817474365e-01
3.850442051887512096e-01
3.930607318878173717e-01
4.711249768733978271e-01
4.502036094665527455e-01
4.559439778327941672e-01
4.504681587219238059e-01
4.386111438274383767e-01
4.814762592315673939e-01
4.483365297317504772e-01
4.432856440544128418e-01
4.529410600662231445e-01
5.116315245628356712e-01
4.770141243934631348e-01
4.692285120487212913e-01
4.221286058425903209e-01
4.316736042499542125e-01
4.254972159862518422e-01
4.235303997993469238e-01
4.069082975387573464e-01
3.884097337722778320e-01
4.129932940006256215e-01
4.845623672008514404e-01
4.462406158447265736e-01
5.382178723812103271e-01
5.221509099006652610e-01
4.443501830101013184e-01
4.525477290153503418e-01
4.095957636833190696e-01
4.376130044460296853e-01
4.224290847778320312e-01
4.102371513843536266e-01
4.064536213874817006e-01
3.797160089015960693e-01
3.752546131610870472e-01
4.060430705547332653e-01
4.325689435005187766e-01
6.147932112216949463e-01
5.419048488140105757e-01
4.802594780921936035e-01
4.436588048934936301e-01
4.366953253746032604e-01
4.510571956634521484e-01
4.457137584686279297e-01
4.083832204341888428e-01
3.878514766693115234e-01
4.049474418163299672e-01
4.245873153209686057e-01
4.467624604701995739e-01
4.702408134937286488e-01
5.451859414577484575e-01
5.076498210430144820e-01
4.397266864776611106e-01
4.620969712734222523e-01
4.106207847595214622e-01
3.799643099308013805e-01
3.661310315132141335e-01
3.738061606884002797e-01
3.627206265926360973e-01
3.569303095340728982e-01
3.512905120849609264e-01
3.537741363048553245e-01
3.500100612640381081e-01
3.481126427650451660e-01
3.551685869693755881e-01
3.571337223052978294e-01
3.536883443593978882e-01
3.618649303913116233e-01
3.679395139217376820e-01
3.483278751373291016e-01
3.426488339900970459e-01
3.533486008644103893e-01
3.499750912189483754e-01
3.356149941682815552e-01
3.375573694705963357e-01
3.380330443382263406e-01
3.574249982833862527e-01
3.414294898509979137e-01
3.507577598094940297e-01
3.462965518236160167e-01
3.557799279689788929e-01
3.380411684513092152e-01
3.402825355529784934e-01
3.310399353504180908e-01
3.410863339900970237e-01
3.412191390991211049e-01
3.525320589542388916e-01
3.463499665260315052e-01
3.429323494434356467e-01
3.427637457847595437e-01
3.489903509616851807e-01
3.410817921161651833e-01
3.372904837131500133e-01
3.373935759067535622e-01
3.444313645362854226e-01
3.546723008155822643e-01
3.683967530727386697e-01
3.544483125209808572e-01
3.549851000308990590e-01
3.491060972213745339e-01
3.522034645080566184e-01
3.516426861286163219e-01
3.445399522781372181e-01
3.377256453037261741e-01
3.257387220859527810e-01
3.288358837366104348e-01
3.301994860172271506e-01
3.247774064540863148e-01
3.330370128154754861e-01
3.414887309074401966e-01
3.764273226261138916e-01
3.574371218681335338e-01
3.695323884487152211e-01
3.913767218589782604e-01
3.908456265926361084e-01
3.672877728939056285e-01
3.459857225418090931e-01
3.742330133914947288e-01
3.623528778553009033e-01
3.658520817756653054e-01
3.565402388572692649e-01
3.686302661895751731e-01
3.466300368309020996e-01
3.356512904167175404e-01
3.369864225387573242e-01
3.321838319301605447e-01
3.800936341285705566e-01
3.907489061355590709e-01
3.744747757911682240e-01
3.538387238979339711e-01
3.563119649887084850e-01
3.544175326824188232e-01
3.634177982807159646e-01
3.499398350715637318e-01
3.481364846229553223e-01
3.396866619586944580e-01
3.219109296798706166e-01
3.162506580352782981e-01
3.172768890857696755e-01
3.241242647171020397e-01
3.654745936393737904e-01
3.709275305271148571e-01
3.733970046043396107e-01
3.627718508243560902e-01
3.572738707065582497e-01
3.946844398975372092e-01
3.740472376346588024e-01
3.484853148460388406e-01
3.308986842632293812e-01
3.670696079730987327e-01
3.412265062332153209e-01
3.543788254261016624e-01
3.420168519020080344e-01
3.553448438644409291e-01
3.608138203620910867e-01
3.465083777904510720e-01
3.366938114166259655e-01
3.581673860549926536e-01
3.612296700477600209e-01
3.313668966293334961e-01
3.236808359622955211e-01
3.344380319118499534e-01
3.127239048480987549e-01
3.082698881626129150e-01
3.248268783092498890e-01
3.295650064945220836e-01
3.397784233093261719e-01
3.291496396064758079e-01
3.216406702995300293e-01
3.179065048694610374e-01
3.134008079767227062e-01
3.127087265253066795e-01
3.071115672588348167e-01
3.031830221414565929e-01
3.015543848276138195e-01
3.044773936271667480e-01
3.018755435943603627e-01
3.025969505310058816e-01
3.014871388673782127e-01
2.957929551601409801e-01
2.929126977920532005e-01
2.944431245326996072e-01
2.955572307109832764e-01
2.974132239818573220e-01
2.993547439575195424e-01
3.068219363689422829e-01
3.043878018856048806e-01
3.023249983787536510e-01
3.119731724262237438e-01
3.027731478214263916e-01
2.996826648712158092e-01
2.983731120824814065e-01
2.951976120471954124e-01
2.951772958040237427e-01
3.107495635747909435e-01
3.102622210979461559e-01
3.050364583730697521e-01
2.955253660678863747e-01
2.970347911119460838e-01
2.956931054592132346e-01
3.032810628414154275e-01
2.985326945781707764e-01
3.035907298326492310e-01
2.985018312931060902e-01
2.981063365936279519e-01
2.992625027894973977e-01
2.968192696571350098e-01
3.268680691719055287e-01
3.382345974445343240e-01
3.293942749500274880e-01
3.152831912040710560e-01
3.146311163902282826e-01
3.716431558132171631e-01
3.485729634761810525e-01
3.162917137145996316e-01
3.047934740781784169e-01
3.004113882780075073e-01
2.967344641685485951e-01
2.973887085914611594e-01
3.204222142696380726e-01
3.044861316680907981e-01
3.054705381393432728e-01
3.006260573863983043e-01
2.926847100257873313e-01
2.929726988077163696e-01
2.986877828836441151e-01
2.963927686214447021e-01
2.981426566839218140e-01
3.033662080764770730e-01
2.946220368146896251e-01
2.890983849763870128e-01
2.937040865421295388e-01
2.942825317382812278e-01
2.924941986799239890e-01
2.983491182327270286e-01
2.925068557262420765e-01
2.925499796867370716e-01
2.937194228172302357e-01
2.925007462501525990e-01
2.959742605686187522e-01
3.051168203353881725e-01
3.102445214986800925e-01
3.133506894111633412e-01
3.281729340553283802e-01
3.232154518365860096e-01
3.050663381814956443e-01
3.052336394786834828e-01
3.034306585788726918e-01
2.966956526041030773e-01
2.952195525169372670e-01
2.907396614551543967e-01
2.990762770175933727e-01
2.927092343568801769e-01
2.911124289035796897e-01
2.952033847570419423e-01
3.015262693166732566e-01
3.079503953456878551e-01
3.022478044033050648e-01
2.993525862693786621e-01
2.920749515295028576e-01
2.967246800661086925e-01
2.964246392250061146e-01
2.917130649089813010e-01
2.969319760799408181e-01
2.910080850124359131e-01
2.933375120162963756e-01
2.928334832191467063e-01
2.894836187362671009e-01
2.866139948368072732e-01
2.844119369983673096e-01
2.853475779294967762e-01
2.845325142145156971e-01
2.844132781028747559e-01
2.875577986240386852e-01
2.833214908838271873e-01
2.801224380731582864e-01
2.814051896333694680e-01
2.871961712837219349e-01
2.872226506471634022e-01
2.843644082546233909e-01
2.831767231225967296e-01
2.827815860509872437e-01
2.806593805551528820e-01
2.810131877660751454e-01
2.839486330747604259e-01
2.857303261756897195e-01
2.831836819648742565e-01
2.917955368757247925e-01
3.031022071838379017e-01
2.936484992504119762e-01
2.916673183441161887e-01
2.907084286212920921e-01
2.881420701742172241e-01
2.861257761716842762e-01
2.891430109739303589e-01
2.900207042694091797e-01
2.843979895114898682e-01
2.851404815912246815e-01
2.825040370225906372e-01
2.783454000949859841e-01
2.776166081428527721e-01
2.799031853675842396e-01
2.797587692737579235e-01
2.766387253999710305e-01
2.793722152709960938e-01
2.783055245876312478e-01
2.804874151945114247e-01
2.793750047683715709e-01
2.802053600549697654e-01
2.784030258655548207e-01
2.773942768573761097e-01
2.765765458345413319e-01
2.755838304758072010e-01
2.786757528781890758e-01
2.794251561164856068e-01
2.815613418817520253e-01
2.798118531703949197e-01
2.778046250343322865e-01
2.789762049913406261e-01
2.784629672765731589e-01
2.796239972114563099e-01
2.811990112066268810e-01
2.824618130922317283e-01
2.839250832796096913e-01
2.805879563093185425e-01
2.796320408582687600e-01
2.784761548042297141e-01
2.766851633787155151e-01
2.780439913272857444e-01
2.823143392801285012e-01
2.787479221820831077e-01
2.808112233877181896e-01
2.864921331405639870e-01
2.909857928752899170e-01
2.908594191074371227e-01
2.913781672716140858e-01
2.823384165763854758e-01
2.792662471532821877e-01
2.878525972366333119e-01
2.836654275655746682e-01
2.848181217908859475e-01
2.825795114040374756e-01
2.795652180910110363e-01
2.786065697669982688e-01
2.774746775627136008e-01
2.764346510171890037e-01
2.765797376632690430e-01
2.771155804395675770e-01
2.771280407905578613e-01
2.801386654376983865e-01
2.791306406259536632e-01
2.776913851499557273e-01
2.774101853370666282e-01
2.764170795679092296e-01
2.758669555187225342e-01
2.762900650501250999e-01
2.754129409790039285e-01
2.742902159690857045e-01
2.749616295099258645e-01
2.730469197034836037e-01
2.724185347557067649e-01
2.724487364292144664e-01
2.721330285072326438e-01
2.726276487112045399e-01
2.725202888250350952e-01
2.726893573999404907e-01
2.727091908454895020e-01
2.758035212755203247e-01
2.790061533451080322e-01
2.795058518648147472e-01
2.758641809225082508e-01
2.777737826108932495e-01
2.771176159381866233e-01
2.727885007858276145e-01
2.716780990362167580e-01
2.712821573019027488e-01
2.717080354690551980e-01
2.715741157531738059e-01
2.706087857484817394e-01
2.706878811120986827e-01
2.702043533325195201e-01
2.705253571271896140e-01
2.701365351676940918e-01
2.706618309020996094e-01
2.705103844404220803e-01
2.710499644279479869e-01
2.706417858600616566e-01
2.706567734479904397e-01
2.710370749235153087e-01
2.724370062351226807e-01
2.722068965435028298e-01
2.716503113508224598e-01
2.728283941745758279e-01
2.716867983341216819e-01
2.713401108980179055e-01
2.706261456012725719e-01
2.720459669828415028e-01
2.727740019559860007e-01
2.733950823545455711e-01
2.714186161756515503e-01
2.729280203580856101e-01
2.727358460426330677e-01
2.739113688468933216e-01
2.745394468307494895e-01
2.745887786149978638e-01
2.720158815383911244e-01
2.709916383028030396e-01
2.710085541009902843e-01
2.707051783800125122e-01
2.704912543296814076e-01
2.701842844486236350e-01
2.694889277219772450e-01
2.711236745119094960e-01
2.727150589227676503e-01
2.742397785186767578e-01
2.740755587816238181e-01
2.774114161729812622e-01
2.789742976427078136e-01
2.804490238428115623e-01
2.752418249845504650e-01
2.726160049438476340e-01
2.721272975206375233e-01
2.727332293987274059e-01
2.703136026859283558e-01
2.727036029100418091e-01
2.714979231357574352e-01
2.703492879867553933e-01
2.693568229675292747e-01
2.697537809610366932e-01
2.688433051109314076e-01
2.691332936286926492e-01
2.692198812961578147e-01
2.697248488664626964e-01
2.691778689622879028e-01
2.708857923746109120e-01
2.700462132692337258e-01
2.720457345247268566e-01
2.707080334424972756e-01
2.690432429313659446e-01
2.688024818897247203e-01
2.686659067869186512e-01
2.683692216873169167e-01
2.686427742242812888e-01
2.678213268518447876e-01
2.686228811740875022e-01
2.710088640451431274e-01
2.717776864767074696e-01
2.702694684267044067e-01
2.706717222929000966e-01
2.703390896320342907e-01
2.699648141860961914e-01
2.697507441043853760e-01
2.714238733053207508e-01
2.717569351196288951e-01
2.717826902866363747e-01
2.693625956773758046e-01
2.681534409523010365e-01
2.675452262163162120e-01
2.673920780420303567e-01
2.670110046863555797e-01
2.669380217790603416e-01
2.671068131923675648e-01
2.668682664632797130e-01
2.668854832649231179e-01
2.668208628892898560e-01
2.675825297832489236e-01
2.669490814208984597e-01
2.668873846530914196e-01
2.668345481157302634e-01
2.673979967832565419e-01
2.670229226350784302e-01
2.672614544630050881e-01
2.668130546808242798e-01
2.669291824102401622e-01
2.669929504394531472e-01
2.667397201061249001e-01
2.664908170700073242e-01
2.672060817480087502e-01
2.667058944702148660e-01
2.666515439748763927e-01
2.665295928716659435e-01
2.665674269199371227e-01
2.664505004882812278e-01
2.678388863801955955e-01
2.675849884748459084e-01
2.673665255308151356e-01
2.673256158828735130e-01
2.676853805780410878e-01
2.671727091073989868e-01
2.673312544822692982e-01
2.664218425750732311e-01
2.664873391389847024e-01
2.661950886249542236e-01
2.664691358804702759e-01
2.662687331438064464e-01
2.661403924226760642e-01
2.662185132503509521e-01
2.662697255611419789e-01
2.662818670272827370e-01
2.662594735622406117e-01
2.660334646701812966e-01
2.662498772144317738e-01
2.660643517971038596e-01
2.665124595165252464e-01
2.661630123853683250e-01
2.665997833013534768e-01
2.664416342973708884e-01
2.664476603269577137e-01
2.663425415754318015e-01
2.664076179265976174e-01
2.669182509183883889e-01
2.667237907648086770e-01
2.666647642850875632e-01
2.671052813529968262e-01
2.666032254695892556e-01
2.667245447635650524e-01
2.673484891653060691e-01
2.665256083011627308e-01
2.667310327291488870e-01
2.659048825502395852e-01
2.660104483366012573e-01
2.656198382377624734e-01
2.659499168395996205e-01
2.657866120338440163e-01
2.660365879535674938e-01
2.657414525747299194e-01
2.662824004888534324e-01
2.655840188264846913e-01
2.656291782855987327e-01
2.662485778331756814e-01
2.656456142663955466e-01
2.666278094053268211e-01
2.670322239398956188e-01
2.686485558748245017e-01
2.700013667345046997e-01
2.660472482442856057e-01
2.671994477510452048e-01
2.666661292314529419e-01
2.657747000455856212e-01
2.660745948553085438e-01
2.660609662532806285e-01
2.658260285854339711e-01
2.656294822692871205e-01
2.653173208236694336e-01
2.653439879417419656e-01
2.652398854494094627e-01
2.653696864843368419e-01
2.650312006473541371e-01
2.651378959417343140e-01
2.651560008525848389e-01
2.649891704320907482e-01
2.648989766836166160e-01
2.649390816688537709e-01
2.657409280538559071e-01
2.659215420484543069e-01
2.653971970081329124e-01
2.652638435363769420e-01
2.653766930103301780e-01
2.653677433729171864e-01
2.653495788574218861e-01
2.650785356760024802e-01
2.649532884359359630e-01
2.646627992391586415e-01
2.646668612957000510e-01
2.647686213254928367e-01
2.647026270627975686e-01
2.647810727357864380e-01
2.645704776048660167e-01
2.645925164222717174e-01
2.647396415472030862e-01
2.645244091749191506e-01
2.645823657512664795e-01
2.645943880081176869e-01
2.645318686962127575e-01
2.646468609571456798e-01
2.646197378635406494e-01
2.645236819982528798e-01
2.645766943693160789e-01
2.648011207580566184e-01
2.646240890026092529e-01
2.646707445383071899e-01
2.644689619541168435e-01
2.647053718566894642e-01
2.648241966962814331e-01
2.646093398332595714e-01
2.643500894308090099e-01
2.643745958805084340e-01
2.643988847732544056e-01
2.643938243389129528e-01
2.644220441579818726e-01
2.643366783857345470e-01
2.643408089876174705e-01
2.644687622785568126e-01
2.644844651222229004e-01
2.644087076187133789e-01
2.644463032484054565e-01
2.647004067897796853e-01
2.648658573627472035e-01
2.648139208555221336e-01
2.645950913429260254e-01
2.644512802362442017e-01
2.643906325101852417e-01
2.643571555614471214e-01
2.643065780401229747e-01
2.644629538059234397e-01
2.644786804914474598e-01
2.643695950508117565e-01
2.642785370349883811e-01
2.644516199827194325e-01
2.643092811107635720e-01
2.641828000545501931e-01
2.641093075275421365e-01
2.641747146844863892e-01
2.643890529870986938e-01
2.645074397325515858e-01
2.644751399755477794e-01
2.641260862350464089e-01
2.640502303838729858e-01
2.640421450138091819e-01
2.640409946441650280e-01
2.642344981431961060e-01
2.642329007387161366e-01
2.640763998031616100e-01
2.643514856696128623e-01
2.641641050577163696e-01
2.643494129180908314e-01
2.641321539878845326e-01
2.643468439579009788e-01
2.641937762498855480e-01
2.642651915550232045e-01
2.642432510852813499e-01
2.640549123287200817e-01
2.639972478151321189e-01
2.638964086771011242e-01
2.639849126338958962e-01
2.639728158712387196e-01
2.639865875244140625e-01
2.639309376478194968e-01
2.638327628374099731e-01
2.641109615564346536e-01
2.639090508222580178e-01
2.639011740684509277e-01
2.639046281576156727e-01
2.638391703367233276e-01
2.639759302139282338e-01
2.638470947742462269e-01
2.639628618955612294e-01
2.643214553594589455e-01
2.648300558328628429e-01
2.647757172584533913e-01
2.640360683202743752e-01
2.641725987195968628e-01
2.638443499803543313e-01
2.639438360929489136e-01
2.642278760671615823e-01
