9.416272068023681996e+00
9.345690488815307617e+00
9.321328067779541371e+00
9.325626659393311257e+00
9.229679679870605113e+00
9.239453506469725852e+00
9.210198736190795543e+00
9.188781738281250000e+00
9.193612909317016246e+00
9.196376848220825906e+00
9.181042289733886363e+00
9.192290663719177246e+00
9.209204196929931641e+00
9.192922663688658957e+00
9.216984796524048562e+00
9.211762237548828836e+00
9.190273284912109375e+00
9.178179931640624289e+00
9.190165090560913796e+00
9.186482620239257102e+00
9.188895225524902344e+00
9.190952110290528054e+00
9.177134108543395286e+00
9.201364231109618430e+00
9.182723116874694114e+00
9.187320041656494851e+00
9.199487972259522195e+00
9.182463502883910778e+00
9.189162063598633523e+00
9.196848237514496205e+00
9.170059049129486439e+00
9.189825916290283558e+00
9.182178878784180043e+00
9.189828205108643289e+00
9.190073180198670144e+00
9.176413202285766957e+00
9.194051885604858754e+00
9.159163999557495828e+00
9.187202394008636475e+00
9.166362380981444957e+00
9.167826223373413796e+00
9.185528755187988281e+00
9.179951000213623757e+00
9.181014442443848012e+00
9.171027612686156516e+00
9.202832078933715465e+00
9.169581878185272927e+00
9.174081087112426758e+00
9.152810335159301758e+00
9.180172634124755149e+00
9.175978660583496094e+00
9.160453796386718750e+00
9.155220222473143821e+00
9.186462402343750000e+00
9.218039417266846058e+00
9.209687685966491344e+00
9.198352146148682351e+00
9.188151907920836692e+00
9.192636656761170144e+00
9.194970881938933971e+00
9.191468381881714222e+00
9.185685729980468395e+00
9.189662504196167703e+00
9.211299312114714866e+00
9.216587686538696644e+00
9.197928810119629262e+00
9.189716434478759410e+00
9.198130798339843039e+00
9.189653062820434926e+00
9.200314068794250844e+00
9.173183023929595947e+00
9.144546508789062500e+00
9.186796140670775657e+00
9.145793473720550182e+00
9.149673938751220703e+00
9.146000337600707297e+00
9.155106008052825928e+00
9.147718620300292258e+00
9.151392447948456521e+00
9.149077129364012961e+00
9.151384925842284801e+00
9.163846302032471414e+00
9.176684999465942738e+00
9.177508151531219127e+00
9.161886644363402610e+00
9.160863304138183949e+00
9.146170902252197976e+00
9.130148506164550426e+00
9.149373388290404918e+00
9.096914672851562855e+00
9.116596508026123757e+00
9.098925590515136719e+00
9.108700227737426047e+00
9.094848537445068715e+00
9.115171051025390270e+00
9.140763068199158070e+00
9.156526660919189098e+00
9.155616950988768821e+00
9.131583786010741832e+00
9.102879714965819602e+00
9.099327218532561545e+00
9.125032711029053445e+00
9.118917512893677468e+00
9.103264546394347789e+00
9.101887130737305043e+00
9.111970734596251731e+00
9.120589447021483664e+00
9.108981800079344993e+00
9.110102367401122336e+00
9.078129148483276012e+00
9.149809730052947288e+00
9.121329402923583629e+00
9.115674662590027566e+00
9.130750823020935769e+00
9.132944679260253551e+00
9.125583267211913707e+00
9.106424999237059836e+00
9.112465155124663596e+00
9.118648314476013539e+00
9.115808677673339133e+00
9.101401185989379528e+00
9.100599741935729625e+00
9.086390256881713867e+00
9.102535152435303090e+00
9.051175022125244496e+00
9.069341540336608887e+00
9.064392185211181285e+00
9.047157239913939719e+00
9.068432617187500711e+00
9.060718727111815696e+00
9.041036367416381836e+00
9.019555652141571400e+00
9.004963135719298961e+00
9.010568332672118430e+00
9.009372413158416748e+00
9.023441791534423828e+00
9.129029607772826793e+00
9.085891962051391602e+00
9.058987462520599721e+00
9.048642110824584250e+00
9.067841112613677979e+00
9.073793506622314098e+00
9.026349258422850852e+00
9.021083450317382457e+00
9.020173925161362405e+00
9.022958207130432839e+00
9.039433884620667214e+00
9.065066123008728383e+00
9.045786285400390980e+00
9.056096935272217152e+00
9.029214811325072532e+00
9.002246451377867942e+00
9.080345153808593750e+00
8.993380260467528586e+00
8.975670099258422852e+00
8.969480109214782004e+00
9.009942531585693359e+00
9.102301979064941762e+00
9.108741664886474965e+00
9.021003437042235618e+00
9.013175535202027078e+00
8.985677909851073508e+00
8.992165851593018289e+00
9.021683788299560192e+00
9.012134981155394797e+00
9.050652217864989524e+00
9.081944084167480113e+00
9.083037185668946023e+00
9.070752739906311035e+00
9.071445178985594993e+00
9.056342542171478271e+00
9.025085902214049938e+00
9.060785710811614990e+00
9.057256543636322377e+00
9.098604488372803445e+00
9.084579753875733132e+00
9.091973114013672586e+00
9.092844676971434836e+00
9.101566314697265625e+00
9.092848706245423074e+00
9.105922818183898926e+00
9.103026616573334451e+00
9.087142872810364480e+00
9.092186737060547586e+00
9.078039193153381703e+00
9.039599895477294922e+00
9.052691936492919922e+00
9.018249630928039551e+00
8.997218728065490723e+00
9.014813137054442649e+00
9.015457296371460316e+00
9.007761359214782715e+00
9.015107512474060059e+00
8.958248758316040394e+00
8.969199514389037731e+00
8.948774433135985973e+00
8.973104238510131836e+00
8.985339546203613637e+00
8.947082352638243918e+00
8.995905864238739724e+00
8.982476520538330789e+00
8.946435523033141379e+00
8.946104025840758922e+00
8.927178764343262074e+00
8.917350602149962668e+00
8.930711722373962047e+00
8.927018260955810192e+00
8.960925734043120983e+00
8.892685890197753906e+00
8.879550743103028054e+00
8.858110952377320046e+00
8.854217332601546531e+00
8.857147932052612305e+00
8.855992412567138317e+00
8.877497309446335194e+00
8.918731307983398082e+00
8.865519762039184570e+00
8.859578454494476674e+00
8.847766661643982289e+00
8.846771907806395774e+00
8.857720804214476829e+00
8.886932754516601918e+00
8.842138612270355580e+00
8.803216385841370339e+00
8.835441017150879262e+00
8.832485294342040660e+00
8.824833011627196910e+00
8.788029623031615500e+00
8.825835371017456410e+00
8.865704059600830078e+00
8.854549503326415660e+00
8.822529816627502797e+00
8.791928577423096414e+00
8.808476448059082031e+00
8.830365872383117321e+00
8.827214288711548562e+00
8.820548343658447976e+00
8.792831563949585316e+00
8.788813114166259766e+00
8.796916007995605469e+00
8.808040571212767844e+00
8.812701225280761719e+00
8.790778350830077414e+00
8.808345603942871804e+00
8.816903853416443226e+00
8.794742822647094727e+00
8.878935432434081676e+00
8.866234916448593850e+00
8.866409134864806418e+00
8.879473781585693004e+00
8.882866907119751687e+00
8.860359573364258168e+00
8.831557083129883523e+00
8.872875094413757324e+00
8.879490792751312256e+00
8.838672423362732289e+00
8.819118785858155007e+00
8.806501340866088157e+00
8.790557670593262429e+00
8.784804868698120828e+00
8.795867443084716797e+00
8.771485614776612039e+00
8.788588774204253440e+00
8.804458975791931152e+00
8.802256792783737183e+00
8.788047504425048118e+00
8.776220798492431641e+00
8.755130958557128196e+00
8.767395210266112571e+00
8.754464292526245472e+00
8.741453450918196921e+00
8.766511487960816140e+00
8.765092229843139293e+00
8.777852344512940164e+00
8.786907672882080078e+00
8.754030823707580566e+00
8.781404972076416016e+00
8.764238065481185558e+00
8.774581575393677113e+00
8.789690303802490945e+00
8.747254753112793324e+00
8.791041374206542969e+00
8.789439868927001243e+00
8.758223819732666726e+00
8.780724918842315319e+00
8.800933742523193715e+00
8.757806789875029807e+00
8.756192874908446555e+00
8.750655549764633889e+00
8.747761845588684082e+00
8.756083703041076305e+00
8.761788177490235086e+00
8.758267259597777965e+00
8.758540487289428356e+00
8.754880100488662720e+00
8.748394155502319691e+00
8.750429439544678445e+00
8.771965980529785156e+00
8.749225139617919922e+00
8.764483976364136453e+00
8.757095384597779031e+00
8.751131868362426403e+00
8.755044937133789062e+00
8.751079225540161488e+00
8.738642740249634500e+00
8.738850450515746715e+00
8.733116722106933238e+00
8.740325212478637695e+00
8.742464733123778586e+00
8.733424377441405539e+00
8.742110592126845603e+00
8.747604179382324929e+00
8.731299304962158558e+00
8.732970523834229226e+00
8.739352905750275013e+00
8.741756868362426047e+00
8.728543758392333984e+00
8.731267356872558949e+00
8.729289233684539795e+00
8.732250142097473855e+00
8.732727909088135121e+00
8.735825467109680886e+00
8.733376789093018289e+00
8.758478808403015847e+00
8.731724607944489236e+00
8.717877197265625711e+00
8.736106932163238525e+00
8.721721291542053223e+00
8.718248867988586781e+00
8.721555042266846414e+00
8.725123119354247336e+00
8.729880666732787731e+00
8.745425474643706565e+00
8.723560571670532227e+00
8.730279612541199441e+00
8.737498474121093039e+00
8.747826576232910156e+00
8.735183185338973644e+00
8.728227329254149680e+00
8.724285888671875711e+00
8.728793430328369851e+00
8.728446626663208363e+00
8.725058460235596058e+00
8.725227880477905984e+00
8.722507250308989768e+00
8.729341268539428711e+00
8.731452631950379129e+00
8.732625102996825817e+00
8.731359100341796520e+00
8.738461089134215598e+00
8.745289933681487327e+00
8.729594993591309304e+00
8.733046245574950461e+00
8.731114482879638317e+00
8.746844553947449086e+00
8.734165263175963645e+00
8.735647678375244141e+00
8.734316718578337913e+00
8.739016950130462646e+00
8.729924571514128928e+00
8.723492145538330078e+00
8.724747771024704335e+00
8.731354117393493652e+00
8.731784343719482422e+00
8.727403217554092762e+00
8.727997350692749734e+00
8.732714432477951760e+00
8.736656713485718484e+00
8.728753757476805930e+00
8.731866407394409890e+00
8.719059085845946910e+00
8.717684173583984730e+00
8.720771694183349965e+00
8.720722174644469860e+00
8.718498134613037465e+00
8.723285049200057983e+00
8.715488338470459340e+00
8.720799160003661399e+00
8.721070957183837180e+00
8.715168046951294656e+00
8.724707204103470559e+00
8.724320650100708008e+00
8.704517269134521840e+00
8.746704393625259755e+00
8.714783191680908203e+00
8.705499458312988992e+00
8.717884612083434348e+00
8.700560379028321023e+00
8.732015228271484020e+00
8.717041546106338856e+00
8.728183239698410034e+00
8.721083402633666992e+00
8.719786608219147084e+00
8.709148502349853160e+00
8.705566596984862571e+00
8.722152900695800071e+00
8.715450668334961293e+00
8.711546763777732849e+00
8.700380563735961914e+00
8.696238708496093039e+00
8.702009218931198831e+00
8.701855993270873668e+00
8.703744602203368430e+00
8.699183702468872070e+00
8.703535318374633789e+00
8.706702494621277211e+00
8.706344270706177113e+00
8.705632579326628928e+00
8.708849525451659801e+00
8.705719184875487571e+00
8.711350893974303844e+00
8.709886455535889027e+00
8.717947959899902344e+00
8.708607864379882102e+00
8.711016559600830433e+00
8.707329010963439586e+00
8.713055086135863547e+00
8.712713527679444070e+00
8.713046520948410034e+00
8.711804747581481934e+00
8.709236621856689453e+00
8.708616638183594105e+00
8.709639948606490378e+00
8.710565328598022461e+00
8.710558032989501598e+00
8.708688116073608043e+00
8.703220939636230113e+00
8.709033012390136719e+00
8.706727218627928977e+00
8.707544565200805664e+00
8.708414041996002553e+00
8.711993312835693004e+00
8.702659606933593750e+00
8.704578527808189747e+00
8.710593748092652078e+00
8.703611826896667125e+00
8.703770351409911399e+00
8.703094655275345204e+00
8.701500368118285422e+00
8.700932264328002930e+00
8.706127738952636363e+00
8.704454708099365945e+00
8.694636785984039662e+00
8.698049080371855979e+00
8.689936447143555398e+00
8.692608165740967507e+00
8.695928573608398438e+00
8.692396873235702870e+00
8.700645732879639382e+00
8.693741893768310192e+00
8.695226240158081765e+00
8.694841003417968395e+00
8.696430969238281961e+00
8.692403811216355081e+00
8.689149045944214222e+00
8.696656084060668590e+00
8.692152595520019176e+00
8.686743390560149436e+00
8.693632960319519043e+00
8.700328922271728160e+00
8.693382024765014648e+00
8.687894630432129617e+00
8.690084362030029652e+00
8.685234832763672586e+00
8.689773941040039418e+00
8.685680079460144754e+00
8.694536781311034801e+00
8.688134574890137074e+00
8.681949257850646973e+00
8.688876628875732422e+00
8.690089797973632457e+00
8.685906219482422586e+00
8.696477627754211071e+00
8.694645023345946910e+00
8.687881350517272949e+00
8.678993582725524902e+00
8.676000297069549561e+00
8.680434608459473012e+00
8.686399507522583718e+00
8.685548591613770242e+00
8.681430149078369851e+00
8.683902668952942605e+00
8.681474089622497559e+00
8.684231281280517578e+00
8.687663555145263672e+00
8.689250040054322000e+00
8.682152128219604137e+00
8.680752646923064475e+00
8.674672675132750754e+00
8.669274401664733176e+00
8.683091902732849476e+00
8.668846416473389382e+00
8.679942035675049183e+00
8.671847248077392933e+00
8.682101631164551137e+00
8.673273372650147195e+00
8.675936436653136852e+00
8.671137619018555398e+00
8.679949927330017800e+00
8.675034618377685192e+00
8.673546344041824341e+00
8.674048519134521129e+00
8.679799842834473367e+00
8.675404310226440430e+00
8.677912008762358909e+00
8.673454618453979137e+00
8.680513000488280895e+00
8.672701394557952526e+00
8.675969099998473766e+00
8.675562930107115989e+00
8.679162001609801891e+00
8.674414539337158558e+00
8.671465682983399148e+00
8.674745464324951527e+00
8.668890762329102273e+00
8.672664451599121804e+00
8.671263790130614879e+00
8.677096939086913707e+00
8.675772666931152344e+00
8.676090353727341054e+00
8.675497150421142223e+00
8.676418781280517578e+00
8.676296091079711559e+00
8.678911685943603516e+00
8.675689888000487571e+00
8.676029372215271707e+00
8.675734424591064808e+00
8.676162052154541726e+00
8.675253677368164773e+00
8.675311207771301270e+00
8.676056957244872692e+00
8.677761554718017578e+00
8.676511383056640270e+00
8.675117111206054332e+00
8.677356517314910533e+00
8.674278497695922852e+00
8.676637482643126731e+00
8.675899434089661355e+00
8.676599025726318359e+00
8.677352201938628440e+00
8.675274467468261363e+00
8.674277591705322976e+00
8.675386714935303445e+00
8.672069311141967773e+00
8.674880343675614114e+00
8.676904830336571450e+00
8.674911880493164418e+00
8.676456236839294789e+00
8.675837087631226296e+00
8.671831971406936290e+00
8.674463272094726562e+00
8.673589748144149070e+00
8.675606822967528942e+00
8.667980384826659446e+00
8.672733497619628196e+00
8.672128605842591043e+00
8.669008815288544056e+00
8.677633380889892223e+00
8.673999023437499289e+00
8.673817586898803000e+00
8.665035915374755149e+00
8.665395212173461204e+00
8.667589664459228516e+00
8.671587419509886985e+00
8.664342784881592152e+00
8.672171592712402344e+00
8.669301688671112061e+00
8.669736385345458984e+00
8.668509626388550160e+00
8.667494487762450461e+00
8.671327280998230691e+00
8.664805102348328347e+00
8.666762495040893910e+00
8.669554030895232799e+00
8.670021247863768821e+00
8.669246912002563477e+00
8.668723964691162465e+00
8.667217922210692649e+00
8.669182014465331321e+00
8.666985607147216442e+00
8.667702341079712269e+00
8.666251987218856812e+00
8.667345142364501598e+00
8.667795324325561879e+00
8.668863883614539745e+00
8.670095348358154652e+00
8.665818071365356090e+00
8.667675447463988547e+00
8.664550781250000000e+00
8.665583202242851613e+00
8.669156646728515270e+00
8.668716001510620828e+00
8.668787646293640847e+00
8.668799543380737660e+00
8.667145109176635387e+00
8.665268740057944896e+00
8.666292226314544322e+00
8.667025208473205566e+00
8.666632461547852273e+00
8.665371036529540660e+00
8.662571549415588379e+00
8.668546926975249534e+00
8.660572814941406961e+00
8.662815666198730113e+00
8.663269102573394775e+00
8.661752367019653676e+00
8.667902517318726296e+00
8.663728451728820446e+00
8.665992045402527211e+00
8.666291785240172629e+00
8.662067890167236328e+00
8.667321872711180930e+00
8.662781333923339488e+00
8.665887188911437278e+00
8.664212656021117454e+00
8.665206360816956277e+00
8.664086556434630992e+00
8.664933633804320579e+00
8.664087766408920643e+00
8.664759421348572133e+00
8.665255069732666016e+00
8.662718772888183594e+00
8.665250682830810902e+00
8.666240370273589733e+00
8.663556480407715199e+00
8.665064811706542969e+00
8.664555168151855113e+00
8.663956117630004172e+00
8.665026593208313699e+00
8.664839023351669667e+00
8.663679814338683727e+00
8.667003631591796875e+00
8.661292862892150168e+00
8.660924148559569602e+00
8.663842932879925129e+00
8.662555241584778187e+00
8.663495588302613015e+00
8.661871910095214844e+00
8.663824176788329723e+00
8.662224102020264382e+00
8.663921737670898793e+00
8.661653602123260853e+00
8.663556790351867321e+00
8.661343812942504883e+00
8.663235378265380149e+00
8.662408924102782848e+00
8.662324988842010853e+00
8.662684279680252786e+00
8.662242937088013406e+00
8.661479806900024059e+00
8.662561082839966176e+00
8.661781018972396495e+00
8.662236928939819336e+00
8.662725281715392356e+00
8.662939643859862926e+00
8.661944854259491677e+00
8.662661957740784402e+00
8.662249755859374289e+00
8.662778186798096414e+00
8.662323284149170632e+00
8.664060783386229758e+00
8.661211776733399148e+00
8.662356090545653586e+00
8.661817169189452770e+00
8.662566089630127308e+00
8.663077974319458363e+00
8.660960793495178223e+00
8.662932896614075062e+00
8.663005045056342723e+00
8.660610151290892844e+00
8.662489700317383523e+00
8.661906123161315918e+00
8.661749458312987926e+00
8.661523103713989258e+00
8.661851167678833008e+00
8.661132544279098511e+00
8.661133271455764060e+00
8.662734794616699929e+00
8.660943555831909890e+00
8.663211154937744851e+00
8.661141908168792369e+00
8.661881923675537109e+00
8.658620262145996449e+00
8.662794750928878074e+00
8.658541989326476340e+00
8.662501239776611683e+00
8.658176136016844993e+00
8.660405564308167214e+00
8.659852457046508079e+00
8.660215473175048473e+00
8.658596801757813211e+00
8.660849666595458629e+00
8.660858249664306285e+00
8.660574054718017223e+00
8.658915901184082387e+00
8.660152864456176047e+00
8.659506177902221324e+00
8.660701560974121804e+00
8.659383034706115367e+00
8.658223390579223633e+00
8.660671520233155007e+00
8.658819293975829723e+00
8.659787869453429821e+00
8.659630203247070668e+00
8.658890652656555886e+00
8.660173588991165516e+00
8.658707189559937234e+00
8.660445880889891868e+00
8.658809661865234375e+00
8.659891259670256858e+00
8.658804363012313488e+00
8.659291172027588246e+00
8.660228443145751243e+00
8.659658598899842019e+00
8.659888327121734619e+00
8.659714174270629172e+00
8.659666824340821023e+00
8.659959244728089089e+00
8.659560394287108664e+00
8.659829425811768289e+00
8.659798049926758168e+00
8.659988641738891602e+00
8.659292554855346324e+00
8.659473228454590554e+00
8.659696292877196555e+00
8.659549474716186523e+00
8.658985757827759144e+00
8.659424924850464222e+00
8.659430313110352273e+00
8.659357452392578480e+00
8.658885812759399059e+00
8.658981132507324929e+00
8.659385204315185547e+00
8.660021781921386719e+00
8.659908974170685170e+00
8.659456062316895242e+00
8.659068799018859508e+00
8.660047933459281921e+00
8.659942561388016102e+00
8.659385299682616832e+00
8.659036588668822532e+00
8.659141302108764648e+00
8.659850406646729226e+00
8.659257739782333374e+00
8.659580707550048828e+00
8.659269762039183860e+00
8.660007810592651012e+00
8.658959054946899769e+00
8.659824895858765359e+00
8.658521461486817117e+00
8.659285354614258523e+00
8.658719015121459250e+00
8.659549331665038707e+00
8.658624458312988992e+00
8.659417867660522461e+00
8.658665084838867543e+00
8.659057855606079102e+00
8.658754003047942405e+00
8.658864116668700817e+00
8.658473587036132457e+00
8.659615898132324574e+00
8.658677387237549539e+00
8.657735300064086204e+00
8.657730579376220703e+00
8.659453248977660778e+00
8.658759689331054332e+00
8.658355665206908469e+00
8.659470725059509988e+00
8.657800078392028809e+00
8.658079957962035778e+00
8.658090114593505859e+00
8.657598531246184947e+00
8.658781290054321289e+00
8.658944723010062461e+00
8.658445304632186534e+00
8.658287966251373646e+00
8.657866448163986206e+00
8.658568763732910512e+00
8.658259105682372336e+00
8.658685088157653809e+00
8.658148670196533558e+00
8.657432252168655751e+00
8.657634735107421875e+00
8.658523225784302113e+00
8.658574277162552235e+00
8.657993888854980113e+00
8.658046483993530273e+00
8.658199089765549417e+00
8.658435535430907493e+00
8.658335441350937245e+00
8.658108139038086293e+00
8.658562827110291238e+00
8.658597373962402699e+00
8.658217447996140237e+00
8.658172035217285512e+00
8.658109974861144309e+00
8.658585977554320579e+00
8.657675838470458629e+00
8.658144736289978383e+00
8.658090323209762573e+00
8.658496284484863637e+00
8.657735776901244407e+00
8.658033084869384055e+00
8.658009171485900879e+00
8.657681906223297474e+00
8.657805085182189941e+00
8.657563102245330100e+00
8.657665979862212424e+00
8.657852435111999867e+00
8.657749646902084706e+00
8.657628393173217418e+00
8.657131278514862416e+00
8.657871675491332297e+00
8.657803952693939209e+00
8.657482242584228160e+00
8.657273101806641336e+00
8.657555961608887074e+00
8.657680734992027283e+00
8.657483673095702770e+00
8.657480466365814920e+00
8.657557058334351296e+00
8.657314249873161671e+00
8.657752442359925027e+00
8.657633185386657715e+00
8.657394552230835316e+00
8.657418847084045410e+00
8.657406473159790394e+00
8.657460355758667347e+00
8.657679176330566051e+00
8.657492017745971324e+00
8.657335805892945046e+00
8.657478618621826882e+00
8.657748967409133911e+00
8.657726287841796875e+00
8.657833296060562844e+00
8.657642495632170920e+00
8.657724094390868430e+00
8.657641863822936656e+00
8.657279413938521628e+00
8.657238364219665527e+00
8.657441979646682384e+00
8.657587313652038929e+00
8.657454681396483664e+00
8.657464790344238992e+00
8.657283967733382823e+00
8.657351160049438832e+00
8.657485389709473012e+00
8.657318186759948020e+00
8.657345581054688211e+00
8.657017797231674194e+00
8.657487583160399680e+00
8.657532191276549938e+00
8.657125949859619141e+00
8.657322978973388317e+00
8.657096576690673118e+00
8.657465243339538929e+00
8.656756782531738637e+00
8.657352411746979115e+00
8.657403916120529175e+00
8.656878376007080433e+00
8.657827854156494141e+00
8.657167577743530629e+00
8.657523584365844016e+00
8.656911253929138184e+00
8.657201623916625621e+00
8.657632374763489125e+00
8.657210779190062766e+00
8.657445001602173562e+00
8.656956052780151012e+00
8.657174491882324574e+00
8.657413959503173828e+00
8.656876659393310192e+00
8.657063674926757102e+00
8.657167768478393199e+00
8.657526254653930664e+00
8.657275438308715820e+00
8.656844329833983664e+00
8.656754684448241477e+00
8.657456350326537375e+00
8.657462072372435813e+00
8.657080888748168945e+00
8.657146763801573996e+00
8.656982231140137429e+00
8.657368230819702859e+00
8.656948900222777965e+00
8.656853771209716442e+00
8.657215189933776145e+00
8.656858325004577637e+00
8.657317304611206410e+00
8.656976318359374645e+00
8.656755256652832742e+00
8.657166278362273815e+00
8.656640529632568359e+00
8.656650018692015891e+00
8.656502306461334229e+00
8.656625398993492482e+00
8.656745243072510476e+00
8.656762647628784890e+00
8.656810379028319957e+00
8.657086873054504750e+00
8.656859064102173207e+00
8.656615424156189675e+00
8.656753045320510154e+00
8.656713628768921254e+00
8.656833553314209340e+00
8.656823027133942361e+00
8.656799793243408203e+00
8.656675910949706676e+00
8.656691867113114114e+00
8.656782150268554688e+00
8.656553697586058860e+00
8.656517982482910156e+00
8.656625896692276001e+00
8.656817770004272106e+00
8.656614160537719371e+00
8.656508693099022267e+00
8.656630134582519176e+00
8.656757068634032493e+00
8.656629085540771484e+00
8.656511235237122293e+00
8.656571310758589988e+00
8.656484985351562855e+00
8.656582856178284047e+00
8.656625938415526633e+00
8.656575679779052734e+00
8.656467628479003196e+00
8.656510686874389293e+00
8.656542015075682883e+00
8.656642317771911621e+00
8.656528520584107156e+00
8.656453132629394531e+00
8.656647300720214488e+00
8.656629973649978993e+00
8.656698095798493142e+00
8.656456744670867565e+00
8.656438159942627664e+00
8.656500625610352273e+00
8.656439232826233621e+00
8.656248044967650657e+00
8.656472539901733043e+00
8.656537866592406871e+00
8.656499171257019398e+00
8.656574487686157227e+00
8.656327462196349742e+00
8.656431078910827637e+00
8.656311273574829102e+00
8.656525969505310059e+00
8.656339883804321289e+00
8.656619739532469993e+00
8.656386289000511880e+00
8.656748294830322266e+00
8.656310224533081410e+00
8.656312227249145508e+00
8.656556940078734996e+00
8.656527566909790750e+00
8.656525802612303977e+00
8.656360650062561390e+00
8.656412124633789062e+00
8.656424474716185813e+00
8.656380669772625325e+00
8.655940341949463601e+00
8.656248474121094105e+00
8.656346607208252664e+00
8.656450128555297496e+00
8.656519126892089133e+00
8.656362009048461204e+00
8.656106662750243430e+00
8.656341028213500266e+00
8.656384323537348990e+00
8.656581687927246804e+00
8.656113457679747825e+00
8.656465762853622792e+00
8.656274151802062278e+00
8.656117153167723899e+00
8.656504154205322266e+00
8.656310462951660512e+00
8.655949568748473766e+00
8.656126976013183594e+00
8.656198048591614125e+00
8.656298804283142800e+00
8.656158447265625000e+00
8.656204605102539418e+00
8.656232047080994363e+00
8.656036615371704102e+00
8.656380367279052024e+00
8.656344485282897239e+00
8.656094837188721414e+00
8.656065559387206676e+00
8.656185436248780007e+00
8.656002521514892578e+00
8.655967473983764648e+00
8.656241607666014914e+00
8.656474876403809304e+00
8.656282997131347301e+00
8.655677890777587535e+00
8.656062030792236683e+00
8.656272697448731179e+00
8.656391525268555043e+00
8.655865007638931630e+00
8.656324052810669301e+00
