1.417702913284301758e+00
1.503497242927551270e+00
1.186006546020507812e+00
1.240507483482360840e+00
1.078734964132308960e+00
1.120262563228607178e+00
1.005856782197952271e+00
1.011739015579223633e+00
9.932234585285186768e-01
1.020911931991577148e+00
9.677218198776245117e-01
1.013420671224594116e+00
1.008480876684188843e+00
9.725466072559356689e-01
9.743744730949401855e-01
9.361953735351562500e-01
9.418151974678039551e-01
9.288271069526672363e-01
9.102464914321899414e-01
9.320100843906402588e-01
9.711564779281616211e-01
9.183486998081207275e-01
9.215544164180755615e-01
9.264559447765350342e-01
9.417362213134765625e-01
8.855879008769989014e-01
9.153667092323303223e-01
9.004530906677246094e-01
9.177551269531250000e-01
9.340394437313079834e-01
9.471848607063293457e-01
9.193822741508483887e-01
8.851436972618103027e-01
9.281083047389984131e-01
8.854228258132934570e-01
9.327679276466369629e-01
9.717477858066558838e-01
9.466693997383117676e-01
9.218701720237731934e-01
9.120153784751892090e-01
9.148968160152435303e-01
9.472919404506683350e-01
1.014561146497726440e+00
9.430263638496398926e-01
8.865460455417633057e-01
9.338689148426055908e-01
9.776826500892639160e-01
9.363388121128082275e-01
9.623948037624359131e-01
9.269179403781890869e-01
9.447615742683410645e-01
9.658772051334381104e-01
1.009321689605712891e+00
1.069021880626678467e+00
9.968742430210113525e-01
9.946510195732116699e-01
1.010235667228698730e+00
1.019406527280807495e+00
1.000453412532806396e+00
9.769189357757568359e-01
9.536591768264770508e-01
1.027646541595458984e+00
1.023668646812438965e+00
9.614649116992950439e-01
9.985065162181854248e-01
9.674397110939025879e-01
9.772436320781707764e-01
1.001703053712844849e+00
9.680678248405456543e-01
9.289725720882415771e-01
9.383599758148193359e-01
1.038688540458679199e+00
9.627664685249328613e-01
9.167697429656982422e-01
9.190317392349243164e-01
9.190189540386199951e-01
9.249619543552398682e-01
1.042463064193725586e+00
9.132405817508697510e-01
9.186294078826904297e-01
9.874131977558135986e-01
9.668502509593963623e-01
9.009628891944885254e-01
8.756262362003326416e-01
9.371716082096099854e-01
8.988434672355651855e-01
8.991825580596923828e-01
8.608173131942749023e-01
9.317443668842315674e-01
8.983514904975891113e-01
8.641215860843658447e-01
8.640484809875488281e-01
8.422718048095703125e-01
9.369143843650817871e-01
9.520893692970275879e-01
9.138452410697937012e-01
1.051362216472625732e+00
9.642990529537200928e-01
9.098356664180755615e-01
8.884119093418121338e-01
8.909532725811004639e-01
8.795573413372039795e-01
8.583476245403289795e-01
8.192719817161560059e-01
8.632739186286926270e-01
8.422893881797790527e-01
7.925487160682678223e-01
8.807109892368316650e-01
8.165819048881530762e-01
1.064288377761840820e+00
1.014378190040588379e+00
9.330951869487762451e-01
8.674533069133758545e-01
8.844027221202850342e-01
8.710963428020477295e-01
8.009986281394958496e-01
9.193885922431945801e-01
8.876820802688598633e-01
9.386966824531555176e-01
8.641391396522521973e-01
8.201804459095001221e-01
8.376958072185516357e-01
8.349816203117370605e-01
7.795743346214294434e-01
8.278420567512512207e-01
8.373207449913024902e-01
7.245755791664123535e-01
7.592806220054626465e-01
8.153790831565856934e-01
7.922488451004028320e-01
8.846736550331115723e-01
7.961322665214538574e-01
7.724571228027343750e-01
8.331641256809234619e-01
1.029677510261535645e+00
8.220225870609283447e-01
8.607725799083709717e-01
7.998975217342376709e-01
9.677513241767883301e-01
9.132366180419921875e-01
7.911410629749298096e-01
8.011284470558166504e-01
8.514829277992248535e-01
7.912967205047607422e-01
7.669401466846466064e-01
8.026897311210632324e-01
7.707307934761047363e-01
1.014383733272552490e+00
8.370486795902252197e-01
7.288911044597625732e-01
8.353823721408843994e-01
8.405987918376922607e-01
8.203976750373840332e-01
7.407867014408111572e-01
7.354970276355743408e-01
8.228328526020050049e-01
8.884962201118469238e-01
1.097159683704376221e+00
7.996192574501037598e-01
7.718663811683654785e-01
7.617556452751159668e-01
7.741676270961761475e-01
7.813396751880645752e-01
7.875280976295471191e-01
8.048755526542663574e-01
8.359505832195281982e-01
8.748852908611297607e-01
8.297337591648101807e-01
8.192269504070281982e-01
7.853096425533294678e-01
7.841245830059051514e-01
7.867981791496276855e-01
7.830584347248077393e-01
8.884542286396026611e-01
1.031534373760223389e+00
8.584941923618316650e-01
9.297580122947692871e-01
8.136859834194183350e-01
9.099009037017822266e-01
8.219357132911682129e-01
8.372444212436676025e-01
8.027730584144592285e-01
9.067427814006805420e-01
8.407914340496063232e-01
8.043131828308105469e-01
7.913972735404968262e-01
7.866153120994567871e-01
7.919119298458099365e-01
7.664826810359954834e-01
7.518203258514404297e-01
7.645653784275054932e-01
9.582046568393707275e-01
8.232802152633666992e-01
7.624549865722656250e-01
7.225292921066284180e-01
7.370423972606658936e-01
9.037699401378631592e-01
7.120091915130615234e-01
8.397094011306762695e-01
8.509427905082702637e-01
7.601480484008789062e-01
6.975897550582885742e-01
6.813583374023437500e-01
6.240815222263336182e-01
6.679546833038330078e-01
8.963281214237213135e-01
7.371521592140197754e-01
7.928906083106994629e-01
6.283349096775054932e-01
6.623803377151489258e-01
6.637897193431854248e-01
6.513615846633911133e-01
6.078450083732604980e-01
8.336482346057891846e-01
7.077575623989105225e-01
6.319751441478729248e-01
6.385620534420013428e-01
6.568654477596282959e-01
6.958158314228057861e-01
6.934850215911865234e-01
6.109892427921295166e-01
5.931878685951232910e-01
6.102776229381561279e-01
6.064898669719696045e-01
5.910340845584869385e-01
5.521558821201324463e-01
5.896941721439361572e-01
4.571260809898376465e-01
7.801560163497924805e-01
7.149567902088165283e-01
6.441175043582916260e-01
6.234489679336547852e-01
5.578270256519317627e-01
6.123239099979400635e-01
5.302132517099380493e-01
6.384687721729278564e-01
5.283164083957672119e-01
4.931937307119369507e-01
5.597639083862304688e-01
5.898665785789489746e-01
5.691737532615661621e-01
5.613027811050415039e-01
5.560434460639953613e-01
5.935144424438476562e-01
7.250206172466278076e-01
5.431272685527801514e-01
8.284628689289093018e-01
6.308048069477081299e-01
6.422872841358184814e-01
6.059589684009552002e-01
5.468927919864654541e-01
5.390950441360473633e-01
5.760724097490310669e-01
5.369440615177154541e-01
4.889055937528610229e-01
5.206954777240753174e-01
5.477818250656127930e-01
5.433852970600128174e-01
4.952214956283569336e-01
5.656310319900512695e-01
5.855970978736877441e-01
5.197440236806869507e-01
6.085216104984283447e-01
5.621746182441711426e-01
5.666649043560028076e-01
4.098992198705673218e-01
4.703224152326583862e-01
5.136777609586715698e-01
5.053003430366516113e-01
4.903357625007629395e-01
4.851932525634765625e-01
5.400017797946929932e-01
6.158888339996337891e-01
4.682926684617996216e-01
6.153257787227630615e-01
5.002448707818984985e-01
5.200039893388748169e-01
4.847555458545684814e-01
4.683599770069122314e-01
5.443316698074340820e-01
6.269352734088897705e-01
5.079912841320037842e-01
4.472906887531280518e-01
4.386019706726074219e-01
5.798237025737762451e-01
5.558852702379226685e-01
7.314926683902740479e-01
5.416640341281890869e-01
5.196171998977661133e-01
4.663344472646713257e-01
5.601091086864471436e-01
5.021082460880279541e-01
4.692870527505874634e-01
4.927985221147537231e-01
4.766030758619308472e-01
5.683371424674987793e-01
5.093685090541839600e-01
5.724270939826965332e-01
5.101059675216674805e-01
5.376045405864715576e-01
5.033915936946868896e-01
4.530726671218872070e-01
3.986376523971557617e-01
4.487240910530090332e-01
4.287010580301284790e-01
4.072162955999374390e-01
4.322286397218704224e-01
4.418794214725494385e-01
3.757650852203369141e-01
4.852117896080017090e-01
4.821620583534240723e-01
4.229526221752166748e-01
4.538370519876480103e-01
4.997455030679702759e-01
4.444851875305175781e-01
3.868851810693740845e-01
4.720452129840850830e-01
3.938561528921127319e-01
4.437634646892547607e-01
4.892676472663879395e-01
5.025615245103836060e-01
5.053586512804031372e-01
4.772810190916061401e-01
4.278070330619812012e-01
4.495260715484619141e-01
4.755107313394546509e-01
3.862352371215820312e-01
4.088227152824401855e-01
4.017414748668670654e-01
4.479293376207351685e-01
5.252853482961654663e-01
4.826287478208541870e-01
4.197522997856140137e-01
3.824186623096466064e-01
5.293413102626800537e-01
4.146624505519866943e-01
4.082811921834945679e-01
4.836551398038864136e-01
3.724136054515838623e-01
4.417386204004287720e-01
4.350094646215438843e-01
3.891770988702774048e-01
3.562757372856140137e-01
3.840750753879547119e-01
3.737487941980361938e-01
3.565753102302551270e-01
4.227550327777862549e-01
3.149552568793296814e-01
4.253310114145278931e-01
3.841223120689392090e-01
4.830457419157028198e-01
4.619934111833572388e-01
4.013507515192031860e-01
3.798311203718185425e-01
3.549789339303970337e-01
3.826826512813568115e-01
4.171801060438156128e-01
4.843420535326004028e-01
4.126321375370025635e-01
3.753769695758819580e-01
4.110834449529647827e-01
3.936821669340133667e-01
4.239171445369720459e-01
4.041483998298645020e-01
3.697911500930786133e-01
3.619393408298492432e-01
5.155079960823059082e-01
4.187953770160675049e-01
4.462558478116989136e-01
6.194195747375488281e-01
4.089507609605789185e-01
3.746938258409500122e-01
4.007636159658432007e-01
3.840254843235015869e-01
3.768189847469329834e-01
3.534114807844161987e-01
3.854531645774841309e-01
4.138019680976867676e-01
3.892309218645095825e-01
4.187290668487548828e-01
4.382949322462081909e-01
6.167337894439697266e-01
5.429998487234115601e-01
4.343447983264923096e-01
5.205402523279190063e-01
4.731565862894058228e-01
3.753558844327926636e-01
3.898416608572006226e-01
3.391507565975189209e-01
4.072262644767761230e-01
3.946962505578994751e-01
4.543446451425552368e-01
5.056170821189880371e-01
4.907645732164382935e-01
3.939340710639953613e-01
5.141177773475646973e-01
5.015927404165267944e-01
4.573129415512084961e-01
3.538030236959457397e-01
3.815230131149291992e-01
3.748783320188522339e-01
3.590017408132553101e-01
3.517933189868927002e-01
4.265143573284149170e-01
4.032914936542510986e-01
3.607027679681777954e-01
3.651060760021209717e-01
3.677007406949996948e-01
3.076140433549880981e-01
3.406574875116348267e-01
4.010969251394271851e-01
3.808160573244094849e-01
3.760165274143218994e-01
4.268032610416412354e-01
3.694396764039993286e-01
4.015958309173583984e-01
3.435657024383544922e-01
3.538850545883178711e-01
3.150130137801170349e-01
3.525064736604690552e-01
3.888237923383712769e-01
4.008087366819381714e-01
3.759339451789855957e-01
3.887778967618942261e-01
3.812198340892791748e-01
3.425393104553222656e-01
3.515535891056060791e-01
3.691452145576477051e-01
3.284426555037498474e-01
3.659065067768096924e-01
3.489570766687393188e-01
3.840787708759307861e-01
3.813855946063995361e-01
3.834548741579055786e-01
3.789144009351730347e-01
3.579631149768829346e-01
3.561346679925918579e-01
4.055422395467758179e-01
4.158813357353210449e-01
3.763840943574905396e-01
3.722037822008132935e-01
3.266931548714637756e-01
4.459319263696670532e-01
3.699369877576828003e-01
3.509836494922637939e-01
3.620729893445968628e-01
3.705369532108306885e-01
3.741085529327392578e-01
3.180581927299499512e-01
3.512807786464691162e-01
3.376467674970626831e-01
3.524455726146697998e-01
3.766187131404876709e-01
3.472794145345687866e-01
3.844270110130310059e-01
3.359544798731803894e-01
4.780160486698150635e-01
3.232667148113250732e-01
3.940574675798416138e-01
4.037413597106933594e-01
4.041887819766998291e-01
4.035104215145111084e-01
3.792899996042251587e-01
3.714153468608856201e-01
3.351370543241500854e-01
4.384366273880004883e-01
3.652794212102890015e-01
3.591114878654479980e-01
4.313461929559707642e-01
3.376310616731643677e-01
4.237586259841918945e-01
4.071304500102996826e-01
3.478321433067321777e-01
4.129244834184646606e-01
4.691887497901916504e-01
4.629869908094406128e-01
3.636805117130279541e-01
3.230098187923431396e-01
3.945672214031219482e-01
3.681843429803848267e-01
2.867459282279014587e-01
3.811503350734710693e-01
3.323366791009902954e-01
3.630547523498535156e-01
3.710633218288421631e-01
4.028041809797286987e-01
3.771857917308807373e-01
3.242917507886886597e-01
3.151531219482421875e-01
4.389828145503997803e-01
3.423121720552444458e-01
3.279063478112220764e-01
3.414275199174880981e-01
4.430541694164276123e-01
3.681458681821823120e-01
3.735600411891937256e-01
4.201575368642807007e-01
3.709439188241958618e-01
3.309269249439239502e-01
4.305392652750015259e-01
3.677202761173248291e-01
3.387797176837921143e-01
4.296369999647140503e-01
3.427812159061431885e-01
3.671763241291046143e-01
3.911862373352050781e-01
3.731274753808975220e-01
3.451574295759201050e-01
3.550589829683303833e-01
3.992516994476318359e-01
3.036423847079277039e-01
3.943226635456085205e-01
3.431497216224670410e-01
3.766406178474426270e-01
3.365382701158523560e-01
3.312879949808120728e-01
3.390069007873535156e-01
3.835450857877731323e-01
3.651464730501174927e-01
4.203791767358779907e-01
3.563916534185409546e-01
3.397553563117980957e-01
3.401152342557907104e-01
4.308583289384841919e-01
3.863266855478286743e-01
3.789977133274078369e-01
3.479562401771545410e-01
3.730327039957046509e-01
3.745875507593154907e-01
4.035199731588363647e-01
3.649829775094985962e-01
3.401833027601242065e-01
3.683640062808990479e-01
3.684871941804885864e-01
3.606180995702743530e-01
3.687182962894439697e-01
3.725691139698028564e-01
3.984125703573226929e-01
3.964156657457351685e-01
3.866152167320251465e-01
3.802397251129150391e-01
3.178298026323318481e-01
3.814099729061126709e-01
3.327964693307876587e-01
3.592026084661483765e-01
3.869921565055847168e-01
3.720672130584716797e-01
4.225579649209976196e-01
3.352482318878173828e-01
3.784724324941635132e-01
3.420999944210052490e-01
4.205258190631866455e-01
3.812131583690643311e-01
3.890062570571899414e-01
3.369347155094146729e-01
3.809350579977035522e-01
4.447367638349533081e-01
4.056903421878814697e-01
2.955549359321594238e-01
3.552079200744628906e-01
4.211165457963943481e-01
3.315752595663070679e-01
3.705739080905914307e-01
4.025814235210418701e-01
3.561070263385772705e-01
3.582270294427871704e-01
3.451262265443801880e-01
3.792620152235031128e-01
3.322564810514450073e-01
3.393867909908294678e-01
3.527663201093673706e-01
4.016741365194320679e-01
3.554081767797470093e-01
3.167197853326797485e-01
3.532211929559707642e-01
3.523276895284652710e-01
3.306461870670318604e-01
3.613603413105010986e-01
3.713924586772918701e-01
3.193645626306533813e-01
3.239997774362564087e-01
3.724574595689773560e-01
3.341082036495208740e-01
3.350505381822586060e-01
4.002095609903335571e-01
3.835582733154296875e-01
3.631461560726165771e-01
3.510341793298721313e-01
3.729510605335235596e-01
3.575540930032730103e-01
3.789183199405670166e-01
3.094957917928695679e-01
3.563346415758132935e-01
3.305470198392868042e-01
3.600286543369293213e-01
4.264106154441833496e-01
3.002775534987449646e-01
3.099731728434562683e-01
3.037536963820457458e-01
3.446208983659744263e-01
3.603907525539398193e-01
3.469693958759307861e-01
3.624360859394073486e-01
3.453204780817031860e-01
3.217402845621109009e-01
3.555430322885513306e-01
3.248264938592910767e-01
3.285386264324188232e-01
3.370846360921859741e-01
3.446416109800338745e-01
3.547368943691253662e-01
3.819811046123504639e-01
3.373472094535827637e-01
3.594855815172195435e-01
3.113287389278411865e-01
3.629005253314971924e-01
3.780053853988647461e-01
3.827147632837295532e-01
3.457873761653900146e-01
3.429258465766906738e-01
3.020921573042869568e-01
3.674536943435668945e-01
3.451770842075347900e-01
4.094978123903274536e-01
3.514873385429382324e-01
3.261710256338119507e-01
3.384634852409362793e-01
3.270889520645141602e-01
3.110961392521858215e-01
3.453695029020309448e-01
3.551778048276901245e-01
3.883321583271026611e-01
3.384484797716140747e-01
3.533185273408889771e-01
3.348821699619293213e-01
3.049074485898017883e-01
3.667585551738739014e-01
3.069179132580757141e-01
3.587064594030380249e-01
3.688419461250305176e-01
3.465202897787094116e-01
3.732248693704605103e-01
3.595992326736450195e-01
3.337828814983367920e-01
2.882464602589607239e-01
3.593214452266693115e-01
3.610919862985610962e-01
3.539358973503112793e-01
3.295844346284866333e-01
3.754985332489013672e-01
3.508281260728836060e-01
4.026740193367004395e-01
3.816478401422500610e-01
3.439983278512954712e-01
3.487645685672760010e-01
3.640729337930679321e-01
3.133047744631767273e-01
3.774889260530471802e-01
3.321332633495330811e-01
3.831426501274108887e-01
3.628604859113693237e-01
3.450391143560409546e-01
3.530715554952621460e-01
3.331976383924484253e-01
3.451381474733352661e-01
3.577228784561157227e-01
3.686591982841491699e-01
3.416085541248321533e-01
3.622999638319015503e-01
3.429823070764541626e-01
3.696344196796417236e-01
3.286048769950866699e-01
3.512828052043914795e-01
4.320225417613983154e-01
3.663611561059951782e-01
3.495400696992874146e-01
4.193264394998550415e-01
3.263514339923858643e-01
3.619912415742874146e-01
4.149600118398666382e-01
3.662637472152709961e-01
3.902713507413864136e-01
3.783176243305206299e-01
2.982502058148384094e-01
3.716459572315216064e-01
3.570857048034667969e-01
3.736293166875839233e-01
3.567474931478500366e-01
3.695490062236785889e-01
3.116100355982780457e-01
3.562440723180770874e-01
2.831606715917587280e-01
3.332152515649795532e-01
3.583181351423263550e-01
3.767105937004089355e-01
3.046234026551246643e-01
3.629122376441955566e-01
3.670063912868499756e-01
3.643052577972412109e-01
2.961852923035621643e-01
3.250858038663864136e-01
3.522251993417739868e-01
2.970358803868293762e-01
3.825409114360809326e-01
3.378326296806335449e-01
3.275539427995681763e-01
3.706841319799423218e-01
3.671080470085144043e-01
3.237420767545700073e-01
3.323763310909271240e-01
3.690703064203262329e-01
3.732385933399200439e-01
3.683205991983413696e-01
3.316328376531600952e-01
3.408642411231994629e-01
3.149995505809783936e-01
3.301852345466613770e-01
3.486874401569366455e-01
3.772424757480621338e-01
3.219031095504760742e-01
3.386729806661605835e-01
3.561722040176391602e-01
3.322548717260360718e-01
3.514973819255828857e-01
3.131759613752365112e-01
3.511984199285507202e-01
3.743489682674407959e-01
3.412977010011672974e-01
3.264744430780410767e-01
3.438993245363235474e-01
3.177227526903152466e-01
3.128806948661804199e-01
3.839695453643798828e-01
3.640125989913940430e-01
3.559787422418594360e-01
3.185252845287322998e-01
3.746584802865982056e-01
3.020722195506095886e-01
3.575789928436279297e-01
3.624327778816223145e-01
3.132891580462455750e-01
3.856131881475448608e-01
3.526469022035598755e-01
3.311818093061447144e-01
3.637333512306213379e-01
3.573236316442489624e-01
3.609552830457687378e-01
3.448268473148345947e-01
3.451876193284988403e-01
3.041652739048004150e-01
3.183309584856033325e-01
3.324990868568420410e-01
3.486658781766891479e-01
3.891111910343170166e-01
3.625760078430175781e-01
3.400892913341522217e-01
3.362771421670913696e-01
3.451649099588394165e-01
3.091901242733001709e-01
3.278269022703170776e-01
3.241487145423889160e-01
3.331056982278823853e-01
3.508119732141494751e-01
3.951536267995834351e-01
3.409253656864166260e-01
3.538459688425064087e-01
3.492442667484283447e-01
4.080142527818679810e-01
3.628020584583282471e-01
3.527851998805999756e-01
3.512242734432220459e-01
3.119182661175727844e-01
3.222515136003494263e-01
2.992047518491744995e-01
3.429702669382095337e-01
3.384107351303100586e-01
3.555599600076675415e-01
3.541218489408493042e-01
3.349650204181671143e-01
3.270938843488693237e-01
4.196480214595794678e-01
3.445902764797210693e-01
3.273179233074188232e-01
3.803051561117172241e-01
3.366983085870742798e-01
3.276680856943130493e-01
3.440449684858322144e-01
3.454513251781463623e-01
3.549437820911407471e-01
3.259373158216476440e-01
4.013570696115493774e-01
3.647724688053131104e-01
4.069597721099853516e-01
3.256056755781173706e-01
3.160364031791687012e-01
2.958226203918457031e-01
3.638883233070373535e-01
3.767961859703063965e-01
3.489243537187576294e-01
3.682909458875656128e-01
3.400975763797760010e-01
3.378198593854904175e-01
3.438932150602340698e-01
3.099569678306579590e-01
3.160955905914306641e-01
3.087147846817970276e-01
3.477960526943206787e-01
3.333629816770553589e-01
3.167672455310821533e-01
3.243683874607086182e-01
4.073480516672134399e-01
3.720675706863403320e-01
3.705837428569793701e-01
3.198898583650588989e-01
3.173307925462722778e-01
3.372232615947723389e-01
3.382651209831237793e-01
3.448635786771774292e-01
3.527886420488357544e-01
3.705230504274368286e-01
3.734549134969711304e-01
3.408412337303161621e-01
3.321594595909118652e-01
4.160816222429275513e-01
3.877247124910354614e-01
3.603426814079284668e-01
3.360687047243118286e-01
3.378696590662002563e-01
3.474578559398651123e-01
3.258672356605529785e-01
3.764502108097076416e-01
3.350934535264968872e-01
3.216761797666549683e-01
3.183569461107254028e-01
3.087427169084548950e-01
3.912033885717391968e-01
3.577800840139389038e-01
3.575894236564636230e-01
3.449123650789260864e-01
3.138167858123779297e-01
3.579197525978088379e-01
3.160170465707778931e-01
3.186167776584625244e-01
3.873167783021926880e-01
3.548026680946350098e-01
3.675598353147506714e-01
3.506756126880645752e-01
3.234432786703109741e-01
3.222763389348983765e-01
3.725122809410095215e-01
3.826243728399276733e-01
3.779004365205764771e-01
3.580335229635238647e-01
3.093223422765731812e-01
3.687127232551574707e-01
3.652707487344741821e-01
3.341958820819854736e-01
3.578079342842102051e-01
3.699811249971389771e-01
3.297642916440963745e-01
3.112983331084251404e-01
3.276270329952239990e-01
3.166351020336151123e-01
3.956693410873413086e-01
3.996202945709228516e-01
3.961589634418487549e-01
3.986692279577255249e-01
3.397167325019836426e-01
3.244167268276214600e-01
3.097914308309555054e-01
3.092781677842140198e-01
3.488415181636810303e-01
3.221013844013214111e-01
3.286574482917785645e-01
3.496799916028976440e-01
2.830001413822174072e-01
3.518455177545547485e-01
3.475609421730041504e-01
3.835004419088363647e-01
3.848587125539779663e-01
3.158834576606750488e-01
3.418480008840560913e-01
3.363454043865203857e-01
3.369603604078292847e-01
2.949964180588722229e-01
3.145216554403305054e-01
3.665406703948974609e-01
3.341221362352371216e-01
3.571628481149673462e-01
3.474853485822677612e-01
3.496959954500198364e-01
3.852236419916152954e-01
3.506768047809600830e-01
3.176096975803375244e-01
2.963524088263511658e-01
3.055476695299148560e-01
3.300929218530654907e-01
3.934256434440612793e-01
3.177820444107055664e-01
4.015097469091415405e-01
3.494055718183517456e-01
3.851539045572280884e-01
3.285546600818634033e-01
3.136780038475990295e-01
3.344170004129409790e-01
3.283394575119018555e-01
3.677097409963607788e-01
3.259143531322479248e-01
3.358554095029830933e-01
3.282779008150100708e-01
3.512766212224960327e-01
3.839330375194549561e-01
3.321903496980667114e-01
3.417324274778366089e-01
3.509954959154129028e-01
3.114857822656631470e-01
3.373554348945617676e-01
3.529913276433944702e-01
3.288294076919555664e-01
3.573461174964904785e-01
2.991308495402336121e-01
3.868324160575866699e-01
3.591104149818420410e-01
3.055090680718421936e-01
3.722760826349258423e-01
3.759538233280181885e-01
3.476452529430389404e-01
3.069976344704627991e-01
3.869406282901763916e-01
3.891122788190841675e-01
3.792494833469390869e-01
3.576434701681137085e-01
3.186179250478744507e-01
3.376127332448959351e-01
3.449757397174835205e-01
3.581663966178894043e-01
3.959456980228424072e-01
3.636430054903030396e-01
3.357780128717422485e-01
3.695600628852844238e-01
3.004241287708282471e-01
3.415383696556091309e-01
3.889997750520706177e-01
3.518542200326919556e-01
3.471812158823013306e-01
3.811394721269607544e-01
3.404607623815536499e-01
3.349052071571350098e-01
3.735995888710021973e-01
3.103270083665847778e-01
3.320832252502441406e-01
3.261697292327880859e-01
3.314787447452545166e-01
3.674512654542922974e-01
3.704975992441177368e-01
3.584702610969543457e-01
3.301589787006378174e-01
3.563444018363952637e-01
3.074217289686203003e-01
3.299668282270431519e-01
3.036729395389556885e-01
3.391335010528564453e-01
3.220445215702056885e-01
3.558732718229293823e-01
3.222684711217880249e-01
3.762971311807632446e-01
3.388866484165191650e-01
3.166867494583129883e-01
3.047066256403923035e-01
3.600535988807678223e-01
3.461873084306716919e-01
3.946253657341003418e-01
3.588895052671432495e-01
3.234847187995910645e-01
3.811459541320800781e-01
2.908469513058662415e-01
3.051883950829505920e-01
3.596179187297821045e-01
3.474018424749374390e-01
3.726952373981475830e-01
3.689568936824798584e-01
3.699519038200378418e-01
3.336551040410995483e-01
3.373192250728607178e-01
3.437610268592834473e-01
3.961897790431976318e-01
2.965999096632003784e-01
3.016738668084144592e-01
3.776295185089111328e-01
3.739612102508544922e-01
3.538138121366500854e-01
3.212302476167678833e-01
3.108200877904891968e-01
3.325407803058624268e-01
3.654100745916366577e-01
4.134954214096069336e-01
3.479696065187454224e-01
3.695645332336425781e-01
3.600757867097854614e-01
3.756223618984222412e-01
