1.177049994468688965e+00
1.086308389902114868e+00
1.242346107959747314e+00
1.098137527704238892e+00
1.071806550025939941e+00
1.065401196479797363e+00
1.154835522174835205e+00
1.230588763952255249e+00
1.244546324014663696e+00
9.751083254814147949e-01
1.060366451740264893e+00
1.217951476573944092e+00
9.373349249362945557e-01
1.120335757732391357e+00
1.120157837867736816e+00
9.048407077789306641e-01
1.162224739789962769e+00
1.070040822029113770e+00
9.475288093090057373e-01
1.280451804399490356e+00
1.177239596843719482e+00
1.154212206602096558e+00
1.083280980587005615e+00
7.890069633722305298e-01
1.166766941547393799e+00
9.261782467365264893e-01
1.161243557929992676e+00
1.061268210411071777e+00
1.216672331094741821e+00
1.188050001859664917e+00
9.524693787097930908e-01
1.041168332099914551e+00
9.388529062271118164e-01
1.068415045738220215e+00
9.095269143581390381e-01
9.839399456977844238e-01
1.027152985334396362e+00
1.159932196140289307e+00
1.006635308265686035e+00
1.063693046569824219e+00
1.098001897335052490e+00
1.000082969665527344e+00
1.209890902042388916e+00
1.173363715410232544e+00
8.867793977260589600e-01
8.788740336894989014e-01
1.153662502765655518e+00
1.118475168943405151e+00
1.142203211784362793e+00
1.017322987318038940e+00
1.228145867586135864e+00
1.157464742660522461e+00
1.222456961870193481e+00
1.354505449533462524e+00
1.158840715885162354e+00
1.110391736030578613e+00
9.977354407310485840e-01
1.244584262371063232e+00
1.130654633045196533e+00
9.084839224815368652e-01
1.089587390422821045e+00
1.048826456069946289e+00
1.061729550361633301e+00
1.066076755523681641e+00
1.190810739994049072e+00
1.147113502025604248e+00
1.184688985347747803e+00
1.224817276000976562e+00
1.150760054588317871e+00
1.028744876384735107e+00
1.102991133928298950e+00
1.068109154701232910e+00
1.050365209579467773e+00
9.508146643638610840e-01
1.018001854419708252e+00
1.036105990409851074e+00
1.196311801671981812e+00
1.101764559745788574e+00
8.546615540981292725e-01
9.968767166137695312e-01
8.830749690532684326e-01
8.816111087799072266e-01
1.059307694435119629e+00
1.138806462287902832e+00
9.955425560474395752e-01
9.740982353687286377e-01
1.070895642042160034e+00
9.216968119144439697e-01
8.840434849262237549e-01
8.141127526760101318e-01
8.614574372768402100e-01
8.554879724979400635e-01
9.065622091293334961e-01
1.095027834177017212e+00
1.050505727529525757e+00
1.095110088586807251e+00
8.931765556335449219e-01
1.071403145790100098e+00
1.075854480266571045e+00
9.809055328369140625e-01
1.050698757171630859e+00
1.088815987110137939e+00
1.108247667551040649e+00
8.463791310787200928e-01
9.139470756053924561e-01
9.390354156494140625e-01
7.363159060478210449e-01
7.708238810300827026e-01
1.019325703382492065e+00
9.286263883113861084e-01
9.014430940151214600e-01
9.767231643199920654e-01
1.054765999317169189e+00
8.068252950906753540e-01
8.911936581134796143e-01
8.789497315883636475e-01
7.974660694599151611e-01
8.061231672763824463e-01
1.157335430383682251e+00
1.104142189025878906e+00
8.419327437877655029e-01
8.061080276966094971e-01
7.756773531436920166e-01
8.211937844753265381e-01
8.457902371883392334e-01
1.078407138586044312e+00
7.509955763816833496e-01
8.466899096965789795e-01
8.299703001976013184e-01
7.965810596942901611e-01
1.042115211486816406e+00
8.231007754802703857e-01
8.439843356609344482e-01
8.222241997718811035e-01
9.322324991226196289e-01
1.024070471525192261e+00
8.664937913417816162e-01
8.502315580844879150e-01
9.300741553306579590e-01
7.895319461822509766e-01
8.943181633949279785e-01
1.051459997892379761e+00
9.428693056106567383e-01
8.349732458591461182e-01
1.090082973241806030e+00
9.546350836753845215e-01
9.284199178218841553e-01
8.916064798831939697e-01
8.090040981769561768e-01
6.969229876995086670e-01
8.953627645969390869e-01
8.683442771434783936e-01
8.567142784595489502e-01
7.019028663635253906e-01
8.044906854629516602e-01
8.045676946640014648e-01
6.996730566024780273e-01
1.084835946559906006e+00
7.245691418647766113e-01
7.949771285057067871e-01
6.319253146648406982e-01
6.982062160968780518e-01
9.647723436355590820e-01
7.081094980239868164e-01
9.708417952060699463e-01
1.019034147262573242e+00
9.521726369857788086e-01
8.528236448764801025e-01
8.817907869815826416e-01
9.504738152027130127e-01
7.253746092319488525e-01
8.944064080715179443e-01
7.987332046031951904e-01
9.906195402145385742e-01
1.265411704778671265e+00
8.990969657897949219e-01
9.785116314888000488e-01
8.359536826610565186e-01
1.011338979005813599e+00
9.440212845802307129e-01
8.534530401229858398e-01
7.615207582712173462e-01
9.566766321659088135e-01
1.135867387056350708e+00
9.282180964946746826e-01
8.579917252063751221e-01
9.837865233421325684e-01
9.492707550525665283e-01
1.009136348962783813e+00
7.942094206809997559e-01
6.771253347396850586e-01
9.899042546749114990e-01
1.059247821569442749e+00
8.883005380630493164e-01
7.372562140226364136e-01
7.803236842155456543e-01
8.520912230014801025e-01
8.401705622673034668e-01
7.538235783576965332e-01
9.465418159961700439e-01
1.012172490358352661e+00
7.866363227367401123e-01
8.254328370094299316e-01
7.630910873413085938e-01
8.640553355216979980e-01
8.058918118476867676e-01
6.426983624696731567e-01
7.987971305847167969e-01
6.418448686599731445e-01
7.122117578983306885e-01
8.000765442848205566e-01
9.005780518054962158e-01
7.547952234745025635e-01
7.539814114570617676e-01
5.777439624071121216e-01
7.428582310676574707e-01
7.120111286640167236e-01
7.221475839614868164e-01
9.247102439403533936e-01
6.856194138526916504e-01
6.262549310922622681e-01
7.120591104030609131e-01
6.626367270946502686e-01
7.022295296192169189e-01
7.770492136478424072e-01
6.068001687526702881e-01
6.414668262004852295e-01
4.988880157470703125e-01
6.785972714424133301e-01
8.281920552253723145e-01
6.730684638023376465e-01
6.127467751502990723e-01
6.408516764640808105e-01
6.911790668964385986e-01
6.174574196338653564e-01
5.902033001184463501e-01
5.150273963809013367e-01
4.869462996721267700e-01
7.256004810333251953e-01
8.030554354190826416e-01
6.508500874042510986e-01
5.582273155450820923e-01
6.907652914524078369e-01
6.324123740196228027e-01
6.141828596591949463e-01
6.438831686973571777e-01
6.424867808818817139e-01
6.922077834606170654e-01
8.703545629978179932e-01
6.555191874504089355e-01
7.548850178718566895e-01
6.570029556751251221e-01
5.622832924127578735e-01
6.081742048263549805e-01
6.193087995052337646e-01
5.553459227085113525e-01
7.830511927604675293e-01
7.386760413646697998e-01
6.670671999454498291e-01
6.205978095531463623e-01
7.347052395343780518e-01
6.099944412708282471e-01
7.803094089031219482e-01
7.773577123880386353e-01
7.428035140037536621e-01
3.502518590539693832e-01
5.984411835670471191e-01
6.689718365669250488e-01
6.444624066352844238e-01
6.769788265228271484e-01
4.516924545168876648e-01
8.214030861854553223e-01
5.970844179391860962e-01
5.952843725681304932e-01
8.122654259204864502e-01
6.851178556680679321e-01
5.807875692844390869e-01
5.908828377723693848e-01
5.202647000551223755e-01
5.514071285724639893e-01
9.088423252105712891e-01
4.829811006784439087e-01
4.691127687692642212e-01
4.906354397535324097e-01
5.534357130527496338e-01
5.867865234613418579e-01
6.028490811586380005e-01
5.160479992628097534e-01
5.836236178874969482e-01
6.012051105499267578e-01
8.116368651390075684e-01
6.075591146945953369e-01
4.100367482751607895e-01
7.437010109424591064e-01
6.418204307556152344e-01
7.745621204376220703e-01
6.332308799028396606e-01
8.053387999534606934e-01
7.541597783565521240e-01
4.679835960268974304e-01
5.925458371639251709e-01
5.858394801616668701e-01
4.452750086784362793e-01
5.790751874446868896e-01
5.837935805320739746e-01
5.407173484563827515e-01
5.922206789255142212e-01
5.228153467178344727e-01
4.666050523519515991e-01
5.453232079744338989e-01
5.206971913576126099e-01
6.317391097545623779e-01
7.679224461317062378e-01
7.133054882287979126e-01
5.353705286979675293e-01
5.210691094398498535e-01
6.018476784229278564e-01
4.357666224241256714e-01
7.083082199096679688e-01
4.404617324471473694e-01
9.097123891115188599e-01
6.584705561399459839e-01
5.946383476257324219e-01
5.778729021549224854e-01
6.351393014192581177e-01
7.961364090442657471e-01
4.765983670949935913e-01
4.849807769060134888e-01
5.370338857173919678e-01
6.661204695701599121e-01
8.259496390819549561e-01
5.301921218633651733e-01
6.290071904659271240e-01
4.317965358495712280e-01
5.314647257328033447e-01
4.424759671092033386e-01
5.329036116600036621e-01
7.345446348190307617e-01
3.932574912905693054e-01
6.902197599411010742e-01
5.419341772794723511e-01
5.024735778570175171e-01
4.778008162975311279e-01
4.819663614034652710e-01
5.198933035135269165e-01
3.903858624398708344e-01
7.100361138582229614e-01
3.702390082180500031e-01
4.709597229957580566e-01
5.805609226226806641e-01
5.443523526191711426e-01
5.626709461212158203e-01
5.505737066268920898e-01
5.210702717304229736e-01
4.010349214076995850e-01
4.289699643850326538e-01
4.894683361053466797e-01
5.893821418285369873e-01
5.778473019599914551e-01
4.627463668584823608e-01
5.638020187616348267e-01
5.262905359268188477e-01
6.327123939990997314e-01
6.502419114112854004e-01
4.900277107954025269e-01
4.655055552721023560e-01
5.854550004005432129e-01
4.856892377138137817e-01
6.498823314905166626e-01
7.182042598724365234e-01
5.219123363494873047e-01
4.319552332162857056e-01
4.817372411489486694e-01
3.432257417589426041e-01
4.196737334132194519e-01
4.034244492650032043e-01
4.703341126441955566e-01
5.476492047309875488e-01
5.106882750988006592e-01
5.320864766836166382e-01
6.179589629173278809e-01
5.312298685312271118e-01
4.007852822542190552e-01
5.134589821100234985e-01
6.556824892759323120e-01
6.304409801959991455e-01
3.801129907369613647e-01
3.707746230065822601e-01
3.866637349128723145e-01
5.653531104326248169e-01
5.066530704498291016e-01
6.784149259328842163e-01
6.744150668382644653e-01
7.075914889574050903e-01
3.726262673735618591e-01
4.100101217627525330e-01
6.285317838191986084e-01
6.819894462823867798e-01
3.803768977522850037e-01
4.837762117385864258e-01
5.135541409254074097e-01
4.937653392553329468e-01
3.796834349632263184e-01
6.579677313566207886e-01
7.120735496282577515e-01
4.266943112015724182e-01
4.996472299098968506e-01
4.297345727682113647e-01
3.596471920609474182e-01
4.373903423547744751e-01
6.141325831413269043e-01
5.553494095802307129e-01
5.264863669872283936e-01
6.399515122175216675e-01
5.409072041511535645e-01
7.400560826063156128e-01
4.179663136601448059e-01
4.893154501914978027e-01
3.474958958104252815e-01
4.434902667999267578e-01
4.119544327259063721e-01
5.400878489017486572e-01
4.623654335737228394e-01
5.357103347778320312e-01
6.312834471464157104e-01
5.139216184616088867e-01
4.482391029596328735e-01
5.512762963771820068e-01
3.841055259108543396e-01
5.419632792472839355e-01
4.746311753988265991e-01
6.273657828569412231e-01
5.738549530506134033e-01
5.735436677932739258e-01
5.163526087999343872e-01
4.830465316772460938e-01
5.891377627849578857e-01
6.268991976976394653e-01
6.630647927522659302e-01
4.602081924676895142e-01
4.522800892591476440e-01
3.484771698713302612e-01
7.927374094724655151e-01
5.041493028402328491e-01
5.209913849830627441e-01
4.830609709024429321e-01
4.524345695972442627e-01
5.567722320556640625e-01
4.688713550567626953e-01
4.818288981914520264e-01
4.850192964076995850e-01
4.825273305177688599e-01
4.939969331026077271e-01
4.057573527097702026e-01
6.754691302776336670e-01
3.505970984697341919e-01
7.538449168205261230e-01
3.433540984988212585e-01
4.583747535943984985e-01
6.200072318315505981e-01
5.596626400947570801e-01
5.038379132747650146e-01
5.267052203416824341e-01
5.580183565616607666e-01
4.480445086956024170e-01
6.937518119812011719e-01
5.476814508438110352e-01
4.784078747034072876e-01
6.364549994468688965e-01
3.831655383110046387e-01
7.149026989936828613e-01
5.641004741191864014e-01
4.673889726400375366e-01
4.583260565996170044e-01
8.367630243301391602e-01
7.228236794471740723e-01
3.955944627523422241e-01
3.841100260615348816e-01
6.416646838188171387e-01
5.712446570396423340e-01
3.301627021282911301e-01
6.784709393978118896e-01
4.268837720155715942e-01
5.037944316864013672e-01
6.338481009006500244e-01
4.349683076143264771e-01
4.598987549543380737e-01
4.520955234766006470e-01
3.544306419789791107e-01
6.029856801033020020e-01
5.122844725847244263e-01
3.556473813951015472e-01
5.117110908031463623e-01
6.324058175086975098e-01
6.075733006000518799e-01
4.962726682424545288e-01
6.141088157892227173e-01
3.613654039800167084e-01
4.539293497800827026e-01
7.500699609518051147e-01
4.505063593387603760e-01
3.932676464319229126e-01
6.570185124874114990e-01
4.964255839586257935e-01
5.520630925893783569e-01
5.452921688556671143e-01
5.222904831171035767e-01
4.616323262453079224e-01
5.393114238977432251e-01
4.443714767694473267e-01
3.554959520697593689e-01
5.338304638862609863e-01
5.080337971448898315e-01
5.691018253564834595e-01
4.692513197660446167e-01
4.052126109600067139e-01
3.903577998280525208e-01
6.422967463731765747e-01
5.761350095272064209e-01
7.678842544555664062e-01
5.940291732549667358e-01
4.118533656001091003e-01
4.762560576200485229e-01
8.309400528669357300e-01
6.543598920106887817e-01
5.237463116645812988e-01
5.384152531623840332e-01
6.308265179395675659e-01
6.410030126571655273e-01
6.615691930055618286e-01
6.279507577419281006e-01
4.748311340808868408e-01
5.429670661687850952e-01
5.845631211996078491e-01
4.513383060693740845e-01
5.201196074485778809e-01
5.787683278322219849e-01
6.202625483274459839e-01
6.576756983995437622e-01
6.127770096063613892e-01
6.785528063774108887e-01
3.783506080508232117e-01
5.918869525194168091e-01
3.875814154744148254e-01
4.930424392223358154e-01
5.481786429882049561e-01
5.475110709667205811e-01
7.870340794324874878e-01
3.917248696088790894e-01
5.289941132068634033e-01
4.899098426103591919e-01
8.274311721324920654e-01
5.046301037073135376e-01
5.694337040185928345e-01
4.195470660924911499e-01
5.546591281890869141e-01
6.891393363475799561e-01
3.965994417667388916e-01
3.313850052654743195e-01
4.368630200624465942e-01
6.982923448085784912e-01
4.984940290451049805e-01
6.317820698022842407e-01
7.232281565666198730e-01
4.280014187097549438e-01
4.958460777997970581e-01
4.684022217988967896e-01
6.211118847131729126e-01
4.086014553904533386e-01
4.667905867099761963e-01
5.939313918352127075e-01
6.713460683822631836e-01
4.941660910844802856e-01
3.947341144084930420e-01
5.560565441846847534e-01
5.261282324790954590e-01
4.125895649194717407e-01
5.533501952886581421e-01
5.629867613315582275e-01
4.563326984643936157e-01
3.911459967494010925e-01
5.218626558780670166e-01
4.706221222877502441e-01
3.864829093217849731e-01
6.605554372072219849e-01
6.611934006214141846e-01
4.961889088153839111e-01
5.273943096399307251e-01
4.897485971450805664e-01
5.033244639635086060e-01
5.012101829051971436e-01
3.762960061430931091e-01
5.125469863414764404e-01
4.627483040094375610e-01
4.933965504169464111e-01
7.544815987348556519e-01
3.456023596227169037e-01
3.432588968425989151e-01
3.443939462304115295e-01
4.338619560003280640e-01
5.498305857181549072e-01
5.575457066297531128e-01
5.358246266841888428e-01
5.252176225185394287e-01
3.980956524610519409e-01
5.493704676628112793e-01
4.051341190934181213e-01
4.758227318525314331e-01
4.755278974771499634e-01
4.840151965618133545e-01
4.663135260343551636e-01
6.185742169618606567e-01
4.817633628845214844e-01
5.738672018051147461e-01
3.755564689636230469e-01
5.548747479915618896e-01
6.272525340318679810e-01
6.126018613576889038e-01
4.874657839536666870e-01
4.995436370372772217e-01
4.103821367025375366e-01
4.307527095079421997e-01
5.064481347799301147e-01
7.983143031597137451e-01
5.159530043601989746e-01
3.979746475815773010e-01
4.980276376008987427e-01
4.426492750644683838e-01
3.467350676655769348e-01
4.249198734760284424e-01
5.052314549684524536e-01
5.923622995615005493e-01
4.056924432516098022e-01
4.656546860933303833e-01
4.134891927242279053e-01
3.482010439038276672e-01
5.529254525899887085e-01
3.594066575169563293e-01
5.448072999715805054e-01
5.308086276054382324e-01
5.313519239425659180e-01
6.131869852542877197e-01
4.439076334238052368e-01
4.755508154630661011e-01
3.282526321709156036e-01
5.847069025039672852e-01
6.184245049953460693e-01
5.241648554801940918e-01
4.439909458160400391e-01
5.586566179990768433e-01
4.668417721986770630e-01
6.215318590402603149e-01
6.244572997093200684e-01
5.456184148788452148e-01
4.918126612901687622e-01
5.626459866762161255e-01
4.068460687994956970e-01
6.154862344264984131e-01
4.929779171943664551e-01
5.905424654483795166e-01
5.542756468057632446e-01
5.480110496282577515e-01
5.495914816856384277e-01
4.672051519155502319e-01
5.230548977851867676e-01
5.358565598726272583e-01
5.696074664592742920e-01
4.810051172971725464e-01
5.384990870952606201e-01
4.766140580177307129e-01
6.137354820966720581e-01
4.819970279932022095e-01
5.224467515945434570e-01
8.590851277112960815e-01
5.723114311695098877e-01
5.285212844610214233e-01
7.429636865854263306e-01
4.070635437965393066e-01
4.884703606367111206e-01
7.443801760673522949e-01
6.099754720926284790e-01
6.226689070463180542e-01
6.576439887285232544e-01
3.612620458006858826e-01
5.144873559474945068e-01
5.949831157922744751e-01
5.537332147359848022e-01
4.912687093019485474e-01
6.373646110296249390e-01
3.645188063383102417e-01
5.328007787466049194e-01
3.226613197475671768e-01
4.284532219171524048e-01
6.204888522624969482e-01
5.749750733375549316e-01
3.560074158012866974e-01
6.329258084297180176e-01
5.632484108209609985e-01
5.661508291959762573e-01
3.344588391482830048e-01
4.489406347274780273e-01
4.974537044763565063e-01
3.469024933874607086e-01
5.792929232120513916e-01
4.325790852308273315e-01
5.006617158651351929e-01
6.049520671367645264e-01
6.241561919450759888e-01
4.667654633522033691e-01
4.416419118642807007e-01
5.574658662080764771e-01
5.388220697641372681e-01
6.222054958343505859e-01
3.813836276531219482e-01
4.335948526859283447e-01
3.635247126221656799e-01
4.755652099847793579e-01
5.256611257791519165e-01
6.866617649793624878e-01
4.129594713449478149e-01
4.576415419578552246e-01
5.731033831834793091e-01
4.824915081262588501e-01
4.912655502557754517e-01
4.216497391462326050e-01
5.342522114515304565e-01
5.803395956754684448e-01
4.348684400320053101e-01
4.804632663726806641e-01
4.983240514993667603e-01
4.040012806653976440e-01
3.596437759697437286e-01
6.534186005592346191e-01
5.833428502082824707e-01
5.178001821041107178e-01
4.681235700845718384e-01
5.421658307313919067e-01
3.877313360571861267e-01
4.921344220638275146e-01
5.635971575975418091e-01
3.873834758996963501e-01
6.687735319137573242e-01
4.302937686443328857e-01
3.971731513738632202e-01
5.294023007154464722e-01
5.276402980089187622e-01
5.267336964607238770e-01
4.649077802896499634e-01
5.243342816829681396e-01
3.651164844632148743e-01
4.255098253488540649e-01
4.716166257858276367e-01
5.235273092985153198e-01
6.412963569164276123e-01
5.763720422983169556e-01
5.258887559175491333e-01
4.586389660835266113e-01
4.621205329895019531e-01
3.707000389695167542e-01
3.871350735425949097e-01
4.122105389833450317e-01
4.021635353565216064e-01
5.412289798259735107e-01
6.567178964614868164e-01
4.559289366006851196e-01
5.676342397928237915e-01
5.281625688076019287e-01
7.648267447948455811e-01
5.752188861370086670e-01
5.067868977785110474e-01
4.988683164119720459e-01
4.044252336025238037e-01
4.407718330621719360e-01
3.429320454597473145e-01
4.877963364124298096e-01
4.754296094179153442e-01
5.173250436782836914e-01
5.306405425071716309e-01
4.110948145389556885e-01
3.988824561238288879e-01
8.230384141206741333e-01
4.658008664846420288e-01
4.143926948308944702e-01
6.766925752162933350e-01
4.201113134622573853e-01
4.221130013465881348e-01
4.475851058959960938e-01
5.721559524536132812e-01
5.075789093971252441e-01
4.343824535608291626e-01
7.289248704910278320e-01
5.504069775342941284e-01
7.066665142774581909e-01
4.294315427541732788e-01
3.684342578053474426e-01
3.350913692265748978e-01
5.604640990495681763e-01
5.931759029626846313e-01
5.052429437637329102e-01
5.646870583295822144e-01
5.251848697662353516e-01
4.553847759962081909e-01
4.798833578824996948e-01
3.600177355110645294e-01
3.660771474242210388e-01
3.627259396016597748e-01
5.425048172473907471e-01
4.171743541955947876e-01
4.283648133277893066e-01
4.096441492438316345e-01
7.158254086971282959e-01
5.357764959335327148e-01
6.106798350811004639e-01
4.103486910462379456e-01
3.819812387228012085e-01
5.158842802047729492e-01
4.595941007137298584e-01
5.057346820831298828e-01
5.449943989515304565e-01
6.318325251340866089e-01
5.832807570695877075e-01
4.858448058366775513e-01
4.862582832574844360e-01
7.933704406023025513e-01
6.920515745878219604e-01
5.909267365932464600e-01
5.793512016534805298e-01
4.745471477508544922e-01
4.602999091148376465e-01
4.580414444208145142e-01
6.679080575704574585e-01
4.952269941568374634e-01
4.394824355840682983e-01
3.702533990144729614e-01
3.594262264668941498e-01
6.367330104112625122e-01
5.372366160154342651e-01
5.245645940303802490e-01
5.456969887018203735e-01
3.564493022859096527e-01
5.424348562955856323e-01
3.604724109172821045e-01
4.103328809142112732e-01
6.576325893402099609e-01
5.131111443042755127e-01
5.320540666580200195e-01
5.460985898971557617e-01
4.171620905399322510e-01
4.188361316919326782e-01
5.751610994338989258e-01
6.541897952556610107e-01
6.611870080232620239e-01
5.865668803453445435e-01
3.594191931188106537e-01
5.663077384233474731e-01
6.327337473630905151e-01
5.133510529994964600e-01
5.398981422185897827e-01
5.716182589530944824e-01
4.027365371584892273e-01
3.603454306721687317e-01
4.492234438657760620e-01
4.498618394136428833e-01
7.013280093669891357e-01
7.403939813375473022e-01
6.217081397771835327e-01
6.654187589883804321e-01
4.962511062622070312e-01
4.151651412248611450e-01
3.977724611759185791e-01
3.582267425954341888e-01
5.298881679773330688e-01
4.142165929079055786e-01
4.506093263626098633e-01
5.563908368349075317e-01
3.268727874383330345e-01
4.974231421947479248e-01
4.637293368577957153e-01
6.665636748075485229e-01
6.523162424564361572e-01
3.859964832663536072e-01
4.410968571901321411e-01
4.775483608245849609e-01
5.204821228981018066e-01
3.392638396471738815e-01
4.267117381095886230e-01
5.891818851232528687e-01
4.163583666086196899e-01
5.742475539445877075e-01
4.975197166204452515e-01
5.098433196544647217e-01
6.912924647331237793e-01
5.336109995841979980e-01
4.326133280992507935e-01
3.409990817308425903e-01
4.031491950154304504e-01
5.326701402664184570e-01
7.055756747722625732e-01
3.637167289853096008e-01
7.074283063411712646e-01
4.806054383516311646e-01
6.111589074134826660e-01
4.143414050340652466e-01
4.581079930067062378e-01
4.890189617872238159e-01
4.434657990932464600e-01
6.111625581979751587e-01
4.337217807769775391e-01
4.984980374574661255e-01
4.215003401041030884e-01
5.587912201881408691e-01
6.601662188768386841e-01
4.444341808557510376e-01
4.828182756900787354e-01
5.004668235778808594e-01
4.267668873071670532e-01
4.547629952430725098e-01
4.609384536743164062e-01
4.468416869640350342e-01
4.899664670228958130e-01
3.457761071622371674e-01
6.589155942201614380e-01
5.740495473146438599e-01
4.217413216829299927e-01
6.090878695249557495e-01
6.501319855451583862e-01
5.409359186887741089e-01
3.626029677689075470e-01
6.764216125011444092e-01
6.597980260848999023e-01
6.476253122091293335e-01
5.425842255353927612e-01
3.938021659851074219e-01
4.810888022184371948e-01
5.019429475069046021e-01
6.159856319427490234e-01
6.777568757534027100e-01
6.181131005287170410e-01
4.670842438936233521e-01
6.042739897966384888e-01
3.628607988357543945e-01
4.956854730844497681e-01
7.224172353744506836e-01
4.697113484144210815e-01
4.489604681730270386e-01
6.121242195367813110e-01
5.649052709341049194e-01
4.538654237985610962e-01
6.036704331636428833e-01
3.765346109867095947e-01
4.190547615289688110e-01
4.747276008129119873e-01
4.866695106029510498e-01
6.546998471021652222e-01
6.123249083757400513e-01
5.336329489946365356e-01
4.509582221508026123e-01
5.741801708936691284e-01
3.974772766232490540e-01
5.107568204402923584e-01
3.533471785485744476e-01
5.177319347858428955e-01
4.174611419439315796e-01
4.995082765817642212e-01
4.606514424085617065e-01
6.928773373365402222e-01
5.582956820726394653e-01
3.977035954594612122e-01
3.662168905138969421e-01
5.665218681097030640e-01
5.395632684230804443e-01
6.537087857723236084e-01
5.417352318763732910e-01
3.890585526823997498e-01
6.160227805376052856e-01
3.314124550670385361e-01
3.538088984787464142e-01
5.831321775913238525e-01
5.437305718660354614e-01
5.959748923778533936e-01
6.399250477552413940e-01
6.122949272394180298e-01
4.650635719299316406e-01
4.723140448331832886e-01
5.178031027317047119e-01
6.205987632274627686e-01
3.473333194851875305e-01
3.659687042236328125e-01
6.541760265827178955e-01
5.594048053026199341e-01
5.384870767593383789e-01
4.299180060625076294e-01
3.583665974438190460e-01
4.975199699401855469e-01
6.147820949554443359e-01
7.702377885580062866e-01
5.036877542734146118e-01
5.975708365440368652e-01
5.415712893009185791e-01
5.687461197376251221e-01
