2368001
0 2.0557102999999977 1.5335049046410454 1112.021740522541
1 0.3667068000000029 1.393497069676717 5403.3140368852455
2 0.3586065000000005 1.1983116467793782 17147.53637295082
3 0.35943520000000007 1.0252384609646268 16164.660860655738
4 0.35844490000000206 0.9917731550004747 13330.088627049181
5 0.35855670000000117 0.9313011328379314 19122.84375
6 0.3582605000000001 0.9724570963117811 20386.200819672133
7 0.36123930000000115 0.9287585735321044 26425.767930327867
8 0.3601290000000006 0.9332650184631348 32464.85758196721
9 0.35846619999999874 0.9109909110599094 44033.30225409836
10 0.3583998000000008 0.8764326890309652 52831.69262295082
11 0.360135200000002 0.883357032140096 69151.92418032787
12 0.3603151000000011 0.8113131523132324 76041.59836065574
13 0.35995050000000006 0.7493809276156955 88690.64959016393
14 0.361251799999998 0.6826993359459771 92762.08606557376
15 0.3609819000000023 0.6158530394236247 100291.53893442624
16 0.360990300000001 0.5239234897825453 100807.67008196721
17 0.35919979999999896 0.47630963325500486 97856.26844262295
18 0.3598485999999994 0.41732675499386257 92821.77868852459
19 0.36013889999999904 0.3740999089346992 85444.00614754099
20 0.35929529999999943 0.3712932586669922 85717.75
21 0.35993410000000026 0.35313635932074655 85319.16393442624
22 0.36025459999999754 0.3885933756828308 77557.1762295082
23 0.3663464000000012 0.4792706436581082 79092.03073770492
24 0.3640776999999993 0.2727553963661194 87492.36885245901
25 0.36622780000000077 0.2293759889072842 79768.2581967213
26 0.3655419000000002 0.21685313516192967 78744.49385245901
27 0.3645219000000033 0.21191756857766045 69237.43032786885
28 0.3622216999999992 0.27300751474168566 76063.4918032787
29 0.3632080000000002 0.21148279110590618 73051.18647540984
30 0.36503899999999945 0.1943874332639906 72619.77868852459
31 0.36284900000000064 0.19306846857070922 67120.33606557376
32 0.36899760000000015 0.1944604476292928 72893.34221311475
33 0.36602659999999787 0.17354310221142238 67904.36270491804
34 0.36713160000000045 0.1482334017753601 68248.74795081967
35 0.3694338999999971 0.14086880816353692 66338.5
36 0.3631407000000024 0.14763970375061036 65805.3012295082
37 0.36497130000000055 0.14621722168392606 70434.52868852459
38 0.3650334000000015 0.17298071583112082 58753.93032786885
39 0.363864300000003 0.2019247207376692 64442.95491803279
40 0.36263630000000546 0.16156651311450534 69434.34221311475
41 0.36398840000000376 0.17114901741345723 61419.02356557377
42 0.36140929999999827 0.14518101811408995 62044.61372950819
43 0.36022480000000456 0.1469097660647498 59831.776639344265
44 0.3612455999999966 0.1964765535460578 62703.186475409835
45 0.3599923000000018 0.13229362434811062 60816.6618852459
46 0.36095459999999946 0.12299843165609571 62911.73668032787
47 0.3600385000000017 0.13381095594829984 57378.44467213115
48 0.3606952000000021 0.16750571131706238 64299.875
49 0.36070469999999943 0.17984138793415494 58254.2868852459
50 0.3606909000000016 0.12824965914090475 59860.52868852459
51 0.3597953000000018 0.09950976636674669 59471.762295081964
52 0.36101440000000196 0.09395952489640978 61093.42008196721
53 0.36013469999999614 0.09759211407767401 56574.18135245902
54 0.35968210000000056 0.10353685882356432 58870.485655737706
55 0.3600234000000029 0.09449356661902533 58676.30532786885
56 0.3596564999999998 0.09283618595865038 63079.25922131148
57 0.3596020999999965 0.215419696436988 50481.38831967213
58 0.36024339999999455 0.22858685188823277 56858.610655737706
59 0.3598713000000018 0.09776587155130174 54221.199795081964
60 0.36033850000000456 0.10759904119703505 58927.69159836065
61 0.360441900000005 0.13010039528210957 52556.78176229508
62 0.3598096000000055 0.13641900022824605 62284.26127049181
63 0.3613627000000008 0.13866103556421067 49933.451844262294
64 0.3599728999999954 0.1627136422528161 57193.46926229508
65 0.3599654000000001 0.09563108053472306 55719.32581967213
66 0.3607349000000042 0.08258754809697469 56880.01024590164
67 0.3594931000000017 0.09862934152285258 57159.53483606558
68 0.3603734000000003 0.09060916503270468 56284.65573770492
69 0.3603412000000006 0.08148825731542375 54666.44569672131
70 0.3594600999999997 0.07636315458350712 54010.292008196724
71 0.36073970000000344 0.09619871377944947 53010.85655737705
72 0.359735299999997 0.12609462208218045 57112.36885245902
73 0.3595487999999989 0.0977048334148195 55876.34323770492
74 0.36098379999999963 0.08190073735184139 56368.90676229508
75 0.36032709999999923 0.07788886295424567 53518.727459016394
76 0.36032300000000106 0.09040621916453044 55053.89036885246
77 0.3599341000000038 0.09814571572674645 49722.401639344265
78 0.3605487000000025 0.10112471282482147 58248.66598360656
79 0.3602392000000023 0.09040644367535909 52125.270491803276
80 0.3601182000000023 0.10859904885292053 53636.22233606558
81 0.359917099999997 0.07503477401203579 54468.69467213115
82 0.3598126999999991 0.06770797537432777 54080.53073770492
83 0.3597151000000025 0.0740279691086875 53186.96106557377
84 0.3608803999999992 0.07005680369006263 52789.12704918033
85 0.3606084999999979 0.08797281616263919 61905.964139344265
86 0.3597200000000029 0.12785819901360407 50512.085040983606
87 0.36019109999999444 0.12225848767492506 59162.69774590164
88 0.3611130999999972 0.12240473561816745 51121.65368852459
89 0.35985720000000043 0.08921555115116966 57583.74180327869
90 0.3602243999999999 0.09974890616205004 49459.43237704918
91 0.3607952999999995 0.12162212133407593 55913.72131147541
92 0.35946810000000085 0.07576084302531348 50548.09528688525
93 0.3599765000000019 0.09276350537935893 56552.05430327869
94 0.3603675000000024 0.08633126417795817 52947.4631147541
95 0.35930700000000115 0.07026206188731723 53425.31454918033
96 0.3612082000000001 0.0625445822874705 51791.2131147541
97 0.35986729999999767 0.06464641292889912 54655.95491803279
98 0.3597553999999974 0.0682274020380444 53644.48463114754
99 0.35975489999999866 0.05669655203819275 52202.639344262294
100 0.3607193999999936 0.06284301049179501 55096.20286885246
101 0.36011270000000195 0.06401868462562561 52971.76331967213
102 0.3606456000000051 0.05204834043979645 52662.11885245902
103 0.36038990000000126 0.0503315763341056 55320.089139344265
104 0.36071370000000513 0.04897266427675883 50547.29713114754
105 0.36066970000000254 0.05712265322605769 53485.42725409836
106 0.36035369999999745 0.06614189346631368 52286.78073770492
107 0.36233399999999705 0.04837364786201053 52440.03381147541
108 0.36100640000000084 0.057433781690067714 54845.81967213115
109 0.36061670000000134 0.05989572604497274 49745.42622950819
110 0.36020339999999607 0.09803310765160454 52803.503073770495
111 0.3601524999999981 0.06682716442479028 51411.11680327869
112 0.36047080000000165 0.09384457369645437 54273.921106557376
113 0.36175719999999956 0.0670821597178777 49636.01127049181
114 0.3610687999999982 0.07391792800691392 55236.792008196724
115 0.3602835000000013 0.07528297056754431 50897.63422131148
116 0.3612605000000002 0.055824763907326595 55051.99282786885
117 0.3604881999999989 0.07318048112922244 48698.391393442624
118 0.3603531999999987 0.08589989211824205 53957.59323770492
119 0.3603430000000074 0.08023255831665463 51676.76127049181
120 0.3610090000000099 0.06864428222179413 51564.74795081967
121 0.3608430000000027 0.05710548261801402 50611.63422131148
122 0.3607086000000095 0.06656026343504588 53694.559426229505
123 0.36063160000000494 0.062560017241372 51766.44159836065
124 0.36106679999998903 0.06504246013032065 50151.26844262295
125 0.360636999999997 0.07109548581971062 53023.49385245902
126 0.36076189999999997 0.04815879033671485 50224.16393442623
127 0.36068819999999846 0.05142790675163269 52392.75
128 0.36118700000000104 0.04899885687563155 49557.91393442623
129 0.36042960000000335 0.07673647271262275 52110.90266393442
130 0.36040939999999466 0.1064067049158944 53919.82581967213
131 0.3621804999999938 0.05925359924634298 48802.29918032787
132 0.3613767000000081 0.08742099834813012 55125.512295081964
133 0.3608083000000022 0.06920017765627967 50364.62295081967
134 0.3610572999999988 0.06484506295786964 52982.84631147541
135 0.3603747000000084 0.060858666234546235 48325.621926229505
136 0.3602411000000103 0.07032164004113939 52510.07377049181
137 0.3607666999999992 0.08314941591686673 49949.70594262295
138 0.3615768000000088 0.10722186466058095 51604.264344262294
139 0.3606634000000071 0.05871570242775811 51277.65368852459
140 0.36149109999999496 0.0481127229001787 51686.598360655735
141 0.3609520000000117 0.04719211707512538 51681.983606557376
142 0.36029019999999434 0.03994218077924516 48468.53278688525
143 0.3611649000000057 0.08757576114601559 53518.387295081964
144 0.36105649999998946 0.061396059725019665 49367.210040983606
145 0.35983480000000156 0.07663933750655916 52978.535860655735
146 0.3615420999999941 0.06861746377415127 47789.77868852459
147 0.3616178999999988 0.10116930769549476 50974.00204918033
148 0.3601300000000123 0.06546628607643976 49775.563524590165
149 0.360553699999997 0.09146815174155765 50640.08196721312
150 0.3624147000000022 0.059880326688289645 50241.9743852459
151 0.36088340000000585 0.05633303241597282 52323.72028688525
152 0.3609107999999992 0.05358267542388704 49925.26741803279
153 0.3608112999999946 0.055930069751209684 52668.61885245902
154 0.3604318999999947 0.055856909023390876 50320.128073770495
155 0.36024179999999717 0.04243200023969015 50339.51741803279
156 0.36010589999999354 0.042189371585845944 51834.54713114754
157 0.36035800000000506 0.04180508570538627 50110.72848360656
158 0.36056829999999707 0.05444109936555227 51757.91598360656
159 0.3601990000000086 0.049100301166375475 50086.501024590165
160 0.36055850000001044 0.042717869910928935 51134.44467213115
161 0.3609526000000045 0.04993821034828822 51200.473360655735
162 0.3607306000000108 0.05017439325650533 50394.69774590164
163 0.36200689999999724 0.048466279440455964 50737.852459016394
164 0.3605269999999905 0.053190907339255016 52000.78483606558
165 0.36078960000000393 0.05008932070599662 48873.063524590165
166 0.36072509999999625 0.06420419348610772 51693.62704918033
167 0.35963380000001166 0.07471822268433041 49491.16905737705
168 0.3601013999999907 0.05165451731946733 50231.75614754098
169 0.3615767999999946 0.0505079996254709 51586.78278688525
170 0.3597172999999998 0.03959765715731515 47989.07991803279
171 0.3604027999999886 0.06260826604233848 52749.4118852459
172 0.36087689999999384 0.06323688063356611 45794.65573770492
173 0.36058539999999084 0.10470860567357805 51206.97028688525
174 0.361323100000007 0.049427961144182415 48069.45081967213
175 0.3606979999999993 0.05521815866231918 51447.49590163935
176 0.36047449999999515 0.054617339703771806 47037.71823770492
177 0.3603422999999992 0.06573282877604167 51108.04918032787
178 0.3605976000000055 0.055752749575508964 49117.828893442624
179 0.36000959999999793 0.06729037099414402 50668.311475409835
180 0.3600428999999963 0.04730292310317357 50019.42008196721
181 0.3598219999999941 0.046429003775119784 51146.576844262294
182 0.3614053999999953 0.0455153829521603 49415.98155737705
183 0.3607697999999999 0.050471632348166574 49469.30635245902
184 0.3603621999999973 0.040622896783881715 50441.516393442624
185 0.3615379999999959 0.040711399912834165 51250.987704918036
186 0.36006220000000155 0.03849011262257894 48626.07786885246
187 0.3603092999999973 0.0461072638630867 53461.86782786885
188 0.3611594999999994 0.06254867944452498 50143.360655737706
189 0.3606493999999998 0.05853661729229821 51525.06762295082
190 0.3608358999999979 0.038733405537075466 50351.828893442624
191 0.36064610000001096 0.04089581122001012 49900.24282786885
192 0.3600943000000001 0.043183723092079164 51023.52868852459
193 0.36077179999999487 0.03406394753191206 48751.878073770495
194 0.3608367000000072 0.04800874359077877 51276.74590163935
195 0.3596710999999999 0.03189208987686369 49734.80327868852
196 0.3616525999999993 0.045815167162153454 52101.55737704918
197 0.3615522999999996 0.05010305626524819 49256.98463114754
198 0.36035929999999894 0.04226406928565767 50304.3125
199 0.36104610000001003 0.0388243802719646 50505.17008196721
200 0.36101070000000846 0.037618553307321334 50910.88524590164
201 0.3604865000000075 0.0347208739982711 51286.30122950819
202 0.3604686999999984 0.034098798202143774 50465.77766393442
203 0.3610123999999928 0.038356909569766784 50790.53893442623
204 0.36083289999999124 0.038913466533025104 51070.28073770492
205 0.3600464999999957 0.032056430478890736 50405.063524590165
206 0.36031530000001055 0.0342074034942521 50899.828893442624
207 0.36082079999999905 0.032584037052260505 50603.66598360656
208 0.36003119999999456 0.03937579426500532 51352.09016393442
209 0.36098990000000697 0.035464353693856136 50065.873975409835
210 0.36098660000000393 0.03678724732663896 51671.078893442624
211 0.36142580000000635 0.03906522476010853 50013.175204918036
212 0.36145670000000507 0.0278264582157135 51463.48668032787
213 0.3610525999999936 0.029870750341150495 49493.34733606558
214 0.360576800000004 0.04710680312580533 51917.51741803279
215 0.360994699999992 0.03408105605178409 51054.063524590165
216 0.3616294999999923 0.02978276858727137 51499.30737704918
217 0.36024470000000974 0.03185538666115867 51398.14856557377
218 0.36017400000000066 0.028212832742267185 50420.97643442623
219 0.36047139999999445 0.03820232326785723 51231.51844262295
220 0.36029050000000495 0.032805883553293017 51829.46721311475
221 0.36046360000000277 0.03110648857222663 51668.440573770495
222 0.36090509999999654 0.029191339347097608 51315.675204918036
223 0.3606280000000055 0.032065711087650724 51743.20286885246
224 0.36085459999999614 0.033060152331988016 50820.99282786885
225 0.3596823000000029 0.030714888208442263 51444.14241803279
226 0.3614802000000026 0.03523588354388873 50670.75614754098
227 0.3606252000000012 0.028015457093715668 51923.04098360656
228 0.36121599999999887 0.027650257613923816 49987.464139344265
229 0.36009529999999756 0.036289069884353216 51582.84426229508
230 0.36030759999999873 0.037149011095364885 51105.35348360656
231 0.36057329999999865 0.05519602712657717 51139.23258196721
232 0.3618663999999967 0.04640205734305912 51614.276639344265
233 0.3603403000000043 0.03266882018910514 50520.96516393442
234 0.36159620000000814 0.034136770996782514 52278.2868852459
235 0.3606202999999937 0.03694261047575209 50102.25204918033
236 0.3596257000000094 0.04047178543276257 51601.37295081967
237 0.35999839999999494 0.034388136532571584 51394.253073770495
238 0.3607853999999975 0.03406164397795995 51576.74487704918
239 0.3600425000000058 0.029535126520527734 51004.50819672131
240 0.36159550000000706 0.032747561732927956 51190.05840163935
241 0.3601592999999923 0.031713384058740406 51017.45286885246
242 0.3603455000000082 0.02901597801182005 51328.88114754098
243 0.3608014999999938 0.0324810148941146 51946.55532786885
244 0.3602278000000041 0.03759110329879655 51533.77971311475
245 0.3601867999999939 0.03961300485663944 51788.96618852459
246 0.36030569999999784 0.030938583612442016 51752.60758196721
247 0.3609307000000115 0.029554621047443812 51659.99385245902
248 0.3611070999999981 0.029918798721498913 51832.973360655735
249 0.3612494000000055 0.029410730136765373 52033.78381147541
250 0.3611159000000015 0.030790022843413884 52108.51331967213
251 0.36083879999999624 0.028275573253631593 51746.49590163935
252 0.3611927000000037 0.029317039416895972 52322.82172131148
253 0.36070440000000303 0.03317896823088328 51681.20594262295
254 0.36093050000000915 0.027733687725332048 51876.360655737706
255 0.36147100000000876 0.0322881688674291 52234.43545081967
256 0.36097540000000095 0.028971348206202188 51900.024590163935
257 0.35995529999999576 0.02988330043024487 52485.852459016394
258 0.36033670000000484 0.027212490638097126 51610.18237704918
259 0.3603555000000114 0.03329740150107278 52968.651639344265
260 0.36057670000000996 0.03326848066515393 51523.11475409836
261 0.36034349999999904 0.03144793891244464 51918.065573770495
262 0.36013530000001026 0.03236365980572171 52307.977459016394
263 0.3607501000000042 0.03074011007944743 51898.73155737705
264 0.3601510000000019 0.031908534881141454 52882.936475409835
265 0.3610716000000025 0.034173903365929924 51438.10143442623
266 0.3600153000000006 0.030748581058449215 52280.860655737706
267 0.36020630000000153 0.02924455718861686 52060.92930327869
268 0.3611721999999986 0.02570196663339933 52713.46516393442
269 0.36063310000000115 0.02975465820895301 50906.61577868852
270 0.36014240000000086 0.05583491126696269 51516.399590163935
271 0.3603248000000008 0.05601899176836014 52809.94262295082
272 0.36103180000000634 0.04252818177143733 51568.25922131148
273 0.3617302000000109 0.03108400007088979 52411.54508196721
274 0.36105249999999955 0.027629080414772033 52205.085040983606
275 0.361023000000003 0.02997943709294001 52239.54508196721
276 0.36122509999999863 0.027827942619721095 51666.49385245902
277 0.36034440000000245 0.03374096651871999 52724.15778688525
278 0.3614908999999926 0.028771990372074976 52371.88524590164
279 0.3612899999999968 0.029204159561130736 52083.96721311475
280 0.3604819999999904 0.036828285455703734 53126.91393442623
281 0.36096519999999543 0.028479910724692876 50847.32377049181
282 0.3605726000000118 0.03748235222366121 52720.96721311475
283 0.360135200000002 0.06217592226134406 54257.50717213115
284 0.360795600000003 0.06163240704271528 49916.014344262294
285 0.3598432999999943 0.0636777251958847 55154.229508196724
286 0.360631099999992 0.06437928163343005 50662.52766393442
287 0.36144589999999255 0.044133703079488544 52718.48258196721
288 0.3608448000000095 0.034819359911812675 51601.74385245902
289 0.36054049999999904 0.03806841025749842 52015.40778688525
290 0.3602995999999905 0.03402296950419744 51533.37909836065
291 0.36186189999999385 0.03168897165192498 53179.30327868852
292 0.3616293999999982 0.03916594849692451 51259.66393442623
293 0.3601934 0.033773806194464365 53303.77868852459
294 0.36077400000000637 0.037139262755711874 51257.125
295 0.36006369999999777 0.032772078944577114 53349.688524590165
296 0.3615408999999943 0.030904828011989592 49088.91598360656
297 0.3608880999999968 0.07408329943815867 51961.42418032787
298 0.3607682999999895 0.059949617915683324 53208.145491803276
299 0.3600166000000229 0.032971977194150286 50181.09221311475
300 0.360669200000018 0.04711744553512997 51815.89856557377
301 0.36105040000001054 0.02684770789411333 52211.44877049181
302 0.36136309999997707 0.026981244898504682 52195.95901639344
303 0.3601149999999791 0.029086805880069733 52073.43237704918
304 0.36091489999998316 0.02706381380558014 52237.546106557376
305 0.3615746000000115 0.02729145454035865 51938.809426229505
306 0.36132509999998774 0.025560115277767182 52526.65676229508
307 0.3610213999999985 0.025106456958585315 52373.54918032787
308 0.36126779999997893 0.024622551103432973 52231.832991803276
309 0.3609002000000032 0.024702042258448072 52205.40266393442
310 0.36068760000000566 0.024418856865829893 52597.34323770492
311 0.3606972999999982 0.02425648147861163 52590.44159836065
312 0.3610742999999843 0.022750737931993274 52129.0
313 0.36090129999999476 0.027347728858391443 52232.360655737706
314 0.36028339999998593 0.02444446939561102 52270.274590163935
315 0.36111940000000686 0.025168423768546846 52495.05635245902
316 0.3614273999999966 0.02396481509009997 52609.94672131148
317 0.3607734999999934 0.02395060161749522 52184.28073770492
318 0.3599059999999952 0.02602830140127076 52522.83094262295
319 0.3622656999999947 0.024153740207354227 53060.67622950819
320 0.36087279999998145 0.024012327690919242 51852.001024590165
321 0.36080709999998817 0.03152931465042962 52759.774590163935
322 0.36185359999998923 0.024803335302405888 52092.84528688525
323 0.3615002999999888 0.030454867002036836 52116.70594262295
324 0.3614139000000023 0.03186755966809061 52599.73258196721
325 0.36106519999998454 0.023372273312674628 52177.49795081967
326 0.3609961000000226 0.02643468454480171 53110.35143442623
327 0.3609859999999969 0.023415838927030565 52339.11372950819
328 0.36124569999998357 0.027116202728615868 52956.887295081964
329 0.3611319999999978 0.023041707939571804 52575.188524590165
330 0.3606043999999997 0.027068797830078338 53306.51946721312
331 0.3608636999999817 0.022815818753507404 52172.5
332 0.3614640000000122 0.030000351866086326 52287.45081967213
333 0.36097449999999753 0.030873510075940025 53019.10348360656
334 0.3606972999999982 0.02590048321419292 52539.89651639344
335 0.3617965000000254 0.024375387695100573 52900.23258196721
336 0.361062899999979 0.024194050166341994 52478.89651639344
337 0.3600452999999959 0.025493875973754458 52835.19672131148
338 0.3618524000000036 0.023504812518755594 52736.253073770495
339 0.3607277000000124 0.024251987453964022 52850.38012295082
340 0.3613471999999831 0.02386162910196516 52959.612704918036
341 0.3614753000000235 0.023293887823820116 52723.4631147541
342 0.3608086000000128 0.02378999607430564 53341.94159836065
343 0.3612764000000084 0.02735193462835418 52683.19569672131
344 0.3621721000000093 0.030607118374771543 52943.25614754098
345 0.36077410000001464 0.02477282045616044 52729.45901639344
346 0.36243369999999686 0.02719585630628798 53022.77356557377
347 0.36196200000000545 0.023313881870773105 52894.54918032787
348 0.36070410000002084 0.025350241445832783 53031.86475409836
349 0.3770901999999978 0.02365080068508784 53020.024590163935
350 0.37535979999998403 0.022737877898746067 53037.917008196724
351 0.3768513999999925 0.024808637466695573 53466.80737704918
352 0.37601370000001566 0.023050431079334684 52425.36987704918
353 0.37614840000000527 0.025705949631002215 53207.0368852459
354 0.37567490000000703 0.026296967599127027 52804.87090163935
355 0.3769561999999951 0.026607825441492927 52597.46926229508
356 0.3850207999999782 0.02361122311817275 53521.235655737706
357 0.42510230000002025 0.024655238621764712 52294.824795081964
358 0.42253929999998263 0.032433187464872996 53098.746926229505
359 0.42043170000002306 0.028943727744950187 53042.387295081964
360 0.42203910000000633 0.02722967333263821 53212.95491803279
361 0.4201157999999907 0.02366492110821936 53017.28483606558
362 0.4253037000000006 0.026029748717943828 52964.02766393442
363 0.42221930000002317 0.02348578323920568 53316.62909836065
364 0.421944400000001 0.023454895698361927 52805.23053278688
365 0.4223545000000115 0.02846561306052738 53365.86168032787
366 0.4191313999999977 0.025091111494435204 53470.26741803279
367 0.4240335000000073 0.028225843442810906 52252.800204918036
368 0.4213332000000207 0.02440650049183104 53747.47028688525
369 0.4218816000000061 0.02507196333673265 52868.96721311475
370 0.4186420000000055 0.02931227038304011 53294.24795081967
371 0.42242960000001517 0.023242995142936707 52720.690573770495
372 0.42121660000000816 0.026898240711953906 53384.43340163935
373 0.4207601999999895 0.02554043589366807 52987.296106557376
374 0.41900680000000534 0.023565774990452662 53223.63319672131
375 0.4176300999999967 0.02292030884159936 53264.88114754098
376 0.4173714000000075 0.026416450821691088 52925.84631147541
377 0.4193922000000043 0.027962420218520693 53016.162909836065
378 0.41977040000000443 0.0335504535999563 53796.99487704918
379 0.42115739999999846 0.025937540084123613 52536.03278688525
380 0.41938899999999535 0.03491716045472357 54008.19364754098
381 0.42093220000000997 0.024261362850666046 52374.526639344265
382 0.4201345000000174 0.03848478446404139 52292.798155737706
383 0.4166220999999837 0.024793001512686413 53474.36885245902
384 0.4176266999999996 0.024850078754954867 53300.44262295082
385 0.4188288 0.023778588738706377 53365.662909836065
386 0.42209050000002435 0.02271405259768168 53369.05327868852
387 0.42159180000001584 0.0237993024289608 52863.770491803276
388 0.4203356000000156 0.024834067126115165 53753.12909836065
389 0.42225740000000656 0.02629332376850976 53503.59426229508
390 0.420783699999987 0.02272702670759625 53543.813524590165
391 0.42279550000000654 0.022076954940954845 53492.61885245902
392 0.4210764999999981 0.024650707840919495 53343.76844262295
393 0.42273039999997764 0.021475220802757475 53516.40778688525
394 0.4203514999999811 0.02310157318909963 53484.51127049181
395 0.42264679999999544 0.02520665294594235 53812.49385245902
396 0.42038370000000214 0.030181034571594663 52924.22233606558
397 0.4224414999999908 0.023334658311472998 53496.69774590164
398 0.42007240000000934 0.02419987188445197 52855.43032786885
399 0.4221124999999972 0.028277924822436438 53881.061475409835
400 0.4214399999999898 0.02332963380548689 53317.60655737705
401 0.4217026999999973 0.02272397345966763 53518.73258196721
402 0.42002350000001343 0.021884745773341922 53709.29405737705
403 0.4218748000000119 0.022574009746313094 53674.28893442623
404 0.41960030000001325 0.021354817350705466 53751.925204918036
405 0.419635999999997 0.021849928630722895 53437.88012295082
406 0.4187219000000084 0.023155513074662952 53958.39241803279
407 0.41946029999999723 0.022643030352062648 53582.026639344265
408 0.41881339999997635 0.021578254964616565 53746.05737704918
409 0.4186148000000003 0.021410145196649764 53674.73053278688
410 0.4175457000000051 0.021599268085426754 53732.774590163935
411 0.4226351000000079 0.02137341524163882 53733.94774590164
412 0.4173420000000192 0.0211998560362392 53738.95081967213
413 0.4220751000000007 0.021021704210175407 53521.36475409836
414 0.4231587000000161 0.022032261970970364 53714.59118852459
415 0.42233640000000605 0.021972526278760698 53889.746926229505
416 0.41826709999998 0.020299104766713247 53374.48155737705
417 0.42205640000000244 0.023203177087836795 53403.99487704918
418 0.4197296000000108 0.02205378736058871 54044.7131147541
419 0.4218754000000047 0.021728852142890293 53401.024590163935
420 0.4198056999999835 0.022428516878022088 53613.77868852459
421 0.4209515999999951 0.02431916246811549 53509.690573770495
422 0.41994959999999537 0.02118348487549358 54211.5368852459
423 0.41805599999997867 0.02217448411716355 53072.57069672131
424 0.4188906999999915 0.02745616626408365 53368.59426229508
425 0.41993109999998524 0.022584076225757598 53936.25614754098
426 0.41892040000001884 0.02264913726184103 53694.73155737705
427 0.4173920999999723 0.021483043415678874 53540.71823770492
428 0.4194090000000017 0.02059304490685463 53931.51536885246
429 0.42172270000000367 0.020887192255920835 53835.61680327869
430 0.41918699999999376 0.020738967921998766 53636.70901639344
431 0.4187962000000027 0.02444668213526408 53855.776639344265
432 0.41789190000000076 0.020890481604470146 53893.3381147541
433 0.41746200000000044 0.021242099006970723 53917.934426229505
434 0.41915449999999055 0.020704109387265312 54046.42008196721
435 0.42179669999998737 0.020725689828395844 53969.2131147541
436 0.41985620000002655 0.020543120470311906 53948.92008196721
437 0.42028629999998657 0.021512003822459116 53768.2131147541
438 0.41988799999998605 0.021419999996821086 54067.623975409835
439 0.4182787000000019 0.02126969579193327 54035.56864754098
440 0.41764200000000073 0.020328851954804526 53888.604508196724
441 0.4182557000000031 0.02143190676967303 54005.89241803279
442 0.41716370000000325 0.021832417448361716 53824.473360655735
443 0.4218620000000044 0.021914312574598523 53816.90471311475
444 0.41889119999999025 0.021108506702714497 54221.96618852459
445 0.4205114000000094 0.020333882255686653 53531.86168032787
446 0.41823409999997807 0.023916952477561104 53750.0368852459
447 0.4189119999999775 0.021251106924480862 54242.69774590164
448 0.4176094999999975 0.021433456242084502 54026.235655737706
449 0.4186339000000032 0.022947307179371514 53766.79918032787
450 0.41684490000000096 0.02231547451681561 54515.188524590165
451 0.4220094000000074 0.021040413445896574 53436.97643442623
452 0.4195502999999974 0.030224023014307023 53324.43340163935
453 0.41766770000000975 0.02040337762898869 54418.85143442623
454 0.418037599999991 0.027288518846035004 53684.434426229505
455 0.4186309000000108 0.024003136406342187 53627.21618852459
456 0.4167170999999996 0.025434756775697072 54261.90881147541
457 0.42151029999999423 0.02229296209083663 53912.0993852459
458 0.4193482000000017 0.02196242602335082 54141.96618852459
459 0.42031890000001226 0.02091264037622346 53960.826844262294
460 0.41977339999999685 0.021784239179558223 54396.45081967213
461 0.4170321000000001 0.02110216013259358 53898.40778688525
462 0.41830419999999435 0.021160298171970578 54038.574795081964
463 0.41921990000000164 0.02030945618947347 54009.45081967213
464 0.41757619999998496 0.023214656280146705 53882.97848360656
465 0.4175702000000001 0.02075796830985281 54433.897540983606
466 0.4193281999999954 0.021867728564474317 53900.54713114754
467 0.42097129999999083 0.02217885793911086 54177.787909836065
468 0.41821760000001973 0.020668404549360274 54260.11475409836
469 0.4190199000000234 0.022167790598339506 54010.99487704918
470 0.41796750000000316 0.01983517971303728 54385.69364754098
471 0.41798930000001633 0.02110981270670891 53920.57069672131
472 0.4180822999999805 0.021948926150798798 54336.522540983606
473 0.42053820000000997 0.020084166361225977 54176.641393442624
474 0.4193631999999923 0.020691224684317906 54084.214139344265
475 0.41747290000000703 0.022591454452938503 54678.83401639344
476 0.4190586999999937 0.022795777767896652 53998.34016393442
477 0.41899839999999244 0.023171391089757284 54119.387295081964
478 0.41739509999999314 0.02059974264767435 54481.417008196724
479 0.4231539999999825 0.02200149810976452 53886.54405737705
480 0.4161406999999997 0.023803578234381145 53841.707991803276
481 0.42148020000001907 0.020504035138421587 54408.78381147541
482 0.42050109999999563 0.022075809952285554 53955.75
483 0.4213739999999859 0.02216066171725591 54161.32786885246
484 0.4193803999999943 0.020250050723552702 54380.84221311475
485 0.4191722999999854 0.021948628458711837 54103.44364754098
486 0.41850410000000693 0.021853706571790907 54802.36782786885
487 0.4187789000000066 0.0217296296523677 54216.52868852459
488 0.41756860000000984 0.021836390760209826 54093.51844262295
489 0.4215003999999851 0.020662366019354925 54582.61475409836
490 0.4164020999999991 0.020355732242266337 54079.4743852459
491 0.42066549999998415 0.0216646240817176 54307.70901639344
492 0.41803969999998003 0.021221366359127893 54058.667008196724
493 0.41914419999997676 0.02529795484410392 54057.03893442623
494 0.41799279999997907 0.020050375080770916 54457.623975409835
495 0.4175970999999947 0.022940532366434733 54185.272540983606
496 0.41657460000001834 0.02436255622241232 54170.72131147541
497 0.4201202000000137 0.024386975003613365 54955.38319672131
498 0.4177763000000141 0.02200342880354987 54058.65676229508
499 0.41789689999998814 0.025540857099824482 53870.32991803279
