2368001
0 2.123936500000003 1.5395765463511148 784.0731621413935
1 0.5484729999999978 1.4393688042958577 3057.60681352459
2 0.5539726000000016 1.3301342911190457 11745.89293032787
3 0.5481603000000028 1.16108504931132 26625.26588114754
4 0.5673523999999972 1.0181425518459744 24188.512295081968
5 0.5504762999999997 0.9713982582092285 22878.87807377049
6 0.5525692999999983 0.9813173241085477 26987.11987704918
7 0.5509477999999994 0.9646296024322509 37329.81762295082
8 0.5476951999999997 0.9734912130567762 43175.479508196724
9 0.5483335999999994 0.9585067007276747 56226.512295081964
10 0.5470086000000016 0.9493520312839084 65337.70491803279
11 0.5466186999999998 0.9768325381808811 74760.6331967213
12 0.5472177000000009 0.9398069275750054 91963.34426229508
13 0.548505500000001 0.9358715163336859 83199.98155737705
14 0.5463710999999982 0.9252556641896565 91684.88114754099
15 0.5506939000000024 0.9126158502366808 90624.34221311475
16 0.548414600000001 0.8960263093312582 100504.56762295082
17 0.5502962000000018 0.879568009906345 102940.65163934426
18 0.5511471000000014 0.848431830936008 105523.11475409837
19 0.5509457000000033 0.8227251476711697 104702.35245901639
20 0.5525033999999991 0.7853014840020074 112535.97950819672
21 0.5522024999999999 0.7499066458808051 113886.82786885246
22 0.5501173999999978 0.6916270573933919 109152.09631147541
23 0.5514200000000002 0.6686964829762777 112712.20901639345
24 0.5502228000000002 0.6069520367516412 107312.58606557376
25 0.550220000000003 0.5568049218919542 111610.40368852459
26 0.5523616000000047 0.5083815336227417 103030.26024590163
27 0.5502668999999969 0.4631096363067627 97098.72540983607
28 0.5512577000000007 0.4417885012096829 90276.98770491804
29 0.5506038999999987 0.38678117063310413 82384.54508196721
30 0.5615677999999988 0.3605146672990587 66850.35245901639
31 0.5635678999999953 0.3522304058074951 68475.53176229508
32 0.5714448000000019 0.33778975539737277 67595.6987704918
33 0.5574162999999999 0.3164879586961534 62133.99487704918
34 0.5853152000000037 0.2890166918436686 62496.14856557377
35 0.5673559000000026 0.2750027007526822 62031.39036885246
36 0.5736824999999968 0.26551615529590183 60749.587090163935
37 0.5525243000000017 0.25972295072343615 62150.26536885246
38 0.5515836000000007 0.25693692366282145 62788.48053278688
39 0.5614519999999956 0.27050532897313434 60293.49180327869
40 0.5627276000000023 0.24860658910539415 61581.58196721312
41 0.5511643999999976 0.24094893137613932 60394.24180327869
42 0.550417000000003 0.22724491357803345 63372.438524590165
43 0.5494210999999964 0.21448672347598605 61086.5
44 0.5557965999999936 0.22981232934527926 61481.15778688525
45 0.5566329000000039 0.21272462209065754 61837.512295081964
46 0.5520189000000002 0.21096995936499702 64820.18237704918
47 0.5498564999999971 0.198367088370853 63609.727459016394
48 0.5490744000000021 0.2567069093386332 63221.50819672131
49 0.5507374999999968 0.2630153589778476 58384.332991803276
50 0.5521545000000003 0.21296027368969386 78002.3012295082
51 0.5516459999999981 0.20416177908579508 63489.25614754098
52 0.5511114000000035 0.2027990288204617 62983.45286885246
53 0.5532235000000014 0.20077849096722072 68100.64344262295
54 0.5524281000000002 0.19588204622268676 65315.61475409836
55 0.5523357000000004 0.16799897485309176 67095.08196721312
56 0.5525678999999997 0.16477150784598457 68579.78278688525
57 0.5521540000000016 0.18683013916015626 64288.93237704918
58 0.5513705000000044 0.24304250743654038 67136.48360655738
59 0.5510276999999988 0.16179661220974392 60850.262295081964
60 0.5518669999999943 0.16328900522655912 67354.65778688525
61 0.5512815999999958 0.18327892091539172 68300.75204918033
62 0.5517886000000018 0.19083458582560223 66725.39959016393
63 0.5513039000000006 0.19925078749656677 59949.826844262294
64 0.5526806999999962 0.22067259285185073 70285.7581967213
65 0.5518075000000024 0.18390713731447855 58140.11782786885
66 0.5521218000000019 0.14941035045517814 70532.85450819672
67 0.552496000000005 0.1467338866657681 64706.82786885246
68 0.5511973999999995 0.14567707114749484 59976.17725409836
69 0.5522862000000046 0.14166350960731505 64341.852459016394
70 0.5519543999999996 0.15787619352340698 62131.03278688525
71 0.5517021 0.14405209090974597 59128.15676229508
72 0.5520599999999973 0.14672382606400383 65748.21106557376
73 0.5531041999999999 0.15209402110841538 66244.11475409837
74 0.5515970999999951 0.1523798770374722 65587.13524590163
75 0.554943999999999 0.16872944037119547 65526.50614754098
76 0.5514729000000003 0.15360916256904603 63560.57172131148
77 0.5522952999999973 0.15441133247481453 66411.24590163934
78 0.5517722999999961 0.1629723204506768 70875.6844262295
79 0.5509481000000136 0.19483481844266257 60924.003073770495
80 0.552581399999994 0.1800688405831655 66989.52049180328
81 0.5518369999999919 0.12746685677104527 62050.871926229505
82 0.5518075000000096 0.1350634707344903 72959.52663934426
83 0.5523304000000024 0.14536556800206502 61589.901639344265
84 0.5542930000000013 0.13061713841226366 69849.67008196721
85 0.5522052999999971 0.14062926636801826 66415.3831967213
86 0.5524984999999987 0.1458590739303165 57394.00409836065
87 0.551384000000013 0.14045224587122598 64072.77868852459
88 0.5530189999999919 0.14101555877261693 63041.76844262295
89 0.5514490000000052 0.12308922939830357 60975.90676229508
90 0.5533569999999912 0.12046352095074124 62632.58606557377
91 0.55266060000001 0.12482493586010403 58731.88217213115
92 0.5515649000000025 0.12169480191336737 68563.16393442624
93 0.5519859000000054 0.1289206544558207 59521.623975409835
94 0.5503058000000038 0.11361600557963053 66908.0881147541
95 0.5517191999999937 0.107955488231447 61633.391393442624
96 0.5519383000000033 0.111115167538325 58754.67622950819
97 0.5522629999999964 0.11555234922303094 67010.59221311475
98 0.5508992999999975 0.12069947123527527 58426.727459016394
99 0.5526481000000132 0.12965618040826585 58068.587090163935
100 0.5520198999999906 0.12808477150069342 63603.49795081967
101 0.5509436999999906 0.12408782839775086 62244.727459016394
102 0.5516321000000062 0.1143647743595971 58798.503073770495
103 0.5507841999999954 0.09835270444552104 61906.28278688525
104 0.5536524999999983 0.09151145153575474 60837.81659836065
105 0.5520648000000108 0.09791779120763143 61148.45081967213
106 0.5519860999999935 0.10223238600624932 62720.47643442623
107 0.551938199999995 0.09331480198436314 61451.47848360656
108 0.5529010999999997 0.09490207566155327 60870.86168032787
109 0.5528165999999999 0.09117580983373853 60052.82991803279
110 0.552027300000006 0.09820726977454292 59774.05225409836
111 0.5515902000000068 0.08707965678638882 61345.167008196724
112 0.5523391999999916 0.09534955355856153 60709.70696721312
113 0.5522770999999977 0.09500495394070943 61236.860655737706
114 0.5522575999999901 0.0996226966381073 63501.826844262294
115 0.5521604999999994 0.10432738727993435 62721.92008196721
116 0.5514250000000089 0.08784791363610162 63205.49487704918
117 0.5537593000000101 0.09616083304087321 61305.30635245902
118 0.5523768999999987 0.10602400965160794 62669.938524590165
119 0.5524690000000021 0.1113263765970866 66179.4405737705
120 0.5516475999999955 0.10720452864964804 58821.89344262295
121 0.5518393999999915 0.08555175198449029 63178.985655737706
122 0.5523449999999883 0.08987361126475864 61155.21926229508
123 0.5515204000000011 0.10146040320396424 59853.934426229505
124 0.5537752999999981 0.1099555492401123 63926.059426229505
125 0.5519620999999972 0.09716362026002671 59835.688524590165
126 0.5531713999999965 0.084525418943829 62208.82172131148
127 0.5522387000000037 0.09214206404156156 60793.33094262295
128 0.5521107999999941 0.08433469335238139 63223.64856557377
129 0.5524686999999915 0.10798444946606954 60770.76127049181
130 0.5517940999999951 0.12534740633434718 66205.90163934426
131 0.5525882000000024 0.09659077127774557 60012.61577868852
132 0.5523414999999972 0.09027146829499139 61282.936475409835
133 0.5525401999999957 0.09240426553620232 59871.69262295082
134 0.5519046000000003 0.08939458131790161 61776.059426229505
135 0.5543845000000118 0.08719504078229269 61556.815573770495
136 0.552306399999992 0.09754663970735337 60565.11782786885
137 0.5549438999999978 0.09661767019165887 62316.673155737706
138 0.5529551999999995 0.1160033384958903 59538.49180327869
139 0.5539492000000052 0.09245147870646583 63686.12090163935
140 0.5542008999999979 0.0763445410463545 62500.951844262294
141 0.5538901999999979 0.07865856621000501 61193.20594262295
142 0.5559543000000104 0.07476569679048327 62387.878073770495
143 0.553561600000009 0.09504453010029262 62340.110655737706
144 0.5548112999999972 0.12002613014645047 60945.936475409835
145 0.5531363000000056 0.15138524836964076 55021.56864754098
146 0.5534032000000053 0.08884720868534512 65435.05737704918
147 0.5523258999999996 0.0971274197101593 60217.20901639344
148 0.553352199999992 0.11299063165982565 66975.62704918033
149 0.5529197000000039 0.12493594686190287 57209.089139344265
150 0.5543808000000041 0.08821253114276462 63864.45491803279
151 0.5525176999999957 0.11168924702538384 60104.473360655735
152 0.5531873000000047 0.09177647365464105 62763.20286885246
153 0.5533996999999999 0.09437330696317885 61649.77971311475
154 0.5528323000000057 0.07849483423762851 61849.74180327869
155 0.5521538999999933 0.07614953517913818 61467.686475409835
156 0.553574299999994 0.07751258512338002 62014.17418032787
157 0.5563882000000007 0.07571038007736205 61776.453893442624
158 0.553886300000002 0.08449474705590142 62173.498975409835
159 0.5532764999999955 0.08062780102094015 58710.82069672131
160 0.5527243000000084 0.07641222245163387 60356.01331967213
161 0.5528175999999974 0.07254188093874189 61539.770491803276
162 0.5519318000000055 0.06925810178120931 62238.36885245902
163 0.5530315999999971 0.07116033070617252 61934.45286885246
164 0.5527894999999887 0.08477995064523484 61515.22643442623
165 0.5531290999999925 0.08971978690889147 62540.14651639344
166 0.5527999000000108 0.13445531063609653 59502.63831967213
167 0.5524107999999899 0.10596937139829 69482.46516393442
168 0.5528542999999928 0.07568780713611178 60804.35963114754
169 0.5529425000000003 0.07218184603585137 60640.973360655735
170 0.5526835000000005 0.07144762310716841 61874.815573770495
171 0.5521253000000002 0.07251678638988071 61767.32581967213
172 0.5528608999999989 0.07780882087018755 59592.05327868852
173 0.5529034999999993 0.11470178564389547 65109.69672131148
174 0.552578699999998 0.07388492557737562 61748.75512295082
175 0.552525899999992 0.09363832606209649 64765.84631147541
176 0.5524065999999976 0.08693640695677864 63419.604508196724
177 0.552348699999996 0.08749621676074135 62191.766393442624
178 0.5533227000000096 0.08301012184884814 62177.94467213115
179 0.5537324000000012 0.08663479222191704 59871.72848360656
180 0.5533136999999897 0.07284653815958235 60892.31659836065
181 0.5517779000000047 0.06955209109518264 61209.809426229505
182 0.5553633999999903 0.06637804475095536 60914.46926229508
183 0.5527173999999917 0.06585781574249268 60931.772540983606
184 0.5527070999999921 0.0682324532005522 60839.35655737705
185 0.5519146999999975 0.07039645678467221 60385.16393442623
186 0.5529556999999983 0.06594126522541047 59781.440573770495
187 0.5528027999999949 0.07197399172517989 63043.70696721312
188 0.5521231000000029 0.08804160687658522 58982.70491803279
189 0.5533874999999995 0.07385253840022617 57984.42008196721
190 0.5522128000000066 0.06469869481192694 59809.80122950819
191 0.5512226000000027 0.06919284098678165 60210.68032786885
192 0.5534743999999989 0.07330022553602854 60459.42418032787
193 0.552599100000009 0.06339104506704542 63137.774590163935
194 0.5526936999999918 0.07171022792657217 62598.42930327869
195 0.552667299999996 0.06298435032367707 61530.835040983606
196 0.552252999999979 0.07477038436465794 60739.49385245902
197 0.5526184000000001 0.08421745863225726 59588.80327868852
198 0.5527123999999901 0.06871922049257491 63207.11782786885
199 0.5539828 0.06840827365716298 61809.70594262295
200 0.553187099999974 0.07100551823774974 62024.20491803279
201 0.5528214999999932 0.060015563832388985 62123.860655737706
202 0.5528123999999934 0.058560097217559816 61292.973360655735
203 0.5533724000000007 0.05946568184428745 61670.621926229505
204 0.5535773000000006 0.059116900629467437 60444.40778688525
205 0.5539372000000071 0.0576634556055069 60991.21721311475
206 0.5525949999999966 0.06403741836547852 60522.29918032787
207 0.5523007999999834 0.06280016534858279 62742.28278688525
208 0.5529358000000002 0.06487312051984999 61560.57377049181
209 0.5543145000000038 0.060851992170015974 60811.91598360656
210 0.555027999999993 0.061100868384043376 61324.11987704918
211 0.5524776999999972 0.06341364913516574 60525.14036885246
212 0.553533299999998 0.0558889067835278 59851.48668032787
213 0.553348600000021 0.05725951227876875 62301.86168032787
214 0.5524161999999819 0.06827577948570251 61473.9743852459
215 0.5538840999999763 0.06094035704930623 61409.54098360656
216 0.5531277999999986 0.05914507508277893 60093.01536885246
217 0.5529823000000249 0.05930394430955251 60689.39446721312
218 0.5518695000000093 0.05700697369045681 61401.03483606558
219 0.5527476999999976 0.05869234634770287 60392.96823770492
220 0.5528546000000176 0.06071580648422241 60130.89651639344
221 0.552631099999985 0.05792096157868703 61139.95491803279
222 0.5524685999999974 0.06458511319425371 60846.828893442624
223 0.5522890000000018 0.05994818045033349 62168.5
224 0.5522429000000102 0.06287670135498047 60135.93340163935
225 0.5533371000000216 0.060118696093559264 60948.65778688525
226 0.5536336000000119 0.05785567727353838 60356.063524590165
227 0.5517494000000056 0.05421105656358931 61090.125
228 0.5564238999999986 0.05653232799635993 61687.410860655735
229 0.5538840000000107 0.056756251719262865 60318.339139344265
230 0.5547492000000034 0.06098112331496345 61301.625
231 0.5527949000000092 0.07481263048119015 59046.89241803279
232 0.5535682999999949 0.06843605140844981 62312.37909836065
233 0.5527674999999874 0.0571509364578459 60409.93340163935
234 0.5519351000000086 0.05844447480307685 60608.94672131148
235 0.5535691999999983 0.058375789059533015 61680.061475409835
236 0.5527634999999975 0.06328630844751994 59727.520491803276
237 0.5537151999999992 0.058597761723730296 62172.09631147541
238 0.5524918000000127 0.059203629361258614 60039.87295081967
239 0.5535567000000015 0.05631702211168077 61613.98975409836
240 0.5531713999999965 0.06707711451583438 59012.11680327869
241 0.5528361000000075 0.059318693147765264 62310.96721311475
242 0.5526902999999947 0.05580696529812283 60612.40983606558
243 0.5525004000000138 0.05751409828662872 61902.34426229508
244 0.5525340000000085 0.06249274479018317 60837.313524590165
245 0.552757100000008 0.0603745463821623 59417.639344262294
246 0.5527898999999934 0.05355325606134203 61835.55327868852
247 0.5530688000000055 0.05319069392151303 60911.186475409835
248 0.5541404999999884 0.057231202721595764 60662.28278688525
249 0.5533088999999904 0.059627884295251635 60866.02766393442
250 0.5549070000000142 0.0680304378271103 59377.67008196721
251 0.552984600000002 0.056682979729440475 62066.512295081964
252 0.55341039999999 0.056436752941873336 60035.88217213115
253 0.5527566000000093 0.0572424978017807 60651.375
254 0.5521004999999946 0.054086822933620875 60960.901639344265
255 0.5537249999999858 0.05791865554120806 61087.06967213115
256 0.5527219999999886 0.052609333727094865 60420.18135245902
257 0.5524756000000082 0.05476712650722927 61580.84221311475
258 0.5527907000000027 0.052983344925774466 60975.82786885246
259 0.5567040999999904 0.05353502366277907 61330.378073770495
260 0.5528004999999894 0.05320218039883508 60414.88319672131
261 0.5550212999999928 0.05018635160393185 60947.94774590164
262 0.5538635000000056 0.05771999756495158 61249.574795081964
263 0.5545891000000154 0.06322024034129249 63197.92622950819
264 0.5538998999999762 0.07480704055892097 59112.414959016394
265 0.5524355999999955 0.06065441535578834 62557.139344262294
266 0.5538197999999852 0.054122930765151976 60622.90266393442
267 0.5528920000000141 0.052301074067751564 60772.74282786885
268 0.5534400999999889 0.052391203906801014 61280.67008196721
269 0.5521084000000087 0.054968796836005314 60733.63524590164
270 0.553069899999997 0.06311074528429243 60719.065573770495
271 0.5530875000000037 0.06185447143183814 61648.520491803276
272 0.5541544000000158 0.058053464359707305 60048.92418032787
273 0.5532155999999873 0.05843972298834059 61862.28073770492
274 0.5530777000000171 0.056559494137763976 60305.69877049181
275 0.5523776999999939 0.050720159543885125 60507.19262295082
276 0.5524418999999909 0.05216671095954047 59271.55225409836
277 0.5528325999999879 0.05725661648644342 60881.90573770492
278 0.5523498000000018 0.05087541507350074 60584.28893442623
279 0.554038399999996 0.05277231302526262 61203.375
280 0.552792199999999 0.057526089747746784 59844.44877049181
281 0.5531105999999966 0.05323868791262309 61699.70286885246
282 0.552939699999996 0.056221442421277364 59952.348360655735
283 0.5533133000000134 0.07852573692798615 64039.608606557376
284 0.5535648999999978 0.07972705761591593 58460.25819672131
285 0.5531132999999784 0.08225795792208777 61239.30532786885
286 0.5530787000000146 0.07971517874134912 62359.97643442623
287 0.5530411000000015 0.06314182678858439 59308.61680327869
288 0.5550508000000036 0.058315027753512064 62487.190573770495
289 0.5534473000000162 0.05693206853336758 60097.76946721312
290 0.5544821000000013 0.05665301614337497 62218.151639344265
291 0.5527728999999795 0.053389375077353585 61075.05635245902
292 0.5529617999999914 0.05697207815117306 60713.20696721312
293 0.5524315000000115 0.05315115749835968 60669.62704918033
294 0.5523469999999975 0.058811080455780027 59962.723360655735
295 0.5533556000000033 0.05384957426124149 60931.12295081967
296 0.552472999999992 0.05013483828968472 60670.62295081967
297 0.55170099999998 0.07968696686956618 60005.38217213115
298 0.552457000000004 0.06449470089541541 64209.059426229505
299 0.552628900000002 0.0518158002032174 59783.01844262295
300 0.5536821999999972 0.05758454038037194 59959.56045081967
301 0.5522893000000124 0.04813593493567573 61562.05840163935
302 0.5528481999999997 0.048394825061162314 61345.91598360656
303 0.5528532000000155 0.05010316107008192 60968.83094262295
304 0.5528169000000105 0.04938578340742323 61359.15573770492
305 0.5516565000000071 0.05021458996666802 61013.24795081967
306 0.553755300000006 0.04895354178216722 60678.2131147541
307 0.5527347999999961 0.048128206531206766 61276.246926229505
308 0.5534170000000245 0.04678001370694902 60926.397540983606
309 0.5528046000000018 0.046856584151585896 60846.17827868852
310 0.5530248000000029 0.04699991577201419 60768.03278688525
311 0.5520339000000263 0.047067807118097944 61206.063524590165
312 0.5523335999999972 0.04639309181107415 61249.59221311475
313 0.55355449999999 0.04756935934225718 60831.46516393442
314 0.5532679000000087 0.04672088225682577 61044.69672131148
315 0.5522171000000071 0.04653096894423167 61178.21516393442
316 0.5531367000000103 0.04665375186337365 61019.24795081967
317 0.5535514000000035 0.04679126275910272 61127.68237704918
318 0.5531897999999842 0.04748814702033997 60563.27868852459
319 0.5523263999999983 0.04622062775823805 60813.12090163935
320 0.5530284000000165 0.04679541952080197 61086.46106557377
321 0.5526402000000132 0.05123692519134945 60917.16393442623
322 0.554152600000009 0.044895691010687085 61392.352459016394
323 0.5523783000000151 0.04961092670758565 60355.78381147541
324 0.5531538000000182 0.05569466120666928 61199.938524590165
325 0.5524805000000015 0.047885497411092125 60633.15676229508
326 0.5531636999999989 0.055582837263743086 60208.11885245902
327 0.5532113999999808 0.05205793546305763 62019.84118852459
328 0.5527198000000055 0.04572011331717173 60960.82377049181
329 0.551907099999994 0.048004791140556335 60246.72643442623
330 0.5523791000000244 0.046904803315798445 60849.9743852459
331 0.5524695999999949 0.04656271669599745 60884.477459016394
332 0.552195299999994 0.04929282863934835 60765.20901639344
333 0.5526324999999872 0.051595613691541885 61516.73975409836
334 0.5519251000000054 0.04755526582400004 61373.02868852459
335 0.5533340000000067 0.04592324826452467 60985.49180327869
336 0.5531019999999955 0.048120460245344374 61502.82581967213
337 0.5542671999999982 0.049742137061225045 60553.774590163935
338 0.5532178999999928 0.048128994637065464 61984.9743852459
339 0.5570000000000164 0.04755362669626872 61383.20901639344
340 0.5548900000000003 0.046677731805377536 60942.72131147541
341 0.5539971999999977 0.045497081014845106 61157.503073770495
342 0.5534801999999956 0.046908990873230826 60700.98975409836
343 0.5525532999999996 0.04879230029053158 61255.09118852459
344 0.5525020999999981 0.04851976765526666 60889.80430327869
345 0.5519280999999978 0.045350080397393966 61226.29303278688
346 0.5525919000000101 0.04855900506178538 60903.41803278688
347 0.5508165999999903 0.0462019509739346 61433.324795081964
348 0.553552499999995 0.04914332462681664 60762.05327868852
349 0.5521918000000028 0.04664644996325175 61301.348360655735
350 0.5517913999999848 0.04562215937508477 61132.17827868852
351 0.5523880000000077 0.04540789855851068 60967.973360655735
352 0.5527964999999995 0.045129519701004026 60992.42930327869
353 0.553403099999997 0.044889476895332334 60932.87090163935
354 0.5519233999999926 0.043953888283835514 61273.362704918036
355 0.5518423000000041 0.04756229552957747 60471.19467213115
356 0.5519356000000073 0.04502748615211911 61062.983606557376
357 0.5527039000000116 0.045114379127820334 61303.63831967213
358 0.5512143999999921 0.04662287500169542 60818.94467213115
359 0.5612432000000069 0.04574151436487834 61231.042008196724
360 0.5713664999999821 0.04829091197914547 60799.00204918033
361 0.6203715999999986 0.044994334710968864 61221.602459016394
362 0.632625499999989 0.045849831567870244 61020.61680327869
363 0.6338407000000075 0.0451543026500278 61003.97131147541
364 0.6319704000000002 0.045326191849178736 61267.020491803276
365 0.6322865000000206 0.04678322076797485 60797.315573770495
366 0.6344421000000011 0.045982291301091514 61134.565573770495
367 0.6318117000000143 0.04755062229103512 60823.81762295082
368 0.631693499999983 0.04457979334725274 60820.21721311475
369 0.6322111000000064 0.04585625992880927 61774.399590163935
370 0.6330772999999965 0.04787657426463233 61177.55840163935
371 0.6322725999999932 0.044617178042729695 61791.07581967213
372 0.6306615000000022 0.04659259948465559 61191.60655737705
373 0.6332898 0.0467075056499905 61143.151639344265
374 0.6319769000000122 0.043834842907057865 60889.123975409835
375 0.6342341000000147 0.04498426285054949 61186.04508196721
376 0.6309954000000175 0.04653277960088518 61049.09426229508
377 0.6327884000000097 0.04805293149418301 60458.44364754098
378 0.6315722000000221 0.05555878016683791 61677.02868852459
379 0.6346901000000003 0.04756529298093584 61149.84016393442
380 0.6313938000000121 0.05685500701268514 61192.33196721312
381 0.6349156999999934 0.04602720936139425 62155.96106557377
382 0.6317092000000173 0.057253215379185145 60180.42418032787
383 0.6337775000000079 0.04561446408430735 61337.48463114754
384 0.6331950999999947 0.044876763555738663 61563.313524590165
385 0.633303699999999 0.04467065897252825 60951.26946721312
386 0.6319973999999888 0.043727161155806646 60892.96926229508
387 0.6330021999999929 0.045330740676985844 60710.86885245902
388 0.632500900000025 0.04585074782371521 60948.79713114754
389 0.632243399999993 0.047213339143329196 61208.7243852459
390 0.6331147999999871 0.0434828692012363 61248.75614754098
391 0.6297994000000244 0.04309441347916921 61241.360655737706
392 0.632803899999999 0.045340991020202635 60907.42418032787
393 0.6314915000000099 0.04270270135667589 60962.34426229508
394 0.6349108000000001 0.04362291660573747 61138.21823770492
395 0.6310967000000005 0.04413136276933882 61091.914959016394
396 0.6330474000000095 0.04565504226419661 60737.565573770495
397 0.6296891000000073 0.04304797252019246 60582.514344262294
398 0.6338812999999845 0.04386848145061069 61293.996926229505
399 0.6316202000000146 0.04647747377554576 60937.24795081967
400 0.6315500000000043 0.043910381529066296 61304.71926229508
401 0.6322758999999962 0.04263860848214891 61261.47131147541
402 0.6318866000000014 0.04308049347665575 61113.401639344265
403 0.6297605000000033 0.04344144860903422 60943.42622950819
404 0.6345407999999964 0.04234807325734032 60827.34016393442
405 0.6308588999999927 0.04247821205192142 60921.186475409835
406 0.6332027999999923 0.043126480115784536 61057.50204918033
407 0.6319569999999999 0.04375270936224196 61005.51024590164
408 0.6311160999999856 0.04275134437614017 60916.7868852459
409 0.6308128999999951 0.04274902012613085 61043.93237704918
410 0.632151499999992 0.043059926562839086 60808.00204918033
411 0.6313766000000101 0.04235251579019758 60875.352459016394
412 0.6335407999999916 0.04292664892143673 61155.2756147541
413 0.6325910999999849 0.041626452075110544 61039.96926229508
414 0.6317200999999955 0.04268145031399197 60832.235655737706
415 0.6335559000000046 0.04269941084914737 60876.647540983606
416 0.6306922999999927 0.042750583423508536 61121.41598360656
417 0.6317061999999964 0.041978721817334495 61109.49282786885
418 0.6323112000000037 0.042518262730704415 60867.36475409836
419 0.6315103000000022 0.041868878735436335 60963.18032786885
420 0.6308940000000121 0.04187384678257836 60971.62295081967
421 0.6312839000000281 0.044812137219640946 60832.95901639344
422 0.6308321999999862 0.0415326178073883 60899.72028688525
423 0.6313356999999655 0.04455331961313883 61244.77971311475
424 0.6329810000000293 0.04450466533501943 60739.110655737706
425 0.6312730000000215 0.04237949815061357 60616.723360655735
426 0.631370000000004 0.04236901369359758 61008.535860655735
427 0.6328123999999775 0.041614425182342527 60995.32172131148
428 0.6337119000000371 0.04140671359168158 60952.626024590165
429 0.632113400000037 0.0417183346218533 61040.19262295082
430 0.6310656999999651 0.04243468211756812 61108.57172131148
431 0.6310830999999553 0.04460454748736487 60947.74590163935
432 0.6314686000000052 0.04147980213165283 61011.52868852459
433 0.6318746000000033 0.04198275970088111 61199.57172131148
434 0.6315230000000156 0.04170075456301371 61078.266393442624
435 0.6307861999999886 0.04174759387969971 61077.59426229508
436 0.6325349999999617 0.04163604411813948 60955.539959016394
437 0.6321505999999886 0.04273462891578674 60979.73155737705
438 0.6318201000000272 0.04215589165687561 60974.86372950819
439 0.6310612999999989 0.041423958539962766 61165.42622950819
440 0.6318866999999955 0.04185417228274875 61296.09426229508
441 0.6310945000000174 0.041364410188463 61119.37909836065
442 0.6321460999999999 0.0412897828552458 60999.951844262294
443 0.6319677000000183 0.041290371285544504 61015.75614754098
444 0.6317978000000153 0.04175855153136783 61001.53893442623
445 0.631051599999978 0.04195716281731923 61111.07069672131
446 0.629887100000019 0.04148874216609531 61141.11885245902
447 0.6320668000000182 0.04129373464319441 60948.38422131148
448 0.6317007000000103 0.041537696785396996 60908.27356557377
449 0.6348270999999954 0.041460080941518145 60978.67827868852
450 0.6318337999999812 0.04138599832852682 61098.223360655735
451 0.6307118000000287 0.041468916336695354 61096.951844262294
452 0.6329926000000228 0.04177058405346341 60953.141393442624
453 0.6332279999999741 0.04093471500608656 60956.82786885246
454 0.631188399999985 0.04215364389949375 60910.93237704918
455 0.6303436000000033 0.04254785974820455 60764.13012295082
456 0.631298299999969 0.04590859611829122 61232.89651639344
457 0.6305988999999954 0.04259209069940779 61371.79098360656
458 0.6311686000000236 0.04216421941916148 60940.503073770495
459 0.6337452000000212 0.041658144858148366 61017.938524590165
460 0.6292763999999806 0.04216348826885223 61075.621926229505
461 0.6330830999999648 0.041189046369658575 61127.358606557376
462 0.6319299000000456 0.04141254723072052 60931.94877049181
463 0.6317122000000381 0.040814066595501367 60981.57581967213
464 0.6322465999999736 0.04237176179885864 60935.49077868852
465 0.6307226000000128 0.041167785392867196 60916.199795081964
466 0.6327039000000241 0.041061517927381726 61147.90266393442
467 0.6311964000000216 0.04188371002674103 60982.82991803279
468 0.6369445999999925 0.04092804193496704 61160.75204918033
469 0.6336649999999509 0.04337557289335463 61001.225409836065
470 0.6307341000000406 0.040801031721962824 60981.449795081964
471 0.629387099999974 0.0427120049794515 61301.36680327869
472 0.633253400000001 0.042325907945632936 60894.147540983606
473 0.6298550000000205 0.04132113887204064 61167.86885245902
474 0.6316212000000405 0.04202096296681298 61220.67930327869
475 0.6315422999999782 0.04363571074273851 61150.75409836065
476 0.6295891000000324 0.04201630685064528 61315.36885245902
477 0.6341555999999855 0.04314801659848955 60713.37909836065
478 0.6315456000000381 0.04104516373740302 60902.94467213115
479 0.6304010000000062 0.042490650879012215 61580.97131147541
480 0.630904600000008 0.042893233564164905 61074.32069672131
481 0.6330586999999923 0.040589166349834865 60895.891393442624
482 0.6304081999999767 0.04131340417597029 61347.51741803279
483 0.6305175999999619 0.04165742430422041 61203.28278688525
484 0.6321543999999903 0.04039808644188775 61240.40881147541
485 0.6308260999999789 0.041881962948375276 61215.90778688525
486 0.6320997999999918 0.04201135105556912 61160.88319672131
487 0.6320393999999965 0.041316584414905974 61231.09118852459
488 0.6320967999999993 0.04136383334795634 60840.59426229508
489 0.629893500000037 0.040771418147616915 60850.050204918036
490 0.6440481999999861 0.04130818280908796 61309.52151639344
491 0.6320835000000216 0.04062450329462687 61195.44159836065
492 0.6320296999999755 0.04075262844562531 61027.522540983606
493 0.6318157999999698 0.04245221979088253 60909.71721311475
494 0.6316432000000418 0.040237555570072595 60992.05430327869
495 0.6313685000000078 0.04133238792419434 61300.38627049181
496 0.6315296000000217 0.04251669943332672 61010.19262295082
497 0.6327584999999658 0.04222458336088392 61252.5368852459
498 0.6314215000000445 0.040469565325313143 61393.90881147541
499 0.6331215999999813 0.04308177596992917 60710.13524590164
