Starting run at: Thu 14 Nov 2024 07:11:17 PM EST
/home/sinpo/repos/XNO/HNO/ERT_Problem/./ERT_hilbert.py:567: FutureWarning: You are using `torch.load` with `weights_only=False` (the current default value), which uses the default pickle module implicitly. It is possible to construct malicious pickle data which will execute arbitrary code during unpickling (See https://github.com/pytorch/pytorch/blob/main/SECURITY.md#untrusted-models for more details). In a future release, the default value for `weights_only` will be flipped to `True`. This limits the functions that could be executed during unpickling. Arbitrary objects will no longer be allowed to be loaded via this mode unless they are explicitly allowlisted by the user via `torch.serialization.add_safe_globals`. We recommend you start setting `weights_only=True` for any use case where you don't have full control of the loaded file. Please open an issue on GitHub for any issues related to this experimental feature.
  model.load_state_dict(torch.load('best_modelV1.pth'))
torch.Size([80000, 40, 100])
torch.Size([80000, 40, 100])
torch.Size([100, 40, 100])
torch.Size([100, 40, 100])
torch.Size([100, 40, 100])
torch.Size([100, 40, 100])
40
100
Devide is: cuda
999937
0 30.998280645995692 0.2997595828652382 0.1394070291519165
1 29.176994661997014 0.16752514554858208 0.1347026300430298
2 28.88103565199708 0.1449219306409359 0.09490847587585449
3 29.06465338700218 0.13717531803250313 0.0970572566986084
4 29.07962050599599 0.1291712834984064 0.16324441909790038
5 29.19710656299867 0.11908534970581532 0.08356889963150024
6 29.058426124000107 0.11724099116027355 0.0693348741531372
7 28.995760124998924 0.11757539590597153 0.07024820804595948
8 28.978306586002873 0.11052139405608177 0.0671367073059082
9 29.093606572998397 0.10772125472426415 0.06960436344146728
10 29.02591770300205 0.10050969548523427 0.0775988245010376
11 29.08327714799816 0.10551097413897514 0.14030304908752442
12 29.15229568599898 0.1030873708575964 0.06593694686889648
13 29.030987641999673 0.09974395334422588 0.0589345121383667
14 29.013606808002805 0.09689239605367184 0.05629221200942993
15 29.071535306997248 0.0999636415719986 0.0906294345855713
16 29.20030843099812 0.09613549159169198 0.06726098537445069
17 29.071269085005042 0.0951583924472332 0.08482217788696289
18 29.157184432995564 0.09185191939175129 0.10044250965118408
19 29.201760921998357 0.09365670409500598 0.054695703983306886
20 29.19119659399439 0.09130544831454754 0.06845921039581299
21 29.427549113002897 0.08877579907476903 0.06453538417816163
22 29.1550053700048 0.09029962587058545 0.05777245044708252
23 29.083451406993845 0.08986231985986233 0.06315403461456298
24 29.15030944799946 0.0889990022867918 0.06581312417984009
25 29.163056005003455 0.08797955011725425 0.09261531352996827
26 29.05912288700347 0.08274592547416687 0.07339365720748901
27 29.104326748005406 0.08714453829526901 0.07248962163925171
28 29.175112958997488 0.08445086301267148 0.054459362030029296
29 29.154275840999617 0.08394128255248069 0.09489898681640625
30 29.15189005799766 0.08167266767919064 0.059894118309021
31 29.101975910001784 0.07910054218769073 0.0769547176361084
32 29.297617193005863 0.0802880707770586 0.05880471467971802
33 29.14225830000214 0.08131392241418361 0.054253180027008054
34 29.10776607900334 0.075760228946805 0.055311455726623535
35 28.95354054500058 0.0778735006004572 0.07900896549224853
36 28.458070981003402 0.0818344610184431 0.054495704174041745
37 29.19571693600301 0.07502553315460682 0.05180309295654297
38 29.14513461799652 0.07446195746064187 0.04529674768447876
39 29.000921983002627 0.07840991196036338 0.04925391912460327
40 29.16462427299848 0.07255630610287189 0.0451062536239624
41 29.033724262997566 0.07591234162151814 0.0677060604095459
42 29.034656313000596 0.07209963412880897 0.060396478176116944
43 29.17354121200333 0.07310924862325191 0.05236039161682129
44 29.209879099995305 0.0718296010106802 0.050939078330993655
45 29.333086626000295 0.06873493978083134 0.08409458637237549
46 29.163850452001498 0.06893668747842312 0.05220630645751953
47 29.200098078996234 0.07362952266931534 0.04893833875656128
48 28.303409763000673 0.07094655233025551 0.04472884178161621
49 28.272916788002476 0.06413331408798695 0.05677959203720093
50 28.25139493500319 0.06677541215121746 0.046551826000213625
51 28.267231355996046 0.06446495382785797 0.04543482065200806
52 28.272315153000818 0.06991283214390277 0.044596035480499265
53 28.163091110996902 0.06320831314623356 0.04584245204925537
54 28.44658596899535 0.06143513062000275 0.04453413486480713
55 28.31465637099609 0.06271176249980927 0.05893410444259643
56 28.510852382998564 0.06066524252593517 0.04268493413925171
57 28.39517969100416 0.059973614278435707 0.042028267383575436
58 28.008711387999938 0.06021304087638855 0.04267215609550476
59 28.125651172995276 0.05882397432327271 0.039507921934127804
60 28.04957715299679 0.0586167194724083 0.03942381978034973
61 28.110083428000507 0.057911881905794146 0.042213234901428226
62 27.978507228996023 0.05695213974118233 0.04482859134674072
63 27.936246309000126 0.056539958307147024 0.03735177159309387
64 28.029148424997402 0.057226210284233095 0.04136765360832215
65 28.221647200000007 0.05462885668128729 0.03990390539169311
66 28.326974244999292 0.05528422412574291 0.04255900621414185
67 28.05136089699954 0.053175172854959964 0.036599959135055544
68 28.066699726005027 0.05257102604657411 0.04251336812973022
69 27.988217915997666 0.05196625948101282 0.037709248065948484
70 28.098048139996536 0.051486116752028466 0.035114890336990355
71 28.04708483700233 0.05065335162431002 0.03619861721992493
72 28.011806315000285 0.050097311121225355 0.0407719612121582
73 28.054388260999986 0.04960132613480091 0.0366232693195343
74 28.035977694002213 0.048778712119162085 0.034307658672332764
75 28.220567783006118 0.048334828987717626 0.0339619517326355
76 27.979688428000372 0.047690057900547984 0.03492798566818237
77 27.824900214996887 0.04720015565901995 0.03340111374855041
78 28.00181042100303 0.04661563573032618 0.03402171969413757
79 27.94401944999845 0.046032988835871216 0.03243701457977295
80 28.028152742997918 0.045419672133028506 0.03304856300354004
81 28.056641780000064 0.04495666671395302 0.03230871915817261
82 28.03425484800391 0.04430769424885511 0.03395216107368469
83 27.990734402999806 0.04392741436809301 0.03225989580154419
84 28.06653992900101 0.04348408300131559 0.032975552082061765
85 28.062607369000034 0.04300060183107853 0.03350401401519775
86 28.035713231001864 0.042672224003076555 0.03094860792160034
87 27.987197909002134 0.04220623181611299 0.031631571054458615
88 27.974209865999 0.041870477630198 0.03128115653991699
89 28.010135548996914 0.0415146045550704 0.031587698459625245
90 28.418221157997323 0.04120313567817211 0.030525782108306886
91 28.224725300999125 0.04087019422352314 0.031126019954681398
92 28.17698747599934 0.04062549451738596 0.030135227441787718
93 27.89756469600252 0.040349250522255894 0.029560060501098634
94 27.884584999999788 0.040122415953874585 0.02992809295654297
95 27.933752010998433 0.03994824711233377 0.0297684383392334
96 28.0900017189997 0.039813700658082964 0.029116169214248658
97 27.939193751997664 0.03970087041705847 0.029788382053375244
98 27.933794171003683 0.03962991158366203 0.029581084251403808
99 27.91317262600205 0.0395935992911458 0.02945504426956177
Time taken for predictions on new_test.mat: 0.014425255001697224 seconds
Job finished with exit code 0 at: Thu 14 Nov 2024 07:59:35 PM EST
