8.767275750637054665e-01
6.329197645187377708e-01
5.875677376985549705e-01
5.426226407289505005e-01
5.119442284107208474e-01
4.925786703824996948e-01
4.350860208272934182e-01
3.721266195178031810e-01
3.063486039638519398e-01
2.647332534193992393e-01
2.116931729018688146e-01
1.836074322462081798e-01
1.653182394802570343e-01
1.753615140914916992e-01
1.865536838769912831e-01
2.429375242441892679e-01
1.820396870374679510e-01
1.648879654705524556e-01
1.646483652293682098e-01
1.871762976050376781e-01
1.860276438295841162e-01
1.376693379133939743e-01
1.226247955113649313e-01
1.196965616196394022e-01
1.195237584412097986e-01
1.223394278436899241e-01
1.333569273352623041e-01
1.102111764252185766e-01
9.352840781211853305e-02
9.618330746889114380e-02
1.139685720205307062e-01
1.152287349104881287e-01
1.155428461730480250e-01
1.138862617313861902e-01
1.108319692313671084e-01
1.318164724856615011e-01
1.164136443287134143e-01
1.489242669194936752e-01
1.810741282999515644e-01
1.305766016244888361e-01
1.038711741566658020e-01
1.315046612173318974e-01
1.544680260121822357e-01
1.136365931481122943e-01
1.070179767906665746e-01
9.863396678119898398e-02
1.062789011746645002e-01
1.078579448163509424e-01
8.761627972126007080e-02
8.687070980668068487e-02
8.222721200436353128e-02
8.814681619405746738e-02
1.100754518061876353e-01
8.667938858270644864e-02
8.740798756480216980e-02
9.594906680285930634e-02
1.388858381658792385e-01
1.901178635656833593e-01
1.324852682650089208e-01
1.131738137453794507e-01
9.139859974384308139e-02
8.466913215816021521e-02
8.628469556570053656e-02
1.377031888812780269e-01
9.141931161284447271e-02
7.681525759398936948e-02
8.176004420965909958e-02
7.977039888501166742e-02
8.081068433821200769e-02
1.211388021707534846e-01
1.281753761693835147e-01
1.318320259451866150e-01
1.238963697105646133e-01
8.509605079889297208e-02
1.164923392236232730e-01
9.990266412496566495e-02
1.106639936566352900e-01
7.248922381550074179e-02
8.000587932765483579e-02
1.067195359617471723e-01
1.038863632827997235e-01
8.118213936686516363e-02
8.572641741484403333e-02
1.048260468989610644e-01
1.031006138771772412e-01
8.706305082887411118e-02
9.081351011991500854e-02
1.220781788229942377e-01
9.985117986798286438e-02
1.034790402278304156e-01
8.184005878865718842e-02
7.181731555610895712e-02
7.390681114047766009e-02
1.248086869716644315e-01
1.226025074720382690e-01
8.198475316166878302e-02
9.262835308909415921e-02
7.790851108729839047e-02
1.051114840433001463e-01
9.634101688861847201e-02
9.470278434455395300e-02
7.322244010865688879e-02
5.926294084638357440e-02
5.807140599936246733e-02
5.552916228771209717e-02
5.638794228434562683e-02
5.677082203328609467e-02
6.243436411023139954e-02
6.299214847385883886e-02
6.614481061697005670e-02
6.129772514104843417e-02
5.606329403817653795e-02
6.226090602576732358e-02
5.454957392066717148e-02
5.528566204011440416e-02
6.775580551475286761e-02
5.981508903205394467e-02
6.855206023901701251e-02
6.069979257881641388e-02
5.194612052291631976e-02
7.247709296643733978e-02
7.189232409000397006e-02
7.649164889007806223e-02
5.505656730383634567e-02
5.695502562448382516e-02
6.004076488316058974e-02
5.360361151397228380e-02
5.171284284442663470e-02
6.664574146270751953e-02
6.769446860998869220e-02
6.561215668916701993e-02
5.869344230741262158e-02
5.871465094387531142e-02
4.892820250242948393e-02
5.497771790251135965e-02
5.985872428864240369e-02
6.439601778984069269e-02
5.455641075968742371e-02
5.537952175363898555e-02
4.998994302004575868e-02
4.982322435826062879e-02
4.879024941474199156e-02
7.576326988637446802e-02
5.815214682370424548e-02
6.272948272526264468e-02
7.052224241197109500e-02
6.130401380360126634e-02
5.655980687588453570e-02
7.660228181630372724e-02
9.334854781627655029e-02
6.285322494804859716e-02
7.260847520083188456e-02
5.476646889001131335e-02
4.686790723353624621e-02
9.097428247332572937e-02
6.801562532782554071e-02
6.092368885874747952e-02
1.048345703631639453e-01
1.008521102368831607e-01
9.506805203855037134e-02
6.488893143832683008e-02
7.835750635713338574e-02
8.574343137443066198e-02
8.241077363491058905e-02
7.888847105205058774e-02
6.736760120838880539e-02
5.721416138112545013e-02
6.583487410098314008e-02
4.998645568266511102e-02
5.494243316352367262e-02
5.812574233859777589e-02
5.282056573778391023e-02
5.552243962883949419e-02
7.319605685770511072e-02
6.206529419869184772e-02
5.667185224592685699e-02
5.190974585711956302e-02
5.696721188724040985e-02
6.004000455141067505e-02
5.381535254418849668e-02
6.358377756550907811e-02
7.373305000364779871e-02
8.578195571899413507e-02
6.049134172499179979e-02
7.305982559919357855e-02
9.106227420270443518e-02
8.923740871250629425e-02
8.698770180344581049e-02
1.029219871386885671e-01
7.031057532876730520e-02
8.795552644878626425e-02
6.220227479934692383e-02
7.122552022337913513e-02
6.506275199353694916e-02
5.854963827878236632e-02
5.843837969005107741e-02
5.574042927473783771e-02
5.006945179775357246e-02
5.837161093950271606e-02
1.103088822215795572e-01
1.077549032866954859e-01
5.807807836681604108e-02
4.763111844658851624e-02
4.196090567857026915e-02
5.648700986057519913e-02
6.215852536261081557e-02
5.142908263951539993e-02
4.677614811807871004e-02
4.518179828301072121e-02
4.752282528206706186e-02
4.665184505283832828e-02
4.108560439199208936e-02
4.461711309850215773e-02
3.900018539279699603e-02
5.674876607954502244e-02
5.342487897723913193e-02
5.888475831598043164e-02
5.990708544850349704e-02
6.009893417358398715e-02
5.697616823017596921e-02
4.434146825224161148e-02
3.997289640828967372e-02
5.656186770647764206e-02
4.091765582561492781e-02
3.905758867040276527e-02
3.926321063190698485e-02
4.149288120679557601e-02
4.638592209666967531e-02
7.262739371508360187e-02
5.160205643624067584e-02
5.431224815547466139e-02
4.899057969450950484e-02
4.143167538568377772e-02
4.352947110310197154e-02
4.649335816502571384e-02
7.246525604277849475e-02
6.772436052560806830e-02
4.663624409586190900e-02
4.344811718910932680e-02
4.426432661712169370e-02
4.023979809135198871e-02
3.724864497780799866e-02
5.167127563618123531e-02
4.549738932400941571e-02
3.722818931564688544e-02
3.973117191344499588e-02
4.385446347296238084e-02
4.064143244177102765e-02
4.185038879513740262e-02
4.930261913686991015e-02
4.481516238301992694e-02
3.754114136099815507e-02
3.904863027855753899e-02
3.948738509789109091e-02
4.489333536475896558e-02
4.207121655344962796e-02
4.836567016318440299e-02
5.817468911409377774e-02
5.498350132256746292e-02
4.470213744789362093e-02
4.645243827253579816e-02
4.887317530810832839e-02
5.094027314335107526e-02
4.178094752132892331e-02
4.947296921163797656e-02
5.230157840996980945e-02
4.989104010164737563e-02
6.832385398447513025e-02
5.038963407278061052e-02
4.531300142407417020e-02
4.503926429897546491e-02
5.376483453437685966e-02
4.431774104014039178e-02
4.267754685133695602e-02
3.901773067191242894e-02
4.381426703184843063e-02
4.024692894890904288e-02
4.814894925802946229e-02
3.809182150289416174e-02
3.868726156651973447e-02
3.966036848723888258e-02
3.931155968457460126e-02
5.079733096063136777e-02
4.001523004844784875e-02
3.567381529137492180e-02
3.660118412226438800e-02
5.049688881263136864e-02
5.334652867168188095e-02
4.314677268266677718e-02
3.878922052681445937e-02
4.539109822362661500e-02
4.385912474244833131e-02
5.409239362925290923e-02
5.210462715476751189e-02
3.938867961987853328e-02
3.631223347038030347e-02
4.296363079920410832e-02
4.686374496668577194e-02
3.803043812513351440e-02
3.520582122728228847e-02
4.234639424830675264e-02
3.330441047437489310e-02
3.280119616538286487e-02
3.485403098165988645e-02
3.509405832737684527e-02
3.257940849289298058e-02
3.215266652405261716e-02
3.453841721639037271e-02
3.648163247853517671e-02
3.615371529012918750e-02
3.284849803894758502e-02
3.279599193483591357e-02
3.192759649828076640e-02
3.083653827197849889e-02
3.270601984113454680e-02
3.919223807752132693e-02
3.833207627758383751e-02
3.109370246529579232e-02
3.350088214501738271e-02
3.123023612424731185e-02
3.307014890015125275e-02
3.667876813560724120e-02
3.514025043696165224e-02
3.474428621120750904e-02
3.491134429350495338e-02
4.053246285766363283e-02
4.193361131474375447e-02
3.188121132552623749e-02
3.277154304087161879e-02
3.240539301186799725e-02
3.079993966966867308e-02
2.958930796012282372e-02
3.184242378920316974e-02
3.683005888015031953e-02
3.490372579544782916e-02
4.115467006340622902e-02
3.158762129023671289e-02
3.188076950609684129e-02
2.997357915155589650e-02
2.908197236247360776e-02
3.066957583650946687e-02
3.100219247862696578e-02
3.568982603028416495e-02
3.261122852563858032e-02
3.176028523594141145e-02
3.003183063119650026e-02
2.953131096437573364e-02
3.012550221756100585e-02
2.889964855276048322e-02
3.097389563918113639e-02
3.602058705873787542e-02
3.250430133193731030e-02
3.093985868617892335e-02
2.853220282122492790e-02
2.826694729737937520e-02
2.865111194550990989e-02
2.757079480215907097e-02
2.793323276564478944e-02
3.135572527535259585e-02
3.201990770176053186e-02
3.015674436464905669e-02
3.083847253583371639e-02
3.355244835838675638e-02
3.767746426165104190e-02
4.031418291851877889e-02
3.607599362730980197e-02
4.660868877544999123e-02
3.848912306129932681e-02
3.908389182761311254e-02
3.435390787199139873e-02
3.227767944335937361e-02
3.041799915954470496e-02
2.940589762292802195e-02
2.960846028290688853e-02
3.174683712422847470e-02
2.941171657294034888e-02
3.326228447258472443e-02
3.056139005348086288e-02
2.960231853649020195e-02
3.351734038442373553e-02
3.300380585715174953e-02
3.284166743978857855e-02
2.891070377081632684e-02
3.009615829214453558e-02
2.827950008213520050e-02
3.048047777265310357e-02
3.546729693189263483e-02
4.073583222925662717e-02
2.935756100341677804e-02
3.174848547205329219e-02
2.826233748346567223e-02
3.060295833274722169e-02
3.250703783705830713e-02
3.730132663622498512e-02
3.678165692836046080e-02
3.034033011645078520e-02
3.252616617828607559e-02
3.016777709126472473e-02
2.986660557799041341e-02
3.459609700366854390e-02
2.802371936850249837e-02
2.758124321699142317e-02
2.604067157953977515e-02
2.662840522825717787e-02
2.618182692676782747e-02
2.675838088616728713e-02
2.717265984974801679e-02
2.662314684130251408e-02
2.697984701953828196e-02
2.600655322894453864e-02
2.720805425196886132e-02
2.611753623932600021e-02
2.579286308027804037e-02
2.569000944495201250e-02
2.641970338299870491e-02
2.812153203412890573e-02
2.651218213140964577e-02
2.919268058612942834e-02
3.015274121426046033e-02
2.663108501583337853e-02
2.697336729615926881e-02
2.695435169152915478e-02
2.774243229068815847e-02
2.691173925995826721e-02
2.690325723960995674e-02
2.698631836101412704e-02
2.646570689976215224e-02
2.658685450442135195e-02
2.974655209109187265e-02
2.619313709437847207e-02
2.582470383495092531e-02
2.551114363595843176e-02
2.530328412540256908e-02
2.555312933400273254e-02
2.702975957654416700e-02
2.671965896151960035e-02
2.686546086333692004e-02
2.760295802727341652e-02
3.159053237177431722e-02
2.549953684210777213e-02
2.774025881662964960e-02
2.761734039522707393e-02
2.630111211910843988e-02
2.534566391259431700e-02
2.610053303651511600e-02
2.732642451301216940e-02
2.608415195718407492e-02
2.532217535190284252e-02
2.544599031098187039e-02
2.561681549996137550e-02
2.525394251570105622e-02
2.502211849205195765e-02
2.538676923140883307e-02
2.670061774551868439e-02
2.439907807856798311e-02
2.697851229459047318e-02
2.610615463927388330e-02
2.666460312902927537e-02
2.550245509482920031e-02
2.994237756356597085e-02
3.085825257003307204e-02
3.162054466083645543e-02
2.882701233029365609e-02
2.720293714664876600e-02
2.825213219039142062e-02
2.546523711644112925e-02
2.593861292116344044e-02
2.571775638498365740e-02
2.572680586017668178e-02
2.491589868441224098e-02
2.758272616192698409e-02
2.689423551782965660e-02
2.666248367168009420e-02
2.573713753372430801e-02
2.600228544324636321e-02
2.429787334986031194e-02
2.520954320207238059e-02
2.578382049687206676e-02
2.643514196388423512e-02
2.662901971489190986e-02
2.706438517197966645e-02
2.776580611243844102e-02
2.558011710643768449e-02
2.575831776484847208e-02
2.680675638839602470e-02
2.555544257629662613e-02
2.505651824176311632e-02
2.488358179107308388e-02
2.547460887581110001e-02
2.410231539979577203e-02
2.723308471031487057e-02
2.455083476379513879e-02
2.672574347816407750e-02
2.528819036670029025e-02
2.648881394416093688e-02
2.756375116296112468e-02
3.310954426415264884e-02
2.525596744380891392e-02
2.852895511314272950e-02
2.673635054379701684e-02
2.488054018467664857e-02
2.419827878475189209e-02
2.452969141304493089e-02
2.423950340598821779e-02
2.443596106022596220e-02
2.387054935097694328e-02
2.449093207251280477e-02
2.382533242926001410e-02
2.397900852374732633e-02
2.403688943013548851e-02
2.389395739883184294e-02
2.485982323996722629e-02
2.358822091482579847e-02
2.460346478037536005e-02
2.391427275724709173e-02
2.555311089381575446e-02
2.374820248223841190e-02
2.407833689358085394e-02
2.374267103150486807e-02
2.398617584258317878e-02
2.371142297051847050e-02
2.413620976731181006e-02
2.506811954081058363e-02
2.392324833199381898e-02
2.362357815727591376e-02
2.409640080295503278e-02
2.403076216578483443e-02
2.399380868300795416e-02
2.518721343949437141e-02
2.403054912574589114e-02
2.442145170643925806e-02
2.398118516430258751e-02
2.372056553140282700e-02
2.383788048755377392e-02
2.321660877205431600e-02
2.479929036926478009e-02
2.496670326218008995e-02
2.352874148637056420e-02
2.448775609955191473e-02
2.483248868957161834e-02
2.397467549890279839e-02
2.407773747108876705e-02
2.497169962152838776e-02
2.328171876724809478e-02
2.551445849239826133e-02
2.774152695201337337e-02
2.403695434331893852e-02
2.418236648663878510e-02
2.358950483612716129e-02
2.455589659512042930e-02
2.394487825222313404e-02
2.437013559974730154e-02
2.373906034044921329e-02
2.315755588933825562e-02
2.403242071159183979e-02
2.343924506567418575e-02
2.385157961398363252e-02
2.367112743668258260e-02
2.414660339709371467e-02
2.427587159909307818e-02
2.493375847116112778e-02
2.474721572361886571e-02
2.324628941714763572e-02
2.330648058559745689e-02
2.430683698039502044e-02
2.419442315585911343e-02
2.341090994887053828e-02
2.401038613170385430e-02
2.450349773280322691e-02
2.333487668074667523e-02
2.311866274103522439e-02
2.363430745899677138e-02
2.397433258593082567e-02
2.354141594842076163e-02
2.420197995379567285e-02
2.341841675806790452e-02
2.351242280565202236e-02
2.605381417088210513e-02
2.459104922600090573e-02
2.472796021029353281e-02
2.300844646524637799e-02
2.304353681392967701e-02
2.296918537467718124e-02
2.417004499584436347e-02
2.338035204447806020e-02
2.366353119723498682e-02
2.356651797890663147e-02
2.392498417757451395e-02
2.358984705060720305e-02
2.349433833733200958e-02
2.466317862272262434e-02
2.358688358217477660e-02
2.462512506172060897e-02
2.306563137099146982e-02
2.368069109506905009e-02
2.363393208943307539e-02
2.284585405141115189e-02
2.332133078016340733e-02
2.295776568353176048e-02
2.321347994729876588e-02
2.296466615516692261e-02
2.250244263559579919e-02
2.276200512424111227e-02
2.278275941498577456e-02
2.292600492946803709e-02
2.311339313164353232e-02
2.264487112406641384e-02
2.331558801233768463e-02
2.254161075688898563e-02
2.300987495109439035e-02
2.283564503304660182e-02
2.252664472907781740e-02
2.283771885558962683e-02
2.323822500184178491e-02
2.319819424301385741e-02
2.291955910623073508e-02
2.267169021070003510e-02
2.259967559948563437e-02
2.257778835482895236e-02
2.278096463996916871e-02
2.263966423925012350e-02
2.279140977188944678e-02
2.303379559889435699e-02
2.318543004803359439e-02
2.261130362749099593e-02
2.324447007849812438e-02
2.319115768186747958e-02
2.319914125837385654e-02
2.479016850702464581e-02
2.282242113724351068e-02
2.243620147928595404e-02
2.270567782688885997e-02
2.285833312198519776e-02
2.283017481677234242e-02
2.289858059957623412e-02
2.257349570281803539e-02
2.333893305622041295e-02
2.300793407484889169e-02
2.309353845193982263e-02
2.399205402471125265e-02
2.258112668059766154e-02
2.347614588215947082e-02
2.254335328470915417e-02
2.253494160249829362e-02
2.265527509152889113e-02
2.379618370905518462e-02
2.353452239185571671e-02
2.270451304502785206e-02
2.224781331606209139e-02
2.298042587935924391e-02
2.271791775710880687e-02
2.260157917626202245e-02
2.286280118860304494e-02
2.239538964349776368e-02
2.245765714906156063e-02
2.244893596507608821e-02
2.242732387967407565e-02
2.229046705178916454e-02
2.253939642105251551e-02
2.295740465633571217e-02
2.241878239437937806e-02
2.239661887288093428e-02
2.234571292065084050e-02
2.293510050512850146e-02
2.234661225229501655e-02
2.246720609255135198e-02
2.250470742583274980e-02
2.247086199931800504e-02
2.255324861034751008e-02
2.245474338997155428e-02
2.249140134081244538e-02
2.234396776184439590e-02
2.251426882576197316e-02
2.235416932962834904e-02
2.338872551918029855e-02
2.252378067933023115e-02
2.235415950417518616e-02
2.253302093595266342e-02
2.256659003905952046e-02
2.248964137397706578e-02
2.278391551226377487e-02
2.304634856991469999e-02
2.260840642265975545e-02
2.226949974428862195e-02
2.267147959209978719e-02
2.214044884312897990e-02
2.245601871982216835e-02
2.284435927867889404e-02
2.224527525249868701e-02
2.215975122526287963e-02
2.265523616224527498e-02
2.292815572582185268e-02
2.236478207632899146e-02
2.254391810856759548e-02
2.325615677982568671e-02
2.222483572550117831e-02
2.302910843864083151e-02
2.254076963290572305e-02
2.267797128297388554e-02
2.231497205793857644e-02
2.220440129749477048e-02
2.221749303862452507e-02
2.199783260002732138e-02
2.217315942980348925e-02
2.228492121212184360e-02
2.228779634460806985e-02
2.199423853307962487e-02
2.210271917283535004e-02
2.240208322182297637e-02
2.220377693884074619e-02
2.240771385841071675e-02
2.270268136635422707e-02
2.209483664482831886e-02
2.213752516545355181e-02
2.241417737677693298e-02
2.208724571391940117e-02
2.206449704244732926e-02
2.210034928284585615e-02
2.199416765943169524e-02
2.214851654134690831e-02
2.210550839081406455e-02
2.229807730764150550e-02
2.196094254031777382e-02
2.196123264729976654e-02
2.200306341983377864e-02
2.200279866810888121e-02
2.201359978644177456e-02
2.209904072806239198e-02
2.193077742122113635e-02
2.201625136658549170e-02
2.192558711394667487e-02
2.200450701639056206e-02
2.208534674718976021e-02
2.192205481696873903e-02
2.205585939809679916e-02
2.189337182790040970e-02
2.217426756396889687e-02
2.227941695600748132e-02
2.197254209313541720e-02
2.244585831649601598e-02
2.190510416403412819e-02
2.195168179459870000e-02
2.190900677815079550e-02
2.220517385285347700e-02
2.203991762362420698e-02
2.203833654057234595e-02
2.195896063931286266e-02
2.195765580981969695e-02
2.190858568064868450e-02
2.225089105777442594e-02
2.188622318208217551e-02
2.198392134159803460e-02
2.235846323892474313e-02
2.202222249470651289e-02
2.196419965475797723e-02
2.187616452574729989e-02
2.188300895504653384e-02
2.196778822690248489e-02
2.200379373971372843e-02
2.192474210169166257e-02
2.189799845218658517e-02
2.207042411901056697e-02
2.191374674439430098e-02
2.178296134807169299e-02
2.219209764152765135e-02
2.238488374277949194e-02
2.185861943289637427e-02
2.199817660730331997e-02
2.208725300151854684e-02
2.193580293096602032e-02
2.196736996993422369e-02
2.197567399125546078e-02
2.214529691264033318e-02
2.188909254036843638e-02
2.190610170364380022e-02
2.251751278527081013e-02
2.284449860453605791e-02
2.203555535525083403e-02
2.193732431624084711e-02
2.200588490813970566e-02
2.185951196588575840e-02
2.186552477069199016e-02
2.191450749523937702e-02
2.184042860753834109e-02
2.178179314360022614e-02
2.186075430363416602e-02
2.203338630497455458e-02
2.234901534393429756e-02
2.179748606868088176e-02
2.195490919984877110e-02
2.200327287428081174e-02
2.195715978741645882e-02
2.183948908932507177e-02
2.182008498348295827e-02
2.179693977814167738e-02
2.186070550233125756e-02
2.191992388106882642e-02
2.230128627270460198e-02
2.199020739644765715e-02
2.190608638338744502e-02
2.187175173312425752e-02
2.170558513607829740e-02
2.174197640269994597e-02
2.169176768511533668e-02
2.180923908017575602e-02
2.175873108208179613e-02
2.179636070504784723e-02
2.183619146235287259e-02
2.170434952713549276e-02
2.179635346401482751e-02
2.188516738824546407e-02
2.172262091189623018e-02
2.201549150049686432e-02
2.225174927152693410e-02
2.183787061367183785e-02
2.178744920529425075e-02
2.169534892309456925e-02
2.169530624523758819e-02
2.174577694386243751e-02
2.171449577435851166e-02
2.185991993173956940e-02
2.199841914698481490e-02
2.192288639489561181e-02
2.169933537952601840e-02
2.181690097786486218e-02
2.195512130856513977e-02
2.184444563463330130e-02
2.182325334288180013e-02
2.184083047322928767e-02
2.177613209933042596e-02
2.175940186716616292e-02
2.172536375001072814e-02
2.168370736762881279e-02
2.178235470782965283e-02
2.179728350602090289e-02
2.176254326477646689e-02
2.190525264013558696e-02
2.202329710125923087e-02
2.182475500740110874e-02
2.176989994477480581e-02
2.181805446743965288e-02
2.187400537077337573e-02
2.178117916919291089e-02
2.167703551240265231e-02
2.177159232087433338e-02
2.172728483565151622e-02
2.174117956310510705e-02
2.179930307902395656e-02
2.173929405398666859e-02
2.169050991069525550e-02
2.164260665886104038e-02
2.166453488171100547e-02
2.167019676417112489e-02
2.180024392437189887e-02
2.178707984276116033e-02
2.168886079452931812e-02
2.182819375302642514e-02
2.202167911455035071e-02
2.170246231835335632e-02
2.171305031515657902e-02
2.163095171563327382e-02
2.162552047520876000e-02
2.167687565088272095e-02
2.172042538877576659e-02
2.175380084663629601e-02
2.193830409087240557e-02
2.174468124285340240e-02
2.173058623448014329e-02
2.170180105604231288e-02
2.175982175394892623e-02
2.172123375348746638e-02
2.165207415819168230e-02
2.170995613560080389e-02
2.173137706704437663e-02
2.170710009522736073e-02
2.166349478065967421e-02
2.166220233775675158e-02
2.185717544052749942e-02
2.160501382313668658e-02
2.186321835033595493e-02
2.164223375730216573e-02
2.167281843721866746e-02
2.173481034114956717e-02
2.162983654998242716e-02
2.173687305767089267e-02
2.162463297136128088e-02
2.172440569847822189e-02
2.167458811309188466e-02
2.169179664924740861e-02
2.161549022421240668e-02
2.167537999339401791e-02
2.167386333458125661e-02
2.164400042966008186e-02
2.164258742704987595e-02
2.168593041133135696e-02
2.163026798516511778e-02
2.163307648152112961e-02
2.157196819316595932e-02
2.159660151228308747e-02
2.165009728632867267e-02
2.160422368906438420e-02
2.154318436514586141e-02
2.155721979215741158e-02
2.156902193091809680e-02
2.163284234702587266e-02
2.166695003397762706e-02
2.153693288564682146e-02
2.155825467780232360e-02
2.155496149789542029e-02
2.155953135807067017e-02
2.159713045693933964e-02
2.156650102697312693e-02
2.166599328629672389e-02
2.159830834716558456e-02
2.156525037717074017e-02
2.162506049498915534e-02
2.166427322663366795e-02
2.160645155236124923e-02
2.153469957411289354e-02
2.155912518501281600e-02
2.154998774640261988e-02
2.159655527211725573e-02
2.160524469800293584e-02
2.160336868837475777e-02
2.157452702522277832e-02
2.155020334757864336e-02
2.162739862687885692e-02
2.159543372690677504e-02
2.165090981870889525e-02
2.156896525993943353e-02
2.154794856905937334e-02
2.153663290664553642e-02
2.152824443764984538e-02
2.154469876550137858e-02
2.155174077488481929e-02
2.157110990956425528e-02
2.156344619579613278e-02
2.156450068578124116e-02
2.155019752681255202e-02
2.156655928120016982e-02
2.151907505467533926e-02
2.158234603703022142e-02
2.155938935466110776e-02
2.159285284578800132e-02
2.158509567379951477e-02
2.150539890863001347e-02
2.153864083811640739e-02
2.152524869889020989e-02
2.151080952025950094e-02
2.161848610267043044e-02
2.150019691325723986e-02
2.151910983957350254e-02
2.152499528601765563e-02
2.154545038938522269e-02
2.154144570231437614e-02
2.157199853099882672e-02
2.166140526533126900e-02
2.158376779407262733e-02
2.162192598916590214e-02
2.156645422801375250e-02
2.153118175920099020e-02
2.153291718568652729e-02
2.151819092687219312e-02
2.158081270754337241e-02
2.153590312227606635e-02
2.157269730232656141e-02
2.153048093896359205e-02
2.153493775986135145e-02
2.151921396143734524e-02
2.157448953948915005e-02
2.153535648249089648e-02
2.151783481240272453e-02
2.151611940935254166e-02
2.156014870852231841e-02
2.154503036290407111e-02
2.151731527410447736e-02
2.154142027720808844e-02
2.155485183466225932e-02
2.152583859860896995e-02
2.151808263733983109e-02
2.154526282101869653e-02
2.150491066277027130e-02
2.149689556099474569e-02
2.149223014712333540e-02
2.150743911042809348e-02
2.155428123660385609e-02
2.152336030267178874e-02
2.155240653082728455e-02
2.160446410998701980e-02
2.151216510683297972e-02
2.158401669003069331e-02
2.147061787545680861e-02
2.151134191080927849e-02
2.147843667771667103e-02
2.152781109325587611e-02
2.146466514095663955e-02
2.151469564996659825e-02
2.146021611988544603e-02
2.151099937036633422e-02
2.151736579835415025e-02
