1.773747348785400391e+01
1.402778277397155726e+01
1.197278356552124023e+01
1.086134629249572825e+01
9.769011926651000266e+00
9.279380798339843750e+00
7.543465328216552912e+00
5.838489556312561390e+00
4.325684165954589488e+00
3.325581288337707608e+00
2.416872701048851102e+00
2.257431767880916595e+00
2.019479992985725225e+00
2.725745192170143216e+00
2.858684192597865881e+00
5.294020024687052128e+00
2.866790823638439178e+00
2.254803225398063660e+00
2.104463909566402613e+00
2.432241344451904208e+00
2.535054257512092679e+00
1.477021458745002791e+00
1.390444589406251819e+00
1.415745278447866351e+00
1.578243649750947997e+00
1.619016245007514954e+00
1.873947151377797216e+00
1.468688896298408597e+00
9.507199864834546821e-01
1.110955597087740943e+00
1.596400597691535861e+00
1.183140426129102751e+00
1.044838992506265551e+00
1.397252467274665788e+00
1.432453732937574387e+00
2.057438883185386480e+00
1.326246181502938271e+00
2.682624818384647281e+00
3.248051363229751409e+00
1.557663662731647580e+00
1.074636590480804399e+00
2.292677059769630432e+00
2.966552069038152606e+00
1.151846145838498980e+00
1.273767527937889055e+00
1.283422419801354408e+00
1.544434989988803908e+00
1.421829131245613054e+00
8.536951351910829766e-01
8.675336979329586473e-01
9.893041273579001871e-01
1.031721109151840121e+00
1.897095268219709308e+00
7.428776010870933311e-01
8.708836257457732710e-01
9.869557313621044603e-01
2.212322341650724500e+00
4.302097658812999548e+00
1.620830510556697801e+00
1.645272254757583097e+00
9.317242868244648424e-01
9.499846681952476279e-01
7.307845018804073334e-01
2.638353298604488195e+00
7.495535541325807349e-01
7.770136654376983421e-01
1.020319018140435130e+00
8.214361138641834703e-01
6.796108534559607284e-01
2.013210992515086950e+00
2.173497143946588217e+00
2.204979048669338138e+00
1.893595122545957521e+00
8.159907601773739305e-01
2.083832266926765264e+00
1.197231314703822047e+00
1.920387925207614810e+00
7.654715606942772421e-01
8.869275914505123648e-01
1.343580580502748534e+00
1.045553500950336501e+00
9.010834362357854621e-01
9.912919929251075013e-01
1.445080479234456927e+00
9.558292321860790697e-01
8.881124429404735343e-01
1.219192357361316592e+00
2.087311148643493652e+00
9.723016828298568504e-01
1.540680075809359506e+00
8.964271001517772897e-01
7.961568396538496462e-01
8.388585861772298591e-01
2.197834809869527728e+00
2.010039219260215670e+00
8.300877641886472702e-01
1.220619138330221176e+00
8.874984163790941016e-01
1.588671656884252936e+00
1.516367226839065552e+00
1.521048114076256841e+00
7.156384341418743356e-01
5.605182478204369101e-01
4.665733609348535760e-01
4.793557086959481239e-01
5.354205545969307201e-01
5.244195140898227914e-01
6.727689402177929878e-01
6.595226386561989784e-01
5.325826626271009667e-01
4.528359837830066570e-01
4.699857620522379653e-01
7.522426191717386246e-01
5.210727894678711669e-01
4.979477272834628709e-01
7.773580783978104591e-01
7.211184642277658208e-01
7.807218577712774499e-01
5.209389649331569450e-01
5.038840513210743888e-01
1.038721781363710850e+00
6.632054634392261505e-01
9.291746526025235209e-01
4.193000205792486446e-01
6.049764023162425008e-01
6.917364517226815002e-01
5.235003466252237114e-01
4.606899993028491513e-01
9.167667707428336366e-01
6.069499321281910387e-01
6.755075877532362716e-01
5.125853108242154343e-01
5.783786590211092982e-01
3.779215335845947377e-01
6.324424789287149684e-01
7.316538607235998359e-01
6.216549539938569513e-01
3.641666418872773758e-01
5.864090770017356125e-01
4.718359524384140857e-01
4.320387065410614125e-01
4.093607529532164446e-01
1.093181040510535329e+00
4.760145783424377663e-01
4.907613880932331085e-01
7.361652109771966712e-01
6.104219517670571582e-01
3.285797527059912682e-01
8.274963535368442535e-01
1.541568907164037272e+00
4.291117308661341889e-01
1.062867889739572913e+00
5.767405927181243896e-01
3.716799424961209075e-01
1.305535991489887193e+00
6.792174226604401621e-01
5.258315898478030936e-01
1.917072036117315248e+00
1.094157709926366850e+00
1.501920182257890701e+00
5.591497046872972998e-01
1.134712037630379200e+00
1.192047777026891797e+00
1.122989038005471230e+00
1.135838694870471954e+00
5.664168838411569595e-01
5.897425041534006818e-01
7.840774693526327832e-01
5.543214663397521003e-01
3.450341187883168570e-01
5.685576487332582030e-01
5.400937496684491412e-01
7.615561500191688760e-01
1.321257289685308978e+00
5.871283827349543794e-01
5.631698950193821940e-01
4.853986265137791856e-01
5.955554444342852083e-01
6.271879252046346220e-01
5.583261792548001035e-01
9.748373341746627840e-01
8.500487420707940611e-01
1.254894416034221694e+00
5.349007142707705720e-01
9.062068375758827177e-01
1.534432653337717056e+00
1.502023835852742240e+00
1.254283502697944641e+00
1.816390247642993838e+00
9.264384144917130470e-01
1.127724720351398036e+00
5.277752501890062842e-01
9.947274535894393699e-01
3.930803718976676464e-01
4.100790061056613922e-01
5.257035210728645547e-01
5.438310598954558817e-01
6.007815444841980712e-01
7.269803819712251647e-01
1.917607216909527734e+00
2.148538263142108828e+00
3.752011552453041188e-01
3.343189002480357885e-01
2.792842281982302888e-01
7.703099202364682707e-01
8.058972043916583505e-01
5.033153178170323150e-01
3.473638780415058136e-01
4.237847242504358403e-01
4.791351374704390653e-01
5.002599462866783586e-01
3.382563391700387223e-01
3.854448860511183739e-01
3.124766604043543450e-01
7.230346443131565604e-01
5.153196117840707080e-01
6.663521245121956094e-01
7.155373103916644606e-01
7.993486378341913001e-01
6.618915945291519165e-01
3.405835729092359654e-01
3.189331766916438937e-01
7.192173859104513678e-01
3.329402423929422872e-01
2.985161629505455605e-01
3.094581249635666720e-01
3.631916568148881308e-01
3.233769479207694308e-01
1.130237964447587729e+00
4.343062728177756182e-01
4.921668540686369164e-01
4.861035146750509739e-01
3.008760572411119938e-01
4.050428627058863529e-01
3.636152883991599083e-01
1.236273102462291718e+00
9.625314633361995442e-01
3.546447074040770531e-01
3.852320761419832928e-01
5.072921745479106459e-01
3.267378129996359459e-01
2.734454203164204955e-01
6.804590557119809535e-01
4.611058523878455162e-01
2.109345891512930393e-01
2.730703355278819577e-01
4.048827113583683968e-01
3.112280250992626174e-01
4.027086558751761802e-01
5.224080893211067167e-01
4.828178247436881176e-01
2.714840491767972486e-01
3.466071555158123374e-01
4.129858730360865815e-01
5.185397565364837646e-01
4.374918285990133660e-01
5.043835224583744781e-01
6.752383746206760406e-01
5.284530363976955858e-01
2.701635452918708102e-01
5.613476281985640970e-01
4.725018279626965745e-01
5.117341503500938416e-01
3.723365232348442300e-01
5.802499195560812950e-01
7.584120148792863336e-01
3.746869474649429099e-01
1.039624223485589027e+00
5.679665326140821424e-01
3.469365274533629528e-01
5.085502905305474552e-01
8.041191992815583944e-01
3.065905643394216673e-01
3.603676463477313296e-01
2.832037424203008302e-01
4.231787568889558426e-01
3.185073531698435767e-01
5.168697795365005954e-01
2.716963135171681643e-01
3.040415180847048648e-01
3.966020239517092927e-01
2.385059872176498175e-01
5.895001189783215523e-01
3.457182326354086288e-01
2.620873891515657084e-01
3.065988134359940998e-01
6.180943788029253927e-01
5.252958800643682258e-01
3.282634069211781136e-01
3.024246276821941359e-01
4.075470486423000693e-01
3.626056089997291565e-01
7.050981938838958296e-01
6.544996992684900539e-01
2.435065717902034632e-01
2.426092816516756956e-01
4.174530699383467436e-01
5.262524919118731770e-01
2.998963841237127781e-01
2.316470764577388819e-01
5.259134193416684644e-01
2.643780590733513236e-01
2.713638020679354779e-01
2.938570543657988421e-01
2.655239932239055745e-01
2.079798475606366992e-01
2.319937455933541171e-01
3.404742401093244775e-01
3.311860611196607573e-01
3.348169378936290963e-01
2.396143325138836988e-01
2.515491171739995258e-01
2.630564924795180670e-01
2.165639734128489979e-01
2.937206355854868889e-01
3.359512566588819249e-01
4.566349489614367485e-01
1.324411037843674366e-01
2.903564954176545143e-01
1.961819386109709684e-01
2.777652325108647124e-01
3.665653930511325598e-01
2.697933821007609256e-01
3.300384215312078817e-01
2.972378053702414147e-01
4.056434785947203858e-01
4.104616532102227100e-01
1.610459923744201605e-01
2.596939788199961185e-01
2.581477236002683862e-01
1.988687758799642380e-01
1.967124900314956848e-01
2.546458869008347281e-01
3.121879203710705153e-01
3.747805682476609834e-01
4.869744099676608928e-01
2.150503186509013231e-01
2.208141587674617712e-01
2.101935192709788736e-01
1.725857786368578672e-01
2.204581046942621358e-01
2.311713507398963086e-01
3.821674425154924504e-01
2.599892982747405989e-01
2.086658204672858230e-01
2.075089612510055415e-01
2.067615612177178264e-01
2.214412626344710588e-01
2.085662696510553471e-01
2.478223717189393938e-01
3.550582397729158401e-01
2.603100046515464672e-01
2.568887080065905826e-01
1.688592984341084902e-01
1.806767259025946204e-01
2.100020005775150023e-01
1.815384809393435772e-01
1.835393666755407993e-01
2.888222758425399439e-01
2.793971593491733074e-01
1.893063179566524812e-01
2.237875581835396532e-01
3.021565254312008619e-01
3.696558895753696561e-01
4.555028512142598740e-01
3.208716545253992303e-01
6.738670501857996209e-01
2.742027565836906433e-01
3.251452138647437096e-01
2.932686835061758535e-01
2.486594405025243648e-01
2.185943522024899610e-01
2.144156359601765982e-01
2.283882056712172870e-01
2.541722277645021566e-01
2.040083006490021889e-01
3.013748012948781474e-01
2.064280035905539934e-01
1.827136864885687828e-01
3.432492597727104799e-01
2.730667707743122952e-01
2.555275015998631494e-01
2.040160924661904573e-01
2.439984589465893916e-01
1.887951916549354681e-01
2.810472462326288334e-01
3.638845802284776942e-01
4.656445862259716018e-01
1.796931688091717716e-01
2.819836141949053632e-01
1.700039865449070875e-01
2.290908171329647247e-01
2.773656988283619285e-01
3.789354622596874944e-01
3.694075509440153948e-01
1.785827539162710420e-01
3.275257860776036867e-01
1.866048590745776892e-01
2.120288642938248924e-01
3.488725853152573331e-01
1.679848226252943222e-01
1.817766894819214940e-01
1.610880086198449024e-01
1.723396073095500580e-01
1.680816407781094424e-01
1.923841847572475561e-01
1.989697886630892865e-01
1.854065096238627919e-01
1.995258629322052002e-01
1.482867365702986717e-01
2.049689799547195490e-01
1.751701967790722791e-01
1.585899084573611506e-01
1.530007096938788835e-01
1.794555672677233815e-01
2.319684624439105336e-01
1.902725857216864824e-01
2.623306870460510032e-01
2.630322275450452940e-01
1.586385046364739426e-01
1.827729197684675455e-01
1.986327259801328182e-01
2.197532001882791519e-01
1.835476469947025235e-01
1.721499986946582739e-01
1.886833606287837140e-01
1.884060193784534987e-01
2.060148293850943557e-01
2.645991494413465484e-01
1.730812581721693222e-01
1.638608307577669732e-01
1.593324277549982015e-01
1.568630102789029535e-01
1.567759112687781564e-01
1.935847524786367957e-01
1.867190115328412614e-01
1.908888665260747020e-01
2.251082875300198793e-01
3.265651125460863335e-01
1.199068254558369462e-01
2.271469213534146603e-01
2.073904951917938944e-01
1.801150549203157369e-01
1.620747061911970432e-01
1.820443758217152319e-01
2.237399246310815271e-01
1.633170649292878807e-01
1.597051994875073322e-01
1.683953517815098277e-01
1.763580775354057495e-01
1.654438251629471723e-01
1.603274054359644651e-01
1.688427894143387786e-01
2.085683031007647403e-01
1.428084770450368524e-01
2.062606492079794296e-01
1.779701456194743570e-01
1.994503156980499681e-01
1.730773212388157789e-01
2.875770248007029073e-01
3.045924457255750895e-01
3.298391964286565559e-01
2.512223109602927940e-01
1.589659905061125700e-01
2.163206360535696038e-01
1.468223636271432098e-01
1.727869605412706844e-01
1.681537787080742419e-01
1.831399326911196113e-01
1.516063977032899857e-01
2.310356559697538670e-01
1.970927911810576860e-01
1.781153053743764758e-01
1.643058110494166613e-01
1.835244463407434412e-01
1.483076818461995516e-01
1.637418442405760288e-01
1.781510583648923673e-01
1.799751846818253287e-01
2.041768244234845042e-01
2.061540655558928847e-01
2.186152633628807851e-01
1.481477262976113596e-01
1.766244327416643389e-01
2.107406903989613167e-01
1.724532158230431267e-01
1.615882065263576917e-01
1.622384521644562594e-01
1.952561367768794187e-01
1.474888099299277999e-01
2.396303084155078922e-01
1.534296065568923895e-01
2.083716942230239566e-01
1.592519566416740473e-01
2.105313003761693780e-01
2.535521493176929875e-01
3.711047686287202163e-01
1.357429593801498524e-01
2.327247872948646490e-01
1.958883419865742326e-01
1.617267156019806806e-01
1.524721647961996551e-01
1.591017142287455555e-01
1.484420864842831977e-01
1.631489770486950763e-01
1.460859539452940281e-01
1.636071039392845705e-01
1.491675065248273258e-01
1.531030302867293358e-01
1.487819841131567955e-01
1.442153682466596476e-01
1.771268084878102056e-01
1.406309870886616464e-01
1.648269660305231865e-01
1.500504088238812928e-01
1.955662118736654631e-01
1.467272135370876751e-01
1.516811246168799643e-01
1.446157311787828748e-01
1.558794509619474411e-01
1.446393723832443412e-01
1.539300178643316086e-01
1.727244187728501912e-01
1.426516891107894591e-01
1.370813882065703981e-01
1.584514711983501800e-01
1.545643632998690009e-01
1.522690655663609394e-01
1.872048037010244914e-01
1.498951247427612599e-01
1.548528005601838287e-01
1.532406018581241314e-01
1.464639339596033041e-01
1.520539212302537690e-01
1.371753751824144330e-01
1.840334835287649184e-01
1.686374287586659138e-01
1.367215630598366261e-01
1.679878154071047791e-01
1.651463682530447952e-01
1.492287519737146850e-01
1.632655589026398846e-01
1.772775226738304011e-01
1.338724794884910696e-01
1.911758385598659460e-01
2.349338947096839547e-01
1.482490602880716379e-01
1.582064522546716145e-01
1.418942570919171087e-01
1.708657061448320691e-01
1.541192442644387373e-01
1.685978033230640105e-01
1.527696376200765316e-01
1.367950767278671154e-01
1.650685207918286268e-01
1.363033565226942356e-01
1.510746724758064430e-01
1.521748434432083630e-01
1.641254212154308334e-01
1.615899083437398187e-01
1.777032406069338211e-01
1.768899430520832483e-01
1.335427748737856857e-01
1.400026547460583859e-01
1.643248439970193542e-01
1.631007230607792735e-01
1.355805480736307911e-01
1.633123567211441640e-01
1.705910174001473989e-01
1.404896826716139913e-01
1.379442442674189695e-01
1.575858583208173402e-01
1.630380215035984182e-01
1.429695914906915222e-01
1.661857655737549178e-01
1.430918345693498739e-01
1.492585614090785329e-01
2.122029108111746498e-01
1.695046100765466579e-01
1.703066058456897680e-01
1.338132226897869315e-01
1.356306083325762302e-01
1.385976832243613899e-01
1.690283381845802124e-01
1.482706320006400291e-01
1.608296751161105986e-01
1.515827503404580112e-01
1.564854862401262037e-01
1.544211547821760233e-01
1.532012243289500586e-01
1.844646002398803719e-01
1.357105665840208641e-01
1.722308688098564688e-01
1.358798245899379142e-01
1.574817089014686755e-01
1.496757028915453591e-01
1.323792852053884417e-01
1.469245538668474127e-01
1.320487071759998687e-01
1.402008459903299753e-01
1.388209910015575643e-01
1.293072924017906189e-01
1.370935104787349701e-01
1.377298439154401311e-01
1.401850829424802214e-01
1.432902464177459589e-01
1.330415669595822747e-01
1.538200447306735386e-01
1.336781881749629919e-01
1.395285992184653878e-01
1.393547501647844911e-01
1.302201066398993023e-01
1.395669368794187903e-01
1.537475135177373831e-01
1.471596459858119377e-01
1.376348772086203043e-01
1.352764881681650933e-01
1.336141766514629126e-01
1.355654010083526262e-01
1.392728807346429731e-01
1.356376378273125849e-01
1.356501823873259016e-01
1.428596554789692274e-01
1.467219510814175010e-01
1.356987105915322955e-01
1.507931035012006760e-01
1.465960356406867393e-01
1.479775065323337968e-01
1.840548167470842655e-01
1.338573185261338894e-01
1.292603076901286951e-01
1.368603438429999986e-01
1.436497056391090044e-01
1.409556187689304241e-01
1.386652479530312010e-01
1.336932572885416448e-01
1.527030063967686202e-01
1.444109356496482977e-01
1.511447012191638462e-01
1.680392594076693114e-01
1.321723911911249216e-01
1.594580635952297654e-01
1.358976017800159752e-01
1.296686530462466125e-01
1.346067444013897274e-01
1.649379564958508015e-01
1.540692201815545559e-01
1.362164000049233548e-01
1.281387327471747994e-01
1.469730618875473849e-01
1.383735893061384670e-01
1.362828466342762002e-01
1.429024441167712212e-01
1.315490954904817156e-01
1.342734992620535084e-01
1.324618190294131748e-01
1.335161241877358407e-01
1.284063208790030275e-01
1.350443975883535985e-01
1.455407949630171116e-01
1.312248117814306114e-01
1.311337995924986843e-01
1.308510058093816097e-01
1.446422988781705388e-01
1.311097851605154685e-01
1.338525597937404998e-01
1.353045606170781012e-01
1.349503195611760076e-01
1.390934327617287525e-01
1.305455665424233302e-01
1.371325992047786602e-01
1.313806557096540983e-01
1.380707773147150930e-01
1.318986898637376781e-01
1.601540266885422281e-01
1.371887616813182720e-01
1.308376295492053032e-01
1.388815280981361977e-01
1.390342822880484275e-01
1.338743160245940145e-01
1.463701382279395946e-01
1.489722054917365368e-01
1.386491324519738555e-01
1.292220249248202946e-01
1.441021115984767731e-01
1.287128369120182358e-01
1.356615307973697837e-01
1.478854160290211384e-01
1.293405570322647691e-01
1.280256063444539794e-01
1.411323131527751629e-01
1.485081621329299995e-01
1.332467869273386840e-01
1.376805745996534935e-01
1.581292831338942106e-01
1.289425894152373131e-01
1.489873828366398700e-01
1.367964634089730569e-01
1.416847118642181047e-01
1.309250747784972135e-01
1.297631420602556318e-01
1.311332034063525387e-01
1.262694226577877887e-01
1.309715235605835859e-01
1.345793015963863692e-01
1.351568628451786935e-01
1.288692939095198997e-01
1.284721049596555531e-01
1.365199769672472141e-01
1.299227918963879458e-01
1.375728069804608711e-01
1.429762830957770348e-01
1.291923021664843074e-01
1.307496352237649262e-01
1.375481118913740031e-01
1.302932796068489441e-01
1.296520261093974113e-01
1.288506783545017298e-01
1.266973575577139965e-01
1.308835234260186664e-01
1.305236784450244103e-01
1.353955047205090412e-01
1.274867391039151698e-01
1.269680092344060429e-01
1.271899419487453886e-01
1.279116242076270282e-01
1.281838433693337775e-01
1.300786524545401446e-01
1.263689345098100714e-01
1.288708500564098303e-01
1.265081335790455286e-01
1.282868894748389610e-01
1.305142448516562470e-01
1.262012304796371609e-01
1.309410612797364537e-01
1.258754647802561577e-01
1.334282864583656303e-01
1.352521720109507442e-01
1.272645537217613199e-01
1.401961444353219122e-01
1.270540313853416592e-01
1.272208889597095660e-01
1.258082178654149064e-01
1.348624938866123668e-01
1.307471464853733889e-01
1.269463009259197972e-01
1.274684950534719918e-01
1.282042819773778208e-01
1.266320981085300446e-01
1.343994317459873966e-01
1.258321638917550556e-01
1.293722737929783873e-01
1.359251495276111998e-01
1.279454079223796836e-01
1.285321086877956875e-01
1.260786103244754541e-01
1.254954685107804724e-01
1.286206963472068254e-01
1.296505986858392245e-01
1.271301197237335034e-01
1.271425550105050317e-01
1.303296461468562428e-01
1.272654955275356881e-01
1.245440530125051792e-01
1.367894183262251262e-01
1.366905790753662475e-01
1.263365724124014267e-01
1.290915132209193017e-01
1.315282250288873911e-01
1.275966375600546543e-01
1.293259428581222947e-01
1.276880014658672846e-01
1.327471373428124879e-01
1.268022283824393470e-01
1.283897230983711835e-01
1.393997051753103622e-01
1.508728510350920149e-01
1.315419442718848697e-01
1.282077779644169024e-01
1.308038286748342272e-01
1.265719029586762079e-01
1.267672311601927559e-01
1.286785984877497069e-01
1.265757567365653757e-01
1.251760651590302642e-01
1.269489887170493492e-01
1.315124876331537906e-01
1.403332910733297578e-01
1.253073977073654588e-01
1.300110639131162316e-01
1.305591562413610518e-01
1.280565054970793371e-01
1.279297878034412750e-01
1.269292161334306113e-01
1.264204813924152404e-01
1.282217232102993987e-01
1.307089775335043558e-01
1.387962992303073406e-01
1.296537572052329779e-01
1.282729618484154399e-01
1.288720435462892000e-01
1.242744249495444792e-01
1.254810176556930001e-01
1.243006055476143928e-01
1.273022504290565737e-01
1.262649667216464988e-01
1.266282949829474203e-01
1.280499293003231343e-01
1.252208987716585398e-01
1.274051220330875422e-01
1.292666288558393661e-01
1.252842787653207779e-01
1.312050295411609224e-01
1.372938511893153080e-01
1.287350755359511767e-01
1.265816463623195831e-01
1.241525410616304698e-01
1.248901666840538383e-01
1.262708570808172281e-01
1.259186634793877657e-01
1.290818375651724692e-01
1.315873258281499147e-01
1.294045421440387089e-01
1.240213911049068002e-01
1.275635048514232039e-01
1.316079361247829982e-01
1.289042114163748975e-01
1.274389923550188486e-01
1.279827847611159086e-01
1.260975329903885611e-01
1.276114659383892902e-01
1.259848007932305447e-01
1.253027754835784324e-01
1.274769122363068052e-01
1.275148284039460123e-01
1.271480496157892104e-01
1.299347073771059402e-01
1.325761375250294749e-01
1.293001692742109243e-01
1.269157649483531602e-01
1.289141780231148060e-01
1.298049266100861077e-01
1.276212175842374452e-01
1.249703561712522115e-01
1.266228848369791993e-01
1.264018258079886436e-01
1.273007271112874261e-01
1.279235397931188234e-01
1.267258098523598164e-01
1.244564377237111358e-01
1.239194503170438083e-01
1.250564120564376935e-01
1.252339245518669375e-01
1.285473575058858897e-01
1.284671359579078742e-01
1.252060404920484760e-01
1.282206139934714828e-01
1.320808900054544210e-01
1.261994671891443487e-01
1.253832043614238612e-01
1.238456425489857793e-01
1.240961149334907504e-01
1.257354845758527628e-01
1.267366523738019113e-01
1.263525558169931173e-01
1.317367489915341194e-01
1.278351976186968275e-01
1.272959018242545426e-01
1.262695075245574006e-01
1.276226586429402288e-01
1.266711389063857607e-01
1.255693694576621167e-01
1.263558445498347282e-01
1.271882210392504819e-01
1.267958006355911493e-01
1.257369294762611389e-01
1.251987627474591136e-01
1.294957990234252010e-01
1.238630764069967027e-01
1.305531110614538137e-01
1.247731344774365425e-01
1.256624112604186050e-01
1.271704310784116387e-01
1.248231776291504475e-01
1.275937857804819997e-01
1.249413951416499940e-01
1.280078067444264944e-01
1.259362472163047530e-01
1.269627396366558858e-01
1.247594626387581174e-01
1.265440948540344779e-01
1.261980222770944238e-01
1.252681079786270857e-01
1.255238979705609326e-01
1.268303619552170747e-01
1.246495457249693628e-01
1.247118383995257374e-01
1.233223491144599393e-01
1.240846703760325881e-01
1.256424562248867061e-01
1.244650700828060508e-01
1.229848912218585583e-01
1.237546147895045578e-01
1.240097667789086672e-01
1.257153068669140394e-01
1.265571506228297949e-01
1.231432483065873357e-01
1.239831161219626665e-01
1.238871484412811669e-01
1.242948165687266793e-01
1.249955589184537502e-01
1.242431464488618076e-01
1.260763773811049704e-01
1.245203374011907699e-01
1.236279870674479725e-01
1.252466892823576872e-01
1.267914171796292178e-01
1.249190212227404145e-01
1.233247526339255329e-01
1.238781097345054150e-01
1.235627260990440901e-01
1.248705742880702046e-01
1.253451789962127805e-01
1.248033261857926790e-01
1.245584513060748605e-01
1.238255797827150645e-01
1.261674891458824388e-01
1.247757792007178068e-01
1.262026931741274949e-01
1.240436698310077163e-01
1.233407141175121013e-01
1.237128832493908648e-01
1.231801339541561957e-01
1.237702366430312451e-01
1.239887387608177988e-01
1.245272852946072845e-01
1.234971977421082528e-01
1.240473175188526456e-01
1.240561094600707293e-01
1.245167205110192243e-01
1.229858678649179693e-01
1.248617506818845840e-01
1.241544501390308142e-01
1.243446110282093314e-01
1.250808500160928705e-01
1.229172126855701264e-01
1.236437097191810663e-01
1.234189735900144969e-01
1.230828994885087013e-01
1.254725349834188708e-01
1.227277139783836957e-01
1.234412800287827822e-01
1.233565532602369785e-01
1.242038522934308248e-01
1.239714615978300544e-01
1.245377356361132143e-01
1.266969052609056290e-01
1.247401027940213680e-01
1.262551045976579300e-01
1.248810308985412176e-01
1.239156569994520340e-01
1.238385581469629015e-01
1.232944165793014718e-01
1.249391816323623117e-01
1.240817865123972352e-01
1.249618758447468281e-01
1.234893868328072186e-01
1.240427535376511514e-01
1.234590375970583409e-01
1.255412117228843216e-01
1.244168448785785558e-01
1.239380017854273264e-01
1.236320432741195019e-01
1.246069312095642034e-01
1.241440704558044728e-01
1.237999777309596594e-01
1.243705631204647943e-01
1.241446312138577979e-01
1.235023603949230164e-01
1.237710893037728965e-01
1.240146965719759464e-01
1.234187879366800134e-01
1.231077144853770788e-01
1.233929784037172822e-01
1.236389723722823020e-01
1.246592209092341336e-01
1.236199862556532081e-01
1.245248266321141301e-01
1.262781335040926989e-01
1.239787442144006518e-01
1.255535289878025595e-01
1.225907664746046094e-01
1.236330824438482551e-01
1.229345429630484404e-01
1.243017223197966786e-01
1.225109133898513447e-01
1.240349857369437842e-01
1.225308040156960487e-01
1.236330680083483485e-01
1.237898366292938535e-01
