4.999494751294453754e-01
4.350571086009343280e-01
4.165990849335988178e-01
4.759788711865742816e-01
4.219017922878265381e-01
4.609443942705790387e-01
4.735099474589030133e-01
4.428372383117675781e-01
4.572758376598358154e-01
3.777320881684620990e-01
3.899034361044566022e-01
3.972344001134236469e-01
3.963905076185862408e-01
3.447376911838849201e-01
4.685312310854594098e-01
4.013510743776957379e-01
3.567202736934025897e-01
3.728699783484141217e-01
3.952960272630055560e-01
3.776076734066009521e-01
3.876263896624247418e-01
4.278603394826253070e-01
3.958119253317515240e-01
5.136612455050150183e-01
3.671571115652720319e-01
4.041705826918284283e-01
3.925108710924784527e-01
3.958747982978820801e-01
3.683906396230061664e-01
3.589362303415934430e-01
3.609971602757771625e-01
3.723706901073455811e-01
4.363935589790344238e-01
3.963272472222645892e-01
3.673140704631805420e-01
4.357109069824218750e-01
4.608964920043945312e-01
3.315314476688702716e-01
3.811519841353098736e-01
3.331294109423955097e-01
3.326957349975903644e-01
3.828329344590504779e-01
3.702702820301055908e-01
3.709839284420013428e-01
3.675297498703002930e-01
3.917194108168284283e-01
3.554597496986389160e-01
3.615550746520360126e-01
3.306096295515696393e-01
3.606125811735789166e-01
3.637955387433369769e-01
3.626879851023356305e-01
4.168710658947626935e-01
3.368575995167096271e-01
3.913260300954182758e-01
3.463296443223953247e-01
3.547950188318888531e-01
3.764667809009552002e-01
4.047486881415049420e-01
3.702026903629302979e-01
3.757226169109344482e-01
3.929279347260792865e-01
4.026626646518707275e-01
3.706206381320953369e-01
3.710081378618876324e-01
3.639038304487864361e-01
3.682671288649241315e-01
3.413309479753176556e-01
4.054234623908996582e-01
4.089965621630350934e-01
4.070498545964558734e-01
3.660759925842285156e-01
3.847959140936533795e-01
3.942981362342834473e-01
3.891050616900126324e-01
4.213067591190338135e-01
3.366830646991729736e-01
4.247845659653345929e-01
3.870755732059478760e-01
3.854011694590250836e-01
3.924611906210581647e-01
3.923337757587432861e-01
3.939625422159830914e-01
3.922457496325175152e-01
4.226957162221272601e-01
3.345386758446693420e-01
3.292827482024828778e-01
3.577814201513926373e-01
3.973018427689870014e-01
3.698516587416331158e-01
4.213306903839111328e-01
3.652090926965077533e-01
3.926413158575693951e-01
3.384910946091015949e-01
3.954191307226816998e-01
4.263872802257537842e-01
3.949040373166401996e-01
4.206625719865162982e-01
3.969308137893676758e-01
4.220644334952036725e-01
3.416612446308135986e-01
3.974691530068715228e-01
4.239605764547983990e-01
3.650145530700683594e-01
3.931826253732045306e-01
3.648769060770670758e-01
3.972782095273335590e-01
4.235429267088572369e-01
4.208187063535054340e-01
3.657335937023162842e-01
3.590494791666666852e-01
3.597364326318104877e-01
3.625149726867675781e-01
3.911121884981791363e-01
3.597003271182377948e-01
4.193333387374877930e-01
3.950024048487345563e-01
3.388789072632789612e-01
3.615063031514485492e-01
3.880375971396763934e-01
3.569420675436655865e-01
3.601591686407725201e-01
3.640705049037933350e-01
3.271410291393597736e-01
3.281240438421567096e-01
3.916593690713246478e-01
3.940716385841369629e-01
3.904486894607543945e-01
3.923498590787251605e-01
3.635896990696589337e-01
3.340554634730021344e-01
3.579222162564595355e-01
3.581030368804931641e-01
3.606088161468505859e-01
3.618543247381846295e-01
3.604602714379628314e-01
4.132555027802785053e-01
3.311546494563420429e-01
3.948025107383728027e-01
3.858264585336049213e-01
4.249091620246569501e-01
3.541927436987559186e-01
3.269524152080218182e-01
3.583763937155405865e-01
3.931596378485361920e-01
3.337588484088579999e-01
4.158876637617747174e-01
4.192953209082285748e-01
3.284049655000368939e-01
3.660746316115061627e-01
3.590681205193201886e-01
3.639444609483082904e-01
4.219164326786994934e-01
4.371564934651057110e-01
3.908841113249461041e-01
3.922021885712941303e-01
3.637356559435526715e-01
3.583736817042033063e-01
3.915855785210927142e-01
3.907607992490132465e-01
3.577454090118408203e-01
4.092194885015487671e-01
3.299069479107856750e-01
3.957872589429219379e-01
3.590169350306193219e-01
3.319364363948504315e-01
3.566960394382476807e-01
3.582797795534133911e-01
3.894701898097991943e-01
3.310452252626419067e-01
4.140940705935160504e-01
3.885959784189860211e-01
3.896491527557373047e-01
4.713995034495989667e-01
3.299569860100746155e-01
3.287197723984718323e-01
3.564009070396423340e-01
3.293510501583417072e-01
4.454024136066436768e-01
3.342908620834350586e-01
3.868639568487803326e-01
3.822588721911112652e-01
3.258120690782864703e-01
3.567014336585998535e-01
3.924625515937805176e-01
4.151401817798614502e-01
3.830245236555735455e-01
3.569488277037938251e-01
3.564637800057728900e-01
3.509668211142222272e-01
3.911669353644053326e-01
3.957335849603016986e-01
3.812906146049499512e-01
3.840185304482777728e-01
3.605335553487141742e-01
3.578172425429026471e-01
3.605471849441528320e-01
4.134954313437144147e-01
3.252614215016365051e-01
3.670406142870585309e-01
3.566452364126841412e-01
3.627030054728190289e-01
3.309554283817608966e-01
4.216826607783635272e-01
3.603662252426147461e-01
4.150575796763102399e-01
3.318949739138285504e-01
4.460852593183517456e-01
3.841978410879771100e-01
3.276227265596389771e-01
3.865744670232136859e-01
3.596738676230112897e-01
3.270132020115852356e-01
3.322339976827303754e-01
3.541782846053441181e-01
3.634282648563385010e-01
3.824618160724639893e-01
3.892988065878550397e-01
4.164315859476725445e-01
3.231208721796671735e-01
3.910636802514393939e-01
3.873177965482075824e-01
3.364750295877456665e-01
3.871263116598129272e-01
4.144465029239654541e-01
3.303080027302106036e-01
3.857954442501068115e-01
3.527811815341313495e-01
3.879730900128682269e-01
3.857699135939280377e-01
3.622900644938151227e-01
3.551268627246220722e-01
4.124187131722767963e-01
4.199738452831904278e-01
4.423407614231109619e-01
3.863928814729054584e-01
4.177238742510477887e-01
3.869326015313466205e-01
3.535308788220087872e-01
4.103670120239257812e-01
3.611151029666264667e-01
4.111892630656560077e-01
3.839889367421467914e-01
3.554723461469014301e-01
4.127075374126434326e-01
4.156712889671325684e-01
3.316380456089973450e-01
3.843350609143574848e-01
3.832053442796071185e-01
3.574755390485127582e-01
3.550116171439488544e-01
4.100076456864674701e-01
3.863211870193481445e-01
3.824329773585001813e-01
3.239472533265749798e-01
3.803469041983286725e-01
4.178656538327534808e-01
4.101358552773793353e-01
3.582879702250162945e-01
3.832687884569168091e-01
3.276529808839162006e-01
3.266461764772732868e-01
4.111249844233195172e-01
3.328854789336522235e-01
3.548421661059061871e-01
3.560493191083272113e-01
4.193050265312194824e-01
3.871123592058817731e-01
3.544412751992543353e-01
3.594339092572529926e-01
3.890645404656727924e-01
3.824349244435628070e-01
3.858182082573572980e-01
3.245235855380694256e-01
3.502352635065714703e-01
3.872359991073608398e-01
3.879129588603973389e-01
3.818429112434387207e-01
4.143378734588623047e-01
3.582840661207835065e-01
3.295868684848149432e-01
3.595628688732783185e-01
3.819487889607747211e-01
3.537462006012598859e-01
3.877308269341786517e-01
3.800698518753051758e-01
3.867067545652389526e-01
3.843541741371154785e-01
3.570601244767506732e-01
4.118185142676035748e-01
3.811371922492980957e-01
4.124564925829569684e-01
3.252901335557301654e-01
3.875098625818888531e-01
3.258243923385937824e-01
4.068911671638488770e-01
3.547682364781697406e-01
3.519256114959716797e-01
3.847335974375407086e-01
4.075982918341954364e-01
3.555036187171936035e-01
3.537911375363667621e-01
4.122136533260345459e-01
3.585197925567626953e-01
3.522815754016240253e-01
3.836598197619120465e-01
3.841015497843424664e-01
3.835139671961466656e-01
3.596256275971730365e-01
3.559322804212570190e-01
3.583902617295582904e-01
3.840497434139251709e-01
3.540022671222686768e-01
3.598312636216481342e-01
3.791811168193817139e-01
4.046904047330220355e-01
3.813081681728363037e-01
3.525766581296920776e-01
3.582209149996439801e-01
4.061689029137293683e-01
3.273568625251452313e-01
3.798200786113739014e-01
3.838405609130859375e-01
3.536775956551234112e-01
3.783088028430938721e-01
4.095264772574107037e-01
3.827408651510874615e-01
3.536403874556223736e-01
3.810227612654368268e-01
3.808703968922297345e-01
3.818326095740000592e-01
3.536040186882019043e-01
3.798224329948425293e-01
4.097018241882324219e-01
3.292586157719294415e-01
3.254208092888196124e-01
4.113004654645919800e-01
4.095307985941569195e-01
4.107802907625834332e-01
4.138025194406509399e-01
3.561765601237614765e-01
3.808696866035461426e-01
3.791226247946421490e-01
3.256172711650530682e-01
3.788119355837504254e-01
3.533370395501454486e-01
3.554454346497853412e-01
4.401939511299133301e-01
3.551073571046193256e-01
3.200531291464964734e-01
3.828615844249725342e-01
3.795282145341237201e-01
3.512568722168604718e-01
3.236866469184557782e-01
3.824779589970906390e-01
3.789872825145721436e-01
3.814443002144495831e-01
4.104117254416148053e-01
4.094571918249130249e-01
4.633236775795618878e-01
3.538814435402552472e-01
4.096513638893763409e-01
3.300128206610679626e-01
3.475243945916493549e-01
3.249440938234329224e-01
3.559253613154093610e-01
3.792007168134053363e-01
3.246745243668556213e-01
3.551222185293833600e-01
4.110699792702992572e-01
4.365918884674708234e-01
3.542799552281697406e-01
3.791262010733286725e-01
3.835840821266174316e-01
3.251665309071540833e-01
4.082045654455820904e-01
3.490650306145350323e-01
3.792015115420023785e-01
3.774256110191345215e-01
3.231892983118693219e-01
3.236334001024563922e-01
3.568574885527293072e-01
3.793212076028187885e-01
3.514405290285746442e-01
4.103961537281672345e-01
3.490924984216690063e-01
3.840776979923248291e-01
3.520828833182652606e-01
3.516877889633178711e-01
3.567016224066416608e-01
3.223439827561378479e-01
3.803447782993316650e-01
4.136578241984049664e-01
3.836970031261444092e-01
3.515069882074992047e-01
3.523693680763244629e-01
3.780053555965423584e-01
3.510189453760783063e-01
3.289182335138320923e-01
4.114367266496022357e-01
3.508519480625788556e-01
3.281899467110633850e-01
3.805190622806549072e-01
3.793125351270039691e-01
3.555838664372761859e-01
4.353015323479970111e-01
3.526959021886189594e-01
3.836412330468495502e-01
4.051719208558400287e-01
3.494468281666437970e-01
3.541638155778248920e-01
3.497496743996937885e-01
3.554230829079945697e-01
3.840173780918121338e-01
4.102447380622227802e-01
3.260254065195719586e-01
3.787496387958526611e-01
4.076968034108479633e-01
3.543342153231303082e-01
4.092311362425486432e-01
3.497433165709177838e-01
4.105831980705261230e-01
3.522442579269409180e-01
3.512841363747914447e-01
3.496341655651728497e-01
3.811421891053517474e-01
3.801111280918121338e-01
3.534207642078399658e-01
3.242902482549349652e-01
3.799622257550557269e-01
4.080936511357625140e-01
3.531161248683929443e-01
3.557970325152079449e-01
4.161470532417297363e-01
3.515734076499938965e-01
3.795030117034912109e-01
3.231665864586830139e-01
3.786068161328633441e-01
3.503566334644953595e-01
3.217565839489300861e-01
3.245012412468592511e-01
3.813492755095164166e-01
3.539568185806274414e-01
4.052702983220418109e-01
3.788990974426269531e-01
3.787108908096949444e-01
3.491259415944417133e-01
3.241848324735959186e-01
3.715841372807820453e-01
4.074173072973887311e-01
3.255003864566485272e-01
3.512591520945231305e-01
4.048277288675308228e-01
3.830964962641398297e-01
3.527663399775822772e-01
3.524492084980010986e-01
3.488095303376515521e-01
3.499261587858200073e-01
3.537023464838663922e-01
3.545383264621098651e-01
3.486330310503641949e-01
3.218244761228561401e-01
4.040526946385701312e-01
3.778327405452728271e-01
3.795662025610606061e-01
3.801074425379435406e-01
3.791738251845042096e-01
3.557251791159312115e-01
3.804831008116404401e-01
3.529596626758575439e-01
4.078525155782699585e-01
3.243234927455584393e-01
3.509467442830403461e-01
3.500082939863204956e-01
3.262272253632545471e-01
3.516781330108642578e-01
3.483063528935114728e-01
3.251612161596615924e-01
4.316588739554087506e-01
4.090618292490641461e-01
3.503654698530833111e-01
3.514315088589985980e-01
3.214621171355247498e-01
3.526297807693481445e-01
4.100087483723958148e-01
3.759532173474629535e-01
3.786339958508809223e-01
3.462577114502589093e-01
3.812152842680613385e-01
3.525969088077545166e-01
3.745916783809661865e-01
3.816898763179779053e-01
3.231933539112408771e-01
3.514696260293324603e-01
3.521860539913177490e-01
3.500693341096242084e-01
3.546141783396403180e-01
3.782578508059183942e-01
3.812780380249023438e-01
3.752570947011311664e-01
3.798102339108784808e-01
3.502258410056431903e-01
3.806717594464619769e-01
4.076751073201497211e-01
4.079340398311614990e-01
3.236138621966044293e-01
3.545127908388773785e-01
3.478290885686874390e-01
3.530630866686503277e-01
4.053564071655273438e-01
3.527070482571919574e-01
3.476478904485702515e-01
3.801541725794474469e-01
3.244140843550364361e-01
4.081781109174092426e-01
3.764833509922027588e-01
4.043181538581848145e-01
3.518926103909810199e-01
3.817721158266067505e-01
3.521242936452229633e-01
4.378354251384735107e-01
3.805852532386779785e-01
3.784841994444529401e-01
3.244190116723378314e-01
3.508771359920501709e-01
3.492137740055720196e-01
3.211150715748469220e-01
3.782037893931071149e-01
3.504392057657241821e-01
4.012485245863596783e-01
3.769649863243103027e-01
3.725541134675343646e-01
4.060541987419128418e-01
4.316904693841934204e-01
3.774899741013844623e-01
3.775411347548167096e-01
3.482894003391265869e-01
3.495060900847117291e-01
3.764664580424626483e-01
3.251625075936317444e-01
3.244449396928151264e-01
4.392453581094741821e-01
3.541850646336873187e-01
3.803513944149017334e-01
3.765718489885330200e-01
3.509336908658345355e-01
3.229008689522743225e-01
4.074148039023081647e-01
3.535123268763224469e-01
4.102542301019032611e-01
3.513334294160206928e-01
3.280093769232432233e-01
3.828764359156290875e-01
4.058610995610554828e-01
3.259269595146179199e-01
4.090866347153981342e-01
3.223344360788663043e-01
3.812623520692189349e-01
3.527376651763916016e-01
3.243733247121174945e-01
4.060474832852681293e-01
4.067835211753845215e-01
3.501895666122436523e-01
3.558751543362935199e-01
3.780341446399688721e-01
3.791518112023671283e-01
3.230545942982037677e-01
3.487349947293599262e-01
3.244244555632273541e-01
3.797095318635304584e-01
4.068400959173838483e-01
3.228904083371162415e-01
3.215556765596072064e-01
3.795515000820159912e-01
3.510921100775400983e-01
4.074533780415852680e-01
3.475415756305058612e-01
4.356015076239903583e-01
3.529492318630218506e-01
3.772551715373992920e-01
3.521289924780527936e-01
4.035262664159138812e-01
3.524059255917866840e-01
3.525692323843638287e-01
4.024837265412012921e-01
3.494436244169871197e-01
3.776813546816508160e-01
4.082506199677785053e-01
3.484275887409846173e-01
3.514022131760914935e-01
3.811082939306895123e-01
3.503072063128153668e-01
3.201388294498125897e-01
3.820724387963612689e-01
3.484170734882354736e-01
3.773969511191050397e-01
3.252168347438176288e-01
3.516168693701426373e-01
4.615869124730427875e-01
4.022817512353261127e-01
3.257582783699035645e-01
3.787207504113515033e-01
3.788391053676605225e-01
3.784505228201548444e-01
3.773728112379710065e-01
3.565018276373545514e-01
3.538760940233866559e-01
3.489511658747990741e-01
4.038154383500416889e-01
4.022567669550577985e-01
4.033157875140507831e-01
4.071392913659413471e-01
4.083019495010375977e-01
3.784786562124888287e-01
3.792075514793395996e-01
3.519461750984191895e-01
4.605848590532938824e-01
3.786777555942535400e-01
4.054376184940338135e-01
3.783773481845855713e-01
3.514682352542877197e-01
4.072939356168110980e-01
3.759727974732716693e-01
3.759134014447529926e-01
4.095510045687357770e-01
3.788886666297912598e-01
4.048733711242675781e-01
3.568961421648661481e-01
3.760053714116414203e-01
3.805305113395054950e-01
4.061556359132130756e-01
4.046065360307693481e-01
3.212985942761103497e-01
3.507011532783508301e-01
3.254600043098132001e-01
4.336406985918681012e-01
3.480385690927505493e-01
3.747369448343912945e-01
4.070393443107604980e-01
3.811423977216084613e-01
3.499287962913513184e-01
4.005541503429412842e-01
3.768852154413859235e-01
3.208559304475784302e-01
3.225450143218040466e-01
3.779254853725433350e-01
3.760991990566253662e-01
3.732506632804870605e-01
4.052275816599528180e-01
3.791768352190653668e-01
3.794310986995697021e-01
3.752349515755971088e-01
3.764633238315582275e-01
3.188827758034070148e-01
4.091187268495559692e-01
3.767008384068806781e-01
4.030286471048991070e-01
3.476363867521286011e-01
4.058732787768046246e-01
3.482596973578135358e-01
3.263632729649543762e-01
3.192662969231605530e-01
4.033885995546976910e-01
3.500530620416005267e-01
3.789044270912806378e-01
4.065985282262166156e-01
3.791472017765045166e-01
3.220178112387657166e-01
3.769867122173309326e-01
3.802802463372548236e-01
4.325782060623168945e-01
3.781368136405944824e-01
3.803707957267761230e-01
3.744490146636962891e-01
3.515156706174214496e-01
3.779179851214091168e-01
3.739506999651591168e-01
3.510305086771647320e-01
4.087396164735158099e-01
3.792885045210520611e-01
3.480291962623596191e-01
4.037362883488337384e-01
4.054794212182362689e-01
3.507994810740153180e-01
3.780642549196879254e-01
4.038443267345428467e-01
3.470121671756108417e-01
3.198047056794166565e-01
3.492719630400339947e-01
3.526076376438140869e-01
3.490795989831288471e-01
4.027221699555714740e-01
3.829168379306793213e-01
3.469690879185994281e-01
3.529773553212483539e-01
3.493048350016276227e-01
3.784618328015009747e-01
3.791252175966898785e-01
3.758614758650462018e-01
3.482797543207804547e-01
3.502747515837351666e-01
3.778242468833923340e-01
3.503772417704264508e-01
3.755882879098256244e-01
3.780879080295562744e-01
3.766057193279266357e-01
4.061500529448191510e-01
3.998254239559173584e-01
3.791460295518239154e-01
3.209606508413950787e-01
3.237423102060953961e-01
3.497430086135864258e-01
3.761737147967020856e-01
3.453285445769627704e-01
3.242356653014819012e-01
3.779687682787577496e-01
3.504162430763244629e-01
4.325422495603561401e-01
3.796882629394531250e-01
3.449549178282420026e-01
3.746603826681773053e-01
3.471647153298060284e-01
3.480237623055775775e-01
3.482053726911544800e-01
3.494861523310343610e-01
3.795402248700459613e-01
3.464472840229670392e-01
3.756656547387440814e-01
3.214049190282821655e-01
3.228302498658497943e-01
3.502649962902069092e-01
4.033413479725520001e-01
3.807284434636433734e-01
4.051141440868377686e-01
4.071983421842257367e-01
3.540411541859309064e-01
3.768384953339894428e-01
3.510075807571411133e-01
3.442396968603134155e-01
3.768664896488189697e-01
3.498750527699788226e-01
3.460933516422907696e-01
3.750165700912475586e-01
3.229049270351727619e-01
3.734848300615946637e-01
3.806421707073847638e-01
4.014231661955515729e-01
3.509933054447174072e-01
3.747300406297047748e-01
3.208049312233924866e-01
3.476386616627375470e-01
3.502163589000701904e-01
3.758055468400319232e-01
3.475694060325622559e-01
3.499131202697753906e-01
3.491149842739105225e-01
3.499558568000793457e-01
3.489073812961578369e-01
4.304771522680918561e-01
3.497406542301177979e-01
3.515283862749735699e-01
3.768219153086344586e-01
3.496832648913065777e-01
3.768461893002192364e-01
3.460783263047536029e-01
3.533035318056742535e-01
3.779521783192952289e-01
3.548312584559122906e-01
3.754301071166992188e-01
3.482064306735992432e-01
3.784174869457880841e-01
3.517377674579620361e-01
3.562583724657694684e-01
3.775590856870015277e-01
3.788408140341441022e-01
3.768188605705897198e-01
3.218854367733001709e-01
3.742256462574005127e-01
4.343130191167195453e-01
4.063861022392908917e-01
3.487230837345123291e-01
3.535471955935160504e-01
3.733636637528737201e-01
4.056957165400187360e-01
3.727298279603322162e-01
4.071811636288960590e-01
3.791956206162770404e-01
3.509919146696726666e-01
4.115083913008372174e-01
3.241031244397163391e-01
3.495037058989207135e-01
3.793828884760538922e-01
4.039430816968281879e-01
3.466484000285466327e-01
3.778421481450398578e-01
3.764559626579284668e-01
3.222043017546336041e-01
3.188332940141360150e-01
3.788385987281799316e-01
3.788399298985798969e-01
3.517031967639923096e-01
3.495430548985798969e-01
3.989439109961191998e-01
4.022202640771865845e-01
3.504537741343180524e-01
3.496040006478627338e-01
3.778405537207921161e-01
3.459589034318923950e-01
4.066335658232371197e-01
3.220508297284443988e-01
3.771039644877116070e-01
4.355904509623845233e-01
3.219835857550303326e-01
3.230058327317237854e-01
4.633378734191258563e-01
3.498977919419606342e-01
3.743195335070292340e-01
3.483074406782786236e-01
3.790938953558604108e-01
4.316044002771377563e-01
3.794460495313008441e-01
3.209915583332379474e-01
3.500848263502120972e-01
3.817359109719594135e-01
4.036933978398640765e-01
3.752029339472452985e-01
3.462729851404826031e-01
3.514345983664194928e-01
3.466994563738505231e-01
3.212191437681515827e-01
3.498343527317047119e-01
3.798621793588002338e-01
3.716155489285786762e-01
3.488813539346058978e-01
3.475390076637268066e-01
4.069335957368214740e-01
3.213218003511428833e-01
3.823465307553609027e-01
4.096586356560389386e-01
3.508731325467427387e-01
4.606212923924128400e-01
4.045261939366658344e-01
3.524856269359588623e-01
3.471480558315913068e-01
3.478223880132039203e-01
3.218473618229230060e-01
3.761417269706726074e-01
3.525424202283223285e-01
3.787807722886403217e-01
3.216531723737716675e-01
3.485786020755767822e-01
3.487858672936757221e-01
4.054256280263264789e-01
3.785232007503509521e-01
3.771274884541829242e-01
3.786456733942031860e-01
3.800416986147562848e-01
3.517772356669108258e-01
3.773060043652852191e-01
4.070059756437937604e-01
3.232717290520668030e-01
3.460406015316645489e-01
3.223101273179054260e-01
4.068043728669484271e-01
3.801447351773579730e-01
3.513135711352030621e-01
3.781073888142903461e-01
3.768006265163421631e-01
3.228692387541134967e-01
3.735029200712839947e-01
3.792436172564824237e-01
4.062501192092895508e-01
3.765311340490977154e-01
4.068338572978973389e-01
3.491971592108408795e-01
3.769603768984476910e-01
3.506550987561543598e-01
3.217979768911997662e-01
3.747089107831318988e-01
4.016053875287373676e-01
3.479389200607935773e-01
4.298253208398818970e-01
3.823996682961781635e-01
3.235855326056480408e-01
3.190083056688308716e-01
3.766476015249888287e-01
3.510513802369435443e-01
3.744571655988693237e-01
3.476339330275853290e-01
3.227935160199801312e-01
3.216555714607238770e-01
3.472771992286046161e-01
3.531801402568817139e-01
3.205418313543001996e-01
3.784217288096745624e-01
3.763951361179351807e-01
4.053574701150258197e-01
3.493206103642781390e-01
3.234738359848658429e-01
3.491435448328654156e-01
4.055546124776204242e-01
3.765526215235392438e-01
3.251101747155189514e-01
3.485383441050847186e-01
3.776816030343373431e-01
3.477118561665217267e-01
3.771553138891856061e-01
3.503541052341461182e-01
3.210068245728810443e-01
3.482726365327835083e-01
4.014429549376170026e-01
3.736108243465423584e-01
3.476815074682235718e-01
4.026614725589752197e-01
3.762989292542139874e-01
3.192080929875373840e-01
3.760209083557128906e-01
3.763731420040130615e-01
3.509373466173807965e-01
3.470466881990432739e-01
3.762443065643310547e-01
3.764591813087463379e-01
4.039080937703450336e-01
3.785121093193690167e-01
4.292262991269429340e-01
3.485575417677561627e-01
3.765501280625661029e-01
3.461558520793914795e-01
4.048480093479156494e-01
3.763734002908070697e-01
4.059651295344035016e-01
3.759746650854746686e-01
3.193571170171101703e-01
3.475532208879788532e-01
3.522342840830485211e-01
3.549046913782755719e-01
3.229557673136393414e-01
3.799125502506892071e-01
3.793030579884846820e-01
3.482784231503804340e-01
3.786480526129404889e-01
3.504505058129628314e-01
3.518832524617512836e-01
3.748027930657069073e-01
3.765370547771453857e-01
3.490933775901794434e-01
3.778922110795974731e-01
3.467124799887339459e-01
3.214632198214530945e-01
3.516825040181477680e-01
3.532482286294301166e-01
3.777340153853098736e-01
3.787198960781097412e-01
4.033860216538111554e-01
3.819974760214487897e-01
3.768276969591776715e-01
3.463530689477920532e-01
3.463210910558700562e-01
3.546954790751139508e-01
4.063691347837448120e-01
3.472070842981338501e-01
4.068217674891154156e-01
4.101054668426513672e-01
3.487842977046966553e-01
3.238387902577717914e-01
4.039400418599446430e-01
3.493733306725819721e-01
3.189986149470011578e-01
3.782250682512919293e-01
3.471469432115554810e-01
3.764016727606455670e-01
3.814249038696289062e-01
3.465371976296107159e-01
3.537468413511912213e-01
3.468480507532755719e-01
3.795373340447743549e-01
3.205867881576220380e-01
3.437607685724894391e-01
4.067264546950657977e-01
3.785233398278554096e-01
4.079311986764271869e-01
3.513969679673512592e-01
4.067827363808949603e-01
4.052187403043110980e-01
3.541106581687927246e-01
4.034235080083211078e-01
3.520620365937550678e-01
3.489468296368916644e-01
3.791089256604512348e-01
3.740096688270568848e-01
3.467043439547221051e-01
3.502513766288757324e-01
3.539279599984486713e-01
3.775292634963989258e-01
3.249419505397478924e-01
3.488552868366241455e-01
3.485131561756134033e-01
3.521084090073903217e-01
3.794845839341481342e-01
3.738380968570709229e-01
