1.113777224222818951e+01
9.708654006322225527e+00
1.010961560408274273e+01
1.360152943929036518e+01
1.202504221598307232e+01
1.436506589253743549e+01
1.472511180241902728e+01
1.341986354192098041e+01
1.397630532582600971e+01
1.140135622024536133e+01
1.034799432754516602e+01
1.135423549016316791e+01
1.200058650970458984e+01
9.848944872617721558e+00
1.529280090332031250e+01
1.225183010101318359e+01
1.026389913757642169e+01
1.104736709594726562e+01
1.252717955907185932e+01
1.156499894460042377e+01
1.218739954630533795e+01
1.348612165451049805e+01
1.246645069122314453e+01
1.785538450876871863e+01
1.128013960520426373e+01
1.299615081151326557e+01
1.261763556798299213e+01
1.240626653035481830e+01
1.157420047124226947e+01
1.104310401280721088e+01
1.106279627482096295e+01
1.110723924636840820e+01
1.461445951461791992e+01
1.279156112670898438e+01
1.140169509251912494e+01
1.442967955271402936e+01
1.541648721694946289e+01
9.631893495718637510e+00
1.215420023600260357e+01
1.014946287870407104e+01
9.915548314650854067e+00
1.209545262654622455e+01
1.198797130584716797e+01
1.147192430496215820e+01
1.157609748840332031e+01
1.261860418319702148e+01
1.123049481709798236e+01
1.140434424082438092e+01
9.954672197500864073e+00
1.154369195302327533e+01
1.136762078603108783e+01
1.132206408182779889e+01
1.392639851570129395e+01
1.037671732902526855e+01
1.286436374982198139e+01
1.054682922363281250e+01
1.080613978703816791e+01
1.192196464538574219e+01
1.304443009694417377e+01
1.163456058502197266e+01
1.179429594675699811e+01
1.258665760358174701e+01
1.337054983774820904e+01
1.145048236846923828e+01
1.161065371831258197e+01
1.133430941899617572e+01
1.167759021123250385e+01
1.035913322369257550e+01
1.345531527201334576e+01
1.341384029388427734e+01
1.315700340270996094e+01
1.129975859324137311e+01
1.245821015040079693e+01
1.269963073730468750e+01
1.252545992533365826e+01
1.411573719978332520e+01
1.022686309615770917e+01
1.415508476893107037e+01
1.240595881144205670e+01
1.244087362289428711e+01
1.304649813969930072e+01
1.281988700230916400e+01
1.254497845967610736e+01
1.297978496551513672e+01
1.437824821472167969e+01
1.037731027603149414e+01
1.020881675680478473e+01
1.157381423314412494e+01
1.318724457422892193e+01
1.192910480499267578e+01
1.418495082855224609e+01
1.164059702555338482e+01
1.296049912770589252e+01
1.079278815786043744e+01
1.273307180404663086e+01
1.399671729405721088e+01
1.312144200007120709e+01
1.430181932449340820e+01
1.326573975880940814e+01
1.417156648635864258e+01
1.052139021952947040e+01
1.305041519800821881e+01
1.410680675506591797e+01
1.169873269399007221e+01
1.295120175679524799e+01
1.172658411661783795e+01
1.287712923685709576e+01
1.421932347615559955e+01
1.384998703002929688e+01
1.178402360280354877e+01
1.142743444442749023e+01
1.156431436538696289e+01
1.162542978922525982e+01
1.283195972442626953e+01
1.124512434005737305e+01
1.400746997197469135e+01
1.291010904312133789e+01
1.039166092872619629e+01
1.165000359217325787e+01
1.265097347895304303e+01
1.145756769180297852e+01
1.162633832295735736e+01
1.167047246297200580e+01
1.010503118733564953e+01
1.016502471268177032e+01
1.275277249018351178e+01
1.281094519297281842e+01
1.277095603942871094e+01
1.280797449747721295e+01
1.142656032244364361e+01
1.016644522547721863e+01
1.142207813262939453e+01
1.142222515741983990e+01
1.140496889750162701e+01
1.163776938120524029e+01
1.161796442667643170e+01
1.377923345565795898e+01
1.015283818046251874e+01
1.278602981567382812e+01
1.250277964274088482e+01
1.408927424748738666e+01
1.110983435312906842e+01
1.010662012298901935e+01
1.146359570821126361e+01
1.312659931182861328e+01
1.025121919314066510e+01
1.389636135101318359e+01
1.408490149180094342e+01
9.905768712361654238e+00
1.178884124755859375e+01
1.160418780644734760e+01
1.154846747716267963e+01
1.405887159705162048e+01
1.456672867139180561e+01
1.281646490097045898e+01
1.269237693150838275e+01
1.138695510228474994e+01
1.096886475880940814e+01
1.315799013773600201e+01
1.264241647720336914e+01
1.121115684509277344e+01
1.350844860076904297e+01
1.035147399703661542e+01
1.307523059844970703e+01
1.114374033610025982e+01
1.021960851550102234e+01
1.112004693349202533e+01
1.126936936378479004e+01
1.268658351898193359e+01
1.039183532198270221e+01
1.380196158091227154e+01
1.279515496889750104e+01
1.270398553212483783e+01
1.610267894466717919e+01
1.005043171842893024e+01
1.012544941902160645e+01
1.140725199381510357e+01
1.036725877722104450e+01
1.538046526908874512e+01
1.019233004252115826e+01
1.258924452463785748e+01
1.222059011459350586e+01
1.017706540723641773e+01
1.130586528778076172e+01
1.316976674397786518e+01
1.366597843170166016e+01
1.266952896118164062e+01
1.140131171544392963e+01
1.099549094835917096e+01
1.114460881551106830e+01
1.305278491973876953e+01
1.301588058471679688e+01
1.231414063771565814e+01
1.282296911875406842e+01
1.140789254506429096e+01
1.114309136072794537e+01
1.149914503097534180e+01
1.391054773330688477e+01
1.002935657898584942e+01
1.217997296651204486e+01
1.132149553298950195e+01
1.152815930048624615e+01
1.024155961473782916e+01
1.418041189511617084e+01
1.118594137827555279e+01
1.425269126892089844e+01
1.020976855357488056e+01
1.536754790941874127e+01
1.260728979110717773e+01
1.013895227511723895e+01
1.273302523295084576e+01
1.139863665898641010e+01
1.017289030055204968e+01
1.011139106750488281e+01
1.143173122406005859e+01
1.167381191253662109e+01
1.225152079264322857e+01
1.291038465499877930e+01
1.384690244992574115e+01
1.002877729634443860e+01
1.274300861358642578e+01
1.267386595408121686e+01
1.018778391679128070e+01
1.259488360087076764e+01
1.390856027603149414e+01
1.025276841719945331e+01
1.262288665771484375e+01
1.108552360534667969e+01
1.285514577229817768e+01
1.241903742154439350e+01
1.146760114034016986e+01
1.121732012430826764e+01
1.373366689682006836e+01
1.409501679738362689e+01
1.476049677530924420e+01
1.281735293070475201e+01
1.364780171712239643e+01
1.255406840642293353e+01
1.130129305521647076e+01
1.376732397079467773e+01
1.149716774622599225e+01
1.363452768325805664e+01
1.241823450724283795e+01
1.137837711970011334e+01
1.380415805180867572e+01
1.388159338633219342e+01
1.012953542669614215e+01
1.242725133895874023e+01
1.244816144307454486e+01
1.147974904378255268e+01
1.128023306528727154e+01
1.353862460454305072e+01
1.264452425638834576e+01
1.245965433120727539e+01
1.001388219495614429e+01
1.228909937540690045e+01
1.402859306335449219e+01
1.331302213668823242e+01
1.133296680450439453e+01
1.240906159083048443e+01
1.010263832410176654e+01
1.019708789388338666e+01
1.364538176854451557e+01
1.017766843239466290e+01
1.138728952407836914e+01
1.125991805394490619e+01
1.410860681533813477e+01
1.238607994715372662e+01
1.139070940017700195e+01
1.132572444279988666e+01
1.249077097574869732e+01
1.240755844116210938e+01
1.246261898676554303e+01
9.959202637275060610e+00
1.090886418024698834e+01
1.257393550872802734e+01
1.249829212824503522e+01
1.233222166697184186e+01
1.374955717722574811e+01
1.123268063863118549e+01
1.002329960465431213e+01
1.149361999829610248e+01
1.233826716740926166e+01
1.117237583796183209e+01
1.253574879964192768e+01
1.232122866312662701e+01
1.259652725855509381e+01
1.235214328765869141e+01
1.135883522033691406e+01
1.376548051834106445e+01
1.222332048416137695e+01
1.370365063349405865e+01
1.007411535580953021e+01
1.244783910115559955e+01
1.005416538317998310e+01
1.346276712417602539e+01
1.129225365320841412e+01
1.113725948333740234e+01
1.267765522003173828e+01
1.335193347930908203e+01
1.123989248275756836e+01
1.111650657653808594e+01
1.361597426732381244e+01
1.123181819915771484e+01
1.127939176559448242e+01
1.229606405893961529e+01
1.252462689081827740e+01
1.221774069468180279e+01
1.130951086680094342e+01
1.127676097551981549e+01
1.129111131032308002e+01
1.239774624506632428e+01
1.128316466013590436e+01
1.126785421371459961e+01
1.233804782231648822e+01
1.344137843449910541e+01
1.246631908416748047e+01
1.112758175532023053e+01
1.123662074406941791e+01
1.348571093877156635e+01
9.974178413550058409e+00
1.231881999969482422e+01
1.241701348622640033e+01
1.120097096761067768e+01
1.208853340148925781e+01
1.362809022267659564e+01
1.243937015533447266e+01
1.103912925720214844e+01
1.239561271667480469e+01
1.227942570050557514e+01
1.228029616673787494e+01
1.121447690327962299e+01
1.207744932174682617e+01
1.369084644317626953e+01
9.879040777683258057e+00
9.915490806102752686e+00
1.361172850926717182e+01
1.347213093439737897e+01
1.360878086090087891e+01
1.346343946456909180e+01
1.121026841799418072e+01
1.239192454020182232e+01
1.228003867467244525e+01
9.947604199250539736e+00
1.229163265228271484e+01
1.099051554997762103e+01
1.116602643330891986e+01
1.475830221176147461e+01
1.103536017735799213e+01
9.871894205609956785e+00
1.226211388905843158e+01
1.236289310455322266e+01
1.098822689056396484e+01
9.893122355143228575e+00
1.214950180053710938e+01
1.232648007074991803e+01
1.222513818740844727e+01
1.356125370661417584e+01
1.367770377794901471e+01
1.590115849177042584e+01
1.106165901819864850e+01
1.338892936706542969e+01
1.002026669184366803e+01
1.085533793767293353e+01
9.909876098235448794e+00
1.117155392964681049e+01
1.213776969909667969e+01
9.955730199813842773e+00
1.094959306716918945e+01
1.358894745508829693e+01
1.471990744272867779e+01
1.110722907384236713e+01
1.212177451451619525e+01
1.229037586847941022e+01
9.826426347096761660e+00
1.333152437210083008e+01
1.094280576705932617e+01
1.220179684956868549e+01
1.218995889027913471e+01
9.883983214696248965e+00
9.876895040273666382e+00
1.099609645207723041e+01
1.213289388020833393e+01
1.102836783727010150e+01
1.346528204282124896e+01
1.096956459681192975e+01
1.243516667683919330e+01
1.091646194458007812e+01
1.096527067820231061e+01
1.115807453791300397e+01
9.840773105621337891e+00
1.237219349543253522e+01
1.367386913299560547e+01
1.212958939870198627e+01
1.090818198521932025e+01
1.111542654037475586e+01
1.220102389653523822e+01
1.091644795735677143e+01
9.951553165912628174e+00
1.341971079508463482e+01
1.105839077631632428e+01
9.887253413597742124e+00
1.234033679962158203e+01
1.213074938456217389e+01
1.108698924382527728e+01
1.466130471229553223e+01
1.093326552708943744e+01
1.219042523701985736e+01
1.331023454666137695e+01
1.087930997212727924e+01
1.104403909047444721e+01
1.092084646224975586e+01
1.112465556462605853e+01
1.236245282491048236e+01
1.352737061182657818e+01
9.843366384506225586e+00
1.210960960388183594e+01
1.332154353459676166e+01
1.108416970570882221e+01
1.342769130071004291e+01
1.100379657745361328e+01
1.341183710098266602e+01
1.101320187250773053e+01
1.100080394744873047e+01
1.087555058797200580e+01
1.213227939605712891e+01
1.204114087422688861e+01
1.092878818511962891e+01
9.802627334992090269e+00
1.233554903666178326e+01
1.327182006835937500e+01
1.091702429453531842e+01
1.113424428304036518e+01
1.360787153244018555e+01
1.101704295476277728e+01
1.197686433792114258e+01
9.777506460746129946e+00
1.219133641322453876e+01
1.098402690887451172e+01
9.810105457901954651e+00
9.785510718822479248e+00
1.210914516448974609e+01
1.102244249979654889e+01
1.320325962702433209e+01
1.221739101409912109e+01
1.224381875991821289e+01
1.086474545796712299e+01
9.794689466555913882e+00
1.192318916320800781e+01
1.320929781595865826e+01
9.797841628392538027e+00
1.097855933507283588e+01
1.318207859992980957e+01
1.215093994140625000e+01
1.096579464276631732e+01
1.102710835138956647e+01
1.090398677190144916e+01
1.085012499491373639e+01
1.096649567286173443e+01
1.100903781255086322e+01
1.087581491470336914e+01
9.696230540672937437e+00
1.319331248601277728e+01
1.204135751724243164e+01
1.228587881724039654e+01
1.209462928771972656e+01
1.209400272369384766e+01
1.108135732014974018e+01
1.218498039245605469e+01
1.088840166727701764e+01
1.323894858360290527e+01
9.810149570306142763e+00
1.083277940750122070e+01
1.087035767237345318e+01
9.803782691558202700e+00
1.083988920847574811e+01
1.094703960418701172e+01
9.778673529624938965e+00
1.434607243537902832e+01
1.347324323654174805e+01
1.096260674794515033e+01
1.102510356903076172e+01
9.754631936550140381e+00
1.096006282170613666e+01
1.352236811319986920e+01
1.200159676869710346e+01
1.205942360560099225e+01
1.078584750493367572e+01
1.223328161239624023e+01
1.100169769922892193e+01
1.186944913864135742e+01
1.222246265411376953e+01
9.757072716951370239e+00
1.076751915613810162e+01
1.102553987503051758e+01
1.096970907847086529e+01
1.095519240697224994e+01
1.198801231384277344e+01
1.221829319000244141e+01
1.202035697301228900e+01
1.206474844614664654e+01
1.082725178201993366e+01
1.204227717717488666e+01
1.333448934555053711e+01
1.328983736038208008e+01
9.740835507710775332e+00
1.086634508768717389e+01
1.082784287134806256e+01
1.084609842300415039e+01
1.306858023007710834e+01
1.082566897074381451e+01
1.078330453236897846e+01
1.210311381022135357e+01
9.745810290177663759e+00
1.333043829600016217e+01
1.202513821919759174e+01
1.308130423227945904e+01
1.094670359293619732e+01
1.216823728879292865e+01
1.096665461858113666e+01
1.462900876998901367e+01
1.204269663492838482e+01
1.206096776326497455e+01
9.723295460144678160e+00
1.090562105178833008e+01
1.093880748748779297e+01
9.712187131245931582e+00
1.220068248112996478e+01
1.092828671137491803e+01
1.307836898167928119e+01
1.202231836318969727e+01
1.185942681630452533e+01
1.327360645929972272e+01
1.427619695663452148e+01
1.203976567586263080e+01
1.199054686228434186e+01
1.092365280787150006e+01
1.099657678604125977e+01
1.197354507446289062e+01
9.750639994939168886e+00
9.725545883178710938e+00
1.454535436630249023e+01
1.096383317311604877e+01
1.209858528772989850e+01
1.213194211324056049e+01
1.079277817408243756e+01
9.741073767344156309e+00
1.334783077239990234e+01
1.095277706782023053e+01
1.340818436940511127e+01
1.080003039042154889e+01
9.736785789330800966e+00
1.202861412366231342e+01
1.321999867757161518e+01
9.744253257910409971e+00
1.329686117172241211e+01
9.687763313452402159e+00
1.212387609481811523e+01
1.081396691004435162e+01
9.706210047006607056e+00
1.332148965199788471e+01
1.320772298177083393e+01
1.088536469141642193e+01
1.094050216674804688e+01
1.219901021321614643e+01
1.206609662373860736e+01
9.717931896448135376e+00
1.086036570866902728e+01
9.720805138349533081e+00
1.202390607198079486e+01
1.319608537356058697e+01
9.716018706560134888e+00
9.688659717639287905e+00
1.215110564231872559e+01
1.093202733993530273e+01
1.307031281789143939e+01
1.088354508082071881e+01
1.445919584234555622e+01
1.101394653320312500e+01
1.204787762959798236e+01
1.082224273681640625e+01
1.320997985204060932e+01
1.081591606140136719e+01
1.075738954544067383e+01
1.318587303161621094e+01
1.088088274002075195e+01
1.196278683344523053e+01
1.329502455393473248e+01
1.085085566838582416e+01
1.088597901662190814e+01
1.212588008244832416e+01
1.074559211730957031e+01
9.678295408686002688e+00
1.219422880808512311e+01
1.088279310862223248e+01
1.206692361831665039e+01
9.699504921833673521e+00
1.089065694808959961e+01
1.547929477691650391e+01
1.301008621851603131e+01
9.708627601464590029e+00
1.215889453887939453e+01
1.200532293319702148e+01
1.215576839447021484e+01
1.197232262293497662e+01
1.091707579294840436e+01
1.091606918970743756e+01
1.088326930999755859e+01
1.323808733622233014e+01
1.302170515060424805e+01
1.311279670397440533e+01
1.312457211812337299e+01
1.338780450820922852e+01
1.218981583913167377e+01
1.216814692815144916e+01
1.097495142618815045e+01
1.556018193562825580e+01
1.216547520955403705e+01
1.332996622721354107e+01
1.184789721171061139e+01
1.075655730565389057e+01
1.323797114690144916e+01
1.204431438446044922e+01
1.202297337849934955e+01
1.339749701817830463e+01
1.206071154276529889e+01
1.316328875223795514e+01
1.094332615534464459e+01
1.202428849538167377e+01
1.200592827796936035e+01
1.318560870488484760e+01
1.304503846168518066e+01
9.665975997845331236e+00
1.088652022679646869e+01
9.684155414501825376e+00
1.428963311513265033e+01
1.083868503570556641e+01
1.181541109085083008e+01
1.325073099136352539e+01
1.215892362594604492e+01
1.086094141006469727e+01
1.303440904617309570e+01
1.198585462570190430e+01
9.644309123357137636e+00
9.669935107231140137e+00
1.187099774678548236e+01
1.180254459381103516e+01
1.177935806910196881e+01
1.318853521347045898e+01
1.198967647552490234e+01
1.195818503697713275e+01
1.190967607498168945e+01
1.196503019332885742e+01
9.643857623140016599e+00
1.338294649124145508e+01
1.181345319747924805e+01
1.309198808670043945e+01
1.074696858723958393e+01
1.312702687581380268e+01
1.073059844970703125e+01
9.690179228782653809e+00
9.642552862564722105e+00
1.307959461212158203e+01
1.083843851089477539e+01
1.213573733965555768e+01
1.322175137201944928e+01
1.195948441823323627e+01
9.661390940348306700e+00
1.203482977549234967e+01
1.198377863566080670e+01
1.425724077224731445e+01
1.194587993621826172e+01
1.194459406534830670e+01
1.192733057339986225e+01
1.089166466395060162e+01
1.193092028299967389e+01
1.189924208323160748e+01
1.084834146499633789e+01
1.324107694625854492e+01
1.214690001805623432e+01
1.074902613957723041e+01
1.315089535713195801e+01
1.316120640436808209e+01
1.076210498809814453e+01
1.204252751668294330e+01
1.311421346664428711e+01
1.069854847590128522e+01
9.645820612708726927e+00
1.084043900171915631e+01
1.085464715957641602e+01
1.083570337295532227e+01
1.306289354960123639e+01
1.217690499623616596e+01
1.069089921315511127e+01
1.096368916829427143e+01
1.081950775782267193e+01
1.195497727394104004e+01
1.191791709264119525e+01
1.180730072657267193e+01
1.082855335871378522e+01
1.072105852762858014e+01
1.201591555277506451e+01
1.071707185109456439e+01
1.190807549158732037e+01
1.195132064819335938e+01
1.183378060658772846e+01
1.321404170989990234e+01
1.284908946355183978e+01
1.207402189572652240e+01
9.631670902172723814e+00
9.670323451360067324e+00
1.083841323852539062e+01
1.189499616622924805e+01
1.082330163319905658e+01
9.672895938158035278e+00
1.194389025370279889e+01
1.091934219996134381e+01
1.428953019777933697e+01
1.205665397644042969e+01
1.067919190724690814e+01
1.186984920501708984e+01
1.072640387217203717e+01
1.069704310099283795e+01
1.072035392125447650e+01
1.091699806849161725e+01
1.196246099472045898e+01
1.068460687001546283e+01
1.191235065460205078e+01
9.644763370354970888e+00
9.645046879847845034e+00
1.084740940729776959e+01
1.302107222874959369e+01
1.213437938690185547e+01
1.322159798940022846e+01
1.332614557941754718e+01
1.094947671890258789e+01
1.198569885889689068e+01
1.074248107274373432e+01
1.069474585851033588e+01
1.193632793426513672e+01
1.082328971227010150e+01
1.080632416407267193e+01
1.207852872212727924e+01
9.649647285540899233e+00
1.199386405944824219e+01
1.203469800949096680e+01
1.310216379165649414e+01
1.084291680653890033e+01
1.188560295104980469e+01
9.631749858458837465e+00
1.083042081197102924e+01
1.075146563847859760e+01
1.194011433919270893e+01
1.069806067148844342e+01
1.091797415415445904e+01
1.081784486770629883e+01
1.083800586064656635e+01
1.069709539413452148e+01
1.417103679974873920e+01
1.084372425079345703e+01
1.084717949231465717e+01
1.180872392654418945e+01
1.082806189854939838e+01
1.200504469871520996e+01
1.081035900115966797e+01
1.086894718805948834e+01
1.204498354593912701e+01
1.086401907602945904e+01
1.188111273447672467e+01
1.080568361282348633e+01
1.179849831263224225e+01
1.085465351740519147e+01
1.089768441518147846e+01
1.199356222152709961e+01
1.189229965209960938e+01
1.199572563171386719e+01
9.654812137285867735e+00
1.180085563659667969e+01
1.440905182560284992e+01
1.303823145230611225e+01
1.083090670903523822e+01
1.084893989562988281e+01
1.177046950658162494e+01
1.317262458801269531e+01
1.175313043594360352e+01
1.313532384236653705e+01
1.212562513351440430e+01
1.082838662465413471e+01
1.334605725606282611e+01
9.646204153696695371e+00
1.072804021835327148e+01
1.203998374938964844e+01
1.308523019154866596e+01
1.070704332987467389e+01
1.190987475713094135e+01
1.189648358027140240e+01
9.643984546264013247e+00
9.610697363813718752e+00
1.199358177185058594e+01
1.193337758382161518e+01
1.071551275253295898e+01
1.072500292460123639e+01
1.293088801701863666e+01
1.296953439712524414e+01
1.083259399731953998e+01
1.072317775090535541e+01
1.209018890062967877e+01
1.070720879236857037e+01
1.320779784520467182e+01
9.631096680959066347e+00
1.196396414438883404e+01
1.441229144732157330e+01
9.627410242954889341e+00
9.650288452704748110e+00
1.546148800849914551e+01
1.072190093994140625e+01
1.176714452107747455e+01
1.068569056193033795e+01
1.202167924245198627e+01
1.427577678362528424e+01
1.212431208292643170e+01
9.623791247606277466e+00
1.090517679850260357e+01
1.193343687057495117e+01
1.299831183751424213e+01
1.209031168619791607e+01
1.067519394556681256e+01
1.082325442632039447e+01
1.066968313852945904e+01
9.627057542403539614e+00
1.081702152887980084e+01
1.194855936368306537e+01
1.174274667104085346e+01
1.082948287328084369e+01
1.069701369603474994e+01
1.322785027821858783e+01
9.616265694300333067e+00
1.196391201019287109e+01
1.323793888092041016e+01
1.083831437428792377e+01
1.543424797058105469e+01
1.309323596954345703e+01
1.071888192494710346e+01
1.079245678583780865e+01
1.079299275080362897e+01
9.635945866505304380e+00
1.203089173634847064e+01
1.091785399119059186e+01
1.209571981430053711e+01
9.628969818353652954e+00
1.070713742574056049e+01
1.079875691731770893e+01
1.312476126352945904e+01
1.212307135264078717e+01
1.209474341074625592e+01
1.203393022219339947e+01
1.209862581888834576e+01
1.073910633722941022e+01
1.192050933837890625e+01
1.319660186767578125e+01
9.638284852107366518e+00
1.078166166941324811e+01
9.631693591674169497e+00
1.312173223495483398e+01
1.205419858296712299e+01
1.071959018707275391e+01
1.197092183430989643e+01
1.208344666163126568e+01
9.629350741704305605e+00
1.185498396555582623e+01
1.203632505734761615e+01
1.312186924616495709e+01
1.189122454325358014e+01
1.320036522547403912e+01
1.081984694798787494e+01
1.199682696660359760e+01
1.082766548792521100e+01
9.618374874194463686e+00
1.207134906450907330e+01
1.306759770711263080e+01
1.081402301788330078e+01
1.412115216255187988e+01
1.211280536651611328e+01
9.637534320354461670e+00
9.607354149222373962e+00
1.187545379002889057e+01
1.084904034932454486e+01
1.189332763353983502e+01
1.070398871103922467e+01
9.638927936553955078e+00
9.619011799494424864e+00
1.069877545038858990e+01
1.085875240961710553e+01
9.616817762454351382e+00
1.189340575536092182e+01
1.187909364700317383e+01
1.307371330261230469e+01
1.070045439402262311e+01
9.637976189454397158e+00
1.081639432907104492e+01
1.306824811299641986e+01
1.186371342341105084e+01
9.648792813221612974e+00
1.079508002599080463e+01
1.201289923985799213e+01
1.069132804870605469e+01
1.198820956548055072e+01
1.084595092137654682e+01
9.619759579499563173e+00
1.079420042037963867e+01
1.305161428451538086e+01
1.184876696268717389e+01
1.081502930323282818e+01
1.299229605992635150e+01
1.197659905751546283e+01
9.604437271753946348e+00
1.200312010447184186e+01
1.176167519887288471e+01
1.083599424362182617e+01
1.069793764750162701e+01
1.190654420852661133e+01
1.201503896713256836e+01
1.307297150293985943e+01
1.200627215703328510e+01
1.411098877588907818e+01
1.079923152923583984e+01
1.188892396291097064e+01
1.078046814600626568e+01
1.300674001375834088e+01
1.186957534154256244e+01
1.322994732856750488e+01
1.188552570343017578e+01
9.609961524605751038e+00
1.069101322690645794e+01
1.083992989857991596e+01
1.086721754074096680e+01
9.636767615874608950e+00
1.209423319498697857e+01
1.192968702316284180e+01
1.080061642328898053e+01
1.211063734690348248e+01
1.083021179835001568e+01
1.083856217066446881e+01
1.190552934010823627e+01
1.207723768552144428e+01
1.083069022496541400e+01
1.201698843638102154e+01
1.068351356188456158e+01
9.620661497116088867e+00
1.072836303710937500e+01
1.084235843022664447e+01
1.190271790822347064e+01
1.198931662241617779e+01
1.308143806457519531e+01
1.212890466054280658e+01
1.198063834508260150e+01
1.080257177352905273e+01
1.068016751607259174e+01
1.084876680374145508e+01
1.317569812138875385e+01
1.066645447413126568e+01
1.320986827214558978e+01
1.331924883524576764e+01
1.079358768463134766e+01
9.636491904656091734e+00
1.297228002548217773e+01
1.080161190032958984e+01
9.599750017126401858e+00
1.201601958274841309e+01
1.079490979512532611e+01
1.202629693349202533e+01
1.212476527690887451e+01
1.068398316701253314e+01
1.085594097773233990e+01
1.069595003128051758e+01
1.203324699401855469e+01
9.611426701148351626e+00
1.067021584510803223e+01
1.317917927106221576e+01
1.203579584757486920e+01
1.317992591857910156e+01
1.072752300898233990e+01
1.309587144851684570e+01
1.311137723922729492e+01
1.086981646219889264e+01
1.296641238530476947e+01
1.083252239227294922e+01
1.071144453684488873e+01
1.211334864298502545e+01
1.198350079854329486e+01
1.068482128779093365e+01
1.070700883865356445e+01
1.084553766250610352e+01
1.198522281646728516e+01
9.655639072259267763e+00
1.081767749786376953e+01
1.067728169759114643e+01
1.091515223185221295e+01
1.200308990478515625e+01
1.195246156056722064e+01
