4.210591346025466808e-01
4.202045917510986439e-01
4.168519794940948597e-01
4.142810702323913574e-01
4.086935266852378956e-01
4.053245007991790883e-01
4.020826756954193337e-01
3.958490878343582375e-01
3.941060006618499756e-01
3.955088227987289540e-01
3.940607026219368203e-01
3.700120031833648571e-01
3.608642131090163963e-01
3.562301859259605630e-01
3.512889444828033447e-01
3.503189593553542869e-01
3.535830020904541238e-01
3.522530689835548512e-01
3.531271666288375854e-01
3.538864254951477051e-01
3.537258952856063843e-01
3.561637714505195840e-01
3.562919601798057445e-01
3.624134287238121033e-01
3.523813888430595287e-01
3.560669690370559803e-01
3.534478366374969593e-01
3.531450435519218334e-01
3.501595124602318032e-01
3.502371221780776755e-01
3.481006890535354725e-01
3.463078305125236733e-01
3.453658178448676952e-01
3.422551840543747170e-01
3.408678784966469033e-01
3.423944681882858387e-01
3.387220159173011669e-01
3.361724108457565530e-01
3.338040381669998280e-01
3.332778781652450673e-01
3.325762093067169411e-01
3.341056413948536030e-01
3.299781203269958607e-01
3.265325814485550149e-01
3.275819405913352744e-01
3.267917826771736256e-01
3.235674813389778359e-01
3.240857332944869773e-01
3.251655057072639354e-01
3.239372178912162670e-01
3.214694678783416859e-01
3.238880127668380959e-01
3.238494187593460305e-01
3.211522325873374939e-01
3.193289577960968240e-01
3.198331281542777793e-01
3.180912733078002930e-01
3.173858284950256126e-01
3.183643206954002158e-01
3.176406115293503030e-01
3.149541050195693859e-01
3.143071129918098561e-01
3.145667850971222146e-01
3.116102546453475841e-01
3.121788322925567738e-01
3.123495131731033325e-01
3.117254585027694480e-01
3.114722877740859763e-01
3.108308106660843118e-01
3.130118727684020885e-01
3.159569233655929454e-01
3.203569829463958629e-01
3.146445080637931824e-01
3.191403895616531372e-01
3.107738986611366383e-01
3.069416195154189841e-01
3.074346750974655262e-01
3.046404227614402660e-01
3.045716702938079945e-01
3.042273581027984397e-01
3.044679805636406056e-01
3.037251338362693676e-01
3.044387727975845226e-01
3.021599784493446128e-01
3.021232768893241660e-01
3.010730206966399924e-01
3.013945505023002402e-01
3.009366735816002003e-01
2.996273189783096313e-01
2.995350867509841697e-01
2.983642041683197133e-01
2.975960753858089558e-01
2.978488847613334767e-01
2.970557719469070213e-01
2.966665193438530190e-01
2.972566217184066661e-01
2.978274166584015115e-01
2.945380911231040844e-01
2.941862910985946766e-01
2.943601533770561218e-01
2.925886616110801586e-01
2.927876219153404125e-01
2.931292936205863731e-01
2.923918545246124157e-01
2.928929075598716847e-01
2.938825532793998829e-01
2.913842454552650341e-01
2.912487477064132912e-01
2.910429641604423412e-01
2.910990446805953868e-01
2.904668644070625416e-01
2.911868333816528542e-01
2.911142840981483237e-01
2.910101264715194702e-01
2.890640765428543202e-01
2.903160706162452587e-01
2.884791851043700950e-01
2.893098294734954834e-01
2.889456510543823020e-01
2.882469639182090870e-01
2.889987632632255443e-01
2.887587144970893971e-01
2.882697418332099693e-01
2.882846400141715892e-01
2.880416840314865001e-01
2.874802291393280251e-01
2.880159959197044484e-01
2.871480479836464039e-01
2.866547375917434803e-01
2.866117075085640176e-01
2.861854702234268299e-01
2.856947332620620728e-01
2.861894503235816734e-01
2.868153735995292442e-01
2.865136906504631154e-01
2.856118530035018921e-01
2.856658622622489929e-01
2.857254251837730297e-01
2.854875490069389565e-01
2.853357300162315258e-01
2.851338505744934193e-01
2.845427572727203258e-01
2.846200808882713429e-01
2.849687665700912365e-01
2.844209223985671997e-01
2.848512649536132924e-01
2.845748081803322060e-01
2.835578203201293834e-01
2.825655877590179665e-01
2.829351916909217945e-01
2.827451512217521445e-01
2.818707704544067272e-01
2.827613241970539093e-01
2.825506955385208019e-01
2.816215470433235391e-01
2.816952750086784141e-01
2.810657918453216553e-01
2.810397103428840526e-01
2.797758013010024913e-01
2.796315848827362061e-01
2.795078918337822182e-01
2.792791932821273582e-01
2.784015327692032082e-01
2.787180185317993386e-01
2.778401717543602101e-01
2.773014232516288757e-01
2.762880340218544228e-01
2.759858101606368908e-01
2.756688982248306496e-01
2.753504723310470359e-01
2.747035831212997214e-01
2.747278094291686901e-01
2.740904167294502258e-01
2.734871447086334451e-01
2.735245078802108765e-01
2.727884173393249623e-01
2.712481349706649669e-01
2.713289290666580089e-01
2.714504346251487843e-01
2.710131376981735341e-01
2.707364842295646445e-01
2.703553006052971108e-01
2.696503028273582458e-01
2.697669222950935253e-01
2.691812083125114663e-01
2.685115963220596202e-01
2.680611327290535195e-01
2.672569379210472107e-01
2.669777676463127025e-01
2.671675592660903709e-01
2.669579267501830944e-01
2.663882479071617015e-01
2.654452502727508434e-01
2.650311693549156078e-01
2.647888779640197865e-01
2.651595145463943592e-01
2.642713919281959312e-01
2.633090645074844249e-01
2.624975815415382385e-01
2.612357407808303944e-01
2.604968242347240337e-01
2.608012199401855691e-01
2.610689505934715160e-01
2.611998006701469199e-01
2.608562394976615684e-01
2.598754912614822388e-01
2.593213431537151337e-01
2.594445094466209523e-01
2.592577308416366688e-01
2.591133244335651620e-01
2.587559357285499351e-01
2.582202278077602164e-01
2.584532722830772400e-01
2.578708812594413535e-01
2.574578985571861489e-01
2.570600748062134011e-01
2.564570248126983865e-01
2.563275262713432534e-01
2.559932231903075950e-01
2.554885968565940857e-01
2.551243171095848306e-01
2.549611046910286172e-01
2.545066773891448975e-01
2.540211334824561962e-01
2.540557220578193443e-01
2.537965193390846474e-01
2.531620562076568604e-01
2.527946859598159679e-01
2.526151910424232483e-01
2.521688595414161571e-01
2.516526445746422036e-01
2.513855129480361827e-01
2.508458703756332175e-01
2.502775639295578003e-01
2.501059398055076599e-01
2.496752306818962042e-01
2.498193845152854864e-01
2.494760781526565441e-01
2.490995809435844477e-01
2.489406496286392101e-01
2.483453154563903809e-01
2.480911523103714045e-01
2.475228309631347656e-01
2.472132652997970637e-01
2.468379110097885243e-01
2.471280828118324335e-01
2.466196171939372961e-01
2.460376113653182928e-01
2.460861146450042669e-01
2.460105359554290716e-01
2.458917304873466381e-01
2.454647615551948658e-01
2.451102286577224731e-01
2.448685482144355718e-01
2.447216480970382801e-01
2.443801924586296026e-01
2.441926151514053345e-01
2.439661175012588501e-01
2.438272550702094976e-01
2.436087846755981556e-01
2.432754814624786266e-01
2.429751574993133656e-01
2.427932590246200673e-01
2.425726838409900665e-01
2.430996492505073658e-01
2.429758459329605103e-01
2.427180036902427673e-01
2.421611875295638927e-01
2.416614159941673223e-01
2.418397441506385803e-01
2.417524114251136669e-01
2.412754043936729542e-01
2.409681320190429632e-01
2.409246131777763311e-01
2.408613771200180109e-01
2.405387967824935969e-01
2.398251444101333618e-01
2.398342192173004150e-01
2.400836631655693110e-01
2.401670500636100825e-01
2.401825591921806224e-01
2.400759920477867071e-01
2.396049514412879888e-01
2.390311017632484325e-01
2.388422131538391058e-01
2.389971226453781183e-01
2.391696944832801819e-01
2.386671468615531866e-01
2.385302692651748713e-01
2.386812120676040649e-01
2.386915579438209645e-01
2.382572218775749207e-01
2.379060819745063837e-01
2.372806638479232899e-01
2.380124568939208929e-01
2.379034906625747681e-01
2.375387459993362482e-01
2.375409334897994884e-01
2.378630250692367609e-01
2.371279999613761791e-01
2.367898225784301758e-01
2.367520451545715443e-01
2.367484033107757624e-01
2.366874784231186024e-01
2.366159781813621521e-01
2.366058811545372065e-01
2.365760236978530773e-01
2.365473955869674683e-01
2.363660678267479054e-01
2.363258987665176336e-01
2.362739413976669423e-01
2.363413557410240229e-01
2.360650256276130565e-01
2.360544249415397755e-01
2.361379668116569408e-01
2.358978897333145197e-01
2.357897967100143488e-01
2.358289018273353466e-01
2.358407810330390986e-01
2.358301699161529652e-01
2.359068974852562006e-01
2.359689868986606653e-01
2.357187569141387939e-01
2.355920732021331843e-01
2.355308242142200581e-01
2.353919252753257640e-01
2.353446558117866516e-01
2.354076355695724487e-01
2.352552115917205811e-01
2.350994914770126454e-01
2.351713120937347357e-01
2.351596251130104176e-01
2.349828660488128551e-01
2.348552972078323253e-01
2.348560236394405254e-01
2.349704608321189769e-01
2.349106401205062755e-01
2.348119586706161610e-01
2.347472772002220098e-01
2.346231848001480158e-01
2.345727339386939891e-01
2.346501737833023016e-01
2.345011100172996465e-01
2.346595086157322041e-01
2.346461683511734120e-01
2.345191583037376515e-01
2.344178020954132136e-01
2.342438802123069652e-01
2.340835094451904352e-01
2.340154156088828930e-01
2.340004011988639776e-01
2.339540824294090160e-01
2.337646633386611938e-01
2.337420016527175792e-01
2.337775990366935674e-01
2.337723314762115423e-01
2.338747471570968572e-01
2.337985560297966003e-01
2.334102019667625427e-01
2.335209801793098339e-01
2.335431054234504700e-01
2.334162324666976818e-01
2.334043264389037975e-01
2.333329468965530396e-01
2.332409039139747564e-01
2.332787767052650341e-01
2.334444925189018138e-01
2.332773134112358093e-01
2.332316681742668263e-01
2.331026017665863148e-01
2.328239306807518005e-01
2.330724060535430964e-01
2.329569593071937617e-01
2.327367626130580902e-01
2.327294737100601141e-01
2.325646281242370605e-01
2.327323861420154683e-01
2.325878769159316906e-01
2.325537249445915333e-01
2.326778292655944935e-01
2.325739696621894892e-01
2.324515819549560491e-01
2.325217232108116039e-01
2.325398430228233226e-01
2.323484227061271556e-01
2.322796523571014349e-01
2.321160182356834523e-01
2.320698872208595276e-01
2.320440337061882019e-01
2.320392884314060322e-01
2.319870769977569469e-01
2.319284021854400579e-01
2.319109424948692377e-01
2.317388549447059742e-01
2.318056121468544117e-01
2.318671137094497625e-01
2.319756783545017242e-01
2.316982209682464655e-01
2.315622970461845287e-01
2.314953610301017650e-01
2.313980951905250660e-01
2.313806742429733165e-01
2.314274281263351551e-01
2.314337939023971558e-01
2.314066231250762884e-01
2.314202606678009144e-01
2.313638493418693487e-01
2.312721520662307795e-01
2.312970452010631450e-01
2.312435790896415766e-01
2.311934933066367992e-01
2.311908304691314697e-01
2.311606973409652821e-01
2.311292141675949097e-01
2.311010241508483776e-01
2.311097472906112615e-01
2.311463996767997853e-01
2.310762092471122797e-01
2.310401335358619745e-01
2.309887513518333324e-01
2.309767141938209589e-01
2.309884682297706493e-01
2.310976624488830511e-01
2.310839638113975636e-01
2.310095369815826361e-01
2.309811219573020824e-01
2.309361636638641302e-01
2.308449894189834595e-01
2.308670207858085632e-01
2.308488443493842968e-01
2.308535620570182911e-01
2.307901427149772755e-01
2.306753620505332947e-01
2.306382477283477894e-01
2.306946575641632136e-01
2.306771069765090887e-01
2.306064516305923462e-01
2.306440636515617315e-01
2.306867435574531666e-01
2.306196078658103998e-01
2.305821567773818914e-01
2.305643856525421143e-01
2.306042991578579060e-01
2.305430620908737183e-01
2.304675236344337352e-01
2.304995372891426031e-01
2.304914698004722484e-01
2.304000467061996515e-01
2.304722696542739757e-01
2.304396957159042247e-01
2.304469615221023671e-01
2.304415389895439203e-01
2.304089546203613170e-01
2.303550794720649608e-01
2.302671760320663397e-01
2.301311053335666768e-01
2.301984608173370250e-01
2.302462801337242237e-01
2.302011847496032715e-01
2.300819978117942810e-01
2.300387889146804921e-01
2.299917608499527089e-01
2.299819365143775940e-01
2.300599798560142573e-01
2.300648704171180670e-01
2.301238983869552668e-01
2.300893038511276356e-01
2.299679145216941833e-01
2.299572736024856623e-01
2.299051985144615062e-01
2.298642978072166498e-01
2.299094647169113159e-01
2.298591524362564031e-01
2.297404751181602589e-01
2.298014536499977112e-01
2.298119351267814692e-01
2.297899141907691900e-01
2.297538340091705433e-01
2.297451034188270624e-01
2.297625824809074457e-01
2.297490209341049305e-01
2.296879827976226751e-01
2.296329915523528942e-01
2.295635350048542134e-01
2.296319045126438141e-01
2.296157658100128063e-01
2.296005234122276417e-01
2.295218512415885814e-01
2.295089840888976940e-01
2.295115165412426050e-01
2.294108837842941395e-01
2.292728379368781932e-01
2.293890893459319957e-01
2.293671503663063105e-01
2.293001823127269745e-01
2.293264642357826233e-01
2.293195202946662903e-01
2.292702928185463007e-01
2.292136341333389227e-01
2.292282640933990534e-01
2.292357489466667064e-01
2.292395442724227961e-01
2.292264804244041332e-01
2.292421668767929133e-01
2.292282074689865057e-01
2.292343348264694325e-01
2.291626483201980591e-01
2.291233748197555598e-01
2.291336223483085577e-01
2.291279673576354925e-01
2.291094206273555645e-01
2.290663793683052063e-01
2.290699519217014313e-01
2.290745303034782410e-01
2.291201904416084179e-01
2.290731132030487116e-01
2.290654093027114924e-01
2.290554590523243006e-01
2.290326267480850275e-01
2.289775669574737604e-01
2.289619624614715465e-01
2.289646655321121160e-01
2.290191143751144354e-01
2.290097668766975514e-01
2.289917826652526911e-01
2.289483495056629236e-01
2.289426125586032923e-01
2.289214447140693609e-01
2.289134785532951355e-01
2.288962572813034169e-01
2.288933396339416504e-01
2.289012491703033558e-01
2.289195686578750499e-01
2.288765594363212641e-01
2.288578569889068715e-01
2.288409024477005005e-01
2.288046360015869030e-01
2.288014128804206904e-01
2.288759693503379933e-01
2.288404956459998973e-01
2.288025051355361827e-01
2.287583276629447937e-01
2.287678718566894531e-01
2.287495046854019221e-01
2.287614300847053417e-01
2.287834040820598547e-01
2.287425041198730413e-01
2.286948442459106334e-01
2.287329569458961542e-01
2.287283934652805384e-01
2.286936171352863256e-01
2.286714419722556957e-01
2.286523014307021984e-01
2.286166369915008656e-01
2.286650091409683228e-01
2.286590024828910883e-01
2.286284640431404114e-01
2.286317907273769379e-01
2.286090821027755848e-01
2.285759463906288091e-01
2.285794220864772741e-01
2.286359488964080922e-01
2.285484611988067571e-01
2.284973084926605336e-01
2.285239934921264593e-01
2.284861132502555847e-01
2.284996941685676630e-01
2.285330981016159002e-01
2.284983754158020075e-01
2.284430906176567189e-01
2.284822583198547474e-01
2.284421727061271556e-01
2.284287095069885143e-01
2.284246861934661754e-01
2.284129410982131958e-01
2.284773200750351008e-01
2.284394815564155523e-01
2.283762022852897644e-01
2.283705025911331177e-01
2.283710256218910162e-01
2.283558681607246454e-01
2.282982140779495350e-01
2.283117845654487610e-01
2.283271625638008118e-01
2.283165097236633245e-01
2.283229321241378729e-01
2.282804645597934778e-01
2.282250046730041615e-01
2.282598689198493958e-01
2.282249949872493799e-01
2.282008245587348882e-01
2.281983867287635803e-01
2.281865045428276007e-01
2.281677737832069341e-01
2.281424224376678578e-01
2.281575262546539362e-01
2.281649574637412969e-01
2.281327262520790045e-01
2.281046509742736816e-01
2.281131267547607533e-01
2.280884027481079046e-01
2.280504420399665777e-01
2.280583396553993170e-01
2.280569210648536738e-01
2.280416935682296753e-01
2.280629485845565851e-01
2.280594795942306463e-01
2.280614644289016835e-01
2.280752494931221064e-01
2.280598282814025879e-01
2.280619814991950989e-01
2.280265368521213476e-01
2.280310034751892034e-01
2.280168198049068451e-01
2.279892802238464300e-01
2.279957845807075445e-01
2.280212685465812794e-01
2.280211821198463440e-01
2.280102804303169306e-01
2.280075535178184565e-01
2.280111536383628845e-01
2.279922455549240057e-01
2.279588833451270946e-01
2.279370486736297663e-01
2.279411301016807667e-01
2.279255189001560267e-01
2.279215015470981709e-01
2.279473826289176996e-01
2.279383078217506464e-01
2.279279530048370361e-01
2.279146000742912348e-01
2.279072403907775879e-01
2.278970301151275746e-01
2.279203325510024969e-01
2.279304906725883595e-01
2.279462590813636780e-01
2.279278248548507746e-01
2.278973311185836792e-01
2.279051393270492554e-01
2.279077187180519048e-01
2.278805926442146190e-01
2.278657063841819652e-01
2.278701439499855042e-01
2.278779909014701788e-01
2.278625696897506603e-01
2.278475597500801142e-01
2.278367385268211254e-01
2.278335303068161066e-01
2.278334856033325251e-01
2.278208509087562561e-01
2.278292559087276570e-01
2.278313338756561279e-01
2.278213649988174438e-01
2.277945652604103088e-01
2.277636714279651642e-01
2.277534008026123047e-01
2.277912773191928808e-01
2.277728453278541620e-01
2.277597501873969976e-01
2.277576208114623912e-01
2.277594745159149114e-01
2.277507171034812983e-01
2.277401387691497803e-01
2.277360752224922291e-01
2.277283832430839483e-01
2.277156800031661932e-01
2.277119293808937128e-01
2.276916161179542430e-01
2.276953324675559942e-01
2.277050808072090260e-01
2.276948690414428711e-01
2.276887029409408458e-01
2.276624977588653509e-01
2.276868671178817749e-01
2.276905402541160583e-01
2.276901960372924860e-01
2.276772364974021801e-01
2.276669695973396190e-01
2.276695996522903331e-01
2.276428744196891674e-01
2.276211380958557129e-01
2.276175752282142695e-01
2.276016280055045971e-01
2.276254564523697010e-01
2.276352122426033020e-01
2.276217147707939037e-01
2.276281759142875782e-01
2.276138558983802906e-01
2.275947779417037964e-01
2.275873407721519526e-01
2.275789842009544317e-01
2.275669708847999628e-01
2.275588497519493159e-01
2.275378592312335968e-01
2.275302454829216114e-01
2.275172263383865301e-01
2.275301560759544484e-01
2.275478795170783886e-01
2.275421887636184803e-01
2.275204166769981273e-01
2.274987027049064636e-01
2.274913996458053644e-01
2.274887770414352473e-01
2.274889849126338903e-01
2.274892583489417919e-01
2.274869814515113886e-01
2.274784103035926708e-01
2.274749435484409443e-01
2.274697184562683161e-01
2.274683505296707098e-01
2.274691328406333868e-01
2.274682626128196605e-01
2.274624928832054138e-01
2.274656355381012018e-01
2.274599760770797674e-01
2.274634271860122570e-01
2.274721279740333502e-01
2.274522766470909174e-01
2.274319842457771246e-01
2.274406999349594116e-01
2.274405151605606024e-01
2.274398237466812023e-01
2.274221569299697820e-01
2.274156466126441845e-01
2.274235919117927607e-01
2.274300262331962474e-01
2.274208679795265142e-01
2.274117201566696056e-01
2.274074092507362421e-01
2.273990228772163336e-01
2.273975238204002380e-01
2.273998290300369152e-01
2.274074479937553406e-01
2.274168759584426769e-01
2.274099141359329224e-01
2.273978158831596319e-01
2.273874178528785817e-01
2.273817166686057933e-01
2.273750305175781250e-01
2.273925781249999944e-01
2.273828119039535411e-01
2.273711860179901123e-01
2.273740768432617188e-01
2.273687288165092413e-01
2.273754313588142451e-01
2.273639932274818531e-01
2.273511826992034857e-01
2.273504242300987133e-01
2.273489743471145685e-01
2.273540437221527044e-01
2.273417338728904724e-01
2.273351028561592102e-01
2.273324653506278992e-01
2.273307427763938959e-01
2.273272752761840709e-01
2.273283451795578003e-01
2.273282617330551203e-01
2.273372605443000904e-01
2.273378916084766443e-01
2.273304507136345021e-01
2.273237690329551752e-01
2.273142635822296143e-01
2.273058876395225580e-01
2.272951647639274708e-01
2.272978574037551880e-01
2.272923514246940613e-01
2.272955939173698370e-01
2.272852092981338390e-01
2.272786244750022999e-01
2.272768765687942505e-01
2.272711858153343145e-01
2.272619619965553228e-01
2.272691592574119512e-01
2.272762894630432073e-01
2.272758722305297796e-01
2.272737979888916071e-01
2.272802039980888478e-01
2.272735252976417486e-01
2.272564597427844946e-01
2.272464781999588013e-01
2.272500917315483093e-01
2.272508054971695002e-01
2.272480398416519276e-01
2.272462174296379089e-01
2.272421270608901978e-01
2.272294297814369257e-01
2.272312887012958582e-01
2.272133760154247395e-01
2.272157996892928966e-01
2.272232323884963989e-01
2.272297382354736273e-01
2.272234261035919189e-01
2.272221520543098450e-01
2.272025823593139537e-01
2.272025287151336614e-01
2.272102750837802776e-01
2.272134914994239918e-01
2.272091254591941945e-01
2.272035807371139415e-01
2.271795198321342468e-01
2.271737828850746155e-01
2.271711587905883845e-01
2.271705061197280828e-01
2.271749034523963817e-01
2.271719798445701599e-01
2.271703615784645136e-01
2.271637469530105591e-01
2.271578356623649708e-01
2.271631762385368236e-01
2.271694660186767689e-01
2.271690443158149719e-01
2.271597340703010448e-01
2.271569870412349645e-01
2.271613493561744634e-01
2.271612018346786388e-01
2.271563321352005060e-01
2.271579042077064570e-01
2.271520212292671148e-01
2.271524220705032349e-01
2.271468117833137512e-01
2.271378159523010365e-01
2.271336153149604853e-01
2.271339699625968822e-01
2.271352738142013439e-01
2.271365955471992548e-01
2.271425783634185847e-01
2.271405875682830922e-01
2.271374747157096918e-01
2.271364197134971563e-01
2.271382004022598211e-01
2.271333545446395930e-01
2.271287217736244202e-01
2.271230742335319519e-01
2.271202176809311024e-01
2.271208554506301824e-01
2.271213889122009333e-01
2.271169215440750067e-01
2.271153613924980219e-01
2.271130129694938771e-01
2.271121829748153631e-01
2.271170087158679851e-01
2.271127104759216309e-01
2.271157249808311573e-01
2.271142363548278864e-01
2.271120995283126831e-01
2.271098479628562983e-01
2.271065533161163441e-01
2.271012216806411743e-01
2.271014228463172913e-01
2.271036386489868053e-01
2.270930096507072504e-01
2.270911388099193517e-01
2.270892918109893854e-01
2.270911917090416010e-01
2.270875349640846252e-01
2.270874619483947698e-01
2.270896270871162470e-01
2.270843937993049511e-01
2.270843565464019664e-01
2.270854085683822743e-01
2.270817488431930431e-01
2.270790159702301136e-01
2.270731516182422638e-01
2.270673230290412847e-01
2.270730823278427069e-01
2.270714759826660267e-01
2.270682714879512787e-01
2.270675584673881586e-01
2.270652472972869984e-01
2.270627930760383550e-01
2.270636722445487921e-01
2.270557224750518743e-01
2.270577192306518499e-01
2.270533218979835510e-01
2.270542532205581665e-01
2.270504146814346369e-01
2.270458437502384241e-01
2.270502984523773138e-01
2.270519167184829601e-01
2.270511686801910400e-01
2.270504727959632985e-01
2.270431071519851685e-01
2.270440861582755931e-01
2.270503535866737477e-01
2.270512208342552185e-01
2.270445317029952947e-01
2.270377755165099987e-01
2.270308077335357611e-01
2.270266443490981945e-01
2.270252272486686651e-01
2.270288273692130931e-01
2.270265981554984991e-01
2.270281329751014654e-01
2.270213708281517140e-01
2.270165398716926519e-01
2.270124070346355438e-01
2.270163252949714550e-01
2.270087823271751404e-01
2.270065605640411432e-01
2.270064324140548817e-01
2.270082995295524542e-01
2.270076751708984264e-01
2.270106948912143652e-01
2.270083233714103588e-01
2.270042732357978876e-01
2.270042806863784846e-01
2.270029917359352167e-01
2.270010560750961304e-01
2.270020872354507335e-01
2.270024120807647705e-01
2.269997842609882410e-01
2.269986629486084040e-01
2.269981190562248285e-01
2.269975945353507885e-01
2.270000629127025549e-01
2.269998252391815241e-01
2.269960507750511114e-01
2.269946068525314220e-01
2.269933596253395081e-01
2.269959881901741083e-01
2.269976273179054316e-01
2.269945591688156128e-01
2.269901476800441631e-01
2.269896253943443354e-01
2.269882217049598583e-01
2.269873932003974859e-01
2.269838333129882701e-01
2.269845619797706548e-01
2.269840627908706610e-01
2.269801810383796636e-01
2.269808821380138453e-01
2.269790753722190912e-01
2.269785448908805958e-01
2.269777394831180573e-01
2.269761733710765894e-01
2.269754230976104847e-01
2.269745290279388539e-01
2.269746661186218262e-01
2.269747525453567616e-01
2.269744411110878046e-01
2.269722983241081182e-01
2.269745469093322754e-01
2.269765600562095587e-01
2.269748337566852570e-01
2.269704028964042719e-01
2.269701704382896534e-01
2.269690707325935364e-01
2.269701674580573980e-01
2.269683182239532471e-01
2.269664376974105946e-01
2.269635081291198619e-01
2.269658476114272960e-01
2.269654147326946314e-01
2.269621863961219788e-01
2.269598588347435109e-01
2.269615441560745295e-01
2.269611120223999079e-01
2.269607946276664678e-01
2.269621670246124157e-01
2.269621297717094310e-01
2.269557729363441412e-01
2.269538417458534241e-01
2.269527465105056763e-01
2.269558444619178827e-01
2.269576296210288890e-01
2.269580572843551691e-01
2.269553706049919073e-01
2.269575819373130798e-01
2.269542612135410364e-01
2.269484445452690236e-01
2.269466727972030695e-01
2.269449681043624878e-01
2.269467487931251526e-01
2.269462272524833679e-01
2.269456282258033863e-01
2.269439712166786138e-01
2.269456148147583063e-01
2.269428297877311707e-01
2.269406989216804504e-01
2.269405305385589489e-01
2.269408658146858104e-01
2.269391253590583857e-01
2.269397735595703181e-01
2.269397541880607549e-01
2.269398659467697088e-01
2.269369825720786993e-01
2.269368320703506470e-01
2.269355356693267822e-01
2.269326508045196589e-01
2.269336491823196467e-01
2.269323915243148804e-01
2.269320413470268250e-01
2.269267097115516552e-01
2.269288010895252339e-01
2.269300997257232555e-01
2.269257679581642151e-01
2.269219964742660578e-01
2.269248068332672119e-01
2.269275873899459783e-01
2.269262373447418213e-01
