1.020380145311355680e+00
1.104552799463272006e+00
1.118811392784118564e+00
1.007149827480316118e+00
9.615935206413268599e-01
9.530055820941925049e-01
9.511192381381988747e-01
9.600837647914886031e-01
1.032343822717666670e+00
1.154224216938018799e+00
1.068142503499984741e+00
9.453736960887908491e-01
9.131680846214293990e-01
9.786965489387512429e-01
8.875420451164245383e-01
8.972832858562469482e-01
9.131997287273406760e-01
9.047617495059967485e-01
9.164462268352508989e-01
8.961684942245483620e-01
8.950351238250732200e-01
9.416674971580505371e-01
9.555080354213714156e-01
1.014604425430297940e+00
9.005454063415527788e-01
9.220451891422272173e-01
9.821943402290344016e-01
9.020004630088805930e-01
8.715510904788971169e-01
8.937535881996154785e-01
8.864616274833678755e-01
8.630075693130493386e-01
9.074500083923340288e-01
8.680314540863036665e-01
8.820081055164337158e-01
9.059385299682617410e-01
9.717142164707184282e-01
9.024005889892577903e-01
8.685532927513122115e-01
8.666219651699066384e-01
8.685505151748657005e-01
9.539546310901642068e-01
8.499710679054259810e-01
8.513685107231140359e-01
8.998200237751007302e-01
9.020654380321502241e-01
8.411538243293762429e-01
8.634265840053558794e-01
9.277603566646576150e-01
8.970998585224151389e-01
8.260978221893310325e-01
9.073971807956695557e-01
9.751678586006164995e-01
8.686721742153167281e-01
8.410832285881042480e-01
8.550855636596679243e-01
8.508688986301422563e-01
8.265433609485626221e-01
8.949170470237731712e-01
8.999830782413482666e-01
8.444352567195891890e-01
8.121408402919769731e-01
8.263038039207458718e-01
8.142438292503356712e-01
7.982900798320770042e-01
8.164928376674651656e-01
8.129133820533752663e-01
8.119585275650024192e-01
8.132455825805664507e-01
9.114670932292938677e-01
9.438608348369598167e-01
9.618249595165252464e-01
1.016691875457763627e+00
1.043092209100723311e+00
8.620206713676452637e-01
9.104829967021942361e-01
8.619073510169983354e-01
8.104313910007476807e-01
7.866228163242340310e-01
7.761195182800293413e-01
7.742258965969085471e-01
8.024362087249755637e-01
8.587224960327148882e-01
8.399832129478455034e-01
7.950662076473236084e-01
8.153820574283600076e-01
7.852530777454376221e-01
8.053138554096221924e-01
7.723965108394622581e-01
7.599438965320587380e-01
7.483389437198638694e-01
7.463679134845733198e-01
7.469788551330566184e-01
7.441296458244324175e-01
7.423951447010039839e-01
7.679638326168060081e-01
8.880700588226317915e-01
7.873179852962494119e-01
7.596322238445282204e-01
7.573301255702972190e-01
7.459919154644012451e-01
7.378221094608307107e-01
7.553838372230530229e-01
7.587528228759765625e-01
7.944442272186279519e-01
8.241994738578796165e-01
7.467507839202880415e-01
7.319800496101379617e-01
7.333261072635650635e-01
7.380446910858153853e-01
7.334984242916107178e-01
7.408058881759643777e-01
7.655163526535033736e-01
8.110669553279876709e-01
7.624620437622070535e-01
7.650153934955596924e-01
7.289208710193634255e-01
7.214846968650817649e-01
7.214231491088867188e-01
7.270415544509887251e-01
7.495526134967803733e-01
7.411741912364959717e-01
7.407319426536560503e-01
7.620221674442291260e-01
7.555403292179108110e-01
7.421569883823394553e-01
7.368118405342102273e-01
7.528348207473755105e-01
7.374570906162262185e-01
7.261674761772155540e-01
7.158573865890502930e-01
7.159017682075500266e-01
7.207565665245055930e-01
7.148182928562164529e-01
7.088776826858520508e-01
7.145424604415893111e-01
7.095933735370636430e-01
7.072424590587615967e-01
7.100258529186248557e-01
7.079017937183380571e-01
7.049904823303222434e-01
7.044472575187683550e-01
7.133556842803955300e-01
7.253978013992309348e-01
7.051778793334960715e-01
7.127824544906615767e-01
7.398203313350677490e-01
7.070420742034911887e-01
7.011820018291473611e-01
7.118007838726043701e-01
7.158627569675445335e-01
7.101800322532654253e-01
7.058240771293640137e-01
6.996751427650451660e-01
7.026086747646331787e-01
7.264987707138061968e-01
7.131871223449707253e-01
7.411345005035400169e-01
7.084989249706268311e-01
7.195405542850494829e-01
7.153501749038696511e-01
7.111426770687103716e-01
7.191929340362548384e-01
7.571927070617675559e-01
7.827401459217071533e-01
7.084934771060943381e-01
7.130534887313842995e-01
7.021890997886657271e-01
7.402828395366668479e-01
7.575532078742981401e-01
7.652091145515441672e-01
7.174428582191467729e-01
7.082222938537597878e-01
7.199513733386992964e-01
7.438405334949493852e-01
7.417762100696563277e-01
7.053142488002777100e-01
7.067000448703766313e-01
6.998895764350890891e-01
6.953165531158447266e-01
6.856528997421265093e-01
6.867063403129577415e-01
6.853236615657806174e-01
6.881664454936980979e-01
6.972855210304260698e-01
6.908057630062103271e-01
6.940388381481170654e-01
6.995691359043121338e-01
7.051374614238739014e-01
7.010114073753357378e-01
6.805615067481994851e-01
6.807924568653106467e-01
6.863510966300964133e-01
6.809712827205658403e-01
6.785405814647674783e-01
7.021667182445525679e-01
7.126208722591400591e-01
7.513246655464171919e-01
6.867012977600097656e-01
6.766369342803955078e-01
6.745455861091613770e-01
6.790031552314758079e-01
6.770382642745971236e-01
6.793438971042633501e-01
6.858571469783782959e-01
6.782757461071013960e-01
6.763760089874267800e-01
6.740628898143767866e-01
6.733446300029755083e-01
6.707707822322845903e-01
6.707898437976836936e-01
6.719399929046631081e-01
6.764928638935089333e-01
6.827877283096313032e-01
6.869129717350006548e-01
6.739613771438598411e-01
6.722228586673736350e-01
6.708720803260803667e-01
6.674381077289581743e-01
6.674883782863616499e-01
6.708447456359862837e-01
6.848685741424560547e-01
6.719459772109985796e-01
6.705881655216217041e-01
6.673035860061645730e-01
6.705015242099762185e-01
6.683509051799774170e-01
6.641695857048034446e-01
6.673514902591705100e-01
6.658188760280608909e-01
6.653836250305176225e-01
6.641882061958312988e-01
6.673726856708526167e-01
6.658965229988098589e-01
6.662410259246825950e-01
6.749381482601165549e-01
6.881176829338073730e-01
6.679031074047088179e-01
6.663719773292541282e-01
6.660314083099365678e-01
6.777843177318573220e-01
6.718359172344208208e-01
6.787380695343017134e-01
6.634496331214905229e-01
6.630898118019104004e-01
6.720922052860259788e-01
6.814764320850372759e-01
6.617110729217529075e-01
6.616111814975738081e-01
6.663716197013854758e-01
6.668075621128082275e-01
6.607888340950012207e-01
6.639966726303100364e-01
6.611145794391631858e-01
6.699975490570068137e-01
6.584126353263854980e-01
6.560636937618256059e-01
6.549689352512360063e-01
6.546190202236175093e-01
6.573904037475586382e-01
6.608011186122894065e-01
6.641881644725800005e-01
6.555489480495453325e-01
6.576562345027923140e-01
6.599619686603546143e-01
6.650493502616882102e-01
6.905258297920227051e-01
6.683200657367706077e-01
6.725845038890838623e-01
6.866064012050628884e-01
6.789788246154785378e-01
6.581897437572479248e-01
6.583040773868560347e-01
6.526389598846435991e-01
6.514639675617217573e-01
6.544546067714691606e-01
6.556079804897307906e-01
6.508132755756378396e-01
6.506015181541442427e-01
6.515690207481383833e-01
6.530346691608428511e-01
6.615953445434570312e-01
6.648721337318420632e-01
6.517392516136168990e-01
6.580283939838409424e-01
6.664668321609497070e-01
6.546688497066497359e-01
6.494845092296600564e-01
6.497099280357361284e-01
6.520942509174346702e-01
6.570782184600829634e-01
6.544336855411529985e-01
6.576723277568816695e-01
6.559708893299103227e-01
6.608133852481842263e-01
6.756514787673950639e-01
6.600712835788726807e-01
6.612479209899901900e-01
6.719679355621337447e-01
6.590900599956512895e-01
6.508977770805358665e-01
6.479208290576934370e-01
6.474127888679503950e-01
6.473802208900452104e-01
6.485594689846039262e-01
6.478805303573608176e-01
6.504363358020782693e-01
6.487379312515259011e-01
6.498874485492706077e-01
6.484395384788512740e-01
6.517891168594360796e-01
6.526675164699554665e-01
6.478755831718444602e-01
6.480553150177001953e-01
6.481218636035919189e-01
6.533620536327362505e-01
6.472357511520385742e-01
6.478830695152282271e-01
6.467025041580199973e-01
6.460712611675262229e-01
6.462907671928406206e-01
6.458330214023589866e-01
6.477094948291778342e-01
6.458000242710113525e-01
6.466501235961914507e-01
6.483666062355041282e-01
6.509261548519134077e-01
6.457605063915252686e-01
6.451805293560027854e-01
6.474468588829040971e-01
6.490029752254485862e-01
6.475401639938354048e-01
6.452449679374694380e-01
6.451025545597076638e-01
6.458637535572051558e-01
6.451753795146941695e-01
6.467698454856872781e-01
6.458560407161713091e-01
6.448576390743255837e-01
6.448497653007507768e-01
6.455143034458160622e-01
6.458800494670867698e-01
6.452588677406311257e-01
6.448539316654204878e-01
6.451736390590667725e-01
6.452534139156341775e-01
6.446354746818542258e-01
6.451232552528380904e-01
6.455920338630676270e-01
6.444573223590850386e-01
6.446403861045837402e-01
6.446525633335113969e-01
6.458910644054413064e-01
6.445209026336670144e-01
6.453234136104584184e-01
6.445705175399780718e-01
6.491444110870361328e-01
6.471900165081023726e-01
6.527280926704406294e-01
6.501854896545410378e-01
6.495203018188476785e-01
6.448795020580291304e-01
6.441612839698791504e-01
6.436147034168243630e-01
6.433241307735443337e-01
6.439038276672363059e-01
6.470606267452240212e-01
6.540889501571655051e-01
6.526243627071380837e-01
6.527675628662109597e-01
6.470959484577178955e-01
6.436623454093932661e-01
6.432572782039642778e-01
6.428482174873352273e-01
6.452391326427460161e-01
6.436754047870636430e-01
6.427997052669525146e-01
6.437741994857788530e-01
6.426398098468780740e-01
6.444629490375518577e-01
6.445806384086608665e-01
6.449158668518066850e-01
6.447015166282653587e-01
6.489940524101257546e-01
6.464629828929900901e-01
6.436331808567047341e-01
6.422957718372345193e-01
6.442182540893555132e-01
6.465246260166168657e-01
6.447699308395385964e-01
6.471764147281646729e-01
6.493933200836181641e-01
6.499002158641815630e-01
6.528647005558013694e-01
6.449741780757903831e-01
6.474793255329132080e-01
6.421802639961242676e-01
6.421810507774352583e-01
6.420901179313659446e-01
6.417292535305023637e-01
6.467513024806976762e-01
6.418078124523163286e-01
6.423361063003539817e-01
6.420347213745116743e-01
6.411093831062316672e-01
6.420709669589996782e-01
6.416509211063384788e-01
6.420711755752563921e-01
6.414270639419555886e-01
6.416622757911681907e-01
6.419986605644225630e-01
6.420668542385101762e-01
6.425945460796356201e-01
6.426656365394591841e-01
6.431116104125976785e-01
6.411168873310089111e-01
6.410143613815307839e-01
6.413910090923309326e-01
6.410224616527557817e-01
6.412988901138305664e-01
6.408619344234466331e-01
6.407927274703979492e-01
6.411890506744384322e-01
6.408718049526214156e-01
6.408192217350006104e-01
6.411517500877380593e-01
6.410439848899841531e-01
6.409541547298431841e-01
6.407124221324920210e-01
6.406921684741974099e-01
6.408952593803405318e-01
6.406625390052795854e-01
6.405657708644867387e-01
6.410121440887450728e-01
6.406876623630524126e-01
6.409411609172821489e-01
6.405842542648315652e-01
6.405050814151763694e-01
6.405361771583557573e-01
6.405120849609374778e-01
6.403841495513915572e-01
6.404683172702789751e-01
6.404124081134796587e-01
6.405777275562286599e-01
6.402993559837341087e-01
6.403638899326324907e-01
6.402967870235443115e-01
6.409676134586334006e-01
6.418094813823700395e-01
6.406522214412688765e-01
6.403148353099823442e-01
6.401469409465789795e-01
6.407945752143859863e-01
6.413974046707153764e-01
6.405816555023193803e-01
6.402530670166015625e-01
6.409236669540405718e-01
6.409175992012023926e-01
6.399346590042114258e-01
6.398528277873992698e-01
6.406439900398254172e-01
6.402403235435485396e-01
6.409916162490845171e-01
6.405101120471954346e-01
6.412327408790587935e-01
6.402770578861236572e-01
6.407863557338714378e-01
6.412217378616332786e-01
6.410848975181580034e-01
6.412137210369109885e-01
6.398010313510894553e-01
6.401618421077728271e-01
6.396753907203673872e-01
6.397173464298248069e-01
6.395848989486694336e-01
6.400079667568207009e-01
6.396117508411407471e-01
6.395638525485992654e-01
6.401662707328796831e-01
6.401878356933593528e-01
6.394872725009917991e-01
6.399184226989745872e-01
6.399915277957916038e-01
6.420791029930115190e-01
6.410400569438934326e-01
6.429098546504974365e-01
6.408643245697021040e-01
6.392702937126160112e-01
6.396506071090698464e-01
6.403481423854827659e-01
6.419096887111663818e-01
6.396747767925262673e-01
6.409832477569580300e-01
6.399318873882293701e-01
6.392990410327911155e-01
6.411680281162261963e-01
6.419463694095611794e-01
6.429956674575805220e-01
6.398605108261108398e-01
6.393267214298248291e-01
6.389304459095000999e-01
6.389421701431274858e-01
6.389189779758452925e-01
6.389100611209869163e-01
6.390430092811584251e-01
6.387839078903198020e-01
6.388672113418578657e-01
6.388431549072265403e-01
6.390780568122863547e-01
6.387080311775207297e-01
6.387834072113036665e-01
6.391479671001434326e-01
6.387958705425262895e-01
6.386512219905853271e-01
6.392337143421172874e-01
6.387259066104888916e-01
6.387212991714477095e-01
6.389425873756409135e-01
6.386753678321838157e-01
6.387392878532409668e-01
6.386558294296265093e-01
6.386235356330871582e-01
6.387309610843658891e-01
6.388690590858459029e-01
6.386558055877685769e-01
6.387206315994262695e-01
6.386137664318084495e-01
6.385539054870605913e-01
6.386453092098236528e-01
6.385546863079071267e-01
6.385840773582458496e-01
6.385062754154204878e-01
6.385299205780029519e-01
6.386433780193329079e-01
6.385186135768889937e-01
6.384774684906006081e-01
6.386060118675231934e-01
6.384423136711120383e-01
6.384863495826721413e-01
6.385449111461639626e-01
6.384155094623565896e-01
6.384413719177246538e-01
6.384396731853485552e-01
6.383450925350189209e-01
6.385693430900574175e-01
6.384141743183135986e-01
6.382692158222198486e-01
6.384456276893615279e-01
6.383156061172485796e-01
6.383468866348266380e-01
6.383166790008545366e-01
6.384302377700805664e-01
6.383028805255890337e-01
6.381585896015167236e-01
6.385635137557983398e-01
6.382373034954070823e-01
6.384733915328979492e-01
6.380610048770904985e-01
6.383342206478118674e-01
6.386016190052032915e-01
6.381710588932036909e-01
6.383720159530639204e-01
6.384322285652160867e-01
6.380748927593231645e-01
6.381073772907257524e-01
6.381592810153960960e-01
6.381075322628021462e-01
6.381109356880187988e-01
6.379890382289886697e-01
6.386060416698455811e-01
6.389524757862090620e-01
6.386838078498839888e-01
6.382286489009857400e-01
6.379662394523620828e-01
6.381792366504669411e-01
6.381312668323516624e-01
6.379678905010223167e-01
6.380388975143432839e-01
6.381263554096221480e-01
6.381949603557586226e-01
6.379603326320648637e-01
6.383251011371612327e-01
6.377362608909606934e-01
6.379228353500365767e-01
6.378721833229065163e-01
6.383672475814818892e-01
6.377416312694549339e-01
6.378768503665923628e-01
6.378396332263946977e-01
6.378440618515014426e-01
6.378920495510100874e-01
6.381127834320068359e-01
6.378433048725128396e-01
6.378061413764953835e-01
6.378117561340331809e-01
6.376832485198974387e-01
6.378892719745635764e-01
6.377309083938598189e-01
6.380685627460479514e-01
6.376344501972198708e-01
6.376146495342254195e-01
6.378860771656036377e-01
6.377757549285888450e-01
6.377488851547241655e-01
6.377632737159728560e-01
6.376170098781586137e-01
6.376227974891662820e-01
6.375624299049377219e-01
6.377415597438812478e-01
6.379208207130432351e-01
6.376890718936920610e-01
6.378896892070770042e-01
6.377551019191741721e-01
6.377471804618835005e-01
6.378292143344879150e-01
6.374504029750823753e-01
6.375222146511078103e-01
6.374959051609039307e-01
6.376222372055053711e-01
6.374681234359741433e-01
6.375239014625548872e-01
6.375096082687378152e-01
6.374643266201018843e-01
6.374866962432861328e-01
6.374671638011932817e-01
6.374906241893768533e-01
6.375364720821380393e-01
6.375180482864379883e-01
6.374621093273162842e-01
6.374281287193298562e-01
6.374185740947723167e-01
6.374230742454528587e-01
6.374868869781493697e-01
6.374388217926025835e-01
6.375191807746887207e-01
6.373774051666259988e-01
6.373591303825378862e-01
6.373828768730163130e-01
6.373605847358703169e-01
6.373808562755585161e-01
6.373837351799011008e-01
6.374910831451415794e-01
6.373418927192687766e-01
6.373525202274322732e-01
6.374775767326354980e-01
6.373495280742644820e-01
6.373089075088500532e-01
6.374736189842223899e-01
6.374064087867736816e-01
6.373603343963623047e-01
6.373072147369385210e-01
6.373185515403747559e-01
6.372658491134643999e-01
6.372683465480803999e-01
6.373372495174407515e-01
6.372504234313964844e-01
6.372589707374572976e-01
6.373705744743347612e-01
6.375889003276824507e-01
6.373638987541199175e-01
6.374547719955444558e-01
6.372817456722259521e-01
6.372346580028533936e-01
6.372181892395019087e-01
6.372638106346130149e-01
6.372314572334289995e-01
6.372910559177398238e-01
6.372577607631683128e-01
6.372036516666412798e-01
6.371769785881042925e-01
6.371550142765045610e-01
6.371601045131682906e-01
6.371855139732360840e-01
6.371437311172485352e-01
6.371348679065704790e-01
6.371552228927612749e-01
6.371024847030639648e-01
6.371170759201050249e-01
6.371308803558349831e-01
6.372000992298125777e-01
6.372403740882873757e-01
6.371645808219910112e-01
6.372769773006439209e-01
6.370334804058075395e-01
6.371071755886077437e-01
6.370125889778137651e-01
6.371350944042205589e-01
6.371007204055786355e-01
6.370249986648559570e-01
6.370688498020171675e-01
6.370885193347930464e-01
6.369792997837067094e-01
6.370388746261597124e-01
6.369966447353363481e-01
6.370060801506042258e-01
6.370540380477904829e-01
6.369720935821533425e-01
6.370664000511169212e-01
6.369333207607269509e-01
6.370057046413422075e-01
6.369856059551238792e-01
6.370146870613098145e-01
6.369238018989562544e-01
6.369180381298065186e-01
6.369176089763641802e-01
6.369375050067901389e-01
6.369006812572479692e-01
6.369206905364990234e-01
6.369042456150054710e-01
6.369230687618255837e-01
6.368846297264099121e-01
6.369278788566589133e-01
6.368587255477905495e-01
6.369154870510100874e-01
6.369111239910125732e-01
6.368666708469390425e-01
6.368715941905975786e-01
6.368741273880005327e-01
6.368688642978668213e-01
6.369142651557921919e-01
6.369253754615783469e-01
6.368722915649414062e-01
6.368518948554993120e-01
6.368686556816101074e-01
6.368358492851257102e-01
6.368391811847686768e-01
6.368536174297332320e-01
6.368301868438720481e-01
6.368392586708069292e-01
6.368238687515258567e-01
6.368406236171721968e-01
6.368434369564056619e-01
6.368206441402435303e-01
6.368496954441070779e-01
6.368414580821990523e-01
6.368121087551117387e-01
6.367973685264587402e-01
6.368114709854125755e-01
6.368176698684692161e-01
6.368191659450530562e-01
6.368383526802062766e-01
6.367691874504088911e-01
6.368612289428711160e-01
6.368415176868438277e-01
6.367861092090606467e-01
6.367886185646056685e-01
6.367954075336456077e-01
6.367660105228424294e-01
6.367730677127838579e-01
6.367638409137725830e-01
6.368154585361480713e-01
6.368036925792693870e-01
6.367481589317321999e-01
6.367503464221954124e-01
6.367878198623657671e-01
6.367371439933776633e-01
6.367255628108978716e-01
6.367261111736297607e-01
6.367336988449097124e-01
6.367235839366912620e-01
6.367375075817107710e-01
6.367335617542266846e-01
6.367550611495971236e-01
6.367432713508606179e-01
6.367143571376800981e-01
6.367282271385192871e-01
6.366891562938690186e-01
6.367162644863129106e-01
6.367009401321410689e-01
6.366927385330199973e-01
6.367847859859466775e-01
6.366777181625365989e-01
6.367266297340392622e-01
6.366526246070861594e-01
6.366576731204987016e-01
6.366980314254760964e-01
6.366709709167480691e-01
6.366469740867615190e-01
6.366891324520110862e-01
6.366815268993377686e-01
6.366439282894134077e-01
6.366860687732696089e-01
6.366759955883025679e-01
6.365985393524169478e-01
6.366325318813323975e-01
6.366251468658447044e-01
6.366961896419525146e-01
6.366395115852355735e-01
6.366340398788452593e-01
6.367137193679809348e-01
6.366095304489135520e-01
6.366021752357482466e-01
6.366057991981506348e-01
6.366741001605987771e-01
6.366086423397063765e-01
6.366127192974090354e-01
6.366129994392395464e-01
6.365799546241760476e-01
6.365946650505065474e-01
6.366340041160583052e-01
6.365543603897094727e-01
6.365557551383972390e-01
6.365586519241333008e-01
6.365586400032043901e-01
6.365479171276092751e-01
6.365687131881714311e-01
6.365461170673369917e-01
6.365485310554503950e-01
6.365463972091675027e-01
6.365486443042754905e-01
6.365496993064880815e-01
6.365486204624175581e-01
6.365496575832366721e-01
6.365410149097442405e-01
6.365364372730255571e-01
6.365390062332153542e-01
6.365295112133025901e-01
6.365347862243652122e-01
6.365244626998901589e-01
6.365280628204346147e-01
6.365384101867676003e-01
6.365450203418732134e-01
6.365199208259582075e-01
6.365153729915619119e-01
6.365293920040130393e-01
6.365106284618378130e-01
6.365220308303832786e-01
6.365220844745635986e-01
6.365113198757171853e-01
6.365184128284454568e-01
6.365170657634735552e-01
6.365034997463225874e-01
6.365223407745361772e-01
6.365437567234039085e-01
6.365018665790558305e-01
6.364962458610534668e-01
6.364917516708373801e-01
6.364964902400970237e-01
6.364869534969329612e-01
6.365012586116790549e-01
6.364876091480254905e-01
6.364878714084625244e-01
6.364808380603790283e-01
6.364995300769805686e-01
6.364781796932220681e-01
6.364744305610656738e-01
6.365186512470245583e-01
6.365056931972503662e-01
6.364792406558990034e-01
6.364779293537139448e-01
6.364743709564208984e-01
6.364716231822967751e-01
6.364949047565460205e-01
6.364774048328399880e-01
6.364586293697357400e-01
6.364962220191955344e-01
6.364572286605835183e-01
6.364484786987304465e-01
6.364529371261596902e-01
6.364567518234253152e-01
6.364427804946899414e-01
6.364484190940856712e-01
6.364451766014098677e-01
6.364486634731292281e-01
6.364392518997192827e-01
6.364685297012329102e-01
6.365017890930175781e-01
6.364393055438994917e-01
6.364199519157409668e-01
6.364932417869567649e-01
6.364655673503876177e-01
6.364274144172668013e-01
6.364421546459197998e-01
6.364198923110961914e-01
6.364170074462890403e-01
6.364354431629181130e-01
6.364557564258574995e-01
6.364160776138305664e-01
6.364166796207427756e-01
6.364336431026458296e-01
6.364573538303375244e-01
6.364080786705017534e-01
6.364018976688384788e-01
6.364043951034545898e-01
6.363943457603454812e-01
6.363999187946319802e-01
6.363968253135681152e-01
6.364203333854675515e-01
6.364008009433745894e-01
6.364271640777587891e-01
6.364107668399811013e-01
6.363840639591217263e-01
6.363947689533233643e-01
6.363855719566344771e-01
6.364010334014892356e-01
6.363739609718322976e-01
6.363797545433044212e-01
6.363772392272949441e-01
6.363868117332458496e-01
6.364082098007202148e-01
6.363655745983123335e-01
6.363606274127959761e-01
6.363653779029846413e-01
6.363544523715972678e-01
6.363810300827026367e-01
6.363604247570038286e-01
6.363541245460510032e-01
6.363716483116149680e-01
6.363549053668975386e-01
6.363537907600402832e-01
6.363619208335876687e-01
6.363590538501739946e-01
6.363579869270324929e-01
6.363486588001251443e-01
6.363652527332306352e-01
6.363567173480987327e-01
6.363561034202576128e-01
6.363511443138122337e-01
6.363453328609466331e-01
6.363543152809143510e-01
6.363441288471222146e-01
6.363399446010589156e-01
6.363396704196929710e-01
6.363389849662780540e-01
6.363441050052642822e-01
6.363412737846374512e-01
6.363442122936249223e-01
6.363449871540070024e-01
6.363380670547484907e-01
6.363361775875091553e-01
6.363608658313750777e-01
6.363401114940643311e-01
6.363564133644104004e-01
6.363292276859283669e-01
6.363391220569610818e-01
6.363315284252166748e-01
6.363350510597228782e-01
6.363254249095916526e-01
6.363323330879211426e-01
6.363209843635558860e-01
6.363282918930053267e-01
6.363265812397003174e-01
6.363221883773804155e-01
6.363172590732574241e-01
6.363167285919189009e-01
6.363203883171081321e-01
6.363180339336395042e-01
6.363236606121063232e-01
6.363348484039306197e-01
6.363408327102660911e-01
6.363162517547606978e-01
6.363121211528778298e-01
6.363155543804168701e-01
6.363151669502258301e-01
6.363157510757446733e-01
6.363068878650665061e-01
6.363258183002471480e-01
6.363055884838104692e-01
6.363041162490844505e-01
6.363084435462951216e-01
6.363094031810760942e-01
6.363092303276062234e-01
6.363027393817901611e-01
6.363010227680205855e-01
6.363029241561889426e-01
6.363285481929779053e-01
6.362970709800720437e-01
6.363026738166809304e-01
6.362955927848815696e-01
6.363057851791381614e-01
6.363001465797424316e-01
6.363002836704254594e-01
6.362900078296661599e-01
6.362957060337066650e-01
6.362901985645293967e-01
6.362908005714416060e-01
6.362887680530547874e-01
6.362882018089294212e-01
6.362920284271240678e-01
6.362878680229187012e-01
6.363004386425018533e-01
6.363063275814055952e-01
6.362822592258453591e-01
6.362855434417724609e-01
6.362976133823394775e-01
6.363022744655608687e-01
6.362802326679229958e-01
6.362761735916138139e-01
6.362752676010131614e-01
6.362824797630309837e-01
6.362725913524627241e-01
6.362714648246765581e-01
6.362884223461151567e-01
6.362836718559264915e-01
6.362840175628662331e-01
6.362756490707397461e-01
6.362876892089843750e-01
6.362715244293213335e-01
6.362653255462646928e-01
6.362668812274933083e-01
