9.868492484092712402e-01
1.072790781656901116e+00
1.018077691396077400e+00
9.776047666867574426e-01
9.723534981409708289e-01
9.699883659680684778e-01
9.674459099769592285e-01
1.010028143723805671e+00
1.058668156464894539e+00
1.135717352231343513e+00
9.340228239695230750e-01
9.401974678039550781e-01
9.067797462145487097e-01
8.944243590037027625e-01
8.784530361493428918e-01
8.876834511756896973e-01
9.087960124015808105e-01
8.793547550837198523e-01
8.813018997510274621e-01
8.684731920560201379e-01
8.797374765078226355e-01
8.812522093454996375e-01
8.962815205256143836e-01
8.923018177350362512e-01
8.795173366864522668e-01
8.688375552495321008e-01
8.846813837687174109e-01
8.594384392102559778e-01
8.697068095207214355e-01
8.678461909294128418e-01
8.475778102874755859e-01
8.583966692288717004e-01
8.552967309951782227e-01
8.574181000391641883e-01
8.701262871424356726e-01
9.583609898885091516e-01
8.763921658198038367e-01
8.455115159352620813e-01
8.435311714808145789e-01
8.400667309761047363e-01
8.628166119257608679e-01
8.953969478607177734e-01
8.283136089642842981e-01
8.521413604418436316e-01
8.522996703783670691e-01
8.372597495714823035e-01
8.326099316279093054e-01
8.385168711344400672e-01
8.891907334327697754e-01
8.228384852409362793e-01
8.524723251660665246e-01
9.512730638186136511e-01
8.523809909820556641e-01
8.611496885617574426e-01
8.208614190419515344e-01
8.218283653259277344e-01
8.059643904368082312e-01
8.068990310033162805e-01
8.207434813181558875e-01
8.180313706398010254e-01
8.056530157725015906e-01
7.971445719401041297e-01
7.970415155092874793e-01
8.043299516042073938e-01
8.021941184997558594e-01
7.860811750094095496e-01
7.965418299039205285e-01
7.889056205749511719e-01
8.089024821917215613e-01
7.817959785461425781e-01
8.422238826751708984e-01
1.094529728094736809e+00
8.073608875274658203e-01
8.091333707173665735e-01
9.202550848325093957e-01
8.176924387613931922e-01
7.980425159136453894e-01
7.645329634348551062e-01
7.710945407549539832e-01
7.786168058713277551e-01
7.763067086537679407e-01
8.427801926930745813e-01
8.046695192654927942e-01
7.756624023119608191e-01
7.602148056030273438e-01
7.824494640032449988e-01
7.580655217170715332e-01
8.013059298197428015e-01
7.554079890251159668e-01
7.414264480272928504e-01
7.417435646057128906e-01
7.530728181203206750e-01
7.451156377792358398e-01
7.376950184504190711e-01
7.425099213918050500e-01
8.012005090713500977e-01
7.604787945747375488e-01
7.498480478922525672e-01
7.400780320167541504e-01
7.458375692367553711e-01
7.303586403528848914e-01
7.311067581176757812e-01
7.393506566683450965e-01
7.635716398557027551e-01
7.270533045132955285e-01
7.637806336085001258e-01
7.277659376462300989e-01
7.297073602676391602e-01
7.286291718482971191e-01
7.336464524269104004e-01
7.239677906036376953e-01
7.454801797866821289e-01
7.626090447107950476e-01
7.195413311322530481e-01
7.278306881586710242e-01
7.533667882283529016e-01
7.203873793284097937e-01
7.258416612943013879e-01
7.108193238576253625e-01
7.212372422218322754e-01
7.273998657862345008e-01
7.330981890360513953e-01
7.341943184534708289e-01
7.320375045140584680e-01
7.435790896415710449e-01
7.259938319524129602e-01
7.192758520444234582e-01
7.309067050615946082e-01
7.271270553270975379e-01
7.190836866696675989e-01
7.130375703175863000e-01
7.048875888188680383e-01
7.109404007593790320e-01
7.105056842168172571e-01
7.163387934366861609e-01
6.997752388318380090e-01
7.073949178059896203e-01
7.208086252212524414e-01
7.316702008247375488e-01
7.005183498064676550e-01
7.050890326499938965e-01
7.139152288436889648e-01
7.233820557594299316e-01
7.376269499460855750e-01
6.998847921689351770e-01
7.334569096565246582e-01
7.170831163724263879e-01
7.075788974761962891e-01
7.111421624819437293e-01
6.989315946896871301e-01
7.108431458473205566e-01
7.264291842778524133e-01
7.038688659667968750e-01
7.074579993883768347e-01
7.111732761065164832e-01
7.088928421338399621e-01
7.142565647761026648e-01
6.851571400960286828e-01
7.243540088335672644e-01
7.076010505358377722e-01
7.003391782442728308e-01
7.030782699584960938e-01
7.134506901105245325e-01
6.831135153770446777e-01
6.914529601732889441e-01
6.971579988797506067e-01
7.078656752904256555e-01
7.096829811731973914e-01
6.953731973965963098e-01
6.847804784774780273e-01
6.912700931231180457e-01
7.003847559293111535e-01
7.123114267985025672e-01
7.151206731796264648e-01
7.001730203628540039e-01
6.832051873207092285e-01
6.976006825764974328e-01
6.821900804837545129e-01
7.021243969599405554e-01
6.874745289484659461e-01
6.976787447929382324e-01
6.984941363334655762e-01
6.823094089825948450e-01
6.918913920720418664e-01
7.035239934921264648e-01
7.030469973882039758e-01
6.824048956235250207e-01
6.920225222905477258e-01
6.779204805692037317e-01
6.911282936731973914e-01
6.942051450411478308e-01
6.954215168952941895e-01
6.685832937558492395e-01
6.843812664349874231e-01
6.840225855509439734e-01
7.116625308990478516e-01
7.186717589696248742e-01
6.895857055981954309e-01
6.852468848228454590e-01
6.816304922103881836e-01
6.812727053960164758e-01
6.752968629201253625e-01
6.902455488840738562e-01
6.871256430943807336e-01
6.759066184361776086e-01
6.757558385531107215e-01
6.753385265668233606e-01
6.795487999916076660e-01
6.925368706385294226e-01
6.768944859504699707e-01
6.820433934529622766e-01
6.690137187639871863e-01
6.822121938069661828e-01
6.813629666964212683e-01
6.755259037017822266e-01
6.799936294555664062e-01
6.715883215268453332e-01
6.828617652257283899e-01
6.689369082450866699e-01
6.818037827809652063e-01
6.826582352320352820e-01
6.669200261433919641e-01
6.880654692649841309e-01
6.765330433845520020e-01
6.754645506540933875e-01
6.850694815317789343e-01
6.815078059832254675e-01
6.800205111503601074e-01
6.839186946551004675e-01
6.732690731684366492e-01
6.971955498059591028e-01
6.762128074963887903e-01
6.780950427055358887e-01
6.607729991277059289e-01
6.846482356389363977e-01
6.826556126276651648e-01
6.685269474983215332e-01
6.682967940966287879e-01
6.957178513209024695e-01
6.763088703155517578e-01
6.862784624099731445e-01
6.719202399253845215e-01
6.831924915313720703e-01
6.888984441757202148e-01
6.813374757766723633e-01
6.646962761878967285e-01
6.646479566891988489e-01
6.771322290102640418e-01
6.819280584653218957e-01
6.789611776669820520e-01
6.797899405161539343e-01
6.626199881235758093e-01
6.649883190790811804e-01
6.641423304875692102e-01
6.844432751337686804e-01
6.713967720667520789e-01
6.759720842043558386e-01
6.637237668037414551e-01
6.755711634953817102e-01
6.751902699470520020e-01
6.829545497894287109e-01
6.718147198359171179e-01
6.854556004206339148e-01
6.727948983510335657e-01
6.905643343925476074e-01
6.880687475204467773e-01
6.766925255457559851e-01
6.638221542040506629e-01
6.690607070922851562e-01
6.658112406730651855e-01
6.603655020395914343e-01
6.607197721799215051e-01
6.760103106498718262e-01
6.666361888249715539e-01
6.699090798695882532e-01
6.634115179379781457e-01
6.735355456670125696e-01
6.656197110811868933e-01
6.696449319521585730e-01
6.609667539596557617e-01
6.702129046122232703e-01
6.729675730069478723e-01
6.530188520749410364e-01
6.734461784362792969e-01
6.682724356651306152e-01
6.718547940254211426e-01
6.547606388727823523e-01
6.686691641807556152e-01
6.700344284375508996e-01
6.646387179692586633e-01
6.596817374229431152e-01
6.774510741233825684e-01
6.645507017771402625e-01
6.650725801785787317e-01
6.711903611818949011e-01
6.773222684860229492e-01
6.584309140841165808e-01
6.499392191569010047e-01
6.556407809257507324e-01
6.598325173060098914e-01
6.644684076309204102e-01
6.712345083554586145e-01
6.631059249242147180e-01
6.618418097496032715e-01
6.701156894365946082e-01
6.707556843757629395e-01
6.729058821996053430e-01
6.516156593958536414e-01
6.586534579594930383e-01
6.590901613235473633e-01
6.748555898666381836e-01
6.806877454121907922e-01
6.750808159510294226e-01
6.672547062238057825e-01
6.594149669011434289e-01
6.791511774063110352e-01
6.583664019902547571e-01
6.581423878669738770e-01
6.740638613700866699e-01
6.479373176892598840e-01
6.662337183952331543e-01
6.671579082806905481e-01
6.700241367022196082e-01
6.690817674001058313e-01
6.723916331926981238e-01
6.758806705474853516e-01
6.689731478691101074e-01
6.992126703262329102e-01
6.526640653610229492e-01
6.709923545519510535e-01
6.758624513943990442e-01
6.744484106699625281e-01
6.574452916781107215e-01
6.707290808359781531e-01
6.614301005999246863e-01
6.466055909792581824e-01
6.580617626508077356e-01
6.532801787058512000e-01
6.665845115979512903e-01
6.909091075261434289e-01
6.671329935391744348e-01
6.648009618123372766e-01
6.677208940188089636e-01
6.779021024703979492e-01
6.712532242139180871e-01
6.472666859626770020e-01
6.573164860407511023e-01
6.618822415669759485e-01
6.716515620549520227e-01
6.555474599202474328e-01
6.618560949961344031e-01
6.581536730130513879e-01
6.768105228741964075e-01
6.550560196240743371e-01
6.622457504272460938e-01
6.613993446032205847e-01
6.729815006256103516e-01
6.584868431091308594e-01
6.829474171002706262e-01
6.596989035606384277e-01
6.577368179957071570e-01
6.495168209075927734e-01
6.533390084902445105e-01
6.408002376556396484e-01
6.586793661117553711e-01
6.686730384826660156e-01
6.548661589622497559e-01
6.484328111012777063e-01
6.538704832394918176e-01
6.649478475252786902e-01
6.788804531097412109e-01
6.624958117802938196e-01
6.679876049359639856e-01
6.612717906634012488e-01
6.720702449480692175e-01
6.457412242889404297e-01
6.558038989702860144e-01
6.705537637074788782e-01
6.588121255238851282e-01
6.598350405693054199e-01
6.661848227183023718e-01
6.708849271138509485e-01
6.715290347735086707e-01
6.455260713895162317e-01
6.681674520174661902e-01
6.521824002265930176e-01
6.653060515721639367e-01
6.638542612393697473e-01
6.693569620450338098e-01
6.528940200805664062e-01
6.669577757517496375e-01
6.645054221153259277e-01
6.637939810752868652e-01
6.578082640965779992e-01
6.569638450940450403e-01
6.609785159428914758e-01
6.705564459164937707e-01
6.576313972473144531e-01
6.647540330886840820e-01
6.498000224431356164e-01
6.661575833956400183e-01
6.594948172569274902e-01
6.727347175280252722e-01
6.551220615704854700e-01
6.554051041603088379e-01
6.651948491732279090e-01
6.593569914499918250e-01
6.686539649963378906e-01
6.669951478640238074e-01
6.733721693356832239e-01
6.634283065795898438e-01
6.737704277038574219e-01
6.516944964726766321e-01
6.609593629837036133e-01
6.521848241488138465e-01
6.479482452074686316e-01
6.586360335350036621e-01
6.382652620474497107e-01
6.518239577611287805e-01
6.741610765457153320e-01
6.801746884981790808e-01
6.606407364209493371e-01
6.735164523124694824e-01
6.566274563471475867e-01
6.687816778818765906e-01
6.496153871218363074e-01
6.594626108805338172e-01
6.651772658030191687e-01
6.611551245053609582e-01
6.741851965586344031e-01
6.615110635757446289e-01
6.827252507209777832e-01
6.477719744046529504e-01
6.577918728192647668e-01
6.523747245470682410e-01
6.779282490412393836e-01
6.559031605720520020e-01
6.545560757319132117e-01
6.659165024757385254e-01
6.689328749974569055e-01
6.528454820315042761e-01
6.699019869168599817e-01
6.563750704129537317e-01
6.572936375935872766e-01
6.771611571311950684e-01
6.472774744033813477e-01
6.642256379127502441e-01
6.674810846646627160e-01
6.594274044036865234e-01
6.641986171404520300e-01
6.606966257095336914e-01
6.530076861381530762e-01
6.559959053993225098e-01
6.614857514699300500e-01
6.602672735850015906e-01
6.701175173123677942e-01
6.582484443982442590e-01
6.589932243029276160e-01
6.608977715174356726e-01
6.438997983932495117e-01
6.595318516095479700e-01
6.562919418017069129e-01
6.519500613212585449e-01
6.626990040143331262e-01
6.503126621246337891e-01
6.517344117164611816e-01
6.645644505818685266e-01
6.636130809783935547e-01
6.668700774510701867e-01
6.645033756891886023e-01
6.605203549067178992e-01
6.470507582028707239e-01
6.590795318285623816e-01
6.690951983133951453e-01
6.575542688369750977e-01
6.562787493069967004e-01
6.626031994819641113e-01
6.682732105255126953e-01
6.600073178609212610e-01
6.559395392735799524e-01
6.514268318812052039e-01
6.742940743764241907e-01
6.618941028912862512e-01
6.674282749493917200e-01
6.550520459810892371e-01
6.641963919003804895e-01
6.697092254956563684e-01
6.557341217994689941e-01
6.835841735204061242e-01
6.511184175809224817e-01
6.547242005666097375e-01
6.607635418574014929e-01
6.644314328829447058e-01
6.655696829160054895e-01
6.646836598714193078e-01
6.628421545028686523e-01
6.510910987854003906e-01
6.537042061487833289e-01
6.571596463521321985e-01
6.507558226585388184e-01
6.624086300532022742e-01
6.606177290280660364e-01
6.651594638824462891e-01
6.580260396003723145e-01
6.531622807184854773e-01
6.646776596705118445e-01
6.532345811525980261e-01
6.451879342397054407e-01
6.761858860651651648e-01
6.706390182177225379e-01
6.680048306783040735e-01
6.489693919817606238e-01
6.600007414817810059e-01
6.560912926991780969e-01
6.792544722557067871e-01
6.447072625160217285e-01
6.552209059397379187e-01
6.567110220591226843e-01
6.662095189094543457e-01
6.494562029838562012e-01
6.543383002281188965e-01
6.575555602709451941e-01
6.554237206776937219e-01
6.682994961738586426e-01
6.554250915845235559e-01
6.682042082150777551e-01
6.661942601203918457e-01
6.551633874575296668e-01
6.583100159962972375e-01
6.739164988199869422e-01
6.513895789782205847e-01
6.646200418472290039e-01
6.578356027603149414e-01
6.604712208112081262e-01
6.556354761123657227e-01
6.560211181640625000e-01
6.545595924059549597e-01
6.713352799415588379e-01
6.624672015508016321e-01
6.665148536364237097e-01
6.561809976895650598e-01
6.564804116884866980e-01
6.603062351544698450e-01
6.450355251630147668e-01
6.744056741396585730e-01
6.612082918485006067e-01
6.530630985895792273e-01
6.469890475273132324e-01
6.484949588775634766e-01
6.532331307729085657e-01
6.484116713205972937e-01
6.599659919738769531e-01
6.667641997337341309e-01
6.358692447344461707e-01
6.584808031717935828e-01
6.653617421785990027e-01
6.558627088864644739e-01
6.648614605267842981e-01
6.572332779566446570e-01
6.627114613850911828e-01
6.598803599675496789e-01
6.486447254816690711e-01
6.534663438796997070e-01
6.522813439369201660e-01
6.589987476666768762e-01
6.680854558944702148e-01
6.763045390446981164e-01
6.749885082244873047e-01
6.562009056409200403e-01
6.740608811378479004e-01
6.564402778943380090e-01
6.663460731506347656e-01
6.678768793741861609e-01
6.747208635012308386e-01
6.561311086018880578e-01
6.527964671452840539e-01
6.748681267102559778e-01
6.571007768313089636e-01
6.536525487899780273e-01
6.458157698313394812e-01
6.702480514844258996e-01
6.599833965301513672e-01
6.759430567423502234e-01
6.534786224365234375e-01
6.496887405713399621e-01
6.451813975969949988e-01
6.534357666969299316e-01
6.748252709706624719e-01
6.533092459042867395e-01
6.560827294985452918e-01
6.751492023468017578e-01
6.610560615857442590e-01
6.647095481554666785e-01
6.625943779945373535e-01
6.681638161341348914e-01
6.629035472869873047e-01
6.498062014579772949e-01
6.681260466575622559e-01
6.599624156951904297e-01
6.615181167920430871e-01
6.695372064908345910e-01
6.678117911020914343e-01
6.761420369148254395e-01
6.425353487332662317e-01
6.449869473775228235e-01
6.528235276540120813e-01
6.607887148857116699e-01
6.514532168706258508e-01
6.510103742281595496e-01
6.639742453893026086e-01
6.650630036989847449e-01
6.566796700159708289e-01
6.630729436874389648e-01
6.484818259874979285e-01
6.482530236244201660e-01
6.693530678749084473e-01
6.670412818590799597e-01
6.477530201276143762e-01
6.561708251635233191e-01
6.725405653317769739e-01
6.674261689186096191e-01
6.631895899772644043e-01
6.588364243507385254e-01
6.536627411842346191e-01
6.627846360206604004e-01
6.582095623016357422e-01
6.482399106025695801e-01
6.661474506060282019e-01
6.593755086263021203e-01
6.705650488535562781e-01
6.625286738077799109e-01
6.561786731084188196e-01
6.634945273399353027e-01
6.672733227411905554e-01
6.512452165285745886e-01
6.581596732139587402e-01
6.474737127621968957e-01
6.612584988276163367e-01
6.660137573877970008e-01
6.527224580446878699e-01
6.485198338826497766e-01
6.605786085128784180e-01
6.570662856101989746e-01
6.520957549413045617e-01
6.574132442474365234e-01
6.571157375971475867e-01
6.545364459355672571e-01
6.524744431177774695e-01
6.747177441914876672e-01
6.457306742668151855e-01
6.480545600255330774e-01
6.770189404487609863e-01
6.587304274241129187e-01
6.552942792574564246e-01
6.562563180923461914e-01
6.617001493771871301e-01
6.698735555013021203e-01
6.708087722460428504e-01
6.739753286043802527e-01
6.571651299794515344e-01
6.561288436253865930e-01
6.413429180781046179e-01
6.497474908828735352e-01
6.508433818817138672e-01
6.571725805600484582e-01
6.519918640454610559e-01
6.623436212539672852e-01
6.574343840281168250e-01
6.540712912877401086e-01
6.434768438339233398e-01
6.426652669906616211e-01
6.594670017560323450e-01
6.668085058530172082e-01
6.698292493820190430e-01
6.564882596333821985e-01
6.547961235046386719e-01
6.699948906898498535e-01
6.631153424580892297e-01
6.651777426401773718e-01
6.405525207519531250e-01
6.564311583836873742e-01
6.586483319600423547e-01
6.598818500836690637e-01
6.726823051770528528e-01
6.495629151662191125e-01
6.601193944613138465e-01
6.588885982831319543e-01
6.577186187108358117e-01
6.499540607134500769e-01
6.690337657928466797e-01
6.499842802683512000e-01
6.671508749326070520e-01
6.663377682367960242e-01
6.593128045399984094e-01
6.503157615661621094e-01
6.568471988042196008e-01
6.610038876533508301e-01
6.733894546826680871e-01
6.492172082265218469e-01
6.597289840380350379e-01
6.665687362353006629e-01
6.540491779645284387e-01
6.630924741427103308e-01
6.563407778739929199e-01
6.529517968495687219e-01
6.636606454849243164e-01
6.477580467859903601e-01
6.564757029215494422e-01
6.565905412038167688e-01
6.437689065933227539e-01
6.582558949788411828e-01
6.559570630391439172e-01
6.646555264790853235e-01
6.560652454694112512e-01
6.536602775255838660e-01
6.572870810826619836e-01
6.553832292556762695e-01
6.597937941551208496e-01
6.518493493398030969e-01
6.577812631924947473e-01
6.710846424102783203e-01
6.586670080820719031e-01
6.602689226468404504e-01
6.811054746309915808e-01
6.606474916140238074e-01
6.557158827781677246e-01
6.648011008898416785e-01
6.621974905331929895e-01
6.571867664655050012e-01
6.506575942039489746e-01
6.642639239629110071e-01
6.578351259231567383e-01
6.619590719540914270e-01
6.553955078125000000e-01
6.584571202596029016e-01
6.612749894460042688e-01
6.613400578498840332e-01
6.616645256678262976e-01
6.656262675921121863e-01
6.545831958452860144e-01
6.562554041544595984e-01
6.585258841514587402e-01
6.499960223833719519e-01
6.806955536206563684e-01
6.373923619588216516e-01
6.478134393692016602e-01
6.499442855517069129e-01
6.696395675341287879e-01
6.690428256988525391e-01
6.729281147321065637e-01
6.595479051272074011e-01
6.544560392697652551e-01
6.697096427281697961e-01
6.743834018707275391e-01
6.574301520983377722e-01
6.576521396636962891e-01
6.534061034520467492e-01
6.590575178464254114e-01
6.507077813148498535e-01
6.693898240725199011e-01
6.614771087964376184e-01
6.595523556073507043e-01
6.568600336710611609e-01
6.630371411641439172e-01
6.719566583633422852e-01
6.490540305773416785e-01
6.677724123001098633e-01
6.539222995440164832e-01
6.473136742909749719e-01
6.597232818603515625e-01
6.558385888735452918e-01
6.602136294047037390e-01
6.635716954867044715e-01
6.547590295473734168e-01
6.561237573623657227e-01
6.643261512120565149e-01
6.462628444035848352e-01
6.606655915578206750e-01
6.567084789276123047e-01
6.589190363883972168e-01
6.665314237276712683e-01
6.601612567901611328e-01
6.637824376424154016e-01
6.696392099062601355e-01
6.718800067901611328e-01
6.542446215947469446e-01
6.555468638737996789e-01
6.623228192329406738e-01
6.599141558011373254e-01
6.610102653503417969e-01
6.615605751673380164e-01
6.481799284617105750e-01
6.593219041824340820e-01
6.593911051750183105e-01
6.499647100766500207e-01
6.631657282511392859e-01
6.488386591275533410e-01
6.465615232785543176e-01
6.593151489893595008e-01
6.591156125068664551e-01
6.607057253519693640e-01
6.712277928988138465e-01
6.693241993586221961e-01
6.536786953608194617e-01
6.567693551381429407e-01
6.660084525744119910e-01
6.579546729723612097e-01
6.553474466005960730e-01
6.570388277371724817e-01
6.679495175679525110e-01
6.671771407127380371e-01
6.675542195638021203e-01
6.675188541412353516e-01
6.545145710309346887e-01
6.527192393938699988e-01
6.716471314430236816e-01
6.750081976254781457e-01
6.691525379816690711e-01
6.590710083643595008e-01
6.620502670605977746e-01
6.603321631749471399e-01
6.479798555374145508e-01
6.419978340466817590e-01
6.649762590726217004e-01
6.527482072512308386e-01
6.594172914822896692e-01
6.581813891728719446e-01
6.671925584475199011e-01
6.586171388626098633e-01
6.622612675031026575e-01
6.668017705281575891e-01
6.623950203259786340e-01
6.688230037689208984e-01
6.303856074810028076e-01
6.567923625310262414e-01
6.499124765396118164e-01
6.586424311002095910e-01
6.538026730219522742e-01
6.548673907915750769e-01
6.631549795468648645e-01
6.491270065307617188e-01
6.427783767382303504e-01
6.444614728291829797e-01
6.489199399948120117e-01
6.502154072125753137e-01
6.552578210830688477e-01
6.416835983594258996e-01
6.620953480402628211e-01
6.565605004628499719e-01
6.642022530237833289e-01
6.681770682334899902e-01
6.678510506947835657e-01
6.662335594495137903e-01
6.524400512377420691e-01
6.725734074910482141e-01
6.678072810173034668e-01
6.648509303728739050e-01
6.645363767941793176e-01
6.606082320213317871e-01
6.523355046908060340e-01
6.753583351771036414e-01
6.425710121790567664e-01
6.620467106501261023e-01
6.407277584075927734e-01
6.584509809811910364e-01
6.379604339599609375e-01
6.607683300971984863e-01
6.581738193829854700e-01
6.472714145978292200e-01
6.604768236478170129e-01
6.701426506042480469e-01
6.517746845881143836e-01
6.508829196294149133e-01
6.636423269907633093e-01
6.693421999613443640e-01
6.556910077730814246e-01
6.676390568415323523e-01
6.579625407854715613e-01
6.658563415209451941e-01
6.713579893112182617e-01
6.593841512997945520e-01
6.558414896329244348e-01
6.594093044598897668e-01
6.639989217122396203e-01
6.589250365893045691e-01
6.695106426874796179e-01
6.545357108116149902e-01
6.580861012140909461e-01
6.688976486523946496e-01
6.613456209500631067e-01
6.511738697687784461e-01
6.551587581634521484e-01
6.628142396608988074e-01
6.633686621983846399e-01
6.689103245735168457e-01
6.593667467435201379e-01
6.551461815834045410e-01
6.761822104454040527e-01
6.693752010663350793e-01
6.644345124562581750e-01
6.551276048024495813e-01
6.777099569638570520e-01
6.650867462158203125e-01
6.659044424692789343e-01
6.542954643567403528e-01
6.579192876815795898e-01
6.675510207811991004e-01
6.476334929466247559e-01
6.495833992958068848e-01
6.570349733034769324e-01
6.568855643272399902e-01
6.657240986824035645e-01
6.580821474393209192e-01
6.468741695086160925e-01
6.514564156532287598e-01
6.544932126998901367e-01
6.519905328750610352e-01
6.736616492271423340e-01
6.576094031333923340e-01
6.591648856798807410e-01
6.548475424448648718e-01
6.553900837898254395e-01
6.709918181101480750e-01
6.516018907229105261e-01
6.685101787249246863e-01
6.387909452120462683e-01
6.661259333292642859e-01
6.555965145428975793e-01
6.698150634765625000e-01
6.540091435114542273e-01
6.598097085952758789e-01
6.664976080258687707e-01
6.412240862846374512e-01
6.621041496594747278e-01
6.541079481442769739e-01
6.577779253323873254e-01
6.435608665148416785e-01
6.446895798047383996e-01
6.595829129219055176e-01
6.615915695826212195e-01
6.551198959350585938e-01
6.576708157857259485e-01
6.540136138598123816e-01
6.541676719983419153e-01
6.550173362096151086e-01
6.505574186642965051e-01
6.481975317001342773e-01
6.467130184173583984e-01
6.620350281397501258e-01
6.615461905797322961e-01
6.629473765691121789e-01
6.479083498318990442e-01
6.595046520233154297e-01
6.602495114008585242e-01
6.541523536046346399e-01
6.620381474494934082e-01
6.513107021649678918e-01
6.554035147031148645e-01
6.739988128344217566e-01
6.583221356074014929e-01
6.574287414550781250e-01
6.557445327440897254e-01
6.628517111142476770e-01
6.527506709098815918e-01
6.478079557418823242e-01
6.520996093750000000e-01
6.686860124270120886e-01
6.555340687433878211e-01
6.560254096984863281e-01
6.564480264981588098e-01
6.651723782221475867e-01
6.632303794225057336e-01
6.522698998451232910e-01
6.597985227902730676e-01
6.640146772066751746e-01
6.603221893310546875e-01
6.484427650769551965e-01
6.495416959126790735e-01
6.648207306861877441e-01
6.578286488850911828e-01
6.583946148554483679e-01
6.515860954920450476e-01
6.499703327814737586e-01
6.556151906649271277e-01
6.491399804751077918e-01
6.561475992202758789e-01
6.618886192639669153e-01
6.566677093505859375e-01
6.600882808367410925e-01
6.533291141192117957e-01
6.743638118108113977e-01
6.514422893524169922e-01
6.567789713541666297e-01
6.496795018513997766e-01
6.609642108281453821e-01
6.532981594403585168e-01
6.576400200525919226e-01
6.467452049255371094e-01
6.558429996172586707e-01
6.483125885327657434e-01
