3.361219714085261212e-01
3.727423648039500104e-01
3.652483522891998291e-01
3.857562144597371234e-01
3.664302527904510498e-01
3.679608404636383057e-01
3.612120946248372211e-01
3.459134896596272601e-01
3.613757689793904437e-01
3.567030231157938824e-01
3.082815955082575665e-01
3.100882768630981445e-01
3.295990079641342163e-01
2.917767266432444440e-01
2.799033423264821185e-01
3.044031510750452862e-01
2.900117635726928711e-01
2.784489144881566181e-01
2.976444909969965802e-01
3.035895129044850482e-01
3.082593133052189960e-01
2.906889816125233783e-01
2.916083137194315777e-01
2.969003915786743164e-01
3.179068317015965595e-01
3.097978184620539532e-01
2.922638058662414551e-01
2.595341205596923828e-01
2.785745660463969098e-01
2.943129142125447406e-01
2.780954837799072266e-01
3.137458612521489276e-01
3.139538715283076153e-01
2.692179133494694843e-01
2.803847293059031354e-01
2.792805333932240619e-01
3.001268953084945679e-01
2.732438345750172748e-01
2.816664079825083600e-01
2.888472179571787701e-01
2.946072121461232318e-01
2.883878052234649658e-01
2.542388836542765485e-01
3.066787223021189557e-01
2.969290862480799542e-01
2.822949637969334735e-01
2.947626461585362567e-01
2.600965648889541626e-01
2.645492305358250751e-01
3.064450720945994244e-01
2.789965768655141010e-01
2.740561316410700665e-01
2.572339177131652832e-01
2.878752946853637695e-01
2.677159259716669903e-01
2.839458286762237549e-01
2.798245151837666644e-01
2.548680156469345093e-01
2.702671935160954608e-01
2.733770509560902728e-01
2.723304231961568012e-01
2.794906596342722760e-01
2.772676696379979266e-01
2.905544886986414777e-01
2.615650445222854614e-01
2.645229448874791278e-01
2.841057777404785156e-01
2.912304252386093140e-01
2.877174764871597290e-01
2.681721995274226056e-01
2.955930481354395734e-01
2.844202419122059955e-01
2.611345897118250714e-01
2.668845256169636859e-01
2.648006677627563477e-01
2.654522111018498554e-01
2.703474114338557110e-01
2.419041941563288278e-01
2.817135105530421124e-01
2.530689040819804059e-01
2.696582078933715820e-01
2.727506359418233051e-01
2.493924548228581839e-01
2.586397429307301654e-01
2.588978111743927002e-01
2.714212586482365741e-01
2.478538453578948975e-01
2.563422520955403461e-01
2.622605562210083008e-01
2.442995955546697073e-01
2.528089433908462524e-01
2.742918183406193866e-01
2.712812026341756000e-01
2.523445834716160907e-01
2.556124379237492694e-01
2.814276665449142456e-01
2.740944375594456806e-01
2.721680005391438617e-01
2.612618803977966309e-01
2.882445206244786395e-01
2.469022075335184641e-01
2.492717802524566650e-01
2.472148487965265817e-01
2.726036310195922852e-01
2.483593175808588571e-01
2.632614225149154663e-01
2.616691142320632935e-01
2.710476517677307129e-01
2.379356001814206534e-01
2.708275467157363892e-01
2.433760762214660645e-01
2.632642686367034912e-01
2.566461786627769470e-01
2.464370777209599905e-01
2.690648535887400494e-01
2.624695201714833392e-01
2.491280287504196167e-01
2.834918399651845111e-01
2.418581992387771606e-01
2.455584456523259573e-01
2.896009981632232666e-01
2.714819510777791156e-01
2.821492205063502179e-01
2.487237552801767893e-01
2.719996720552444458e-01
2.726837197939555035e-01
2.617315053939819336e-01
2.644633750120798932e-01
2.677286763985951556e-01
2.703235497077305927e-01
2.414171795050303049e-01
2.538292109966278076e-01
2.541150798400242938e-01
2.619820088148117065e-01
2.623713910579681396e-01
2.400158594051996774e-01
2.459709544976552420e-01
2.701585690180460797e-01
2.978958139816920148e-01
2.400091985861460275e-01
2.632195899883906232e-01
2.478985885779062814e-01
2.665982991456985474e-01
3.111561189095179425e-01
2.402997265259424753e-01
2.473429987827936716e-01
2.815585384766260968e-01
2.639070500930150165e-01
2.559164911508560181e-01
2.404261777798334665e-01
2.794554581244786395e-01
2.920583834250767841e-01
2.573713809251785278e-01
2.651897122462590350e-01
2.385897884766260690e-01
2.795827388763427734e-01
2.421171863873799734e-01
2.314836035172144479e-01
2.447674671808878488e-01
2.626894464095433368e-01
2.306489994128545218e-01
2.355867574612299509e-01
2.366878241300582886e-01
2.325028131405512399e-01
2.517560273408889771e-01
2.596206516027450562e-01
2.589287112156550275e-01
2.812193483114242554e-01
2.549976557493209839e-01
2.324182639519373483e-01
2.382385432720184326e-01
2.612082660198211670e-01
2.519702166318893433e-01
2.453287094831466675e-01
2.577661226193110333e-01
2.360673497120539255e-01
2.393094350894292288e-01
2.304803977409998483e-01
2.597558448712031232e-01
2.372433592875798636e-01
2.587695668141047345e-01
2.628479003906250000e-01
2.376637607812881470e-01
2.390461017688115530e-01
2.677249858776728497e-01
2.636881719032923566e-01
2.518035272757212506e-01
2.515204548835754395e-01
2.235718766848246164e-01
2.402503093083699637e-01
2.440621654192606516e-01
2.575130561987559186e-01
2.245692188541094370e-01
2.416928609212239676e-01
2.334962934255599976e-01
2.575114667415618896e-01
2.594813654820124493e-01
2.403113494316736765e-01
2.357587814331054688e-01
2.449878007173538208e-01
2.369248370329538889e-01
2.309699952602386475e-01
2.440022031466166086e-01
2.392406562964121408e-01
2.341441462437311716e-01
2.326466192801793509e-01
2.337735742330551147e-01
2.350488106409708566e-01
2.465403825044631958e-01
2.363825639088948660e-01
2.381880233685175485e-01
2.344202299912770682e-01
2.310153692960739136e-01
2.504266003767649518e-01
2.480259488026300974e-01
2.390912324190139771e-01
2.301279306411743164e-01
2.544734726349512921e-01
2.314991305271784372e-01
2.379930367072423392e-01
2.544876486063003540e-01
2.250714749097824097e-01
2.750351677338282452e-01
2.331271568934122629e-01
2.356852392355600900e-01
2.567860533793767108e-01
2.403462926546732492e-01
2.385437637567520142e-01
2.553088913361231671e-01
2.320843487977981567e-01
2.807528277238209857e-01
2.481060971816380911e-01
2.355263382196426392e-01
2.392454743385314941e-01
2.499154855807622366e-01
2.408526986837387085e-01
2.334785958131154471e-01
2.459762642780939645e-01
2.785442695021629333e-01
2.345234404007593698e-01
2.669975161552429199e-01
2.355664124091466360e-01
2.538591474294662476e-01
2.777712345123291016e-01
2.516196419795354022e-01
2.312725931406021118e-01
2.250706702470779419e-01
2.354539583126703806e-01
2.549189676841099872e-01
2.382606019576390677e-01
2.544409434000651227e-01
2.237740233540534973e-01
2.295757085084915161e-01
2.310205996036529541e-01
2.692374587059020996e-01
2.505363374948501587e-01
2.365175684293111258e-01
2.283607770999272757e-01
2.392437309026718140e-01
2.332772215207417899e-01
2.747600525617599487e-01
2.541164606809616089e-01
2.571708559989929199e-01
2.324706564346949167e-01
2.384466280539830618e-01
2.757804642120997296e-01
2.335865298906961984e-01
2.332777132590611868e-01
2.322189460198084421e-01
2.477892438570658273e-01
2.304844905932744437e-01
2.261186142762502127e-01
2.469561745723088675e-01
2.318674574295679636e-01
2.338675806919733591e-01
2.289860745271047049e-01
2.331278473138809204e-01
2.320672820011774606e-01
2.684715390205383301e-01
2.251234600941340036e-01
2.530437211195628033e-01
2.449263036251068115e-01
2.212033172448476248e-01
2.473699053128560477e-01
2.339076300462087088e-01
2.542451520760853900e-01
2.206917876998583383e-01
2.349728395541509085e-01
2.487883965174357004e-01
2.412909468015035086e-01
2.420533100763956613e-01
2.348225911458333426e-01
2.452948242425918579e-01
2.444994797309239798e-01
2.493642965952555246e-01
2.397872110207875662e-01
2.266245285669962473e-01
2.217518538236618042e-01
2.227332691351572580e-01
2.330535501241683960e-01
2.452983160813649588e-01
2.540188978115717755e-01
2.302566071351369315e-01
2.299367537101109915e-01
2.523827105760574341e-01
2.398027082284291678e-01
2.718163281679153442e-01
2.211942374706268311e-01
2.278106560309728079e-01
2.318546772003173828e-01
2.359335919221242361e-01
2.883271624644597186e-01
2.555025170246760235e-01
2.372092902660369873e-01
2.260457475980122977e-01
2.744652877251307355e-01
2.285232295592626028e-01
2.436271607875823975e-01
2.556858013073603497e-01
2.176831811666488647e-01
2.500626047452290668e-01
2.685423841079075946e-01
2.502498974402745380e-01
2.533381730318069458e-01
2.548458675543467389e-01
2.651762763659159527e-01
2.544565548499425067e-01
3.019225945075352802e-01
2.265867789586385184e-01
2.675985395908355713e-01
2.405829677979151315e-01
2.683494488398234235e-01
2.268364280462265015e-01
2.516407469908396588e-01
2.293615589539209909e-01
2.223947942256927490e-01
2.269983589649200439e-01
2.214806030193964548e-01
2.462104757626851492e-01
2.838971068461735858e-01
2.491364181041717529e-01
2.291847020387649536e-01
2.487469315528869629e-01
2.568351626396179199e-01
2.532157351573308124e-01
2.179083401958147592e-01
2.434244106213251657e-01
2.282625486453374319e-01
2.684713800748189105e-01
2.425001015265782767e-01
2.424037506182988577e-01
2.328958660364151001e-01
2.561936229467391968e-01
2.243762860695520944e-01
2.454766084750493460e-01
2.463660587867101126e-01
2.559604197740554810e-01
2.453313618898391724e-01
2.756683776775996075e-01
2.307473272085189819e-01
2.394991169373194284e-01
2.206998219092687064e-01
2.226388653119405203e-01
2.127333084742228098e-01
2.415556063254674368e-01
2.361158678929010934e-01
2.277911901473999023e-01
2.235882828632990427e-01
2.221183031797409058e-01
2.457180271546045847e-01
2.576180448134740009e-01
2.471912006537119455e-01
2.375793457031250000e-01
2.322537600994110107e-01
2.524911761283874512e-01
2.219511518875757761e-01
2.242874006430307932e-01
2.500843554735183716e-01
2.260031600793202811e-01
2.238907714684804373e-01
2.477221389611562186e-01
2.659515788157780780e-01
2.536448786656061993e-01
2.215485473473866873e-01
2.380183090766271048e-01
2.414278735717137747e-01
2.350343863169352121e-01
2.327283273140589304e-01
2.512656152248382568e-01
2.218117266893386841e-01
2.352343151966730661e-01
2.324704527854919434e-01
2.304070840279261179e-01
2.277114043633143015e-01
2.249379108349482126e-01
2.312773913145065308e-01
2.712024251619974957e-01
2.282026112079620361e-01
2.482106238603591919e-01
2.248145689566930228e-01
2.497900227705637521e-01
2.450966636339823312e-01
2.525311509768168317e-01
2.289349983135859079e-01
2.256030191977818899e-01
2.432657976945241385e-01
2.286173999309539795e-01
2.501560300588607788e-01
2.524421413739522113e-01
2.712271511554718018e-01
2.463440696398417062e-01
2.674743483463923321e-01
2.222723762194315500e-01
2.418544441461563110e-01
2.241177856922149658e-01
2.201982016364733286e-01
2.294806192318598337e-01
2.125349119305610657e-01
2.250989725192387991e-01
2.577205747365951538e-01
2.586435427268345966e-01
2.293367932240168161e-01
2.558916807174682617e-01
2.247274567683537894e-01
2.511837234099705829e-01
2.230506440003713065e-01
2.300615310668945312e-01
2.519038816293080463e-01
2.304763396581014090e-01
2.684083481629689349e-01
2.455999304850896292e-01
2.739457488059997559e-01
2.222244193156560355e-01
2.418391704559326172e-01
2.284135172764460153e-01
2.749334424734115601e-01
2.410726795593897409e-01
2.437513719002405710e-01
2.506525963544845581e-01
2.522337635358174457e-01
2.243464092413584299e-01
2.569420784711837769e-01
2.300244371096293039e-01
2.445892741282781058e-01
2.594965174794197083e-01
2.190193111697832651e-01
2.500490993261337280e-01
2.308995823065439768e-01
2.323439170916875296e-01
2.372270127137502127e-01
2.467697511116663522e-01
2.226314147313435965e-01
2.311284790436426706e-01
2.464697211980819702e-01
2.468992372353871756e-01
2.553351372480392456e-01
2.310301015774408884e-01
2.470719367265701294e-01
2.487557580073674612e-01
2.166702995697657175e-01
2.426537126302719116e-01
2.290624429782231741e-01
2.257262716690699167e-01
2.324207375446955270e-01
2.405781100193659372e-01
2.228292773167292184e-01
2.381744484106699533e-01
2.353148907423019409e-01
2.536322176456451416e-01
2.456645766894022531e-01
2.500672886768977032e-01
2.237312197685241699e-01
2.264384925365447998e-01
2.524019181728363037e-01
2.325468460718790598e-01
2.288109213113784790e-01
2.359952181577682495e-01
2.551139841477076398e-01
2.442731410264968872e-01
2.216952443122863770e-01
2.219164371490478516e-01
2.538403868675231934e-01
2.343408713738123483e-01
2.499135682980219431e-01
2.239334980646769113e-01
2.356074452400207520e-01
2.659743726253509521e-01
2.409482548634211130e-01
2.930394609769185199e-01
2.244689315557479858e-01
2.245216319958368845e-01
2.480488220850626535e-01
2.495041588942209787e-01
2.300923367341359549e-01
2.461426357428232736e-01
2.491172502438227243e-01
2.205391675233840942e-01
2.445744077364603586e-01
2.413566062847773142e-01
2.254736820856730051e-01
2.479751557111740112e-01
2.323020795981089182e-01
2.329135686159133911e-01
2.443254142999649048e-01
2.250324785709381104e-01
2.495427529017130441e-01
2.236672590176264352e-01
2.192601387699445181e-01
2.591490050156911029e-01
2.563199351231257306e-01
2.523271242777506695e-01
2.218315452337265015e-01
2.329579293727874756e-01
2.261414130528767996e-01
2.756749689579010010e-01
2.169204552968343191e-01
2.394703626632690430e-01
2.227886170148849487e-01
2.513718207677205219e-01
2.245378643274307251e-01
2.292076100905736380e-01
2.443694770336151123e-01
2.224069386720657349e-01
2.503026326497395648e-01
2.383874903122583933e-01
2.550733586152394428e-01
2.478395303090413504e-01
2.269222338994344168e-01
2.340138405561447144e-01
2.712387343247731342e-01
2.400628676017125540e-01
2.490707337856292725e-01
2.393421381711959839e-01
2.297533353169759207e-01
2.224492331345876150e-01
2.265901615222295218e-01
2.270913372437159128e-01
2.547239810228347778e-01
2.314288914203643799e-01
2.504364053408305035e-01
2.443859030803044730e-01
2.438934892416000366e-01
2.301729222138722830e-01
2.203275163968404227e-01
2.740319619576136456e-01
2.483411182959874564e-01
2.459304978450139456e-01
2.198155696193377084e-01
2.257233957449595041e-01
2.279871950546900339e-01
2.237853556871414185e-01
2.436283528804779053e-01
2.459955960512161255e-01
2.124395594000816345e-01
2.447271843751271658e-01
2.481163789828618460e-01
2.276179393132527762e-01
2.336427172025044852e-01
2.302404046058654785e-01
2.353941847880681448e-01
2.415128300587336130e-01
2.221513837575912476e-01
2.275999784469604492e-01
2.269155333439508981e-01
2.478411893049875803e-01
2.505720108747482300e-01
2.743341773748397827e-01
2.570984959602355957e-01
2.280513495206832886e-01
2.573450356721878052e-01
2.436831096808115549e-01
2.465136547883351736e-01
2.552814533313115253e-01
2.692033747831980572e-01
2.260956664880116873e-01
2.223892311255137033e-01
2.722093760967254639e-01
2.436525076627731323e-01
2.247802317142486572e-01
2.342352569103240967e-01
2.793242186307907104e-01
2.465763191382090158e-01
2.582321663697560443e-01
2.211447109778722220e-01
2.257440934578577585e-01
2.221004317204157419e-01
2.425114164749781198e-01
2.717628777027130127e-01
2.403624951839447021e-01
2.299129962921142578e-01
2.606069445610046387e-01
2.463332215944925851e-01
2.514117062091827393e-01
2.617575178543726788e-01
2.372215042511622018e-01
2.499556144078572684e-01
2.222151259581247873e-01
2.520346840222676410e-01
2.330293804407119751e-01
2.467191964387893677e-01
2.509396721919377460e-01
2.510477701822916852e-01
2.709594021240870343e-01
2.159038508931795664e-01
2.199404910206794739e-01
2.228560894727706909e-01
2.313070694605509348e-01
2.255539695421854562e-01
2.398858716090520316e-01
2.498386204242706299e-01
2.346052279074986868e-01
2.424027423063913889e-01
2.318511456251144409e-01
2.208968152602513724e-01
2.228921651840209961e-01
2.710905373096466064e-01
2.352139949798583984e-01
2.174429347117741995e-01
2.427860448757807321e-01
2.561694880326588764e-01
2.470181981722513742e-01
2.475130657354990549e-01
2.306138525406519479e-01
2.413891951243082590e-01
2.340884407361348563e-01
2.449682503938674927e-01
2.254965653022130423e-01
2.522726704676945819e-01
2.474544246991475516e-01
2.525590956211090088e-01
2.436253428459167480e-01
2.279948741197586060e-01
2.460821866989135742e-01
2.692793806393941058e-01
2.380712280670801706e-01
2.438113739093144827e-01
2.167402530709902353e-01
2.308887988328933716e-01
2.391527394453684396e-01
2.386714865763982230e-01
2.240163634220758981e-01
2.457135915756225586e-01
2.320913597941398621e-01
2.238029589255650931e-01
2.286695142587026053e-01
2.410275836785634451e-01
2.246029575665791922e-01
2.428456693887710571e-01
2.714000046253204346e-01
2.200981080532073975e-01
2.211112231016159058e-01
2.557205607493718280e-01
2.434304207563400269e-01
2.270728001991907663e-01
2.323305209477742606e-01
2.314940840005874634e-01
2.564562211434046612e-01
2.548496077458063946e-01
2.876555671294530048e-01
2.312372326850891113e-01
2.300188690423965454e-01
2.179205740491549081e-01
2.224103013674418039e-01
2.584703713655471802e-01
2.269096076488494873e-01
2.217705945173899240e-01
2.355134934186935425e-01
2.309301545222600394e-01
2.412911107142766409e-01
2.191166132688522339e-01
2.153489092985788889e-01
2.611020704110463275e-01
2.502044836680094586e-01
2.531284640232722150e-01
2.330057223637898856e-01
2.319766233364740915e-01
2.699556400378544940e-01
2.487498571475346976e-01
2.504547884066899432e-01
2.167998900016148978e-01
2.290501942237218314e-01
2.289987901846567697e-01
2.292043020327886038e-01
2.534926583369572772e-01
2.269227504730224609e-01
2.459523230791091919e-01
2.416722675164540701e-01
2.304135014613469534e-01
2.230908423662185669e-01
2.694722811381022320e-01
2.398305634657541818e-01
2.353592713673909598e-01
2.545699228843052997e-01
2.294440567493438721e-01
2.420136382182439261e-01
2.391063322623570853e-01
2.466231584548950195e-01
2.574135164419810162e-01
2.246956427892049246e-01
2.461570153633753366e-01
2.506809135278065814e-01
2.427528997262319022e-01
2.622970243295033588e-01
2.308116356531778879e-01
2.418935795625050955e-01
2.332805941502253122e-01
2.355922857920328684e-01
2.309244722127914429e-01
2.261848151683807373e-01
2.216600626707077026e-01
2.332809170087178641e-01
2.254517823457717896e-01
2.492088029781977243e-01
2.287801007429758615e-01
2.282390743494033813e-01
2.289676020542780466e-01
2.273760239283243723e-01
2.465303788582483835e-01
2.236536790927251273e-01
2.458598564068476267e-01
2.537838021914164410e-01
2.431949873765309744e-01
2.273610134919484549e-01
2.735076944033305035e-01
2.341483086347579956e-01
2.276464551687240601e-01
2.500002135833104266e-01
2.439112017552057809e-01
2.477079331874847412e-01
2.212121486663818359e-01
2.642068117856979370e-01
2.432038784027099609e-01
2.493032713731130057e-01
2.275870094696680612e-01
2.415072172880172729e-01
2.449678182601928711e-01
2.453260074059168405e-01
2.463538845380147391e-01
2.317996869484583444e-01
2.281273851792017526e-01
2.296948780616124564e-01
2.397230118513107300e-01
2.213569978872934885e-01
2.781576712926228656e-01
2.141866634289423532e-01
2.259617596864700317e-01
2.403533260027567453e-01
2.546167721350987567e-01
2.549364517132441388e-01
2.696325331926345825e-01
2.256774902343750000e-01
2.455964287122090750e-01
2.499626129865646362e-01
2.695613056421279907e-01
2.314452826976776123e-01
2.307199736436208182e-01
2.227458953857421875e-01
2.304721623659133911e-01
2.245199630657831735e-01
2.529540310303370343e-01
2.350741426150003976e-01
2.296741753816604614e-01
2.445855935414632254e-01
2.518582542737324848e-01
2.541284511486689435e-01
2.225468456745147705e-01
2.546025216579437256e-01
2.262787471214930124e-01
2.233899086713790894e-01
2.455946157375971384e-01
2.286418179670969553e-01
2.473770827054977417e-01
2.341185907522837228e-01
2.288741270701090402e-01
2.460382233063379831e-01
2.512804369131724225e-01
2.182370349764823914e-01
2.319638381401697702e-01
2.422647923231124878e-01
2.612870732943217145e-01
2.493643711010614938e-01
2.318360855182012015e-01
2.474751323461532593e-01
2.702814936637878418e-01
2.557166616121928082e-01
2.458733618259429932e-01
2.224575231472651071e-01
2.494048575560251779e-01
2.363847096761067801e-01
2.662698874870936261e-01
2.523328016201655255e-01
2.236001541217168265e-01
2.280062834421793527e-01
2.456220587094624930e-01
2.222243746121724539e-01
2.526835848887761249e-01
2.221775650978088379e-01
2.185154631733894348e-01
2.412895113229751587e-01
2.314619074265162058e-01
2.288777679204940796e-01
2.526715745528538837e-01
2.505343457063038959e-01
2.394613325595855713e-01
2.457302709420522147e-01
2.343746026357015066e-01
2.266379545132319040e-01
2.406765520572662354e-01
2.290602127710978098e-01
2.697124779224395752e-01
2.494027167558670044e-01
2.533758878707885742e-01
2.546580880880355835e-01
2.251794040203094482e-01
2.251189301411310739e-01
2.697969228029251099e-01
2.711587101221084595e-01
2.530568142731984271e-01
2.442992925643920898e-01
2.336763540903727121e-01
2.461226483186086111e-01
2.210149864355722971e-01
2.173093482851982117e-01
2.496513724327087402e-01
2.245291223128636771e-01
2.308381150166193552e-01
2.295614629983901978e-01
2.495515396197637015e-01
2.450049320856730051e-01
2.508916258811950684e-01
2.538082351287205829e-01
2.483952492475509644e-01
2.513444374004999982e-01
2.096093893051147461e-01
2.404299626747767038e-01
2.235219379266103201e-01
2.303767452637354440e-01
2.217076470454533987e-01
2.435192068417867117e-01
2.508148898681004657e-01
2.256107529004414969e-01
2.214365849892298288e-01
2.222898304462432861e-01
2.228696842988332205e-01
2.234948625167210989e-01
2.285249829292297363e-01
2.190752451618512564e-01
2.471992323795954294e-01
2.305611521005630493e-01
2.324573496977488107e-01
2.517560521761576520e-01
2.511567572752634869e-01
2.528715729713439941e-01
2.234206547339757376e-01
2.711285005013148175e-01
2.555415381987889423e-01
2.483345816532770700e-01
2.487387955188751221e-01
2.282538712024688721e-01
2.253832618395487375e-01
2.751114368438720703e-01
2.219333549340566092e-01
2.481513371070226126e-01
2.137198249499003000e-01
2.429790844519933157e-01
2.165186728040377206e-01
2.465302745501200266e-01
2.441889593998591013e-01
2.249138057231903076e-01
2.286703934272130423e-01
2.518818626801173077e-01
2.284034838279088431e-01
2.255427837371826172e-01
2.613975157340367450e-01
2.512352863947550641e-01
2.429197529951731271e-01
2.497170915206273489e-01
2.295227299133936472e-01
2.621641655762990131e-01
2.524747252464294434e-01
2.276472250620523996e-01
2.278532981872558594e-01
2.461943924427032471e-01
2.369856586058934622e-01
2.622197071711222516e-01
2.510543316602706909e-01
2.299405932426452637e-01
2.463333855072657175e-01
2.533789624770482196e-01
2.494042217731475830e-01
2.390460669994354248e-01
2.284547438224156790e-01
2.299963633219400949e-01
2.501925379037857056e-01
2.667801976203918457e-01
2.437782535950342722e-01
2.413959900538126535e-01
2.887772868076960431e-01
2.553194065888722553e-01
2.480741143226623535e-01
2.448980907599131174e-01
2.746366808811823712e-01
2.310133725404739380e-01
2.651445567607879639e-01
2.268245170513788767e-01
2.253485719362894601e-01
2.526397556066513062e-01
2.200932055711746216e-01
2.224173943201700754e-01
2.300416727860768729e-01
2.420796255270639963e-01
2.384588321050008231e-01
2.446937263011932373e-01
2.248989741007486887e-01
2.259508321682612009e-01
2.439363648494084769e-01
2.280938525994618826e-01
2.865489423274993896e-01
2.414389501015345163e-01
2.274322261412938528e-01
2.259717037280400687e-01
2.288161267836888724e-01
2.559439788262049542e-01
2.411116560300191336e-01
2.531101753314335956e-01
2.180254012346267700e-01
2.361731479565302438e-01
2.300688972075780325e-01
2.514387816190719604e-01
2.288206915060679025e-01
2.500289678573608398e-01
2.500997384389241351e-01
2.182309875885645456e-01
2.483126074075698853e-01
2.227369695901870728e-01
2.446186542510986328e-01
2.341545720895131522e-01
2.194766451915105276e-01
2.471106002728144235e-01
2.470047175884246826e-01
2.418171862761179514e-01
2.469962288935979300e-01
2.285968015591303415e-01
2.238899221022923880e-01
2.295752118031183786e-01
2.192710762222608023e-01
2.409524023532867432e-01
2.362031092246373587e-01
2.303783595561981201e-01
2.497584174076716013e-01
2.465677162011464529e-01
2.192306667566299438e-01
2.327178617318471365e-01
2.485200315713882446e-01
2.306691532333692007e-01
2.460462252298990793e-01
2.279771566390991211e-01
2.282132854064305716e-01
2.725868523120880127e-01
2.300104051828384399e-01
2.466233571370442801e-01
2.419859518607457571e-01
2.499128182729085379e-01
2.281645685434341431e-01
2.212385584910710745e-01
2.264556934436162405e-01
2.678604076306025372e-01
2.246763010819753104e-01
2.268604288498560495e-01
2.441747436920801706e-01
2.491323451201120920e-01
2.642936706542968750e-01
2.380881458520889282e-01
2.306818813085556030e-01
2.482244024674097604e-01
2.332459290822347098e-01
2.257169783115386963e-01
2.259843299786249704e-01
2.340645541747411185e-01
2.438218990961710519e-01
2.448720633983612061e-01
2.277620236078898019e-01
2.259653955698013306e-01
2.253876527150472098e-01
2.404721279939015799e-01
2.238893707593282156e-01
2.488962958256403513e-01
2.303165545066197806e-01
2.495365689198175974e-01
2.430040985345840454e-01
2.684673244754473553e-01
2.257073769966761179e-01
2.430620789527893066e-01
2.412820756435394287e-01
2.486019035180409842e-01
2.250398149092992239e-01
2.330911258856455393e-01
2.211321791013081961e-01
2.441100378831227713e-01
2.259852091471354074e-01
