4.645824544131756106e-02
4.090157113969326158e-02
4.232225120067596713e-02
4.118540026247501096e-02
3.899210244417190829e-02
3.675371780991554260e-02
3.665499426424503188e-02
3.574811872094869891e-02
3.212561849504709521e-02
3.029500767588615487e-02
2.784627173095941682e-02
2.543100696057081292e-02
2.289541829377412727e-02
2.003765162080526491e-02
1.745607797056436539e-02
1.497377837076783146e-02
1.244350187480449711e-02
1.300047514960169827e-02
1.046338805463165045e-02
9.939292166382073662e-03
1.238792426884174382e-02
1.235246821306645870e-02
9.706331812776625850e-03
8.393038343638182380e-03
7.998011400923132549e-03
1.035553570836782525e-02
8.950932510197162281e-03
7.228751666843891144e-03
7.664792705327272415e-03
8.020364423282444130e-03
8.142283139750360749e-03
7.933480176143347870e-03
8.140997379086911678e-03
7.597266277298331087e-03
7.559821684844791542e-03
7.618327881209552635e-03
7.665074383839965040e-03
7.669759076088666569e-03
7.589516090229153286e-03
7.456094305962323969e-03
7.397788995876908476e-03
7.377587771043181246e-03
7.699392479844390999e-03
7.816937612369656216e-03
7.156267389655112873e-03
6.945544481277465473e-03
7.163518457673490047e-03
7.202680455520749092e-03
6.717795808799565012e-03
6.431098678149282932e-03
6.369988364167511290e-03
6.965921912342310125e-03
6.940156756900251085e-03
6.241717468947171818e-03
6.126769678667187344e-03
6.521892780438065355e-03
6.240864633582532406e-03
5.886718584224581892e-03
5.942278658039867878e-03
7.123197149485349829e-03
8.002265100367366921e-03
6.417607190087437630e-03
6.805508607067167412e-03
5.448663351126014839e-03
4.946703766472637306e-03
4.816181259229779243e-03
5.732315708883106709e-03
4.512681299820542682e-03
4.354481771588325674e-03
4.372932051774114023e-03
4.481540340930223291e-03
4.445959464646875858e-03
4.470591200515627861e-03
4.271981422789394855e-03
3.891969355754554185e-03
4.398488835431635206e-03
4.432264901697635824e-03
6.345812976360320871e-03
5.287556140683591192e-03
3.249606234021484852e-03
3.169710293877870018e-03
3.124116535764187488e-03
3.416243009269237518e-03
3.059463633690029383e-03
2.695320325437933293e-03
2.640935417730361223e-03
2.701442304532974872e-03
2.709366020280867642e-03
2.567071758676320314e-03
2.692390640731900930e-03
2.457655523903667840e-03
2.461420174222439614e-03
2.587511623278260404e-03
2.570609084796160286e-03
2.903518441598862410e-03
3.768133954145014199e-03
3.128593775909393852e-03
2.279891388025134628e-03
3.316569013986736363e-03
5.458014050964266409e-03
3.604177531087771058e-03
2.459854120388627052e-03
2.110314136371016329e-03
2.484738617204129609e-03
2.360622119158506567e-03
2.257593569811433727e-03
2.228494745213538582e-03
2.231037174351513212e-03
2.292823290918022568e-03
2.168438793160021132e-03
2.135161624755710277e-03
2.062558080069720745e-03
2.066526806447655136e-03
2.065835846588015643e-03
2.047332678921520797e-03
2.254990220535546541e-03
2.218892762903124007e-03
2.143206389155238780e-03
2.040928485803306016e-03
2.145440725143998861e-03
2.122811705339699897e-03
2.513926825486123562e-03
2.417989016976207495e-03
2.287749992683529941e-03
2.253481559455394658e-03
2.032888401299714869e-03
2.203747909516095942e-03
2.290746010839938944e-03
2.078188234008848667e-03
2.007801388390362436e-03
2.264049008954316204e-03
2.039221883751452143e-03
2.099933242425322446e-03
1.956535736098885536e-03
1.958056131843477661e-03
1.956354227149859244e-03
1.949543936643749519e-03
1.967970229452475992e-03
2.001782594015821901e-03
1.955177576746791601e-03
2.071000455180182966e-03
2.294189005624502897e-03
2.138382312841713342e-03
1.963735721074044531e-03
1.955134572926908905e-03
1.905787474242970347e-03
2.054482372477650556e-03
2.398886275477707299e-03
2.249295031651854428e-03
1.926426647696644111e-03
1.894255483057349834e-03
1.973281230311840686e-03
1.944359077606350270e-03
2.021498873364180500e-03
1.989859517198056156e-03
2.185357850976288319e-03
2.160667162388563330e-03
1.880677189910784450e-03
1.900012791156768755e-03
1.985591929405927745e-03
2.069215325172990647e-03
2.032780635636299762e-03
1.991653541335835879e-03
2.069470996502786875e-03
2.701762405922636563e-03
2.551651920657605106e-03
1.943907386157661763e-03
2.021721831988543359e-03
1.886900304816663178e-03
1.785176980774849653e-03
1.740486413473263296e-03
1.804487290792167273e-03
1.927336456719785885e-03
2.100349811371415854e-03
2.031518612056970596e-03
2.058364264667033976e-03
2.071222499944269744e-03
1.798177824821323200e-03
1.863978197798132983e-03
1.853635860607028094e-03
1.756392559036612424e-03
1.721201871987432241e-03
1.745584292802959724e-03
1.810046669561415911e-03
1.822783111128955993e-03
2.049408055609091943e-03
2.177918341476470405e-03
1.876693632220849482e-03
1.710876659490168051e-03
1.758500037249177781e-03
2.010825928300619039e-03
2.116268547251820391e-03
2.160568034742027695e-03
1.835506857605650978e-03
1.972191373351961201e-03
1.879173808265477376e-03
1.848008402157574979e-03
1.825113443192094521e-03
1.687494048383086920e-03
1.714451127918437210e-03
1.700726896524429408e-03
1.650111697381362406e-03
1.729594403877854434e-03
1.876932545565068809e-03
1.720654766540974422e-03
1.735577703220769676e-03
1.903703232528641820e-03
1.880617102142423435e-03
1.830743625760078430e-03
1.713172270683571696e-03
1.602743304101750298e-03
1.698040310293435964e-03
1.678968197666108608e-03
1.644917472731322050e-03
1.641560078132897529e-03
1.663111208472400904e-03
1.662275718990713271e-03
1.691844337619841012e-03
1.641518744872883006e-03
1.801139162853360133e-03
1.744129671715200034e-03
1.843227457720786420e-03
1.823928375961258921e-03
1.657566754147410393e-03
1.641350565478205681e-03
1.667958358302712354e-03
1.685823884326964660e-03
1.689583330880850640e-03
1.653275371063500730e-03
1.646645239088684364e-03
1.709112152457237200e-03
1.618818950373679443e-03
1.633918576408177527e-03
1.637393882265314416e-03
1.649627077858894977e-03
1.715301739750429988e-03
1.746745483251288446e-03
1.659094425849616484e-03
1.630825002212077336e-03
1.666049874620512041e-03
1.635388133581727700e-03
1.711563160642981486e-03
1.636357221286743879e-03
1.690931571647524790e-03
1.637054758612066594e-03
1.649177452782168898e-03
1.601519272662699309e-03
1.641153724631294651e-03
1.635903189890086694e-03
1.604958390817046122e-03
1.700380153488367883e-03
1.631110784364864143e-03
1.683871541172266050e-03
1.596918678842484951e-03
1.603765925392508550e-03
1.738464663503691554e-03
1.652680546976626006e-03
1.616377744358032898e-03
1.787111989688128190e-03
1.614986424101516604e-03
1.599018345586955547e-03
1.566663448465988127e-03
1.631248020566999999e-03
1.667779992567375389e-03
1.609489007387310353e-03
1.625894522294402079e-03
1.625721156597137495e-03
1.675645401701331182e-03
1.741019170731306163e-03
1.664102514041587710e-03
1.625293551478535024e-03
1.559444470331072807e-03
1.562263217056170063e-03
1.566261594416573687e-03
1.576310978271067056e-03
1.585292723029852000e-03
1.590953744016587691e-03
1.558804989326745315e-03
1.562792737968266054e-03
1.609897674643434541e-03
1.591111021116375880e-03
1.582776202121749607e-03
1.531828212318941994e-03
1.533604419091716452e-03
1.585151354083791288e-03
1.514098251936957153e-03
1.624131028074771253e-03
1.561027875868603544e-03
1.534779567737132267e-03
1.574852119665592822e-03
1.518182252766564488e-03
1.549277501180768056e-03
1.528493699152022644e-03
1.517140865325927821e-03
1.511586538981646299e-03
1.560492807766422673e-03
1.525538088753819509e-03
1.528697472531348554e-03
1.520533638540655375e-03
1.566368527710437688e-03
1.503953948849812237e-03
1.501709705917164727e-03
1.486574445152655244e-03
1.509636983973905357e-03
1.520832558162510308e-03
1.486515713622793555e-03
1.507856207899749192e-03
1.501254347385838671e-03
1.500507298624143091e-03
1.499192189658060627e-03
1.492763176793232647e-03
1.486973493592813698e-03
1.493333961116150108e-03
1.508745661703869787e-03
1.488112681545317130e-03
1.507581572514027314e-03
1.486699655652046290e-03
1.492588419932872100e-03
1.489975594449788375e-03
1.488017104566097216e-03
1.487734896363690409e-03
1.492440822767093864e-03
1.471566886175423947e-03
1.495042699389159679e-03
1.515329012181609826e-03
1.456382061587646647e-03
1.478224759921431541e-03
1.465528324479237112e-03
1.577187480870634404e-03
1.443484093761071476e-03
1.463911082828417334e-03
1.478574908105656505e-03
1.468518323963507967e-03
1.457398087950423360e-03
1.449180103372782556e-03
1.464737835340201768e-03
1.471926574595272541e-03
1.444543327670544299e-03
1.463107526069506916e-03
1.472474122419953390e-03
1.445200806483626409e-03
1.490267820190638260e-03
1.447641290724277496e-03
1.459533494198694825e-03
1.465753000229597135e-03
1.486596651375293732e-03
1.504553074482828379e-03
1.428008091170340733e-03
1.484905241522938056e-03
1.415542647009715438e-03
1.454366068355739160e-03
1.460502814734354659e-03
1.518481114180758509e-03
1.429208589252084580e-03
1.417241530725732532e-03
1.436890265904367013e-03
1.428796973777934996e-03
1.423132541822269472e-03
1.427399087697267619e-03
1.411814498715102586e-03
1.485434029018506451e-03
1.409822702407837001e-03
1.417529251193627802e-03
1.438796852016821460e-03
1.397842151345685168e-03
1.415017741965129928e-03
1.412521040765568571e-03
1.392381760524585843e-03
1.406872033840045333e-03
1.460337400203570724e-03
1.408350898418575482e-03
1.410921226488426414e-03
1.394702703692018986e-03
1.456258574035018726e-03
1.391104975482448936e-03
1.382546848617494106e-03
1.380658475682139397e-03
1.400669408030807929e-03
1.381783577380701986e-03
1.374625926837325183e-03
1.389117928920313759e-03
1.433301815995946483e-03
1.372509822249412493e-03
1.419071591226384087e-03
1.363533159019425555e-03
1.440876076230779290e-03
1.390781049849465489e-03
1.408308983081951824e-03
1.387137221172451973e-03
1.371338358148932544e-03
1.374055759515613274e-03
1.419983274536207232e-03
1.391908683581277815e-03
1.358840940520167438e-03
1.353535574162378994e-03
1.348986302036791997e-03
1.357731607276946219e-03
1.357338484376669017e-03
1.359263743506744547e-03
1.372855174122378273e-03
1.365178549895062956e-03
1.350936497328802987e-03
1.366087584756314754e-03
1.345332944765686989e-03
1.352305145701393485e-03
1.348309777677059260e-03
1.365813997108489318e-03
1.352384232450276570e-03
1.348617591429501815e-03
1.351353398058563558e-03
1.350840518716722640e-03
1.355345617048442277e-03
1.342909462982788595e-03
1.351755682844668670e-03
1.352716010296717373e-03
1.346022781217470808e-03
1.357217755867168307e-03
1.341761625371873335e-03
1.355664833681657910e-03
1.337916875490918669e-03
1.353169861249625639e-03
1.332272146828472571e-03
1.344084856100380421e-03
1.320977986324578524e-03
1.360705838305875702e-03
1.331797131570056081e-03
1.356543198926374273e-03
1.347047887975350022e-03
1.360989996464923111e-03
1.326431735651567535e-03
1.333690539468079805e-03
1.345829811180010525e-03
1.330534328008070545e-03
1.343979302328080026e-03
1.335009525064378977e-03
1.342256041243672328e-03
1.328932453179731922e-03
1.331733353435993238e-03
1.336559047922492114e-03
1.335634477436542598e-03
1.314702833769842939e-03
1.370872987899929372e-03
1.317749003646895289e-03
1.335125509649515239e-03
1.314227707916870800e-03
1.329355995403602806e-03
1.326243777293711987e-03
1.321284717414528218e-03
1.321067393291741610e-03
1.319657883141189857e-03
1.330150553258135915e-03
1.330075837904587301e-03
1.304436224745586471e-03
1.328058022772893396e-03
1.304028666345402512e-03
1.328992348862811880e-03
1.305270980810746507e-03
1.324118115007877350e-03
1.316537160892039494e-03
1.319345668889582157e-03
1.323750079609453635e-03
1.307298359461128755e-03
1.316923106787726240e-03
1.312804911867715332e-03
1.307874498888850255e-03
1.298276212764903903e-03
1.338617509463801937e-03
1.308957033324986783e-03
1.315120811341330409e-03
1.289050921332091050e-03
1.316031365422531919e-03
1.309267478063702583e-03
1.285773818381130695e-03
1.309365610359236511e-03
1.303566695423796816e-03
1.296882599126547488e-03
1.299505564384162513e-03
1.310332125285640359e-03
1.289585692575201392e-03
1.302847947226837321e-03
1.314773532794788523e-03
1.282068894943222317e-03
1.300001831259578380e-03
1.282676152186468244e-03
1.301269710529595527e-03
1.293749472824856596e-03
1.312573516042903109e-03
1.290677388897165613e-03
1.274333178298547907e-03
1.300788315711543051e-03
1.275612314930185632e-03
1.306335680419579235e-03
1.282340078614652200e-03
1.277624862268567085e-03
1.296559412730857817e-03
1.275966101093217687e-03
1.284665660932660103e-03
1.300084742251783653e-03
1.263872452545910987e-03
1.294625957962125627e-03
1.286775659536942840e-03
1.277235656743869185e-03
1.281419460428878622e-03
1.282641506986692591e-03
1.281219313386827664e-03
1.276225439505651680e-03
1.292836089851334604e-03
1.273401762591674881e-03
1.277272985316813035e-03
1.285604573786258611e-03
1.266575383488088759e-03
1.287202263483777642e-03
1.283246272942051378e-03
1.272215606877580242e-03
1.271095528500154528e-03
1.278075238224118861e-03
1.267358055338263598e-03
1.280097977723926349e-03
1.275767874903976874e-03
1.270377362379804167e-03
1.272485905792564067e-03
1.273845019750297113e-03
1.280239026527851820e-03
1.264708227245137009e-03
1.276335428701713638e-03
1.271880220156163021e-03
1.264098117826506539e-03
1.273070677416399078e-03
1.274219917831942439e-03
1.275309931952506347e-03
1.263731648214161309e-03
1.258852047612890601e-03
1.279172621434554501e-03
1.274316379567608194e-03
1.264592516236007214e-03
1.274480478605255398e-03
1.259497913997620257e-03
1.266672863857820717e-03
1.268126483773812738e-03
1.265377807430922942e-03
1.264717389130964919e-03
1.272649294696748170e-03
1.264419016661122485e-03
1.255505724111571995e-03
1.267244759947061495e-03
1.261078543029725465e-03
1.275243505369871942e-03
1.248844485962763342e-03
1.261005352716892958e-03
1.266701781423762354e-03
1.267995411762967749e-03
1.259588374523445964e-03
1.251448044786229686e-03
1.269997109193354802e-03
1.252136993571184576e-03
1.256299373926594767e-03
1.260705332970246629e-03
1.264845026889816013e-03
1.250986033119261178e-03
1.243641163455322385e-03
1.270833128364756617e-03
1.257302530575543642e-03
1.267294120043516116e-03
1.247493556002155033e-03
1.249562448356300506e-03
1.259366632439196110e-03
1.240270369453355627e-03
1.258958323160186453e-03
1.260894804727286144e-03
1.242218038532882842e-03
1.254941168008372274e-03
1.262918376596644521e-03
1.236495969351381063e-03
1.253737433580681768e-03
1.260258117690682498e-03
1.250204365351237313e-03
1.256530563114210920e-03
1.249334536259993824e-03
1.243073848308995453e-03
1.250958599848672834e-03
1.243371918099000963e-03
1.243430285830981943e-03
1.255733869038522330e-03
1.247875421540811658e-03
1.243151264498010364e-03
1.243623462505638513e-03
1.245463918894529299e-03
1.248237548861652656e-03
1.243608503136783752e-03
1.244968723040074153e-03
1.245101640233770056e-03
1.233893976313993422e-03
1.249011832987889561e-03
1.243644452188163996e-03
1.245991239557042718e-03
1.235280942637473345e-03
1.248333888361230406e-03
1.230687415227294012e-03
1.244752469938248483e-03
1.236463559325784401e-03
1.234368950827047316e-03
1.244048291118815455e-03
1.237280212808400349e-03
1.234548148931935386e-03
1.238757313694804994e-03
1.243445044383406596e-03
1.232441075262613551e-03
1.235869148513302250e-03
1.238593168091029015e-03
1.237651734845712694e-03
1.235943107167258772e-03
1.234006829326972279e-03
1.237541309092193885e-03
1.238883793121203780e-03
1.232224609702825633e-03
1.235084171639755368e-03
1.240370824234560132e-03
1.231585221830755472e-03
1.228843140415847215e-03
1.235868479125201745e-03
1.236682781018316659e-03
1.239019763306714551e-03
1.230135210789740086e-03
1.234021986601874276e-03
1.238013926194980784e-03
1.229804218746721831e-03
1.231877709506079468e-03
1.239049533614888701e-03
1.228985737543553071e-03
1.230689050862565550e-03
1.236494275508448395e-03
1.229753711959347042e-03
1.231142668984830379e-03
1.236187544418498917e-03
1.229371369117870970e-03
1.226629607845097737e-03
1.234053150983527259e-03
1.234762748936191201e-03
1.225053402595221953e-03
1.224153843941166910e-03
1.234873937210068063e-03
1.231779897352680564e-03
1.223024597857147542e-03
1.233161182608455463e-03
1.228043023729696870e-03
1.222567562945187135e-03
1.233004970708862034e-03
1.229298696853220506e-03
1.227201358415186449e-03
1.234927098266780376e-03
1.230448205024003939e-03
1.224625762552022847e-03
1.230131176998838739e-03
1.228490367066115184e-03
1.221268984954804095e-03
1.226182316895574375e-03
1.231737964553758589e-03
1.226967183174565391e-03
1.227862836094573053e-03
1.221814175369217948e-03
1.218925451394170566e-03
1.230331265833228783e-03
1.223081420175731225e-03
1.221436797641217622e-03
1.227846648544073148e-03
1.224343269132077651e-03
1.219206646783277349e-03
1.226986170513555321e-03
1.225636672461405353e-03
1.222401217091828585e-03
1.221596047980710907e-03
1.225106004858389410e-03
1.220766530605033083e-03
1.224818319315090775e-03
1.222117687575519085e-03
1.216576213482767300e-03
1.222441374557092699e-03
1.228399079991504550e-03
1.215347152901813475e-03
1.215905998833477497e-03
1.228530425578355789e-03
1.224395085591822776e-03
1.218613662058487578e-03
1.220955501776188655e-03
1.221139394328929527e-03
1.218868565047159791e-03
1.218200469156727151e-03
1.218587037874385628e-03
1.221232971874996976e-03
1.214339758735150055e-03
1.212567405309528026e-03
1.218168798368424264e-03
1.220590941375121431e-03
1.217628899030387358e-03
1.215701043838635000e-03
1.217864081263542262e-03
1.216523424955084963e-03
1.211005350342020392e-03
1.219229859998449683e-03
1.224110266775824130e-03
1.214906183304265185e-03
1.211145665729418484e-03
1.213832531357184139e-03
1.217698428081348495e-03
1.218798209447413726e-03
1.213795470539480361e-03
1.210308814188465563e-03
1.213956304127350450e-03
1.218690339010208932e-03
1.214169815648347226e-03
1.212943205609917727e-03
1.213599921902641567e-03
1.216925389599055052e-03
1.216165983350947499e-03
1.213519484736025333e-03
1.214025460649281827e-03
1.215923402924090624e-03
1.215709035750478463e-03
1.211959746433421883e-03
1.212573016528040214e-03
1.215796207543462558e-03
1.214404008351266384e-03
1.213392242789268494e-03
1.213614782318472819e-03
1.212864060653373512e-03
1.212526857852935834e-03
1.213685190305113836e-03
1.212408841820433779e-03
1.211861724732443604e-03
1.211696426616981712e-03
1.212966360617428931e-03
1.212822127854451537e-03
1.210965338395908562e-03
1.213981152977794322e-03
1.215100259287282825e-03
1.210642611840739803e-03
1.208324736217036757e-03
1.209346455289050850e-03
1.211015816079452677e-03
1.213715586345642805e-03
1.213531085522845431e-03
1.212862564716488080e-03
1.209537894465029283e-03
1.206075120717287107e-03
1.208076375769451347e-03
1.214255695231258869e-03
1.209876814391463908e-03
1.206656981958076445e-03
1.209042395930737214e-03
1.211147959111258388e-03
1.210595789598301096e-03
1.211084931856021242e-03
1.210281555540859743e-03
1.209418859798461242e-03
1.207850204082205892e-03
1.208517729537561536e-03
1.211458462057635101e-03
1.210216106846928510e-03
1.207677717320620970e-03
1.208263752050697760e-03
1.210100308526307344e-03
1.211276097455993208e-03
1.207121543120592789e-03
1.204543974017724308e-03
1.206342328805476340e-03
1.206177630228921684e-03
1.206169649958610578e-03
1.210893347160890742e-03
1.211090391734614968e-03
1.208893064176663713e-03
1.204635266913101120e-03
1.203031599288806319e-03
1.205875730374828024e-03
1.209855161141604098e-03
1.209467620356008410e-03
1.204395014792680784e-03
1.203295908635482235e-03
1.207154960138723298e-03
1.205384958302602085e-03
1.203123579034581737e-03
1.210169948171824130e-03
1.208485150709748311e-03
1.205649384064599828e-03
1.204563694773241834e-03
1.204870728543028235e-03
1.209852681495249315e-03
1.204168237745761915e-03
1.200745051028206858e-03
1.202244969317689581e-03
1.206187868956476493e-03
1.207774737849831581e-03
1.204525388311594811e-03
1.202443224610760851e-03
1.206131186336278915e-03
1.207836979301646395e-03
1.203436561627313451e-03
1.200208341469988270e-03
1.202728279167786241e-03
1.205868314718827519e-03
1.204682368552312255e-03
1.202732056844979438e-03
1.203323394292965531e-03
1.204138447064906359e-03
1.202924951212480708e-03
1.201513229170814243e-03
1.201792736537754536e-03
1.201835734536871271e-03
1.201966759981587486e-03
1.203572045778855725e-03
1.203490834450349298e-03
1.202177366940304550e-03
1.204957888694479975e-03
1.203285896917805119e-03
1.202444743830710563e-03
1.204242563107982235e-03
1.202374155400320844e-03
1.201314845820888790e-03
1.201112213311716871e-03
1.202267309417948214e-03
1.203253021230921149e-03
1.202348980586975770e-03
1.200869097374379635e-03
1.200232689734548417e-03
1.201168453553691420e-03
1.203893334604799747e-03
1.202896190807223277e-03
1.200956397224217697e-03
1.199684594757854852e-03
1.199847733369097200e-03
1.202961028320714918e-03
1.202840864425525026e-03
1.200879650423303290e-03
1.201107166707515717e-03
1.202555483905598434e-03
1.202675257809460250e-03
1.200009218882769260e-03
1.200483180582523346e-03
1.200948469340801326e-03
1.200289773987606211e-03
1.202523830579593864e-03
1.201341970590874466e-03
1.201533473795279774e-03
1.200193114345893220e-03
1.200728234834969044e-03
1.199201517738401846e-03
1.199117692885920492e-03
1.200420799432322426e-03
1.201443286845460534e-03
1.200446917209774256e-03
1.199770567473024043e-03
1.201169280102476564e-03
1.201863912865519567e-03
1.199180679395794825e-03
1.197872322518378540e-03
1.199855236336588860e-03
1.200336491456255230e-03
1.199320098385214719e-03
1.199589244788512631e-03
1.198930415557697372e-03
1.198487431975081606e-03
1.200657914159819397e-03
1.199456991162151055e-03
1.198603393277153373e-03
1.198712887708097783e-03
1.198671234305948019e-03
1.199880964122712612e-03
1.198850414948537989e-03
1.199277758132666349e-03
1.200331916334107562e-03
1.198789267800748392e-03
1.199168013408780185e-03
1.198132446734234647e-03
1.197327126283198508e-03
1.197845209389925003e-03
1.198259164812043266e-03
1.200305571546778039e-03
1.198375638341531114e-03
1.196223014267161402e-03
1.197065634187310934e-03
1.198987592943012714e-03
1.198567927349358754e-03
1.197556086117401632e-03
1.197553856763988820e-03
1.197062322171405045e-03
1.198020053561776920e-03
1.199231389909982595e-03
1.199080201331526041e-03
1.199042552616447167e-03
1.198053330881521106e-03
1.196656719548627647e-03
1.195304578868672295e-03
1.195267116418108301e-03
1.196781606995500581e-03
1.198941306211054368e-03
1.197943906299769965e-03
1.196823327336460309e-03
1.197730924468487588e-03
1.195824745809659318e-03
1.194316672626882748e-03
1.196897763293236494e-03
1.197827624855562958e-03
1.197133731329813513e-03
1.197077066171914252e-03
1.196683995658531785e-03
1.197314058663323435e-03
1.197011157637462107e-03
1.197118213167414113e-03
1.196911692386493130e-03
1.196003414224833207e-03
1.195578073384240183e-03
1.195585104869678573e-03
1.196828554384410381e-03
1.196385634830221490e-03
1.195805030874907970e-03
1.196954288752749649e-03
1.196386571973562284e-03
1.196405215887352911e-03
1.196029852144420060e-03
1.195936108706518921e-03
1.195684302365407261e-03
1.195610366994515018e-03
1.195911667309701443e-03
1.196787954540923238e-03
1.196184201398864475e-03
1.196133746998384638e-03
1.195467985235154715e-03
1.194701821077615023e-03
1.195407583145424637e-03
1.195474585983902216e-03
1.195758767426013903e-03
1.196773804258555087e-03
1.196815737057477279e-03
1.196467666886746883e-03
1.195092481793835759e-03
1.194449188187718435e-03
1.195640448713675141e-03
1.195843040477484465e-03
1.195712242042645725e-03
1.195644063409417954e-03
1.195357507094740954e-03
1.195427996572107163e-03
1.195059099700301886e-03
1.195301022380590395e-03
1.194937981199473099e-03
1.194670872064307375e-03
1.194833841873332945e-03
1.195491565158590631e-03
1.195676421048119664e-03
1.194653805578127590e-03
1.194639771711081266e-03
1.195181964430958076e-03
1.195753656793385657e-03
1.194566249614581379e-03
1.193858945043757558e-03
1.194963447051122741e-03
1.195262954570352988e-03
1.194336445769295010e-03
1.194487290922552260e-03
1.194658473832532807e-03
1.194103772286325780e-03
1.194705808302387595e-03
1.196043251547962514e-03
1.195449259830638680e-03
1.194150059018284126e-03
1.193842734210193157e-03
1.194741186918690844e-03
1.194449648028239564e-03
1.194844959536567417e-03
1.194354041945189194e-03
1.194149395450949582e-03
1.193794637219980316e-03
1.194474357180297331e-03
1.194233470596373125e-03
1.194602245232090397e-03
1.195046829525381283e-03
1.194411620963364753e-03
1.193865382811054674e-03
1.194065366871655031e-03
1.193821051856502891e-03
1.193128834711387797e-03
1.193707541096955451e-03
1.193534367484971924e-03
1.193001848878338890e-03
1.192950338008813560e-03
1.193806272931397048e-03
1.194844432757236107e-03
1.194529846543446183e-03
1.193455449538305402e-03
1.192664424888789697e-03
1.192392292432487098e-03
1.192622102098539428e-03
1.193810073891654524e-03
1.193717197747901125e-03
1.193787215743213849e-03
1.194159232545643958e-03
1.193471194710582495e-03
1.192500838078558358e-03
1.193358801538124767e-03
1.194585667690262198e-03
1.193342270562425343e-03
