1.218071186542510898e+00
9.720314383506775124e-01
1.073945832252502397e+00
1.161733663082122892e+00
8.920455098152160200e-01
7.992889523506164773e-01
1.007287156581878618e+00
1.004423344135284335e+00
7.772014975547790749e-01
7.917621970176696999e-01
6.777498424053192139e-01
7.000043094158172607e-01
6.258336246013641579e-01
6.044181108474731001e-01
6.282585084438323531e-01
6.123112261295318159e-01
5.411558717489242110e-01
7.478093594312668069e-01
5.485587090253829512e-01
5.511507213115691695e-01
7.434034824371338335e-01
8.885311216115951982e-01
5.768003255128860696e-01
5.917386919260024802e-01
4.934312134981155284e-01
7.479031741619109885e-01
5.842680573463440163e-01
4.205555677413940208e-01
3.511819660663604847e-01
4.387780606746673473e-01
4.519047081470489724e-01
4.273277789354324452e-01
4.060483008623123058e-01
3.182631164789199718e-01
3.257521092891693115e-01
3.169857546687125938e-01
3.070712462067604065e-01
3.115565538406371848e-01
3.919081062078476063e-01
3.428882658481597900e-01
3.036578029394149669e-01
3.125588506460189597e-01
4.035269796848297008e-01
4.238837748765945657e-01
3.226178139448165894e-01
3.564786300063133018e-01
4.010303497314453014e-01
4.015017539262771828e-01
3.190185979008674511e-01
3.343353971838951000e-01
2.839004963636398426e-01
4.401710629463195801e-01
4.051183745265006797e-01
2.850260525941848977e-01
3.009066566824912803e-01
4.084453254938125721e-01
3.809939607977866904e-01
3.290634617209434731e-01
3.817913085222244263e-01
4.942805469036102295e-01
5.984894126653671487e-01
5.327933326363563094e-01
5.456505507230758889e-01
3.336817860603332742e-01
3.267228946089744679e-01
3.527725741267204174e-01
4.296488597989082114e-01
2.744604513049125893e-01
2.722275629639625549e-01
2.498561814427375793e-01
2.369010373950004578e-01
3.119218289852142556e-01
2.881670355796813743e-01
2.463823676109314076e-01
2.200404182076454163e-01
3.771866992115974204e-01
3.845575898885726929e-01
5.686989352107048035e-01
5.674390301108360735e-01
3.102029472589492576e-01
2.087780788540840038e-01
2.814763188362121582e-01
3.140573531389236339e-01
2.341155111789703369e-01
1.930172100663185009e-01
1.862515598535537664e-01
2.607613191008567588e-01
2.258931353688239940e-01
2.130763426423072926e-01
2.558625742793083080e-01
1.830041646957397405e-01
1.947132557630538996e-01
2.933607280254363903e-01
3.213302314281463734e-01
3.323285192251205222e-01
4.663492098450660595e-01
2.684106200933456532e-01
1.791600674390792791e-01
3.819925814867019542e-01
6.569583341479301453e-01
4.918184652924537659e-01
2.982226669788360374e-01
1.964083716273307689e-01
2.276872485876083319e-01
2.036210998892784008e-01
2.011337235569953807e-01
1.834774851799011175e-01
2.622252166271209495e-01
1.852519631385803334e-01
1.797467902302742060e-01
1.766057580709457508e-01
1.800215587019920460e-01
1.692592307925224193e-01
1.864913672208786122e-01
1.561917141079902649e-01
2.076396614313125721e-01
2.229425862431526073e-01
2.142332911491394154e-01
1.633801892399787958e-01
2.199469476938247792e-01
2.179587393999099787e-01
3.069328129291534202e-01
2.173240870237350408e-01
2.655972823500633018e-01
1.870625540614128113e-01
1.996891453862190136e-01
2.219352602958679088e-01
2.202675119042396545e-01
1.688213318586349598e-01
2.180817022919654957e-01
2.429037913680076599e-01
2.259695574641227833e-01
2.464736551046371460e-01
1.700721159577369690e-01
1.708448350429535023e-01
1.833387270569801220e-01
1.625115856528282221e-01
2.059986203908920344e-01
1.727167725563049372e-01
1.632848173379898016e-01
1.931771308183670155e-01
2.815862521529197693e-01
1.883332267403602656e-01
1.654234156012535095e-01
1.638774767518043629e-01
1.844769686460495106e-01
2.560306042432785034e-01
2.625723898410797230e-01
2.239362418651580922e-01
1.968994960188865662e-01
1.852186426520347484e-01
2.381571382284164429e-01
1.948688402771949768e-01
2.197609841823577881e-01
1.800437703728675898e-01
2.667190551757812611e-01
2.434633627533912548e-01
1.678548723459243885e-01
1.666589811444282587e-01
2.207927152514457814e-01
1.992972522974014171e-01
2.117958053946495112e-01
2.309980437159538380e-01
2.189138501882553212e-01
2.887291297316550986e-01
2.626535058021545188e-01
1.920254722237587086e-01
2.561950400471687539e-01
2.113235265016555897e-01
1.810776874423027094e-01
1.678657606244087219e-01
1.955197013914585225e-01
1.872403025627136230e-01
2.887552008032798767e-01
2.325949028134345897e-01
2.222404912114143427e-01
2.084492772817611583e-01
1.610209926962852534e-01
2.196540206670761219e-01
1.905328884720802196e-01
1.753136754035949652e-01
1.671873167157173212e-01
1.522087812423706110e-01
1.935640335083007868e-01
2.064940348267555181e-01
2.503980726003646740e-01
3.006273940205573814e-01
2.075593844056129456e-01
1.822997987270355280e-01
1.782495461404323689e-01
2.104313507676124628e-01
2.923306807875633018e-01
2.841907382011413796e-01
2.155098199844360241e-01
2.229893058538436890e-01
1.946448653936386219e-01
2.025650605559349005e-01
1.747338905930519160e-01
1.759021848440170399e-01
1.643861234188079834e-01
1.646771147847175543e-01
1.581446141004562433e-01
2.086847141385078375e-01
2.384811207652091924e-01
1.898046687245368846e-01
1.793666034936904907e-01
2.106982558965682928e-01
2.407157689332962147e-01
2.406170293688774109e-01
1.558924913406372070e-01
1.571445301175117548e-01
1.790813043713569697e-01
1.644872203469276428e-01
1.497575610876083485e-01
1.623396947979927063e-01
1.701786793768405859e-01
1.562700316309929005e-01
1.545821517705917303e-01
1.520348563790321350e-01
1.859116017818450983e-01
2.076727449893951416e-01
2.195010706782341003e-01
2.019228935241699219e-01
1.484716966748237665e-01
1.524050116539001354e-01
1.589841157197952326e-01
1.918781504034995922e-01
1.898556813597679083e-01
1.540743827819824330e-01
1.529311597347259577e-01
1.769903406500816234e-01
1.454652994871139526e-01
1.440714582800865229e-01
1.525777265429496821e-01
1.794927828013896942e-01
1.826465234160423168e-01
2.052812367677688543e-01
1.661963939666747936e-01
1.539314880967140309e-01
1.507858738303184398e-01
1.397871002554893494e-01
1.780937969684600886e-01
1.825737893581390325e-01
1.929147168993949890e-01
1.554455637931823619e-01
1.637610644102096558e-01
1.535309210419654735e-01
1.511866778135299572e-01
1.544053047895431463e-01
1.445754110813140814e-01
1.908044807612895855e-01
1.716561913490295410e-01
1.811924681067466625e-01
1.524683676660060772e-01
1.604550324380397686e-01
1.938168197870254461e-01
1.908271566033363231e-01
1.514587149024009816e-01
1.888737723231315724e-01
1.835834637284278759e-01
1.502457454800605885e-01
1.597313947975635418e-01
1.820755958557128962e-01
2.112952500581741222e-01
1.812806069850921575e-01
1.626854389905929565e-01
1.645749978721141871e-01
2.410458311438560541e-01
2.268160775303840748e-01
1.938559815287589916e-01
1.623392969369888417e-01
1.428393706679344233e-01
1.423566155135631561e-01
1.470465846359729767e-01
1.550671994686126653e-01
1.684815786778926794e-01
1.666815407574176733e-01
1.379434362053871266e-01
1.572363972663879395e-01
1.654059104621410370e-01
1.662276268005370983e-01
1.500226996839046367e-01
1.417317099869251362e-01
1.420479133725166265e-01
1.617180049419403021e-01
1.442696429789066259e-01
1.530197612941265051e-01
1.805024698376655468e-01
1.500710666179657093e-01
1.560617558658123072e-01
1.369810387492179926e-01
1.599838927388191334e-01
1.426420658826828003e-01
1.517421908676624409e-01
1.547302208840846960e-01
1.569217383861541693e-01
1.421027436852455028e-01
1.533639907836913951e-01
1.498475439846515544e-01
1.572327300906181391e-01
1.426270835101604573e-01
1.390259839594364111e-01
1.363604947924614008e-01
1.505016051232814789e-01
1.421626411378383581e-01
1.441844969987869374e-01
1.412438005208969116e-01
1.401235207915306202e-01
1.522727943956851959e-01
1.366899736225604955e-01
1.392971932888031061e-01
1.423784859478473552e-01
1.489255830645561107e-01
1.453621305525302776e-01
1.351865142583847101e-01
1.389338195323944203e-01
1.634143874049186762e-01
1.398415192961692810e-01
1.413098201155662537e-01
1.371739208698272705e-01
1.452814377844333649e-01
1.361725986003875788e-01
1.460857450962066706e-01
1.548360779881477467e-01
1.607237480580806788e-01
1.479476839303970337e-01
1.410670690238475800e-01
1.449150629341602325e-01
1.855900354683399089e-01
1.443903595209121704e-01
1.379157692193984930e-01
1.658895611763000488e-01
1.437181971967220195e-01
1.374556764960289112e-01
1.408395133912563324e-01
1.366060331463813671e-01
1.498068161308765411e-01
1.484595924615859930e-01
1.348287083208560833e-01
1.380330637097358648e-01
1.399048797786235920e-01
1.481096565723419300e-01
1.489403054118156322e-01
1.364036135375499836e-01
1.538922980427742115e-01
1.625811934471130260e-01
1.674235165119171143e-01
1.511405661702155956e-01
1.507433652877807617e-01
1.559473954141140095e-01
1.402281008660793415e-01
1.562827818095683940e-01
1.794202283024787792e-01
1.538821868598461151e-01
1.437071867287159077e-01
1.468703560531139374e-01
1.385290607810020502e-01
1.326607100665569416e-01
1.588728040456771906e-01
1.446596726775169484e-01
1.579381749033927917e-01
1.404849112033844105e-01
1.367649488151073400e-01
1.409326598048210033e-01
1.548582345247268566e-01
1.490439265966415350e-01
1.537621527910232599e-01
1.371827803552150837e-01
1.372977048158645630e-01
1.540963783860206660e-01
1.511993050575256292e-01
1.370562314987182617e-01
1.468184337019920460e-01
1.546368673443794250e-01
1.519366659224033467e-01
1.365555599331855774e-01
1.424623042345047053e-01
1.356932148337364197e-01
1.289798818528652136e-01
1.347932524979114643e-01
1.415121152997017018e-01
1.670973792672157399e-01
1.637818552553653717e-01
1.442794591188430731e-01
1.600166425108909551e-01
1.581679761409759410e-01
1.603736110031604711e-01
1.454533770680427607e-01
1.351302593946456798e-01
1.355736643075942938e-01
1.414372205734252819e-01
1.632396206259727478e-01
1.492632642388343756e-01
1.375041820108890422e-01
1.349288813769817241e-01
1.364070542156696209e-01
1.345256686210632435e-01
1.471763558685779683e-01
1.414395511150360052e-01
1.341504901647567749e-01
1.320136830210685841e-01
1.367444925010204426e-01
1.329897627234458979e-01
1.382664747536182515e-01
1.331164680421352275e-01
1.317257054150104412e-01
1.336664304137230030e-01
1.320515863597392925e-01
1.361564636230468694e-01
1.314855851233005524e-01
1.347450166940689087e-01
1.342307716608047430e-01
1.338869757950305883e-01
1.357848927378654535e-01
1.316724725067615620e-01
1.338733993470668793e-01
1.315761938691139277e-01
1.339067906141281072e-01
1.328226976096630041e-01
1.367133997380733379e-01
1.313958600163459833e-01
1.368117049336433355e-01
1.285431623458862249e-01
1.483623102307319586e-01
1.374801926314830891e-01
1.390254914760589711e-01
1.331956878304481617e-01
1.352201685309410151e-01
1.363475412130355779e-01
1.387483634054660908e-01
1.562976710498333033e-01
1.388070255517959706e-01
1.438832752406597193e-01
1.293400004506111145e-01
1.332397386431694031e-01
1.311525836586952265e-01
1.380913674831390492e-01
1.358195029199123494e-01
1.310824833810329548e-01
1.314528219401836506e-01
1.349849261343479268e-01
1.499672733247280065e-01
1.361895136535167805e-01
1.329851478338241466e-01
1.389444895088672582e-01
1.306633792817592510e-01
1.335453845560550801e-01
1.317674972116947285e-01
1.345775119960307964e-01
1.316891029477119390e-01
1.352231726050376892e-01
1.372163683176040594e-01
1.350913651287555806e-01
1.328757174313068279e-01
1.393572770059108845e-01
1.311691261827945820e-01
1.340700484812259730e-01
1.296756319701671545e-01
1.342533491551876068e-01
1.315109200775623211e-01
1.333812810480594635e-01
1.325022593140602056e-01
1.314583256840705927e-01
1.324676968157291468e-01
1.335346959531307220e-01
1.365863844752311651e-01
1.522793442010879628e-01
1.376955971121787969e-01
1.308968581259250530e-01
1.389335565268993433e-01
1.332497470080852564e-01
1.301215760409832056e-01
1.364438802003860585e-01
1.353362694382667653e-01
1.320078782737255096e-01
1.330541871488094274e-01
1.306238576769828685e-01
1.310324192047119252e-01
1.288485705852508434e-01
1.334154516458511408e-01
1.353554047644138225e-01
1.388590641319751851e-01
1.299425981938839014e-01
1.334992267191409954e-01
1.342248171567916870e-01
1.304156228899955861e-01
1.367687016725540050e-01
1.303008601069450267e-01
1.347693264484405573e-01
1.317579090595245306e-01
1.357284091413021032e-01
1.323384195566177368e-01
1.289033949375152643e-01
1.308904595673084370e-01
1.294733338057994787e-01
1.318905092775821686e-01
1.307560153305530604e-01
1.353199698030948528e-01
1.372245773673057556e-01
1.306635692715644725e-01
1.285483926534652654e-01
1.291732817888259777e-01
1.308401100337505396e-01
1.293541468679904882e-01
1.286852315068244823e-01
1.299097731709480397e-01
1.321199774742126409e-01
1.305076666176319122e-01
1.288430489599704798e-01
1.289768330752849579e-01
1.364658333361148945e-01
1.328269429504871368e-01
1.303166136145591791e-01
1.302249558269977514e-01
1.298418045043945312e-01
1.290482267737388666e-01
1.294333621859550532e-01
1.304357297718524988e-01
1.278565727174282018e-01
1.290423884987831060e-01
1.282262690365314484e-01
1.292757324874401204e-01
1.288707226514816395e-01
1.293125405907630809e-01
1.297553956508636364e-01
1.284809425473213140e-01
1.295038506388664357e-01
1.288534864783286993e-01
1.282904714345932118e-01
1.277833722531795391e-01
1.298817403614521138e-01
1.301057741045951732e-01
1.307740956544876099e-01
1.325907036662101746e-01
1.279838331043720301e-01
1.284809567034244648e-01
1.303315751254558452e-01
1.279105544090270996e-01
1.276032947003841456e-01
1.301183626055717468e-01
1.270496226847171728e-01
1.285290017724037281e-01
1.274735830724239294e-01
1.297962538897991236e-01
1.274741068482398987e-01
1.283330529928207453e-01
1.315812572836875805e-01
1.376720048487186376e-01
1.279802441596984974e-01
1.304014638066291754e-01
1.277859993278980255e-01
1.282370746135711725e-01
1.285509511828422657e-01
1.287780843675136455e-01
1.290716312825679890e-01
1.271440826356410869e-01
1.321722492575645447e-01
1.295614413917064722e-01
1.259042873978614696e-01
1.302810855209827479e-01
1.294556520879268646e-01
1.305839724838733784e-01
1.296009354293346516e-01
1.344734475016594044e-01
1.270009517669677679e-01
1.274753183126449696e-01
1.321349956095218547e-01
1.261041559278965052e-01
1.275666110217571203e-01
1.339481249451637268e-01
1.254703313112258967e-01
1.287663400173187367e-01
1.337046697735786438e-01
1.265305802226066589e-01
1.278451673686504253e-01
1.271551407873630635e-01
1.303049482405185810e-01
1.269814953207969721e-01
1.275598496198654119e-01
1.287208423018455505e-01
1.297111719846725519e-01
1.288989022374153193e-01
1.270241484045982472e-01
1.282239787280559651e-01
1.270230688154697363e-01
1.269077025353908539e-01
1.277502082288265173e-01
1.277915567159652599e-01
1.276443682610988728e-01
1.270971357822418268e-01
1.271083422005176433e-01
1.313577644526958410e-01
1.314661622047424427e-01
1.291601531207561548e-01
1.273274064064025823e-01
1.298367008566856384e-01
1.286855652928352300e-01
1.273633114993572291e-01
1.298727110028266851e-01
1.266490750014782063e-01
1.264958851039409693e-01
1.276115037500858418e-01
1.267379119992256276e-01
1.266770690679550060e-01
1.269099131226539556e-01
1.267452366650104467e-01
1.267437189817428589e-01
1.281141646206379048e-01
1.264609284698963165e-01
1.265725784003734478e-01
1.264432154595852009e-01
1.264840982854366358e-01
1.265073888003826197e-01
1.262079320847988018e-01
1.270914688706397955e-01
1.263662196695804485e-01
1.271688550710678156e-01
1.267265014350414387e-01
1.270523935556411854e-01
1.260552614927291926e-01
1.269899532198905945e-01
1.275219775736332051e-01
1.263469740748405512e-01
1.267641618847847040e-01
1.265622086822986714e-01
1.272778384387493189e-01
1.269587144255638067e-01
1.263433329761028401e-01
1.266387753188610021e-01
1.260884232819080297e-01
1.262877129018306621e-01
1.282246701419353374e-01
1.274710826575756184e-01
1.260271705687046051e-01
1.259242519736289978e-01
1.263859950006008259e-01
1.266692951321601868e-01
1.261634446680545696e-01
1.266316406428814045e-01
1.269324831664562225e-01
1.262661516666412354e-01
1.264743410050868933e-01
1.271214894950389862e-01
1.278133071959018652e-01
1.264121338725089916e-01
1.281710758805275074e-01
1.260514959692954906e-01
1.269505180418491475e-01
1.261312127113342341e-01
1.268022015690803417e-01
1.257184430956840571e-01
1.261324323713779449e-01
1.270646743476390728e-01
1.257263459265232086e-01
1.271578103303909191e-01
1.254314340651035420e-01
1.265797153115272577e-01
1.263776972889900096e-01
1.265451416373252758e-01
1.263120025396347046e-01
1.264703728258609883e-01
1.269440077245235499e-01
1.260490633547305950e-01
1.260714724659919850e-01
1.262993678450584356e-01
1.260436706244945637e-01
1.276931770145893208e-01
1.275110900402069147e-01
1.264892235398292486e-01
1.256234958767890875e-01
1.258107997477054540e-01
1.261772386729717310e-01
1.278751194477081299e-01
1.265093408524990137e-01
1.265871196985244862e-01
1.260178647935390472e-01
1.257378786802291759e-01
1.260573439300060328e-01
1.272921830415725819e-01
1.254508227109908947e-01
1.263072848320007380e-01
1.293536938726901897e-01
1.256018668413162176e-01
1.254880256950855200e-01
1.255434855818748363e-01
1.265732832252979279e-01
1.262065917253494263e-01
1.267767280340194591e-01
1.250567652285098919e-01
1.263643287122249714e-01
1.262104481458664051e-01
1.256063051521777996e-01
1.268027745187282618e-01
1.262543164193630219e-01
1.258848108351230677e-01
1.255341947078704723e-01
1.254876017570495661e-01
1.274615928530692943e-01
1.256311908364295959e-01
1.266113676130771748e-01
1.251186802983283997e-01
1.260204009711742290e-01
1.254532121121883503e-01
1.254813589155673870e-01
1.255162864923477228e-01
1.255007147789001520e-01
1.259548187255859486e-01
1.256292849779128973e-01
1.253229536116123310e-01
1.258437544107437189e-01
1.251347951591014751e-01
1.252057433128356823e-01
1.255068384110927526e-01
1.252465687692165264e-01
1.253629736602306366e-01
1.252437673509120830e-01
1.251681707799434662e-01
1.251706629991531372e-01
1.255724988877773285e-01
1.252254977822303827e-01
1.251480974256992396e-01
1.254512786865234486e-01
1.254635371267795452e-01
1.250577740371227320e-01
1.252437844872474615e-01
1.252387978136539348e-01
1.253187149763107244e-01
1.257637478411197662e-01
1.255028881132602692e-01
1.255829051136970465e-01
1.251505896449089106e-01
1.254240952432155720e-01
1.249524518847465460e-01
1.251639977097511180e-01
1.251694731414318140e-01
1.248871795833110809e-01
1.254160314798355158e-01
1.251373156905174200e-01
1.249210275709629059e-01
1.256786614656448253e-01
1.250073976814746746e-01
1.252468839287757818e-01
1.247906886041164343e-01
1.253258109092712513e-01
1.252754203975200709e-01
1.258199773728847504e-01
1.251684501767158508e-01
1.252728752791881506e-01
1.252948194742202759e-01
1.252704553306102642e-01
1.248933285474777277e-01
1.252628684043884388e-01
1.251759737730026301e-01
1.253276795148849376e-01
1.254217267036437933e-01
1.249199844896793365e-01
1.249003328382968930e-01
1.249404773116111755e-01
1.249513171613216428e-01
1.248809836804866819e-01
1.252480372786521912e-01
1.250903457403182983e-01
1.247210793197155027e-01
1.252316311001777649e-01
1.250293329358100891e-01
1.252326674759388081e-01
1.246821090579032926e-01
1.249891318380832728e-01
1.249622583389282254e-01
1.244963362812995938e-01
1.249132141470909174e-01
1.251843236386775970e-01
1.246684268116950989e-01
1.248784914612770108e-01
1.248365014791488620e-01
1.250628337264060863e-01
1.252100042998790796e-01
1.249292530119419098e-01
1.254089951515197643e-01
1.249443605542182867e-01
1.257465966045856476e-01
1.253776229918003027e-01
1.247465662658214514e-01
1.250498823821544758e-01
1.249837152659893091e-01
1.252719528973102459e-01
1.254844494163989965e-01
1.250684864819049946e-01
1.244317814707756042e-01
1.247014790773391668e-01
1.247603006660938235e-01
1.258704714477062170e-01
1.247561864554882077e-01
1.249324105679988917e-01
1.251803323626518305e-01
1.251893378794193268e-01
1.251124985516071375e-01
1.245874136686325045e-01
1.248542383313178961e-01
1.247026488184928839e-01
1.246687084436416681e-01
1.246941789984703092e-01
1.245827667415142087e-01
1.245268240571022061e-01
1.246573023498058347e-01
1.244627349078655243e-01
1.248112708330154363e-01
1.243993662297725733e-01
1.246162332594394628e-01
1.249423108994960757e-01
1.245132714509964017e-01
1.249875344336032895e-01
1.254696004092693273e-01
1.249628983438015040e-01
1.245915681123733465e-01
1.246259845793247223e-01
1.245112426578998538e-01
1.246433056890964564e-01
1.246325664222240476e-01
1.244993798434734372e-01
1.244281083345413208e-01
1.246927089989185305e-01
1.244913466274738256e-01
1.244999296963214819e-01
1.250008419156074524e-01
1.244996383786201449e-01
1.246685035526752527e-01
1.247256025671958923e-01
1.243939429521560697e-01
1.248973734676837866e-01
1.244493536651134491e-01
1.246903970837593134e-01
1.244133017957210485e-01
1.246123164892196655e-01
1.243917688727378817e-01
1.250323183834552709e-01
1.247225731611251859e-01
1.247022762894630377e-01
1.244075775146484403e-01
1.249290391802787836e-01
1.248166158795356723e-01
1.245233401656150873e-01
1.245559751987457275e-01
1.244911350309848841e-01
1.247481070458889008e-01
1.244598254561424255e-01
1.244088113307952881e-01
1.247226856648921967e-01
1.247253827750682831e-01
1.243891716003417969e-01
1.244836814701557187e-01
1.243843555450439425e-01
1.247159302234649714e-01
1.244472771883010920e-01
1.245795883238315638e-01
1.243272937834262876e-01
1.243719495832920074e-01
1.247360438108444242e-01
1.248874321579933194e-01
1.243204906582832392e-01
1.244302742183208410e-01
1.247564859688281985e-01
1.243741147220134707e-01
1.246933825314044952e-01
1.244554549455642728e-01
1.243465304374694880e-01
1.243236161768436487e-01
1.243737369775772122e-01
1.245067015290260287e-01
1.243273697793483706e-01
1.246193192899227170e-01
1.243530333042144748e-01
1.243302129209041540e-01
1.242708042263984680e-01
1.243259876966476413e-01
1.245490774512290899e-01
1.245631515979766790e-01
1.245238274335861151e-01
1.242869935929775266e-01
1.243789114058017758e-01
1.245048649609088870e-01
1.242698170244693756e-01
1.245405212044715937e-01
1.241845324635505732e-01
1.242157392203807886e-01
1.243926465511322049e-01
1.243840523064136533e-01
1.242429986596107483e-01
1.241497740149497958e-01
1.243059054017066900e-01
1.247212126851081904e-01
1.242344662547111567e-01
1.242918767035007532e-01
1.246388249099254636e-01
1.244016811251640320e-01
1.242874644696712466e-01
1.244940742850303705e-01
1.246011815965175629e-01
1.244758963584899902e-01
1.245764449238777188e-01
1.242139860987663269e-01
1.242419414222240420e-01
1.242476634681224795e-01
1.242754288017749731e-01
1.243682496249675778e-01
1.242237284779548617e-01
1.242435537278652191e-01
1.241509631276130621e-01
1.242425546050071744e-01
1.242290355265140561e-01
1.241618610918521909e-01
1.242614924907684271e-01
1.242627255618572180e-01
1.241783864796161679e-01
1.242850132286548587e-01
1.242291197180747930e-01
1.241810791194438990e-01
1.241647429764270727e-01
1.242248646914958926e-01
1.242055363953113584e-01
1.241670280694961576e-01
1.241957932710647527e-01
1.241900593042373629e-01
1.241343967616558019e-01
1.242631487548351288e-01
1.242928281426429749e-01
1.242202632129192352e-01
1.241666853427886991e-01
1.241743721067905398e-01
1.242671959102153723e-01
1.241989597678184454e-01
1.242096573114395142e-01
1.240957975387573242e-01
1.245556041598319952e-01
1.241890497505664798e-01
1.242068335413932800e-01
1.241225771605968531e-01
1.241143822669982938e-01
1.241309575736522647e-01
1.241065375506877899e-01
1.241400584578514071e-01
1.241013213992118863e-01
1.241879135370254489e-01
1.241406410932540949e-01
1.241197519004344912e-01
1.241744428873062106e-01
1.241619668900966617e-01
1.241324275732040433e-01
1.242908984422683716e-01
1.241972498595714514e-01
1.241397276520729009e-01
1.242118522524833651e-01
1.242762692272663116e-01
1.240788459777832087e-01
1.242206051945686368e-01
1.240858241915702848e-01
1.243689440190792056e-01
1.242345623672008459e-01
1.241062939167022761e-01
1.241714440286159488e-01
1.242134623229503576e-01
1.242647372186183874e-01
1.240981034934520721e-01
1.244392953813076019e-01
1.242130018770694760e-01
1.240637466311454717e-01
1.240965604782104520e-01
1.241127923130989075e-01
1.240853428840637263e-01
1.241630837321281433e-01
1.241323404014110510e-01
1.241745620965957614e-01
1.241126321256160736e-01
1.241521365940570776e-01
1.241873666644096319e-01
1.240565791726112310e-01
1.241566494107246427e-01
1.240920796990394592e-01
1.240394987165927831e-01
1.241993047297000885e-01
1.242229625582695063e-01
1.240961998701095581e-01
1.241225995123386439e-01
1.240275226533412989e-01
1.240819051861763028e-01
1.241917200386524200e-01
1.240524612367153168e-01
1.242055997252464322e-01
1.240859530866146032e-01
1.240750417113304083e-01
1.240213923156261444e-01
1.240844093263149261e-01
1.241061970591545160e-01
1.240379057824611692e-01
1.240973457694053705e-01
1.242237441241741125e-01
1.240281194448471097e-01
1.242043130099773351e-01
1.241815358400344821e-01
1.243402943015098627e-01
