1.079849386215209872e+00
5.299038261175155196e-01
3.751994282007217185e-01
5.348279312252998130e-01
5.992736309766769631e-01
5.809126704931258933e-01
3.322953462600707897e-01
3.420669108629226796e-01
2.053378403186797985e-01
2.309426024556159862e-01
2.194685406982898601e-01
2.558494672179222329e-01
3.191697016358375771e-01
2.484766006469726618e-01
2.171001985669135936e-01
2.231408447027206365e-01
1.869965173304080908e-01
2.212466478347778209e-01
2.056243509054183904e-01
1.684046089649200439e-01
1.808332815766334478e-01
2.429717965424060822e-01
2.628365710377693065e-01
2.385855779051780645e-01
2.058834448456764166e-01
1.885017596185207256e-01
1.669638365507125910e-01
1.324069581925869099e-01
1.326484449207782634e-01
1.626880429685115814e-01
2.099377468228340038e-01
2.739050537347793579e-01
1.941681362688541523e-01
1.727368153631687053e-01
1.847213000059127752e-01
1.875237956643104609e-01
1.577609568834304754e-01
1.612012155354022869e-01
1.550300799310207478e-01
1.418676249682903345e-01
1.454135358333587535e-01
1.971741221845149938e-01
1.932222098112106323e-01
1.874156199395656530e-01
1.681709669530391804e-01
1.800319507718086132e-01
1.842707991600036621e-01
1.725261852145195118e-01
1.938691601157188360e-01
1.711759611964225880e-01
1.752618119120597784e-01
2.022714860737323816e-01
2.049980804324150196e-01
1.995356723666191212e-01
1.782122835516929682e-01
1.584503106772899572e-01
1.373552009463310242e-01
1.261914961040019878e-01
1.259754277765750829e-01
1.386010505259037129e-01
1.317353013902902714e-01
1.133364833891391810e-01
1.678688138723373469e-01
1.734187595546245464e-01
1.760022096335887853e-01
1.450982630252838079e-01
1.544101923704147283e-01
1.612438373267650604e-01
1.279155112802982386e-01
1.423325054347515106e-01
1.303814500570297241e-01
1.345204241573810522e-01
1.310015738010406605e-01
1.674901306629180964e-01
1.475564628839492742e-01
1.546206571161747034e-01
1.859219044446945301e-01
1.877287752926349584e-01
1.419019453227519934e-01
1.445939503610134125e-01
2.027433037757873646e-01
1.947179377079009954e-01
2.190046548843383734e-01
1.682358525693416484e-01
1.624134629964828491e-01
1.454697914421558269e-01
1.287391573190689031e-01
1.264230057597160450e-01
1.261036790907383021e-01
1.832397535443305858e-01
1.724848158657550923e-01
1.560096956789493450e-01
1.320053987205028478e-01
1.202634073793888148e-01
1.321580588817596325e-01
1.682624548673629650e-01
1.644625835120678004e-01
1.428544431924820002e-01
1.551016047596931458e-01
1.364262863993644659e-01
1.184575699269771604e-01
1.069173075258731814e-01
1.004306040704250336e-01
9.177827537059783658e-02
1.006313867866992923e-01
1.182039476931095179e-01
1.128590364009141866e-01
1.016125537455081912e-01
1.157599560916423853e-01
1.086403638124465998e-01
1.135290853679180173e-01
1.026852019131183624e-01
1.081438787281513159e-01
8.507773429155349176e-02
8.867073617875576019e-02
9.225448071956635077e-02
9.238546416163444241e-02
1.074797954410314504e-01
1.048373669385909979e-01
1.127334915101528140e-01
1.031458090990781812e-01
9.561398923397064487e-02
1.109048366546630804e-01
9.491846375167370398e-02
1.070669803768396350e-01
1.077773869037628174e-01
1.063491493463516180e-01
1.206338539719581660e-01
1.054429382085800143e-01
1.082171194255352048e-01
9.730666056275368014e-02
9.854508489370346347e-02
1.038625333458185196e-01
1.119738474488258390e-01
1.204266864806413651e-01
1.118283536285162028e-01
9.685208275914192200e-02
9.588391557335854132e-02
9.679656401276588717e-02
9.342913925647736151e-02
1.130714882165193558e-01
9.569917041808366498e-02
9.857645742595196048e-02
1.005695376545190783e-01
1.129855118691921179e-01
1.137395650148391724e-01
1.116883426904678317e-01
9.797931350767612180e-02
1.034513808786869105e-01
9.825707525014877597e-02
9.189745709300041476e-02
1.077695891261100797e-01
1.038003388792276410e-01
1.011475063860416412e-01
1.036619301885366440e-01
1.116402521729469299e-01
1.102906044572591754e-01
9.901059232652187347e-02
9.870866127312183380e-02
8.957477100193500519e-02
1.019738756120204953e-01
1.282610930502414703e-01
1.394587017595768086e-01
1.174639113247394617e-01
1.009247895330190603e-01
1.323469899594783838e-01
1.319036252796649822e-01
1.424218818545341381e-01
1.456528581678867285e-01
1.251529105007648524e-01
1.201076455414295252e-01
1.018548678606748525e-01
1.086100563406944275e-01
1.166830532252788599e-01
9.599411748349666318e-02
9.027690142393111905e-02
9.738114960491657535e-02
8.933213762938976843e-02
9.519065879285334986e-02
8.792367465794086179e-02
1.726609624922275654e-01
1.430105663836002405e-01
1.159622661769390134e-01
1.122185360640287344e-01
9.889162331819534302e-02
1.035683691501617376e-01
9.969254769384860992e-02
9.852671846747398932e-02
1.387151949107646998e-01
1.107656404376029941e-01
1.180204123258590670e-01
1.069959316402673694e-01
9.191822595894336145e-02
1.119438365101814298e-01
1.229207538068294581e-01
1.101276397705078097e-01
9.673265181481838226e-02
1.643725745379924774e-01
1.486735299229621776e-01
1.447456702589988708e-01
1.075375236570835086e-01
9.541654288768768033e-02
8.340161107480525970e-02
7.477067410945892334e-02
7.611080687493085306e-02
8.059009090065956393e-02
7.784815728664398748e-02
7.435750886797905246e-02
7.304253913462162295e-02
7.114286050200462064e-02
7.510594278573989868e-02
7.541650272905826846e-02
7.512877210974693021e-02
7.702457867562770288e-02
8.678298220038413446e-02
7.327455915510654172e-02
7.859438806772231501e-02
7.911046408116817474e-02
8.622755110263824463e-02
7.824153117835522253e-02
7.991113662719726007e-02
7.522230185568332117e-02
7.769277989864349643e-02
7.178484611213206690e-02
9.850116185843944827e-02
9.214374795556068420e-02
8.159231580793857574e-02
7.770759873092174252e-02
7.227122560143470209e-02
7.878776378929615298e-02
7.830285839736461639e-02
7.906664460897445956e-02
7.666411921381950656e-02
7.535748574882746020e-02
8.873461745679378510e-02
7.777046337723732272e-02
8.333281278610230047e-02
8.183857910335064212e-02
7.601514793932437342e-02
8.006658144295215884e-02
7.556999586522579471e-02
7.283481117337942123e-02
6.995741445571183881e-02
7.194173056632280350e-02
7.467924654483795721e-02
7.505004890263081152e-02
9.019880965352058966e-02
8.263768181204796115e-02
7.856180407106876096e-02
7.262290082871913910e-02
7.239220738410949429e-02
7.462908551096916754e-02
7.651035096496343335e-02
8.014222159981727878e-02
7.748159356415271204e-02
8.517705425620078485e-02
8.211042098701000491e-02
8.540127016603946131e-02
8.663052171468735296e-02
7.381586618721484860e-02
8.351906128227711001e-02
8.123955093324183863e-02
7.951213158667087832e-02
8.279416300356387537e-02
7.447448633611201962e-02
7.566264458000659943e-02
8.466967605054379065e-02
1.171298556029796573e-01
9.685662277042865476e-02
8.402493037283420563e-02
8.924040533602237146e-02
8.106043115258217135e-02
7.476203627884388248e-02
8.223549537360667905e-02
7.515080347657203397e-02
7.678923197090625763e-02
7.234631646424531659e-02
7.487862594425678808e-02
8.021195791661739349e-02
9.231018386781215945e-02
9.921310916543006619e-02
8.224345594644547064e-02
7.618592884391546527e-02
7.498177327215671539e-02
8.027363717555999201e-02
8.067573569715022486e-02
7.953082341700792868e-02
9.693086147308349609e-02
1.090667940676212366e-01
1.116558585315942792e-01
1.181060299277305603e-01
8.617673050612210950e-02
8.387014120817185003e-02
8.415511175990104953e-02
7.592509277164935511e-02
8.024567551910877228e-02
9.585869163274765570e-02
8.453938923776149750e-02
7.807304337620735168e-02
7.248060740530490320e-02
6.871928758919239322e-02
6.554747745394706726e-02
6.270863655954599103e-02
6.356754787266254147e-02
6.069653574377298355e-02
6.019843025133013448e-02
5.969954803586006303e-02
6.087712254375219484e-02
6.846434678882359903e-02
6.372560802847146433e-02
6.300903875380754748e-02
6.122051849961281100e-02
5.866988040506839613e-02
5.899399295449257036e-02
6.109775323420763016e-02
5.851324163377284726e-02
6.489432584494352063e-02
6.661638431251049042e-02
6.274203993380070288e-02
6.300997585058212835e-02
6.626321263611316403e-02
6.160052847117185315e-02
6.340696923434734067e-02
6.335375551134347916e-02
6.568523123860359192e-02
6.208248268812895099e-02
5.966852512210607529e-02
5.771711170673370084e-02
5.844579376280308047e-02
6.350554991513490677e-02
5.776749812066554746e-02
6.157525219023227830e-02
5.867539439350366592e-02
5.964498966932296753e-02
5.916260704398155351e-02
5.918500088155269345e-02
5.899529829621315280e-02
5.947169810533523698e-02
7.320732362568378726e-02
8.109375350177287778e-02
7.310177609324455816e-02
7.064832113683224002e-02
6.795559041202067774e-02
6.216435842216015001e-02
6.108614820986986438e-02
6.233051773160695752e-02
6.204095222055912295e-02
6.019499264657497684e-02
6.459504179656505585e-02
7.318351455032826025e-02
6.776416450738906305e-02
5.981229133903979978e-02
5.977570898830890378e-02
6.653178185224532803e-02
6.408878099173306864e-02
5.947222933173179626e-02
5.763839520514011522e-02
6.092274487018585483e-02
5.839737448841333251e-02
5.584527775645255904e-02
7.008315660059452612e-02
6.369234509766101560e-02
9.066406302154064734e-02
7.834557555615902225e-02
6.559281032532453259e-02
6.411102265119553167e-02
6.100088246166705808e-02
5.871696509420872012e-02
6.524324771016835889e-02
6.543297674506902417e-02
8.187179788947104853e-02
7.197804767638445178e-02
7.789829093962907791e-02
6.186591722071170529e-02
6.390980780124663752e-02
6.083914283663034717e-02
5.904415939003229002e-02
5.816709008067846159e-02
5.399642884731292725e-02
5.666917748749256134e-02
5.507357921451330046e-02
6.001982167363166532e-02
5.552493212744593482e-02
5.447014812380075732e-02
5.376209691166877747e-02
5.515309367328882079e-02
5.598864406347274503e-02
5.677188280969858170e-02
5.810580309480428696e-02
6.485867872834205627e-02
6.416673436760902960e-02
6.719523370265960416e-02
5.581475887447595596e-02
5.479713436216115952e-02
6.511848829686642248e-02
6.286302898079157431e-02
6.163523774594068666e-02
6.210973579436540604e-02
6.245839819312095503e-02
6.664601359516382495e-02
5.538224205374717851e-02
5.136330556124448637e-02
5.276896078139543811e-02
5.234886910766363421e-02
5.137624256312846999e-02
5.119660291820764264e-02
5.008251694962382455e-02
5.045641064643859725e-02
5.021637845784425458e-02
5.321510136127471924e-02
5.017750728875398913e-02
4.827123712748289386e-02
4.932085499167442044e-02
4.837654074653983255e-02
4.684003479778766493e-02
4.911342542618513107e-02
4.741694480180740079e-02
4.963435865938663205e-02
5.028022192418575564e-02
5.034569073468446454e-02
5.119684655219316344e-02
4.966954793781042099e-02
4.659237228333949765e-02
4.859654475003481050e-02
4.684820827096700807e-02
4.825341477990150590e-02
5.030476171523332735e-02
5.180782787501812120e-02
5.158705264329910278e-02
4.913945877924561639e-02
4.696322660893201967e-02
4.931467957794666290e-02
4.648095760494470874e-02
5.077365413308143616e-02
5.559971649199724197e-02
5.351458722725510597e-02
5.116547886282205720e-02
5.054678935557603559e-02
5.477473381906747957e-02
4.896641783416270932e-02
5.173000562936067720e-02
4.832761250436305722e-02
4.710243213921785216e-02
4.709990518167615076e-02
4.681824063882231851e-02
4.568557459861040393e-02
4.797559194266796251e-02
5.023684101179241857e-02
5.139214480295777043e-02
4.839421398937702318e-02
4.819554761052131930e-02
4.690145570784807344e-02
5.044207796454429349e-02
4.847948122769594331e-02
4.805243182927369794e-02
4.556977003812789917e-02
4.794482104480266710e-02
4.881955273449421068e-02
4.970654565840959549e-02
4.774033538997173032e-02
4.878170862793922147e-02
5.143376216292381425e-02
4.985127784311771393e-02
4.951166808605193814e-02
5.176655035465956012e-02
4.778851326555013518e-02
5.093722101300954958e-02
4.881544373929500719e-02
4.969959743320941786e-02
5.217343885451555113e-02
5.614880993962288042e-02
5.162396207451820651e-02
5.741322916001081328e-02
5.502958465367555757e-02
5.598303601145744601e-02
5.325180254876613756e-02
4.962094500660896301e-02
4.944426026195287982e-02
5.011581350117921829e-02
5.333342533558606963e-02
4.781745467334985733e-02
4.576474931091070036e-02
4.617448644712567052e-02
4.636857639998197278e-02
5.407368354499340196e-02
6.138033382594585557e-02
5.919928774237633029e-02
5.369407609105110446e-02
5.103108026087284366e-02
5.118191204965114732e-02
5.176287852227687974e-02
5.285488311201334138e-02
5.627496149390935620e-02
6.128420028835535049e-02
5.279454179108142992e-02
4.709746148437261859e-02
4.604393970221280774e-02
4.896080903708934645e-02
4.809473846107721606e-02
4.569869302213191986e-02
4.459405513480305810e-02
4.273062832653522214e-02
4.325371617451310297e-02
4.436617791652679166e-02
4.301137402653694430e-02
4.236115068197250644e-02
4.523793533444404880e-02
4.382719360291957578e-02
4.368829634040594101e-02
4.316695546731352806e-02
4.170540329068898877e-02
4.157508481293916563e-02
4.193075532093644420e-02
4.219074239954352656e-02
4.268983742222189764e-02
4.226283701136708537e-02
4.280648892745375633e-02
4.205401539802551547e-02
4.207038749009370943e-02
4.205985348671674451e-02
4.192574033513665061e-02
4.206804651767015457e-02
4.183920342475175996e-02
4.248623605817556520e-02
4.312995914369821548e-02
4.266518969088792940e-02
4.273106269538402835e-02
4.333137553185224811e-02
4.422506038099527359e-02
4.222408104687928876e-02
4.435939593240618983e-02
4.430001545697450499e-02
4.657402578741311888e-02
4.659664966166019578e-02
4.686097512021660666e-02
4.285868993028998236e-02
4.264783486723899841e-02
4.183478690683841567e-02
4.172173514962196350e-02
4.125578366219997267e-02
4.121429910883307735e-02
4.176078019663691243e-02
4.188972064293920716e-02
4.244443159550428252e-02
4.231594512239098688e-02
4.283816572278738299e-02
4.357063602656126300e-02
4.264974724501371245e-02
4.124246314167976518e-02
4.128544535487890105e-02
4.167031869292259216e-02
4.218058129772543630e-02
4.129134556278586665e-02
4.103345284238457680e-02
4.068415379151701927e-02
4.076108373701572279e-02
4.383000079542398453e-02
4.442987935617566386e-02
4.194924980401992798e-02
4.152933508157730103e-02
4.063281686976551871e-02
4.170249151065945348e-02
4.260267447680234770e-02
4.111787336878478666e-02
4.084844971075653891e-02
4.099570475518703183e-02
4.225464873015880723e-02
4.292892757803201675e-02
4.252372095361352244e-02
4.438833156600594659e-02
4.492680970579385896e-02
4.389573521912097653e-02
4.317335356026887755e-02
4.368055993691086908e-02
4.280288387089967866e-02
4.193479614332318306e-02
4.165980722755193572e-02
4.151022713631391525e-02
4.120762161910533627e-02
4.097380936145782193e-02
4.056345010176300864e-02
4.034735132008791109e-02
4.094836022704839706e-02
4.283353984355926791e-02
4.165550107136369029e-02
4.104073606431483945e-02
4.107548398897051950e-02
4.170049168169498444e-02
4.176698401570320268e-02
4.202188840135932107e-02
4.287110343575477323e-02
4.147269837558269223e-02
4.340027235448360582e-02
4.292558422312140604e-02
4.245653655380010605e-02
4.194345790892839432e-02
4.174404917284846306e-02
4.220882616937160492e-02
4.127426650375128070e-02
4.074527146294713159e-02
3.989298082888126373e-02
3.982554785907268385e-02
4.012923128902912140e-02
3.993107918649911603e-02
3.965187305584549904e-02
3.972403071820736209e-02
3.976253271102905135e-02
3.912375457584858079e-02
3.991727130487561503e-02
3.985162135213613649e-02
3.988244836218655248e-02
3.980348105542361875e-02
3.922657622024416924e-02
3.947800770401954651e-02
3.982792478054762025e-02
3.910460975021123886e-02
3.931292854249477525e-02
3.916244804859161238e-02
3.943480644375085831e-02
3.895301586017012319e-02
3.869592957198619843e-02
3.875632155686616759e-02
3.906935486011207243e-02
4.092313814908266068e-02
4.052541032433509827e-02
4.075001617893576900e-02
4.016519971191882810e-02
3.998527168296277245e-02
3.943607620894908766e-02
3.937783809378743449e-02
4.053009357303381105e-02
4.159612841904163083e-02
4.064299855381250243e-02
3.964760899543762207e-02
3.908647252246737203e-02
3.927415776997804364e-02
3.875891063362359862e-02
3.981220908463001251e-02
3.940159622579812726e-02
3.861638545058667521e-02
3.893308970145881176e-02
3.914922960102558414e-02
3.950764224864542623e-02
3.941963873803615293e-02
3.948195073753595075e-02
3.933138353750109673e-02
3.916727900505066057e-02
3.950603944249451299e-02
3.954458329826593399e-02
3.981366399675607959e-02
3.958945544436574121e-02
3.989956313744187633e-02
3.920730967074632922e-02
3.971092076972126961e-02
4.004910839721560756e-02
3.944341372698545456e-02
3.888193815946579257e-02
3.862623069435357909e-02
3.869769945740699629e-02
3.897716505452990254e-02
3.916129106655717035e-02
3.973062513396143774e-02
4.046892994083464007e-02
3.954788558185100278e-02
3.887041499838232717e-02
3.860476873815059384e-02
4.021125938743352890e-02
4.125647908076644083e-02
4.001877140253782411e-02
3.993166713044047494e-02
3.995507732033729692e-02
3.968620030209422250e-02
3.894394170492887497e-02
3.966399412602186064e-02
3.967454824596643170e-02
3.876102538779378076e-02
3.888479461893439015e-02
3.974116854369640073e-02
3.915317226201295991e-02
3.963648136705159863e-02
3.971646185964346210e-02
4.152985252439975877e-02
3.958837613463402072e-02
3.948313863947987279e-02
4.167164461687207500e-02
4.013168010860681395e-02
3.962448751553893089e-02
3.865198986604809900e-02
3.840164905413985530e-02
3.926850585266947885e-02
3.878373559564352036e-02
3.857231438159942905e-02
3.918234482407569746e-02
3.858018228784203252e-02
3.867007708176970621e-02
3.854127200320363322e-02
3.815846773795783520e-02
3.819571826606989184e-02
3.924961686134338656e-02
3.903480730950832644e-02
3.951970301568508148e-02
3.849656460806727409e-02
3.778059892356395999e-02
3.797520752996206422e-02
3.787702638655900816e-02
3.774068271741271019e-02
3.773042755201459070e-02
3.762833997607231001e-02
3.757816059514880458e-02
3.762520086020230969e-02
3.774275518953799924e-02
3.779205530881881575e-02
3.758936282247304916e-02
3.778952220454812050e-02
3.791834781877696792e-02
3.772227326408028603e-02
3.783998787403106828e-02
3.765431120991706571e-02
3.774353810586035529e-02
3.766431808471679826e-02
3.751253727823496142e-02
3.806478306651115556e-02
3.776736948639154712e-02
3.807309344410896024e-02
3.815336208790540834e-02
3.789274441078305244e-02
3.825800465419888774e-02
3.913703486323356906e-02
3.847407614812255183e-02
3.818632336333394051e-02
3.772400906309485158e-02
3.844311623834073544e-02
3.802228821441531320e-02
3.761971308849752088e-02
3.753498969599604329e-02
3.758817273192107539e-02
3.776976112276315967e-02
3.808790743350982944e-02
3.765008798800408701e-02
3.750946689397096495e-02
3.734316527843475203e-02
3.737578578293323378e-02
3.734921142458915572e-02
3.740939730778336525e-02
3.738547619432210783e-02
3.746391120366752286e-02
3.765544425696134428e-02
3.745404416695237437e-02
3.747670510783791820e-02
3.757546599954366545e-02
3.796828519552945813e-02
3.795826006680726866e-02
3.765334375202655792e-02
3.776486171409487724e-02
3.743021851405501504e-02
3.745888578705489774e-02
3.726932634599507133e-02
3.734160903841256957e-02
3.734351024031638822e-02
3.788717649877071381e-02
3.812695052474737029e-02
3.802615758031606397e-02
3.775959219783544402e-02
3.810098627582192421e-02
3.758099526166915755e-02
3.746973117813467979e-02
3.723087515681981763e-02
3.752572108060121814e-02
3.799955230206251283e-02
3.827551621943712373e-02
3.775138864293694357e-02
3.778786733746528764e-02
3.800241583958267888e-02
3.741734828799962720e-02
3.725797114893793921e-02
3.740287250839173516e-02
3.741478836163878580e-02
3.733506277203559737e-02
3.730702772736549377e-02
3.738401066511869153e-02
3.751650210469961028e-02
3.755095466040074548e-02
3.747349428012967248e-02
3.713438026607036868e-02
3.727920893579721173e-02
3.734372854232788363e-02
3.742375923320651054e-02
3.746859361417591294e-02
3.748256396502256532e-02
3.748974716290831566e-02
3.731668419204652032e-02
3.716678651981055598e-02
3.714909856207668920e-02
3.729389235377311707e-02
3.778635412454604825e-02
3.712316742166876793e-02
3.732404839247464856e-02
3.726398311555385867e-02
3.736032582819461684e-02
3.769927965477108678e-02
3.706641644239425798e-02
3.736109156161546846e-02
3.698414098471403122e-02
3.691039076074957570e-02
3.710814937949180603e-02
3.685271525755524913e-02
3.699064915999770303e-02
3.700441196560859403e-02
3.706051204353570661e-02
3.692060196772217751e-02
3.687007930129766742e-02
3.683775812387466569e-02
3.687466848641633710e-02
3.676934931427240649e-02
3.677848516963422298e-02
3.685373561456799230e-02
3.697388488799333711e-02
3.694419972598552565e-02
3.681353991851210594e-02
3.671784475445747514e-02
3.675711494870483736e-02
3.674252377822995186e-02
3.697814475744962831e-02
3.685521502047776898e-02
3.717254968360066136e-02
3.695334428921341619e-02
3.679997716099023958e-02
3.685941994190215787e-02
3.697138344869017879e-02
3.702859119512140473e-02
3.678646739572286745e-02
3.685223478823899945e-02
3.677286556921899319e-02
3.673652741126716414e-02
3.672330002300441126e-02
3.695932589471340179e-02
3.698112964630127092e-02
3.682883507572114190e-02
3.687319355085492273e-02
3.678610660135746280e-02
3.673162492923438827e-02
3.684117253869771680e-02
3.684349330142140666e-02
3.668002267368138114e-02
3.701144512742757936e-02
3.681156067177653035e-02
3.676058566197752675e-02
3.671266781166195731e-02
3.666501911357045174e-02
3.664607778191566329e-02
3.684608694165945192e-02
3.686042595654726028e-02
3.723807632923126221e-02
3.683435618877410611e-02
3.674135906621813635e-02
3.663779469206929207e-02
3.682155013084411482e-02
3.682914106175303598e-02
3.682561712339520177e-02
3.683917354792356352e-02
3.683530641719699045e-02
3.689358434639870843e-02
3.695405609905719896e-02
3.692581844516098361e-02
3.683555033057928085e-02
3.661074526607990126e-02
3.666191995143890103e-02
3.670995752327144146e-02
3.668654048815369467e-02
3.666095584630966325e-02
3.659965964034199437e-02
3.660055967047810832e-02
3.681380366906523982e-02
3.679791777394712110e-02
3.662318065762519559e-02
3.664285466074943681e-02
3.666746392846107622e-02
3.674982702359556874e-02
3.669329900294542035e-02
3.681351747363805632e-02
3.715560119599103928e-02
3.737367093563079973e-02
3.695000540465116778e-02
3.698270581662654877e-02
3.691962966695427895e-02
3.684117514640092989e-02
3.665617001242935796e-02
3.666400127112865587e-02
3.664990002289414406e-02
3.663805071264505248e-02
3.662879578769207001e-02
3.660470936447381834e-02
3.665278181433677396e-02
3.655553599819540839e-02
3.660519430413842340e-02
3.662467608228325844e-02
3.653601575642824451e-02
3.663818575441837172e-02
3.669403204694390158e-02
3.668735991232097149e-02
3.650857126340269904e-02
3.643476767465472083e-02
3.639540602453052859e-02
3.644487392157316069e-02
3.643610002472996712e-02
3.652754556387662749e-02
3.670421242713928223e-02
3.635721001774072647e-02
3.653642702847718915e-02
3.650418380275368552e-02
3.642675895243883272e-02
3.650986105203628262e-02
3.661392359063029428e-02
3.650553189218044142e-02
3.655537245795130452e-02
3.658278221264481267e-02
3.647284791804850101e-02
3.646503086201846600e-02
3.637886820361017903e-02
3.643541298806667050e-02
3.638629289343953133e-02
3.645669221878052035e-02
3.643464790657162389e-02
3.642441676929593364e-02
3.646912141703069488e-02
3.638483923859894137e-02
3.641265379264950475e-02
3.641868196427822113e-02
3.640545504167676250e-02
3.635817999020218849e-02
3.642240175977349420e-02
3.636243818327784816e-02
3.637081719934940477e-02
3.647644543088972291e-02
3.657830515876412530e-02
3.641849234700202803e-02
3.644051048904657641e-02
3.637041202746331414e-02
3.639952596276998381e-02
3.629777338355779509e-02
3.644902305677533150e-02
3.646147856488823891e-02
3.636679202318191667e-02
3.639761959202587882e-02
3.635436268523335734e-02
3.633119552396237711e-02
3.640426187776028832e-02
3.637606380507350107e-02
3.638878120109438619e-02
3.637205543927848200e-02
3.637500023469329019e-02
3.645689478144049922e-02
3.637666511349380016e-02
3.633356783539056639e-02
3.640693901106715341e-02
3.633842412382363996e-02
3.632665220648050031e-02
3.632982559502125064e-02
3.634615610353648940e-02
3.634257740341127058e-02
3.631162587553262572e-02
3.641740372404456139e-02
3.628900316543877402e-02
3.628418818116187911e-02
3.631504466757178029e-02
3.627302348613738875e-02
3.631053399294614792e-02
3.647236973047256192e-02
3.690253635868430415e-02
3.677634792402386527e-02
3.647495862096548219e-02
3.631494990549981317e-02
3.633156698197126389e-02
3.629617830738425532e-02
3.633888242766260962e-02
3.637436712160706243e-02
3.627146249637007436e-02
3.627360840328038016e-02
3.625876801088452617e-02
3.632320947945118228e-02
3.635172843933105746e-02
3.633742900565266332e-02
3.633855311200022420e-02
3.644720744341611862e-02
3.642181642353534837e-02
3.631641045212745389e-02
3.629739787429571429e-02
3.626872361637652198e-02
3.630922799929976741e-02
3.633954050019383430e-02
3.628568369895220080e-02
3.639398105442524095e-02
3.634473877027630945e-02
3.629847755655646324e-02
3.635159824043512206e-02
3.639595182612538615e-02
3.631435213610530177e-02
3.655485538765788217e-02
3.657674393616616726e-02
3.632613560184836526e-02
