3.899928092956542747e-01
1.992402955889701899e-01
1.301935162395238821e-01
1.092397294938564356e-01
9.010753147304058353e-02
8.368503209203481674e-02
7.380175273865460794e-02
6.952811423689127246e-02
5.950195053592324118e-02
6.768843680620192926e-02
6.313635036349296570e-02
6.552882585674524307e-02
7.578745074570178430e-02
6.090228240936994275e-02
7.034293441101908961e-02
6.704669408500193994e-02
5.609728330746292790e-02
5.136152729392051697e-02
6.502116294577717226e-02
5.640092678368091583e-02
5.530965127982199331e-02
9.730213601142168045e-02
8.145586512982845584e-02
7.795143665280193646e-02
6.537760980427265167e-02
5.815436616539955417e-02
4.859480112791061263e-02
4.240763224661350111e-02
4.251072264742106199e-02
5.569211747497319898e-02
5.815549492835998813e-02
1.019446341320872362e-01
5.699123693630099574e-02
5.381229072809219638e-02
6.398975132033228597e-02
5.727572729811072211e-02
5.017837733030319075e-02
5.051265852525830408e-02
4.852126855403184752e-02
5.069185569882393022e-02
4.409025358036160191e-02
7.548929204349405508e-02
6.855996088124811927e-02
5.207430738955735883e-02
4.527120664715766907e-02
4.814988858997822085e-02
6.080093298805877566e-02
4.516455475240945677e-02
6.573974825441837588e-02
4.729466242715716501e-02
4.379444681107998172e-02
8.668785407207905969e-02
5.766877885907888135e-02
6.814242228865623197e-02
5.200464539229869565e-02
4.819556893780827661e-02
4.411487893667072335e-02
4.184360392391681810e-02
3.571260198950767378e-02
5.106340986676514287e-02
4.231276236241683641e-02
3.636337723582983017e-02
4.318875521421432218e-02
5.740834884345531741e-02
6.256062404718250314e-02
4.476232612505555430e-02
4.637270864332095066e-02
5.382387451827526370e-02
3.840786218643188477e-02
4.877751688472926894e-02
4.188061016611754894e-02
3.875001473352313042e-02
3.606389486230909824e-02
4.783491659909486909e-02
5.066965478472411355e-02
4.270634707063436508e-02
5.301491608843207637e-02
5.785834360867738585e-02
3.992966429796070138e-02
3.976245922967791557e-02
6.682726070284843167e-02
5.517211072146892270e-02
7.190119884908199865e-02
4.783258968964219232e-02
4.476083526387810568e-02
4.081793995574116429e-02
3.435555463656782965e-02
3.473941208794713298e-02
3.965635048225522180e-02
8.160649109631776255e-02
5.740158930420875827e-02
4.989374545402824879e-02
3.690418191254139085e-02
3.743663337081670761e-02
4.479510844685137549e-02
4.992408528923988204e-02
5.902689564973116060e-02
4.441604930907487592e-02
5.528461602516472617e-02
3.975549312308430949e-02
3.770203683525323590e-02
3.376701561501249671e-02
3.628904232755303383e-02
2.982811834663152625e-02
3.715337784960866252e-02
3.226610282436013361e-02
4.632954379776492437e-02
3.339149793609976630e-02
3.872926349285989861e-02
3.087455821223556926e-02
3.988688834942877293e-02
3.328140736557543000e-02
3.276329655200242719e-02
3.027037121355533739e-02
2.988355103880167146e-02
3.095481283962726524e-02
3.424383072415367046e-02
3.480180255137384215e-02
3.235287657007575313e-02
3.254489421378821412e-02
3.131596986204385896e-02
3.554231079760938883e-02
3.658133249264210185e-02
3.005251474096439640e-02
3.476483700796961784e-02
3.483612341806292811e-02
3.620063432026654482e-02
4.360588379204273501e-02
3.304530018940567831e-02
3.407039707526564321e-02
3.507561441510916034e-02
3.665651793126016578e-02
3.848725135903805633e-02
3.928442834876477718e-02
4.274455548147670925e-02
4.033521260134875774e-02
3.653257116093300283e-02
3.366794022731482705e-02
3.291754815727472583e-02
3.220746926963329038e-02
3.412627466022968153e-02
2.816213644109666348e-02
3.334150742739439011e-02
3.186246952973306040e-02
3.591903219930827479e-02
3.456114828586578230e-02
4.242427246645093242e-02
3.496325211599469324e-02
3.423442495986819128e-02
3.462164445663802603e-02
3.338167918846011301e-02
3.412420009262859960e-02
3.552719932049512586e-02
2.915168637409806113e-02
3.811704386025667468e-02
3.161504566669463834e-02
3.848376490641385039e-02
3.397723123198374828e-02
3.407505422946997126e-02
2.867125006741844118e-02
3.037305059842765331e-02
3.862725086510181149e-02
4.797978270798921446e-02
3.787134299054741721e-02
3.179859346710145473e-02
4.803679753094911714e-02
3.933532889932393750e-02
4.789523198269307613e-02
3.846329646185040613e-02
3.589128435123711824e-02
4.214128293097019196e-02
3.378255571587942402e-02
3.233032575808465758e-02
3.686379077844322005e-02
2.928241293411702056e-02
2.655117649119347403e-02
3.255079450900666416e-02
2.739235423505306105e-02
3.628661634866148233e-02
2.923676734790205817e-02
7.409181040711701471e-02
4.001589855179190497e-02
3.653779407031833987e-02
3.762032823869958242e-02
3.692288999445736408e-02
3.224081022199243307e-02
3.404764793231151998e-02
3.399842707440257211e-02
4.685840876772999486e-02
3.709579533897340575e-02
3.988945023156702241e-02
3.368546124547720094e-02
3.053155308589339256e-02
3.587793689221143584e-02
4.063251367770135541e-02
3.526880214922130385e-02
3.304464388638735095e-02
5.383702032268047194e-02
6.079887337982654849e-02
4.947948623448610028e-02
3.329036559443920851e-02
4.165030764415859899e-02
3.010321925394237111e-02
2.868345798924565315e-02
3.033317244844511290e-02
2.822550423443317275e-02
2.877225837728474359e-02
2.745862598530948023e-02
2.924085836857557436e-02
2.677068235643673827e-02
2.999591322150081327e-02
2.786307726055383543e-02
2.685846764652524005e-02
2.789678070694208076e-02
3.090609777718782494e-02
2.737215035594999651e-02
2.810268535977229407e-02
3.208679793751798709e-02
2.991886241361498694e-02
2.866055758204311132e-02
2.746396190486848424e-02
2.638405472971499036e-02
2.846028532803757116e-02
2.603599731810390949e-02
3.517072636750526865e-02
3.007785500958561758e-02
2.890120314550586114e-02
2.744059969845693420e-02
2.578735129209235380e-02
2.918450909201055626e-02
2.660920375492423912e-02
2.987745380960404873e-02
2.703231042250990937e-02
2.748937486467184499e-02
3.243352858989965309e-02
2.809778025839477708e-02
2.692791689187288423e-02
3.209755348507314920e-02
2.674110159277915885e-02
2.891552996588870814e-02
2.889155652374029298e-02
2.799132303334772587e-02
2.846516448335023597e-02
2.682900215440895547e-02
2.707613771781325340e-02
2.779667223803699086e-02
3.239596337080001553e-02
2.645786190405487875e-02
2.935931468382477899e-02
2.580453888513147692e-02
2.845348641276359419e-02
2.876630176324397256e-02
2.918252750532701612e-02
3.033483223989606042e-02
2.756574652157723834e-02
2.799653545953333447e-02
2.824667063541710238e-02
3.245159142534248531e-02
3.329256367869674882e-02
2.681396277621388505e-02
3.377854861319064955e-02
3.021047725342214038e-02
2.596647001773817395e-02
2.896745509933680227e-02
2.699687308631837368e-02
2.614192599430680344e-02
3.271200023591518125e-02
4.638059067656286061e-02
2.825449664378538658e-02
3.241091375675751035e-02
2.669805304612964461e-02
2.651159930974245071e-02
2.649178963620215516e-02
2.949318231549113989e-02
2.565278094261884759e-02
2.742378435505088419e-02
2.489585926232393970e-02
2.869920348748564859e-02
2.678144699893891811e-02
3.791383262723684033e-02
3.936609905213117599e-02
2.719591641798615317e-02
2.781015210784971645e-02
2.511549820192158361e-02
2.598829357884824276e-02
2.787753599986899505e-02
2.621737770823528990e-02
3.137069512158632140e-02
4.026498032035306235e-02
4.017146084224805513e-02
4.231667702551931282e-02
3.030125699588097701e-02
2.976020465139299701e-02
3.118787900893948972e-02
2.825851701200008531e-02
2.793014290073187952e-02
3.214847295312210640e-02
2.933036091271788021e-02
2.635574000887572904e-02
2.808797350153326849e-02
2.612898387014865945e-02
2.291654676664620777e-02
2.288463854347355664e-02
2.495629359036683967e-02
2.379196030087769170e-02
2.237986358341004234e-02
2.282261865912005305e-02
2.329231309704482555e-02
2.363880902412347426e-02
2.373770209669601172e-02
2.250433923618402193e-02
2.274420000612735818e-02
2.321982137509621610e-02
2.396521456539630821e-02
2.274238117097411235e-02
2.272853113681776518e-02
2.217928616300923750e-02
2.304422318702563713e-02
2.286727833561599116e-02
2.332988986745476723e-02
2.339109831955283811e-02
2.201484923716634512e-02
2.192835798487067361e-02
2.198939840309321880e-02
2.713845971738919685e-02
2.062732429330935841e-02
2.173296832479536603e-02
2.032019747421145300e-02
2.115895241731777926e-02
2.208396998466923694e-02
1.937042492209002306e-02
2.403536936326418003e-02
2.202976925764232874e-02
1.937253794894786690e-02
2.160523524507880141e-02
1.953094630734995146e-02
2.004667824221541966e-02
1.965108429940300855e-02
2.469580664765089889e-02
2.449581827968359132e-02
2.165610252413898568e-02
2.378065688535570960e-02
2.365334699861705234e-02
2.060619767871685326e-02
2.350955306610558182e-02
2.326292409561574528e-02
2.053156695328652720e-02
2.151675566201447648e-02
2.201149249012814696e-02
2.089539286680519581e-02
2.011042668018490215e-02
1.968246069300221349e-02
2.019888592185452650e-02
2.052837032824754784e-02
2.006522291630972316e-02
2.021856464562006225e-02
1.800201563164591928e-02
1.898289745440706611e-02
1.858130232139956067e-02
1.846802092622965713e-02
2.493646647781133652e-02
2.024401918170042405e-02
3.374638622626661977e-02
2.514589838683605263e-02
1.954572746471967479e-02
1.889415336772799422e-02
1.988852262147702138e-02
1.743524776538834045e-02
2.223817046906333486e-02
2.077135575818829169e-02
2.302800581092014770e-02
2.335732737265061587e-02
2.382653105014469544e-02
1.761275741155259381e-02
2.045697237481363187e-02
1.786332803312689135e-02
2.094243871979415555e-02
1.835209847195073962e-02
1.825160621665418079e-02
1.804064635653048615e-02
1.853819688258227100e-02
2.017996154027059535e-02
1.769243621529312943e-02
1.773870553588494797e-02
1.818917868658900122e-02
1.692308031488209963e-02
1.660254466114565591e-02
1.853048866614699294e-02
1.712701870710588853e-02
1.887473231181502342e-02
2.352105490863323073e-02
1.798060904256999423e-02
1.649949587881565163e-02
1.956553944182815030e-02
1.962275775149464538e-02
1.809437924530356984e-02
2.009773884201422264e-02
1.869464109186082940e-02
2.136847435031086206e-02
2.252895690617151558e-02
1.757302124169655283e-02
1.640776691492646863e-02
1.623515547435090342e-02
1.593403844162821770e-02
1.689257711404934525e-02
1.564647755003534257e-02
1.556148886447772384e-02
1.599123055057134410e-02
1.715423100395128270e-02
1.805611427407711675e-02
1.536973931360989878e-02
1.549985543824732373e-02
1.591151729226112505e-02
1.577665650402195613e-02
1.457620909968682099e-02
1.550736968638375367e-02
1.499134445330128039e-02
1.643676399253308704e-02
1.542913389857858419e-02
1.598340923810610478e-02
1.522006241139024427e-02
1.621792065416229750e-02
1.527945990674197708e-02
1.611119139124639332e-02
1.540044972753094009e-02
1.506332566495984827e-02
1.477774797240272164e-02
1.596762733533978532e-02
1.640102099627256324e-02
1.534932524082250824e-02
1.547659662319347297e-02
1.655384988407604396e-02
1.489420105463068467e-02
1.599282519891858170e-02
1.624554805457591872e-02
1.556780629507556989e-02
1.517512541468022357e-02
1.556048380880383809e-02
1.945479161804541945e-02
1.461571599356830189e-02
1.671392229618504782e-02
1.613049904990475694e-02
1.448582787706982275e-02
1.499593423905025771e-02
1.448028175145736965e-02
1.457649425137788092e-02
1.532665869453921949e-02
1.581882491536816884e-02
1.462987538543529878e-02
1.478772602567914908e-02
1.425895339343696833e-02
1.469928868027636781e-02
1.409891119983512978e-02
1.647365840617567162e-02
1.579389341932255914e-02
1.496954195899888838e-02
1.555407710548024555e-02
1.468815967673435877e-02
1.389312524115666678e-02
1.539673758670687641e-02
1.514882919145748089e-02
1.584119519866362610e-02
1.529762579593807459e-02
1.483775240922113881e-02
1.423359801992774010e-02
1.414198975544422865e-02
1.589913548668846557e-02
1.554554742760956218e-02
1.417861077352427016e-02
1.588592820335179429e-02
1.820917248842306504e-02
1.596273485338315506e-02
1.699209731159499054e-02
1.728580931667238543e-02
1.832771531771868606e-02
1.395647779572755168e-02
1.711092068580910563e-02
1.451908641247428092e-02
1.505425461800768971e-02
1.533674002857878839e-02
1.451874498743563856e-02
1.420105171273462405e-02
1.405614727991633117e-02
1.459122732048854197e-02
1.675745141692459514e-02
1.958992574363947053e-02
1.627052039839327335e-02
1.668725535273551941e-02
1.464967010542750359e-02
1.496938717209559365e-02
1.551938105840235983e-02
1.672090978536289185e-02
1.849290631653275480e-02
1.683631156920455466e-02
1.604609992355108400e-02
1.340649056364782120e-02
1.487713353708386421e-02
1.406962199835106765e-02
1.395447378708922735e-02
1.413215629872865975e-02
1.383012619335204432e-02
1.364113059826195171e-02
1.326055247336626122e-02
1.497981137363240192e-02
1.394566749222576549e-02
1.400287731084972655e-02
1.493170347530394827e-02
1.390480659902095829e-02
1.357184978551231359e-02
1.428793571831192891e-02
1.317770141176879441e-02
1.378426330629736220e-02
1.360153056994022405e-02
1.322094090282916953e-02
1.311937538557685946e-02
1.349466244573704898e-02
1.417009445722214843e-02
1.367896834854036639e-02
1.334789068205282161e-02
1.300403729546815122e-02
1.388259818195365300e-02
1.373124554520472815e-02
1.297166000586003065e-02
1.319502971600741183e-02
1.385049669552245247e-02
1.308977464796043898e-02
1.299050732050091063e-02
1.344821398379281163e-02
1.417154697701334884e-02
1.350688535603694618e-02
1.352264514425769414e-02
1.307443507830612431e-02
1.374526895815506543e-02
1.369209783151745762e-02
1.435591881891013985e-02
1.336632992024533451e-02
1.295609527733176947e-02
1.340030272258445690e-02
1.287770764902234147e-02
1.314654051093384554e-02
1.333620735822478240e-02
1.320448768092319369e-02
1.302925409763702226e-02
1.346448512049391866e-02
1.308110596164624440e-02
1.349796819267794559e-02
1.368331756675615976e-02
1.321230427420232514e-02
1.289289109408855473e-02
1.289960843278095161e-02
1.287633904721587931e-02
1.320689898784621619e-02
1.323465835303068092e-02
1.308596510498318856e-02
1.307685352294356632e-02
1.255094476509839227e-02
1.281279091199394315e-02
1.405845622648485040e-02
1.272299570264294813e-02
1.318824654445052182e-02
1.282967459992505679e-02
1.277384006898501026e-02
1.286653668503276969e-02
1.288955501076998258e-02
1.297550485760439257e-02
1.323584887431934407e-02
1.314676615875214408e-02
1.266297402326017549e-02
1.343918003840371966e-02
1.424972831737250124e-02
1.358461136696860125e-02
1.300581640534801374e-02
1.281751795213494950e-02
1.426176193635910784e-02
1.261889505694853073e-02
1.254657997633330455e-02
1.258680505270604044e-02
1.306269771885126829e-02
1.280978220747783745e-02
1.243624596390873263e-02
1.257789736264385352e-02
1.269669185858219793e-02
1.297423477517440846e-02
1.278430779930204118e-02
1.295961710566189209e-02
1.261540309060365031e-02
1.242355721769854496e-02
1.249350145226344432e-02
1.271409834407677408e-02
1.262941492132085841e-02
1.289147562929429149e-02
1.244973976863548125e-02
1.219650717684999178e-02
1.245572784973774175e-02
1.263311149377841468e-02
1.332576802342373343e-02
1.284474390777177143e-02
1.308485341869527509e-02
1.335178192239254782e-02
1.227926875108096248e-02
1.224569428013637731e-02
1.280642617493867909e-02
1.218306755181402037e-02
1.239851556019857561e-02
1.239210205385461380e-02
1.254918559570796822e-02
1.236417581094428897e-02
1.226326623000204528e-02
1.222703304956667195e-02
1.219375736836809596e-02
1.249988798863341764e-02
1.232652705457439914e-02
1.202791670220904052e-02
1.239641585852950881e-02
1.256181355565786327e-02
1.217126706615090370e-02
1.226208594162017142e-02
1.224363705550786038e-02
1.221677959838416393e-02
1.245382721535861527e-02
1.217214398784562980e-02
1.233347631059586967e-02
1.244387598126195371e-02
1.263370208471314982e-02
1.274826508015394246e-02
1.262749861343763838e-02
1.242284094914794003e-02
1.193913797760615125e-02
1.211768382927402854e-02
1.234911526480573195e-02
1.306950785001390579e-02
1.280276411853265017e-02
1.258456315845251153e-02
1.236552713089622557e-02
1.216633692529285257e-02
1.242072722961893270e-02
1.229038280434906552e-02
1.255847011343575945e-02
1.203534828964620759e-02
1.209816332811897155e-02
1.182724812824744766e-02
1.225083413701213465e-02
1.207499343654490007e-02
1.251827204505389160e-02
1.203841832175385138e-02
1.223661868607450742e-02
1.220886725932359730e-02
1.216852080433454900e-02
1.195660465891705895e-02
1.211054630111902883e-02
1.194204907806124469e-02
1.220301448483951390e-02
1.258038355736062000e-02
1.249395201739389449e-02
1.200817910139448906e-02
1.240315291797742213e-02
1.180578183848410810e-02
1.197078335098922253e-02
1.203411597634840291e-02
1.219862753496272524e-02
1.227388656116090715e-02
1.243859660680755007e-02
1.261358739957358852e-02
1.224645031616091763e-02
1.231840817490592599e-02
1.179590827086940408e-02
1.299739585156203282e-02
1.303579243685817381e-02
1.255660982278641348e-02
1.255887066836294287e-02
1.247204145183786715e-02
1.242814848665147950e-02
1.187511242460459471e-02
1.189048266969621251e-02
1.246724368538707460e-02
1.237891463679261471e-02
1.201005573675502022e-02
1.235564902744954417e-02
1.235603903187438776e-02
1.204922633369278663e-02
1.175413816235959530e-02
1.354294230695813825e-02
1.218176120892167091e-02
1.185425360017688945e-02
1.291730877419467946e-02
1.185446553863584926e-02
1.206615408591460437e-02
1.170175605802796850e-02
1.194032264174893498e-02
1.234863143108668772e-02
1.180145389807876234e-02
1.199811280239373480e-02
1.187125677242875134e-02
1.188023132272064686e-02
1.228837188100442325e-02
1.178209767094813218e-02
1.187123294457705959e-02
1.181772161507979070e-02
1.242893366434145649e-02
1.237195502471877262e-02
1.186446772189810907e-02
1.182265852039563435e-02
1.176707170670852030e-02
1.160937744643888471e-02
1.178413601592183044e-02
1.177076537715038285e-02
1.175195707182865625e-02
1.174715993656718672e-02
1.177068704855628242e-02
1.169310798868536914e-02
1.180730962660163710e-02
1.186629952862858738e-02
1.183604929246939719e-02
1.172795080346986617e-02
1.164112897749873879e-02
1.183006294813821954e-02
1.171456875745207141e-02
1.181680154404602875e-02
1.193432171567110345e-02
1.170679082861170173e-02
1.164852090223575908e-02
1.193394013680517708e-02
1.160372444428503513e-02
1.171629754826426437e-02
1.208521078806370531e-02
1.169509566389024223e-02
1.178102236008271575e-02
1.198464031622279401e-02
1.198037784197367693e-02
1.202485008980147541e-02
1.148083199514076183e-02
1.211925162933766807e-02
1.190876060136361082e-02
1.168386542049120250e-02
1.176862129941582714e-02
1.183487567432166612e-02
1.155444565883954021e-02
1.175530289183370804e-02
1.164673762759775924e-02
1.168310656321409555e-02
1.164219932397827541e-02
1.160272458801045979e-02
1.158592208521440695e-02
1.160098767650197260e-02
1.155074127018451691e-02
1.176419187795545510e-02
1.161981336354074232e-02
1.176692815060960060e-02
1.156378289451822673e-02
1.186474231071770261e-02
1.168395309941843221e-02
1.153682678123004769e-02
1.178471952953259391e-02
1.157191962538490701e-02
1.155692184984218399e-02
1.161464986671489896e-02
1.158648575874394668e-02
1.156651440542191302e-02
1.150202343924320268e-02
1.172124308068305323e-02
1.210048475768417051e-02
1.159318960853852366e-02
1.161979051230446237e-02
1.151037249364890089e-02
1.152644462417811225e-02
1.154794939793646336e-02
1.159726185433100978e-02
1.159077152260579169e-02
1.181271169043611804e-02
1.187984535936266114e-02
1.166174449899699470e-02
1.168225991596045718e-02
1.187804617220535909e-02
1.150935695040971110e-02
1.150107476423727418e-02
1.143757186582661234e-02
1.156098431074497127e-02
1.151561524202406907e-02
1.148743769153952668e-02
1.141067415010183980e-02
1.178083701524883578e-02
1.175557349197333713e-02
1.148189556479337591e-02
1.141242080775555293e-02
1.141712437383830478e-02
1.154745903186267172e-02
1.150527577701723238e-02
1.156240916134265717e-02
1.152120538754388725e-02
1.143183568492531742e-02
1.157452058541821351e-02
1.143470485294528771e-02
1.140661787867429736e-02
1.160994396777823533e-02
1.174880135804414784e-02
1.136291186558082734e-02
1.163042662665247917e-02
1.133668371476232936e-02
1.135666136397048796e-02
1.175172610091976787e-02
1.148326667389483122e-02
1.150660439161583712e-02
1.138705309931537998e-02
1.130848112788953620e-02
1.159885864617535810e-02
1.152076410144218209e-02
1.159315865370444919e-02
1.132377382073173136e-02
1.155175942112691631e-02
1.145920371636748383e-02
1.149672714527696406e-02
1.135197898256592487e-02
1.134082401404157281e-02
1.134599768993211841e-02
1.133512757041899022e-02
1.143152054864913190e-02
1.149071953259408509e-02
1.154841128736734321e-02
1.141951712197624216e-02
1.126362596187391318e-02
1.132758779276627978e-02
1.134898930322378839e-02
1.138059748336672783e-02
1.145014326320961152e-02
1.146681106765754486e-02
1.140349761772085913e-02
1.126160697749583120e-02
1.134578178316587513e-02
1.155782902351347799e-02
1.148252326820511406e-02
1.142073489027097856e-02
1.146295940270647407e-02
1.140035240059660351e-02
1.135077147991978529e-02
1.132492701035516837e-02
1.155366888269782066e-02
1.144821242778562044e-02
1.131293165344686782e-02
1.147479127102997085e-02
1.130460991989821161e-02
1.127899175917264005e-02
1.142646992520894925e-02
1.123379742348333890e-02
1.127919886421295884e-02
1.132481857202947105e-02
1.139532652669004130e-02
1.140913934577838552e-02
1.135521166143007611e-02
1.134397385612828657e-02
1.127192924031987856e-02
1.139775079645915026e-02
1.144769461825489998e-02
1.140001127496361767e-02
1.137708558235317469e-02
1.125860895263031125e-02
1.134230341849615763e-02
1.131190576707013021e-02
1.133674292796058546e-02
1.141487417044118047e-02
1.147021687356755172e-02
1.138735245185671340e-02
1.136170534446137061e-02
1.134352180670248310e-02
1.134412078390596365e-02
1.133859948022291134e-02
1.123961326084099710e-02
1.131689619505777886e-02
1.143074497085763176e-02
1.138806142535031540e-02
1.124163911445066368e-02
1.127077639230265015e-02
1.123864734618109686e-02
1.132445310940966010e-02
1.140395565198559780e-02
1.126512459013611148e-02
1.138636718387715449e-02
1.129030391821288573e-02
1.126230444388056674e-02
1.129387614782899688e-02
1.131168528227135574e-02
1.158253366593271425e-02
1.145429810276255012e-02
1.134070743501069956e-02
1.137878040317446063e-02
1.131012511905282736e-02
1.128009573731105809e-02
1.127813836574205128e-02
1.129713401096523774e-02
1.133873114740708773e-02
1.137605640615220112e-02
1.120298312744125689e-02
1.125563885434530641e-02
1.124975058191921527e-02
1.125701202108757640e-02
1.127301827509654721e-02
1.121072725509293308e-02
1.119203586131334305e-02
1.130515507247764617e-02
1.126364764058962464e-02
1.130165950235095806e-02
1.125314125965815037e-02
1.120069714379496803e-02
1.121717285695922328e-02
1.127723704557865789e-02
1.121809872565790976e-02
1.131708561879349838e-02
1.127351853065192665e-02
1.116584670089650934e-02
1.129780443734489451e-02
1.121531642274931073e-02
1.120261494070291450e-02
1.122205080464482377e-02
1.132317196897929604e-02
1.127188467653468182e-02
1.112995870062150061e-02
1.134078288305317983e-02
1.123070898029254749e-02
1.117421233466302580e-02
1.118849389895331184e-02
1.127252961086924223e-02
1.117275153810623999e-02
1.124705356778576970e-02
1.119713116204366053e-02
1.119576472992775927e-02
1.115462760390073527e-02
1.118805838268599473e-02
1.119246789312455803e-02
1.120292986306594719e-02
1.124779652018332785e-02
1.123247471332433634e-02
1.116443708888254990e-02
1.114402504754252732e-02
1.116091096082527656e-02
1.129619360945071163e-02
1.122536481125280261e-02
1.125558348139748047e-02
1.117133140505757218e-02
1.120682321088679531e-02
1.115351298358291388e-02
1.115457400446757605e-02
1.121098407311365078e-02
1.127282342058606376e-02
1.115413205698132480e-02
1.110662866267375648e-02
1.117567104520276154e-02
1.115869875284261105e-02
1.120575213135452906e-02
1.118141322513110936e-02
1.115669725113548408e-02
1.117590259709686472e-02
1.123414112371392583e-02
1.123568986367899994e-02
1.116693730728002265e-02
1.112969881360186333e-02
1.120433356700232218e-02
1.117753027938306332e-02
1.119489427655935218e-02
1.121013672673143446e-02
1.115161366906249930e-02
1.119129318612976931e-02
1.117741025518625975e-02
1.126159543637186324e-02
1.113103859497641644e-02
1.113088403944857349e-02
1.115215565077960422e-02
1.115438740234822070e-02
1.113323587924242020e-02
1.126512998016551172e-02
1.119064549857284874e-02
1.139119609943009016e-02
1.112537260924000362e-02
1.108788944329717162e-02
1.117347903345944360e-02
1.115109487436711719e-02
1.125172169995494222e-02
1.121167246019467642e-02
1.109430538199376350e-02
1.117503859786666068e-02
1.109638697816990247e-02
1.112853955710306833e-02
1.114982013605185854e-02
1.119447379023768077e-02
1.111028961458941991e-02
1.125431803520768846e-02
1.113175869395490770e-02
1.112707210704684188e-02
1.113673866493627464e-02
1.114193139619601425e-02
1.114754834561608801e-02
1.120132683427072992e-02
1.117583719315007329e-02
1.112228696001693606e-02
1.120701106265187263e-02
1.113861519261263346e-02
1.109707998111844097e-02
1.120483876438811352e-02
1.108827551361173461e-02
1.124528076034039294e-02
1.129778118047397584e-02
1.111830229056067799e-02
