2.846689522266387939e-01
3.136168917020161762e-01
3.885297675927479877e-01
3.330152034759521484e-01
3.407529691855112897e-01
3.272501428922017230e-01
3.342164307832717896e-01
4.091588556766510010e-01
3.126943210760752545e-01
4.089035938183466778e-01
3.882513840993245258e-01
3.861872305472691669e-01
3.593252003192901611e-01
3.385637948910395489e-01
3.407099147637684955e-01
4.015344778696696149e-01
4.160509606202443256e-01
3.467792173226674213e-01
3.488324681917826520e-01
3.996806939442952289e-01
3.356876472632090436e-01
3.402982056140899658e-01
4.003864427407582416e-01
3.402045269807179584e-01
3.665488461653391705e-01
3.776378134886423932e-01
3.844946424166361676e-01
3.563149968783060895e-01
3.572672307491302490e-01
3.949186503887176514e-01
3.373505622148513794e-01
3.599715630213419781e-01
4.494512379169464111e-01
4.078212877114613666e-01
3.918159306049346924e-01
3.608671724796295166e-01
4.015197257200877057e-01
3.396924138069152832e-01
3.498155474662780762e-01
3.392918705940246582e-01
3.689880172411600934e-01
3.246104518572489606e-01
3.766553550958633423e-01
3.393756449222564697e-01
3.898302813371022357e-01
3.514885803063710346e-01
3.652608692646026611e-01
3.589087128639221191e-01
3.444678833087285175e-01
3.758055865764617920e-01
3.711566030979156494e-01
3.844956755638122559e-01
3.335299342870712280e-01
3.429253995418548584e-01
3.646055757999420166e-01
3.694974780082702637e-01
3.857585390408833637e-01
3.801475365956624164e-01
3.335690498352050781e-01
4.125214815139770508e-01
3.540587127208709717e-01
3.566987613836924420e-01
3.672434240579605103e-01
3.634229401747385846e-01
3.970910509427388324e-01
4.067694246768951416e-01
3.193441281716029034e-01
3.592994113763173236e-01
3.360437800486882343e-01
3.537589808305104389e-01
3.660101393858591901e-01
3.588386277357737408e-01
3.701343188683192120e-01
3.701485842466354370e-01
3.715922633806864606e-01
3.648298680782318115e-01
3.512129485607147217e-01
3.288279473781585693e-01
4.023380478223164691e-01
3.699370721975962506e-01
3.365249335765838623e-01
3.316957255204518451e-01
3.904434144496917725e-01
4.108523925145466937e-01
3.764384090900421143e-01
3.562188545862833844e-01
3.805949091911315918e-01
3.648769458134968890e-01
3.806694944699605121e-01
3.691899975140889301e-01
4.057608445485432758e-01
3.640395899613698139e-01
3.305006325244903564e-01
3.371938169002532959e-01
3.340987662474314557e-01
3.749479353427886963e-01
3.536362449328104840e-01
3.342701544364293231e-01
3.424795965353648053e-01
3.806550751129786359e-01
3.613490263621012555e-01
3.889164527257283344e-01
3.624596595764160156e-01
3.645445803801218854e-01
3.701386352380116596e-01
3.543291687965393066e-01
3.223165323336918964e-01
3.585996031761169434e-01
3.327912340561549054e-01
3.864122033119201660e-01
3.353799283504486084e-01
3.562766114870707379e-01
3.558445771535237445e-01
3.895610968271891461e-01
3.727668623129526959e-01
3.497972687085469379e-01
3.361168901125590192e-01
3.443905015786488666e-01
3.532766898473103656e-01
3.871521155039469586e-01
3.640018006165822162e-01
3.785065511862437115e-01
3.712265988190968646e-01
3.392385542392730713e-01
3.689158956209818707e-01
3.170307427644729614e-01
3.707821865876515521e-01
3.475197752316792621e-01
3.537438213825225830e-01
3.717571099599202289e-01
3.646531999111175537e-01
3.710515300432841168e-01
3.872040708859761371e-01
3.685770531495412006e-01
3.537757396697998047e-01
3.469886382420857562e-01
3.860487739245097027e-01
3.700344661871592389e-01
3.839828868707020892e-01
3.602727154890696393e-01
3.241822818915049420e-01
3.608778119087219238e-01
3.616323769092559814e-01
3.443469802538554059e-01
3.645805617173512592e-01
3.840286682049433575e-01
3.554959992567698346e-01
3.630316654841105328e-01
3.723219831784566058e-01
3.780397375424702777e-01
3.686009248097737445e-01
3.722573518753051758e-01
3.646690547466278076e-01
3.451620141665140973e-01
3.320863942305247174e-01
3.553470571835835590e-01
3.707825144131978168e-01
3.573917945226033344e-01
3.135722850759823932e-01
3.342478126287460327e-01
3.603617449601491107e-01
3.510290284951527728e-01
3.609554171562194824e-01
3.531062404314677106e-01
3.724762797355651855e-01
3.799051791429519653e-01
3.641051749388377057e-01
3.228877087434132709e-01
3.520985643068949567e-01
3.401310543219248639e-01
3.513358831405639648e-01
3.319976528485615863e-01
3.677229285240173340e-01
3.476093709468841553e-01
3.534344534079233990e-01
3.425001601378123151e-01
3.484451075394948139e-01
3.462997674942016602e-01
3.684566815694172992e-01
3.368926544984181537e-01
3.264602224032084332e-01
3.824555426836013794e-01
3.221756915251414166e-01
3.751665453116099225e-01
3.706542551517486572e-01
3.731119831403096332e-01
3.568325340747833252e-01
3.277192910512288226e-01
3.412849803765614642e-01
3.503420054912567139e-01
3.676418662071228027e-01
3.486111760139465332e-01
3.273716568946838379e-01
3.504514594872792377e-01
3.355392217636108398e-01
3.599834144115447998e-01
3.919191559155781879e-01
3.481210768222808838e-01
3.248546024163563861e-01
3.593610127766926898e-01
3.841787974039713727e-01
3.499462703863779889e-01
3.645002245903015137e-01
3.485021293163299561e-01
3.311648219823837280e-01
3.386464814345042096e-01
3.704824944337208881e-01
3.626793920993804932e-01
3.554447094599406110e-01
3.393749892711639404e-01
3.365715742111206055e-01
3.816250662008921490e-01
3.634029924869537354e-01
3.243250250816345215e-01
3.303879797458648682e-01
3.556491931279500140e-01
3.517775932947794781e-01
3.169401635726292743e-01
3.240050723155339374e-01
3.753556311130523682e-01
3.430181344350178851e-01
3.316597044467926025e-01
3.142416079839070453e-01
3.356972783803939819e-01
3.565663894017537250e-01
3.501014212767283307e-01
3.361920416355133057e-01
3.218947450319926129e-01
3.095490212241808758e-01
3.554973900318145752e-01
3.748190899689992084e-01
3.646610180536906110e-01
3.389135698477427350e-01
3.378531634807586670e-01
3.554431001345316754e-01
3.713265558083851947e-01
3.642038603623707904e-01
3.346832791964213238e-01
3.866104731957117902e-01
3.712512552738189697e-01
3.907806475957234515e-01
3.597392936547597064e-01
3.508050342400868549e-01
3.265878558158874512e-01
3.685152977705001831e-01
3.364641865094502582e-01
3.593698640664418353e-01
3.363626052935917987e-01
3.747536639372507916e-01
3.650061190128326416e-01
3.247890522082646503e-01
3.567480742931365967e-01
3.436642587184906006e-01
3.787340124448140277e-01
3.519826332728068219e-01
3.359568715095520020e-01
3.365252216657002582e-01
3.380509217580159320e-01
3.489601214726765765e-01
3.275839438041051044e-01
3.592538833618164062e-01
3.612894912560780658e-01
3.293375968933105469e-01
3.125304828087488995e-01
3.521583278973897113e-01
3.500652114550272809e-01
3.601061453421910419e-01
3.354646464188893451e-01
3.466090361277262555e-01
3.614859481652577533e-01
3.356370230515797748e-01
3.276741653680801392e-01
3.414046963055928363e-01
3.606246908505757465e-01
3.632581035296122418e-01
3.544461429119110107e-01
3.666139145692189349e-01
3.454127808411915912e-01
3.758668502171834125e-01
3.260131627321243286e-01
3.477062086264292584e-01
3.707351982593536377e-01
3.412383496761322021e-01
3.524476985136668072e-01
3.709385593732197894e-01
3.473962148030598773e-01
3.293216327826182233e-01
3.455589214960734235e-01
3.272991081078847064e-01
3.462745646635691510e-01
3.569638232390086041e-01
3.632979591687520160e-01
3.516950607299804688e-01
3.492065072059631348e-01
3.650709390640258789e-01
3.433207372824351178e-01
3.303005347649256573e-01
3.396957119305928363e-01
3.334248363971710205e-01
3.624211748441060199e-01
3.532222310702006207e-01
3.621399402618408203e-01
3.448888957500457764e-01
3.540490369002024518e-01
3.544687330722808838e-01
3.307384947935740338e-01
3.436205337444941388e-01
3.784215052922566547e-01
3.509349524974822998e-01
3.316523631413777484e-01
3.530350675185521259e-01
3.514711956183115826e-01
3.272626896699269428e-01
3.280333081881205426e-01
3.552264571189880371e-01
3.488100171089172363e-01
3.412937025229136334e-01
3.197829475005467548e-01
3.334189852078755512e-01
3.543817400932312012e-01
3.167407065629959106e-01
3.472936451435089111e-01
3.188223540782928467e-01
3.500898579756419049e-01
3.458045621713002338e-01
3.535363078117370605e-01
3.472796181837717877e-01
3.308551609516143799e-01
3.247323681910832538e-01
3.416375418504078998e-01
3.459439078966776715e-01
3.593654831250508441e-01
3.442507386207580566e-01
3.409258325894673480e-01
3.707689344882965088e-01
3.230117658774058209e-01
3.449630935986836566e-01
3.472812672456105365e-01
3.317112028598785400e-01
3.476480344931284772e-01
3.466893037160237445e-01
3.579451640446980609e-01
3.417208393414815082e-01
3.433082600434620990e-01
3.360901772975921631e-01
3.319416244824727191e-01
3.124136626720428467e-01
3.411605159441630231e-01
3.315906574328740253e-01
3.481040596961975098e-01
3.349494636058807373e-01
3.277822881937026978e-01
3.502612511316935406e-01
3.312160174051920758e-01
3.592437704404194965e-01
3.474491039911906110e-01
3.264628748099009381e-01
3.549583653608958111e-01
3.481296102205912457e-01
3.396621843179066791e-01
3.516229291756947650e-01
3.341315388679504395e-01
3.347896238168080463e-01
3.524612088998158588e-01
3.538600802421569824e-01
3.509170512358347760e-01
3.471370438734690533e-01
3.365198671817779541e-01
3.362352748711903705e-01
3.419430851936340332e-01
3.559857805569966449e-01
3.233841359615325928e-01
3.325494130452473773e-01
3.373816013336181641e-01
3.206186741590499878e-01
3.358250260353088379e-01
3.505654036998748779e-01
3.376908799012501849e-01
3.357993861039479389e-01
3.548564612865447998e-01
3.554557462533314838e-01
3.455184300740559711e-01
3.297129472096760883e-01
3.546301523844401227e-01
3.393845260143280029e-01
3.378918568293253766e-01
3.395189841588338031e-01
3.411690096060435162e-01
3.440346469481785907e-01
3.540626565615336285e-01
3.446013828118641986e-01
3.313245475292205811e-01
3.564087450504302979e-01
3.590401709079742432e-01
3.448536594708760394e-01
3.588111599286397113e-01
3.474739889303843365e-01
3.302526076634724750e-01
3.407599727312723981e-01
3.340107103188832416e-01
3.524646162986755371e-01
3.604875852664311542e-01
3.578180372714996338e-01
3.521203001340230121e-01
3.654654324054718018e-01
3.795824845631917133e-01
3.454313675562540875e-01
3.650540808836619244e-01
3.631703456242879047e-01
3.557220200697581158e-01
3.450140555699666156e-01
3.371333479881286621e-01
3.401936093966166363e-01
3.379256824652354108e-01
3.494107325871785297e-01
3.654168744881947650e-01
3.533564458290736066e-01
3.363446791966756000e-01
3.458386063575744629e-01
3.454191088676452637e-01
3.279258012771606445e-01
3.418548802534739361e-01
3.595285614331563129e-01
3.343894779682159424e-01
3.397588531176249371e-01
3.404330611228942871e-01
3.181221733490626202e-01
3.645513653755187988e-01
3.308709661165873395e-01
3.314514656861622943e-01
3.319612542788187848e-01
3.441736201445261822e-01
3.558120528856913434e-01
3.315653800964355469e-01
3.513919810454050885e-01
3.253106822570164813e-01
3.589596649010975971e-01
3.372982243696848736e-01
3.598197599252064838e-01
3.509996434052785053e-01
3.417805433273315430e-01
3.347704013188679828e-01
3.544724285602569580e-01
3.379628707965214862e-01
3.709798852602640973e-01
3.587093502283096313e-01
3.478016455968220844e-01
3.586706717809041156e-01
3.601176440715789795e-01
3.578598598639170514e-01
3.317342400550842285e-01
3.450629512468973981e-01
3.439531624317169189e-01
3.144985089699427472e-01
3.575707773367564069e-01
3.619852264722188129e-01
3.571984271208445416e-01
3.619620005289713727e-01
3.403815527757008685e-01
3.437051375706990375e-01
3.484714428583781110e-01
3.261802792549133301e-01
3.391075630982716693e-01
3.371052543322245465e-01
3.441698352495829449e-01
3.212655584017435895e-01
3.345230817794799805e-01
3.631889224052429199e-01
3.457570771376292096e-01
3.546345333258311139e-01
3.688779870669047223e-01
3.530047734578450336e-01
3.295209060112635480e-01
3.297727753718693866e-01
3.395619392395019531e-01
3.334162135918934955e-01
3.137516578038533344e-01
3.606448570887247906e-01
3.372300664583842145e-01
3.507659534613291608e-01
3.542997638384501324e-01
3.273520668347676410e-01
3.335461318492889404e-01
3.655565778414408551e-01
3.400966624418894635e-01
3.354154328505198346e-01
3.440274198849995746e-01
3.098097691933314191e-01
3.432085712750752582e-01
3.353818158308665143e-01
3.511111636956532611e-01
3.356242378552754535e-01
3.211507648229598999e-01
3.553438683350880756e-01
3.334480226039886475e-01
3.513370951016743793e-01
3.361904223759968890e-01
3.565732141335805072e-01
3.512706756591796875e-01
3.237268825372059955e-01
3.422890702883402692e-01
3.282746672630310059e-01
3.165328751007716046e-01
3.795658499002456665e-01
3.508012294769287109e-01
3.249375025431315289e-01
3.631848146518071307e-01
3.471307655175526752e-01
3.224988778432210101e-01
3.464042147000630512e-01
3.415247797966003418e-01
3.208422213792800903e-01
3.484926223754882812e-01
3.329448501269022809e-01
3.282661239306132184e-01
3.815623372793197632e-01
3.401204645633697510e-01
3.395081162452697754e-01
3.345984419186909808e-01
3.235185295343399048e-01
3.389984567960103168e-01
3.295774658521016254e-01
3.068880761663119183e-01
3.555052479108174457e-01
3.283454477787017822e-01
3.474711477756500244e-01
3.516007463137308942e-01
3.447918593883514404e-01
3.626263638337453021e-01
3.536578218142191754e-01
3.327516317367553711e-01
3.393653134504954205e-01
3.542455534140269147e-01
3.424281378587086810e-01
3.446648021539052142e-01
3.254217853148778095e-01
3.169871866703033447e-01
3.238170643647511615e-01
3.691568970680236816e-01
3.340791563193003522e-01
3.357477982838948383e-01
3.378221491972605572e-01
3.533038794994354248e-01
3.040661364793777466e-01
3.130121976137161255e-01
3.549709717432658063e-01
3.292708396911621094e-01
3.284139533837636127e-01
3.529592355092366351e-01
3.365531265735626221e-01
3.552185495694478168e-01
3.394852777322133197e-01
3.575270970662434711e-01
3.210238416989644183e-01
3.384559651215870990e-01
3.278422057628631592e-01
3.514553407828013287e-01
3.552238643169403076e-01
3.369279503822326660e-01
3.509531915187835693e-01
3.292335470517476215e-01
3.307075202465057373e-01
3.574122587839762555e-01
3.125339249769846783e-01
3.511861066023508893e-01
3.258610367774963379e-01
3.366140723228454590e-01
3.332000970840454102e-01
3.698025246461232318e-01
3.733311196168263568e-01
3.555710216363270892e-01
3.310039540131886615e-01
3.498130838076273785e-01
3.732042312622070312e-01
3.326405386130015240e-01
3.434683581193287982e-01
3.510043422381083356e-01
3.429822723070780621e-01
3.344605962435404645e-01
3.432183067003886090e-01
3.537085056304931641e-01
3.598483502864837646e-01
3.338425656159718646e-01
3.410953879356384277e-01
3.308851818243662701e-01
3.652512182792027606e-01
3.413944045702616559e-01
3.604032496611277447e-01
3.618203202883402692e-01
3.499132792154948102e-01
3.566679954528808594e-01
3.300810555617014752e-01
3.598252137502034320e-01
3.365761439005534039e-01
3.302780191103617535e-01
3.440081526835759296e-01
3.612964649995167865e-01
3.526390393575032367e-01
3.465528984864552631e-01
3.364458580811818256e-01
3.223698089520136700e-01
3.353815972805023193e-01
3.546757698059082031e-01
3.622682094573974609e-01
3.519605249166488647e-01
3.595499694347381592e-01
3.293730417887369977e-01
3.682422687609990253e-01
3.350443542003631592e-01
3.365008930365244733e-01
3.305676579475402832e-01
3.243423750003178729e-01
3.595965703328450336e-01
3.482583860556284772e-01
3.560223728418350220e-01
3.367108603318532123e-01
3.297428786754608154e-01
3.466034630934397565e-01
3.419714371363322125e-01
3.312778572241465436e-01
3.428053359190623151e-01
3.604362010955810547e-01
3.436313867568969727e-01
3.303285936514536725e-01
3.333299259344736920e-01
3.538289467493693219e-01
3.593597412109375000e-01
3.634326557318369733e-01
3.410699367523193359e-01
3.756952087084452496e-01
3.351946175098419189e-01
3.383402129014332904e-01
3.427913089593251361e-01
3.308407266934712543e-01
3.416616221268971576e-01
3.535431971152623309e-01
3.475028077761332379e-01
3.301513691743214740e-01
3.538140555222828998e-01
3.273295611143112183e-01
3.481743534406026019e-01
3.395329614480336322e-01
3.398192127545674457e-01
3.629648685455322266e-01
3.215217292308807373e-01
3.463475902875264301e-01
3.427446683247883930e-01
3.398377796014149799e-01
3.325126965840657367e-01
3.288895785808563232e-01
3.486346105734507428e-01
3.547158837318420410e-01
3.692371149857838764e-01
3.455540339152018414e-01
3.388200600941975726e-01
3.383853534857432233e-01
3.360862731933593750e-01
3.440370559692382812e-01
3.160934150218963623e-01
3.301312724749247418e-01
3.439275523026784076e-01
3.358463843663533344e-01
3.468309342861175537e-01
3.635515073935191022e-01
3.501171171665191650e-01
3.572217524051666260e-01
3.343375424544016705e-01
3.345412711302439557e-01
3.387691179911295758e-01
3.108017792304356708e-01
3.696231146653493060e-01
3.296940724054972516e-01
3.435618281364440918e-01
3.262603431940078735e-01
3.325460354487101422e-01
3.489110171794891357e-01
3.510164022445678711e-01
3.475287059942881451e-01
3.266628930966059552e-01
3.486303786436716901e-01
3.407655656337738037e-01
3.592263460159301758e-01
3.309712807337443219e-01
3.391836583614349365e-01
3.363428115844726562e-01
3.429348866144816266e-01
3.497938861449559345e-01
3.354710439840952740e-01
3.435265024503071918e-01
3.251668761173884259e-01
3.617711961269378662e-01
3.329561849435170306e-01
3.317078649997711182e-01
3.321478962898254395e-01
3.515194555123646869e-01
3.577360709508259906e-01
3.574409484863281250e-01
3.568495810031890869e-01
3.488369087378184186e-01
3.465607066949208392e-01
3.342827359835306988e-01
3.307431240876515521e-01
3.248694141705830707e-01
3.627476592858632221e-01
3.248366912206013812e-01
3.363875349362691058e-01
3.312487204869588031e-01
3.625147143999735699e-01
3.420850137869517194e-01
3.446046312650044574e-01
3.557000756263732910e-01
3.438414136568705426e-01
3.402276486158370972e-01
3.335857689380645752e-01
3.476143578688303815e-01
3.514934579531351910e-01
3.532387614250183105e-01
3.338290055592854633e-01
3.247643013795216693e-01
3.571508626143137799e-01
3.481549223264058246e-01
3.497390250364939557e-01
3.552152911822001324e-01
3.333203097184498920e-01
3.456498185793558942e-01
3.334080874919891357e-01
3.433271249135335101e-01
3.261339416106541766e-01
3.491352597872416363e-01
3.445276121298472272e-01
3.370731572310129986e-01
3.414300282796223773e-01
3.293380439281463623e-01
3.308564921220143451e-01
3.132228602965672626e-01
3.507708211739857806e-01
3.395541707674662457e-01
3.411407272020975934e-01
3.387228647867838727e-01
3.329220612843831195e-01
3.558253248532612933e-01
3.466858764489491596e-01
3.287679304679234638e-01
3.205745269854863300e-01
3.490989804267883301e-01
3.374223113059997559e-01
3.009590779741604938e-01
3.487292726834614887e-01
3.529482583204905377e-01
3.526685933272044049e-01
3.161742587884266986e-01
3.572238584359486713e-01
3.481301069259643555e-01
3.546217978000640869e-01
3.437134623527526855e-01
3.443306883176167621e-01
3.462570905685424805e-01
3.509757220745086670e-01
3.544839123884837018e-01
3.398162424564361572e-01
3.612574636936187744e-01
3.610238035519917621e-01
3.566405773162841797e-01
3.322359522183735980e-01
3.340538144111633301e-01
3.246598939100901471e-01
3.182283391555150165e-01
3.554305235544840680e-01
3.320869406064351215e-01
2.995812222361564636e-01
3.240056931972503662e-01
3.562077681223551617e-01
3.388926386833190918e-01
3.454225957393646240e-01
3.469189008076985492e-01
3.510122497876485004e-01
3.514777918656666889e-01
3.343346814314524518e-01
3.490512669086456299e-01
3.059684981902440204e-01
3.206197768449783325e-01
3.185352484385172711e-01
3.470565279324849262e-01
3.620772957801818848e-01
3.704790472984313965e-01
3.340216875076293945e-01
3.522341748078663959e-01
3.442687789599100934e-01
3.341949582099914551e-01
3.524313469727833881e-01
3.459880749384562360e-01
3.376905520757039203e-01
3.461196323235829486e-01
3.547542492548624860e-01
3.310798108577728271e-01
3.243704040845235004e-01
3.810647030671437396e-01
3.595047195752461566e-01
3.271393428246180402e-01
3.633213639259338379e-01
3.389244377613067627e-01
3.506764570871989117e-01
3.600835800170898438e-01
3.689068555831909180e-01
3.355076909065246582e-01
3.502567708492279053e-01
3.219921489556630267e-01
3.516953786214192523e-01
3.403791189193725586e-01
3.659726927677790509e-01
3.453042109807332172e-01
3.552298943201701031e-01
3.176071097453435077e-01
3.298853039741516113e-01
3.397183914979298724e-01
3.525718748569488525e-01
3.283011068900426044e-01
3.227160771687825336e-01
3.339510063330332623e-01
3.314926028251647949e-01
3.514749904473622455e-01
3.358496427536010742e-01
3.540877203146616803e-01
3.773373067378997803e-01
3.606164554754893170e-01
3.394305507342020856e-01
3.480878571669260846e-01
3.544615904490153180e-01
3.409681022167205811e-01
3.770043750603993549e-01
3.504306674003601074e-01
3.592777947584788190e-01
3.566283186276753558e-01
3.450100421905517578e-01
3.406147559483845844e-01
3.496940135955810547e-01
3.636544446150462018e-01
3.670353740453720093e-01
3.337575097878773822e-01
3.487826784451802387e-01
3.442774116992950439e-01
3.288016567627589093e-01
3.212578644355137958e-01
3.571747740109761371e-01
3.503092726071675433e-01
3.539385497570037842e-01
3.720977008342742920e-01
3.650274574756622314e-01
3.466765284538269043e-01
3.440585037072499408e-01
3.527541259924570904e-01
3.332587679227193012e-01
3.532264828681945801e-01
3.408957223097483502e-01
3.539725542068481445e-01
3.433428108692169189e-01
3.490920960903167725e-01
3.658404946327209473e-01
3.442670206228892194e-01
3.500817120075225830e-01
3.487723072369893207e-01
3.392039438088734760e-01
3.501516083876292096e-01
3.338837921619415283e-01
3.586770296096801758e-01
3.403293093045552387e-01
3.506336112817128314e-01
3.426758746306101666e-01
3.389124472935994281e-01
3.461765348911285400e-01
3.255868256092071533e-01
3.447539707024891986e-01
3.557667036851246967e-01
3.495858510335286273e-01
3.388164540131886615e-01
3.494525651137034283e-01
3.351788421471913471e-01
3.277604877948760986e-01
3.570022781689961566e-01
3.931930710872014179e-01
3.428825438022613525e-01
3.375148375829060687e-01
3.727232416470845355e-01
3.415589133898417340e-01
3.376078903675079346e-01
3.533465862274169922e-01
3.458804488182067871e-01
3.501456876595814838e-01
3.625791867574055805e-01
3.358349998792012348e-01
3.523766100406646729e-01
3.407954275608062744e-01
3.463703493277232037e-01
3.510076701641082764e-01
3.564516901969909668e-01
3.560212353865305768e-01
3.556130329767863141e-01
3.661277194817860736e-01
3.443495035171508789e-01
3.416647811730702533e-01
3.572936952114105225e-01
3.502172529697418213e-01
3.512542843818664551e-01
3.526705900828043805e-01
3.271358410517374860e-01
3.490690688292185651e-01
3.428586522738139020e-01
3.598345518112182617e-01
3.763970881700515747e-01
3.881144920984904156e-01
3.369428416093190326e-01
3.523778220017750873e-01
3.411783079306284772e-01
3.263259629408518658e-01
3.794614473978678570e-01
3.680004080136616840e-01
3.528205255667368756e-01
3.591889639695485248e-01
3.307085235913594379e-01
3.383897145589192523e-01
3.291312108437220441e-01
3.514359196027119769e-01
3.573745787143707275e-01
3.426582912604014264e-01
3.481130103270212994e-01
3.423732221126556396e-01
3.627115885416666852e-01
3.425668478012084961e-01
3.450095951557159424e-01
3.492399851481119977e-01
3.634268939495086670e-01
3.330146173636118756e-01
3.624501774708430157e-01
3.581663966178894043e-01
3.588932156562805176e-01
3.475140134493510113e-01
3.373234371344248639e-01
3.253051340579986572e-01
3.435392578442891254e-01
3.620498875776926861e-01
3.338548938433329449e-01
3.304572701454162598e-01
3.823551386594772339e-01
3.387086192766825543e-01
3.290385752916336060e-01
3.480775852998097553e-01
3.457706769307454242e-01
3.263481259346008301e-01
3.444402019182841168e-01
3.676446080207824707e-01
3.377916514873504639e-01
3.546273509661356793e-01
3.447207013765971051e-01
3.623263041178385602e-01
3.575597057739893780e-01
3.315504988034566058e-01
3.496328790982564105e-01
3.336614569028218402e-01
3.371795912583668842e-01
3.296477893988291608e-01
3.605306744575500488e-01
3.374620576699574603e-01
3.417945802211761475e-01
3.636694947878519879e-01
3.475722074508666992e-01
3.237617711226145611e-01
3.513732552528381348e-01
3.475014567375183105e-01
3.282336592674255371e-01
3.283030639092127667e-01
3.508315384387969971e-01
3.565482397874196185e-01
3.748788932959238873e-01
3.611076871554056988e-01
3.360329965750376569e-01
3.625166416168212891e-01
3.379198809464772357e-01
3.650408337513605939e-01
3.282505720853805542e-01
3.629584809144337787e-01
3.377730945746104108e-01
3.325644930203755512e-01
3.454916278521220074e-01
3.538301587104797363e-01
3.469946285088856830e-01
3.496932884057362689e-01
3.530396024386088238e-01
3.269128948450088501e-01
3.278507937987645282e-01
3.573301434516906738e-01
3.583201964696248187e-01
3.294582168261210309e-01
3.255794346332550049e-01
3.530543992916743146e-01
3.326449195543925152e-01
3.569688598314921246e-01
3.457698822021484375e-01
3.253645002841949463e-01
3.621739745140075684e-01
3.482249577840169086e-01
