7.157289187113443640e-01
7.644743522008260461e-01
1.022660056749979729e+00
8.578250209490457800e-01
7.753624121348062781e-01
7.823337515195211145e-01
9.003835320472717285e-01
8.465413053830465051e-01
7.493221362431844446e-01
8.340446352958679199e-01
8.311196764310201379e-01
8.298819462458292273e-01
8.471188545227050781e-01
7.609519958496093750e-01
7.899597485860189172e-01
8.035023609797159461e-01
8.599193890889486047e-01
8.138149579366048547e-01
7.896272341410318640e-01
8.358469208081563684e-01
7.681434949239095422e-01
7.723053495089212683e-01
8.532181183497110633e-01
7.768776218096414832e-01
8.065444827079772949e-01
8.240179220835367468e-01
8.176511327425638465e-01
7.791526714960733679e-01
8.011217912038167688e-01
8.106804092725118371e-01
7.875560919443765906e-01
7.920521497726440430e-01
8.514679670333862305e-01
8.515344460805257532e-01
8.127205769220987586e-01
8.100848595301309851e-01
8.249863982200622559e-01
7.840864459673563269e-01
7.804280122121175500e-01
7.713750402132669715e-01
8.189607461293538782e-01
7.607901295026143762e-01
7.971905271212259558e-01
7.785692214965820312e-01
8.217887083689371375e-01
8.178175886472066614e-01
8.383106787999471399e-01
8.226517637570699426e-01
7.867093086242675781e-01
7.973589102427164343e-01
8.124042550722757605e-01
8.498393098513284949e-01
8.122474153836568567e-01
7.995911041895548133e-01
7.730964422225952148e-01
8.152271906534830359e-01
8.046714862187703821e-01
8.103882471720377234e-01
7.725618879000345496e-01
8.283066948254903528e-01
7.921167612075805664e-01
7.880153656005859375e-01
8.003003795941671106e-01
8.186927040417989465e-01
8.194029331207275391e-01
8.543233275413513184e-01
7.615594069163004187e-01
8.194863796234130859e-01
7.967535654703775672e-01
8.100814024607340125e-01
8.065819541613260535e-01
8.033519188563028601e-01
8.107778032620748254e-01
7.957965930302938196e-01
8.342682520548502234e-01
8.225608865420023230e-01
8.162385026613870886e-01
7.621501882870992395e-01
8.360242644945780066e-01
8.391100764274597168e-01
8.044597307840982703e-01
7.400568723678588867e-01
8.333138227462768555e-01
8.556020259857177734e-01
8.262664278348287317e-01
8.163698315620422363e-01
8.277207215627034875e-01
8.148110111554464075e-01
8.162877360979715613e-01
8.424509565035501746e-01
8.575408856074014929e-01
8.225243488947550086e-01
7.694051464398702356e-01
7.934172153472900391e-01
7.851863900820413855e-01
8.121153910954793664e-01
8.094223539034525183e-01
7.955209016799926758e-01
7.905758619308471680e-01
8.324145873387654992e-01
8.117106556892395020e-01
8.322393298149108887e-01
8.198085824648538855e-01
7.990376154581705359e-01
8.273169596989949914e-01
7.978328665097554895e-01
7.769849499066671106e-01
8.086988925933837891e-01
7.831222414970397949e-01
8.224243521690368652e-01
8.005878329277038574e-01
8.173721631368001672e-01
7.898405790328979492e-01
8.410646518071492883e-01
8.204555312792459754e-01
8.054611086845397949e-01
8.020698626836141321e-01
8.051522572835286828e-01
8.013802369435628625e-01
8.223551114400228235e-01
8.015639583269754675e-01
8.202439149220784875e-01
8.290315071741739539e-01
8.091469605763753625e-01
8.239216009775797156e-01
7.886960307757059363e-01
8.184411525726318359e-01
8.103422323862711218e-01
7.987817525863647461e-01
8.111051718393961218e-01
7.980256676673889160e-01
8.251291712125142785e-01
8.397374153137207031e-01
8.318093617757161828e-01
8.087370395660400391e-01
8.079843521118164062e-01
8.474567333857218054e-01
8.061967492103576660e-01
8.256417314211527136e-01
8.202865918477376672e-01
7.928724884986877441e-01
8.119703928629556922e-01
8.162268002827962610e-01
7.942698995272318152e-01
8.196773131688436242e-01
8.346410791079202918e-01
8.173284530639648438e-01
8.122868935267130164e-01
8.346109588940938684e-01
8.094286521275838586e-01
8.140823046366373328e-01
8.348639210065206262e-01
8.253291249275207520e-01
7.955213387807210657e-01
7.906966209411621094e-01
8.021556735038757324e-01
8.207482496897379187e-01
8.310834368069967004e-01
7.760087450345357629e-01
7.780378262201944617e-01
8.333722352981567383e-01
7.909182111422220496e-01
8.108667532602945593e-01
8.203104337056478235e-01
8.157880107561746863e-01
8.083234628041585657e-01
8.084180553754171106e-01
7.568200230598449707e-01
8.209684689839681360e-01
7.835296392440795898e-01
8.142376542091369629e-01
7.863272428512573242e-01
8.316272497177124023e-01
8.017043471336364746e-01
8.083316485087076453e-01
7.974370519320169715e-01
7.975317835807800293e-01
8.069433371225992468e-01
8.073135813077291223e-01
7.885363300641378137e-01
7.973846395810445520e-01
8.327023784319559363e-01
7.820766170819600793e-01
8.332361181577047082e-01
7.976552645365396765e-01
8.098681966463724402e-01
8.053160905838012695e-01
7.701107462247213098e-01
8.062687317530313758e-01
8.051039775212606164e-01
8.138956228892008093e-01
8.084596395492553711e-01
7.863089044888814660e-01
8.163407444953918457e-01
8.020003437995910645e-01
8.124527533849080774e-01
8.398424784342447547e-01
8.155704339345296594e-01
8.051075537999471399e-01
8.201659719149271277e-01
8.359790841738382605e-01
8.118345538775125769e-01
8.187061150868734094e-01
8.011338512102762488e-01
8.016282121340433386e-01
8.063551386197408410e-01
8.063785036404927942e-01
8.026532133420308801e-01
8.099913398424783972e-01
8.011131882667541504e-01
8.012278477350870398e-01
8.260432481765747070e-01
8.049612840016683313e-01
7.987320423126220703e-01
8.047865231831868860e-01
8.169411619504293176e-01
8.070350686709085730e-01
7.919065952301025391e-01
7.738102277119954797e-01
8.309880296389261511e-01
7.969873547554016113e-01
8.057065804799398157e-01
7.766233682632446289e-01
7.938223679860433313e-01
8.135883410771688196e-01
8.100846409797668457e-01
7.726655006408691406e-01
7.956678469975789758e-01
7.756892442703247070e-01
8.030235370000203821e-01
8.256954749425252649e-01
8.252113660176595422e-01
7.953622937202453613e-01
8.093595703442891809e-01
7.981959581375122070e-01
8.221443295478820801e-01
8.011768062909444543e-01
7.978795568148294715e-01
8.196915586789449426e-01
8.190022706985473633e-01
8.228914141654968262e-01
8.055681586265563965e-01
8.151642878850301477e-01
7.850135962168375281e-01
8.089792529741922644e-01
8.055284619331359863e-01
8.213797012964884070e-01
8.054703076680501672e-01
8.051505684852600098e-01
8.067569732666015625e-01
7.906962037086486816e-01
8.149505058924356726e-01
8.159250815709432336e-01
8.188909888267517090e-01
8.154659867286682129e-01
8.012745579083760950e-01
7.972451448440551758e-01
7.866156101226806641e-01
8.029047250747680664e-01
8.027230302492777136e-01
8.142718672752380371e-01
7.941160202026367188e-01
7.884665330251058313e-01
7.781394521395365027e-01
8.129481673240661621e-01
8.071225484212239953e-01
7.979427377382913855e-01
7.983005841573079797e-01
7.991814812024434778e-01
8.131074309349060059e-01
7.958940664927164343e-01
7.926464279492696496e-01
8.004065553347269324e-01
7.957285443941751746e-01
8.261546889940897254e-01
8.069698413213094446e-01
8.171707987785339355e-01
8.032487233479818078e-01
8.185365001360574988e-01
7.901388605435689660e-01
8.131477634112039832e-01
8.181046843528747559e-01
8.015431563059488562e-01
8.184306422869364050e-01
8.150388002395629883e-01
7.961336572964986535e-01
7.877539992332458496e-01
8.087237079938253137e-01
7.916109760602315637e-01
8.205459117889404297e-01
8.011438051859537390e-01
8.287252982457479211e-01
8.006771802902221680e-01
7.982109586397806433e-01
8.193026582400003699e-01
8.072792291641235352e-01
7.870126167933145789e-01
7.901250521341959265e-01
8.004235029220581055e-01
8.141018549601236609e-01
8.151255846023559570e-01
8.186556696891784668e-01
8.111311992009481164e-01
8.101397156715393066e-01
8.129104177157083777e-01
7.839280764261881140e-01
8.041043480237325403e-01
8.078234791755676270e-01
8.076538244883219031e-01
7.918330033620198938e-01
8.169916073481241492e-01
8.009977539380391809e-01
7.905639410018920898e-01
7.828016479810079309e-01
8.102369705835977820e-01
7.996503512064615515e-01
8.038955132166544226e-01
7.909711003303527832e-01
7.900261878967285156e-01
8.077079057693481445e-01
7.855244278907775879e-01
8.013034661610921594e-01
7.826983531316121789e-01
8.033837080001831055e-01
8.015347917874654504e-01
8.032019337018331262e-01
7.952438990275064734e-01
7.962907751401265832e-01
7.881666421890258789e-01
7.897828817367553711e-01
8.040253718694051477e-01
8.083231449127197266e-01
7.938668926556905481e-01
7.870473464330037805e-01
8.256254394849141809e-01
7.878905137379964563e-01
8.106846809387207031e-01
8.012086153030395508e-01
8.051962256431579590e-01
7.971609234809875488e-01
7.903419335683187219e-01
8.177880048751831055e-01
8.020307620366414758e-01
8.057583967844644812e-01
8.016436298688253137e-01
7.964218258857727051e-01
7.819102406501770020e-01
8.023635943730672571e-01
7.906348307927449914e-01
7.970653772354125977e-01
8.063675959904988977e-01
7.977942625681558875e-01
8.159069220225015906e-01
7.985036174456278113e-01
8.136253754297891883e-01
8.043971459070841101e-01
7.986179987589517859e-01
8.098049759864807129e-01
8.081395228703817102e-01
7.971953153610229492e-01
8.045129378636678430e-01
8.001729647318521765e-01
7.858806649843851355e-01
8.078593810399373742e-01
8.174640138943990442e-01
8.054682612419128418e-01
8.100170095761617395e-01
7.907367149988809851e-01
8.077789346377054480e-01
8.159585396448770789e-01
8.033019900321960449e-01
7.792904774347940711e-01
7.981723745663961145e-01
7.992328008015950891e-01
7.847656011581420898e-01
8.044744332631429407e-01
8.118646939595540735e-01
8.057718475659688684e-01
7.928821047147115442e-01
8.165385723114013672e-01
8.266931772232055664e-01
8.079228401184082031e-01
7.940045992533365515e-01
7.970807353655496863e-01
7.970669070879617957e-01
7.935990492502847937e-01
8.024055560429891321e-01
7.930502692858377722e-01
7.929304242134094238e-01
8.091501792271932336e-01
7.961013317108154297e-01
7.739455699920654297e-01
8.185021678606668738e-01
8.252107103665670129e-01
8.114446401596069336e-01
8.043634295463562012e-01
8.128942449887593957e-01
8.001747727394104004e-01
8.057446877161661414e-01
8.026489615440368652e-01
8.134944041570028039e-01
8.182876904805501672e-01
8.100190560022989539e-01
8.142675956090291711e-01
8.148695627848306922e-01
8.260804216066995886e-01
8.137062191963195801e-01
8.108067313830057410e-01
8.126082221666971472e-01
8.224819103876749304e-01
8.094159166018167761e-01
8.044324517250061035e-01
7.979999581972757605e-01
8.039484222730001184e-01
8.156237999598184851e-01
8.093367815017700195e-01
8.020939628283182410e-01
7.905390659968057898e-01
8.129026889801025391e-01
8.093444506327310828e-01
7.745474378267923621e-01
8.008217612902323035e-01
8.173860112826029090e-01
8.013310035069783899e-01
8.035015463829040527e-01
8.152934511502584192e-01
7.816141446431478235e-01
8.045504887898763391e-01
7.994114359219869348e-01
8.064165115356445312e-01
7.896570563316345215e-01
8.071602781613668176e-01
8.155281543731689453e-01
7.996003429094949988e-01
8.058362205823262903e-01
7.920262416203817102e-01
8.071012496948242188e-01
7.879803379376729700e-01
8.171933690706888465e-01
8.094229102134704590e-01
8.056453267733255652e-01
7.970079978307088586e-01
8.180126746495565149e-01
7.876319090525308875e-01
8.164737820625305176e-01
8.125537037849426270e-01
7.985228498776754114e-01
8.134292165438333777e-01
8.145068883895874023e-01
8.125957449277242395e-01
7.981505990028381348e-01
7.899849812189737586e-01
8.000866174697875977e-01
7.716915408770242957e-01
8.017812768618265418e-01
8.054482936859130859e-01
8.001704414685567590e-01
7.946363488833109168e-01
8.023745218912760047e-01
8.003144860267639160e-01
8.111526568730672571e-01
7.956881721814473840e-01
7.905859947204589844e-01
7.971775134404500696e-01
7.971643805503845215e-01
7.839025855064392090e-01
7.899583975474039343e-01
8.190917372703552246e-01
8.101051052411397668e-01
8.170194228490194055e-01
8.244811296463012695e-01
8.045749266942342492e-01
7.986006935437520715e-01
7.914711236953735352e-01
7.915945649147033691e-01
8.062132000923156738e-01
7.801122665405273438e-01
8.082021872202554968e-01
8.143087228139241907e-01
8.098243077596029016e-01
8.113959034283956262e-01
8.018181920051574707e-01
7.989490826924642297e-01
8.210531870524088172e-01
8.044477303822835657e-01
8.080647389094034461e-01
8.146213889122009277e-01
7.792883714040120813e-01
8.026930491129556922e-01
8.018040259679158899e-01
8.114827672640482215e-01
7.952784299850463867e-01
7.867154479026794434e-01
7.994381388028463098e-01
8.012928962707519531e-01
8.023140033086141321e-01
8.092287778854370117e-01
8.080078760782877234e-01
8.118034601211547852e-01
8.023757338523864746e-01
7.861308852831522254e-01
7.920354803403218957e-01
7.916685938835144043e-01
8.247749010721842078e-01
8.111553788185119629e-01
7.898005445798238489e-01
8.229721585909525183e-01
8.115789890289306641e-01
7.839287122090657922e-01
8.054906725883483887e-01
7.997250755627950403e-01
7.926261623700460168e-01
8.127404252688089636e-01
7.932286461194356653e-01
7.994457681973775598e-01
8.221424818038940430e-01
7.932114005088806152e-01
8.047716021537780762e-01
8.012709021568298340e-01
7.939342657725015906e-01
8.080276449521383020e-01
7.850339810053507117e-01
7.892159620920816687e-01
8.061090707778930664e-01
7.961456775665283203e-01
8.134164015452066687e-01
8.075671593348184851e-01
8.060744206110636023e-01
8.143152395884195593e-01
8.079835176467895508e-01
8.004848957061767578e-01
7.966635624567667273e-01
8.025614817937215539e-01
8.107463320096334192e-01
8.052867253621419641e-01
7.857200702031453821e-01
7.845186193784078332e-01
7.914215723673502234e-01
8.258915543556213379e-01
8.028932015101114539e-01
7.950665156046549109e-01
7.964388926823934289e-01
8.160902857780456543e-01
7.790855367978414270e-01
7.833758592605590820e-01
8.100129961967468262e-01
7.924084464708963660e-01
7.997524142265319824e-01
8.055601517359415320e-01
8.041219711303710938e-01
8.177953759829202918e-01
8.003547787666320801e-01
8.134929537773132324e-01
7.846647699673970910e-01
8.040533264478048059e-01
7.783272465070089075e-01
8.075946370760599402e-01
8.073277473449707031e-01
8.053540190060933801e-01
8.119953672091165808e-01
7.814820607503255578e-01
7.883522709210714075e-01
8.112301031748453406e-01
7.857792576154073450e-01
8.050561547279357910e-01
7.874360879262288782e-01
8.027047117551168176e-01
8.091948628425598145e-01
8.198150396347045898e-01
8.192800084749857215e-01
7.964285016059875488e-01
7.977763613065084192e-01
8.185953497886657715e-01
8.283741672833760950e-01
8.000151912371317175e-01
8.069782058397928504e-01
8.035115400950113562e-01
8.068969448407491418e-01
8.021863301595052453e-01
7.955784996350606653e-01
8.189136783281961707e-01
8.066635926564534875e-01
8.038822213808695105e-01
8.014018138249715539e-01
7.971875866254171106e-01
8.179229299227396277e-01
8.120183348655700684e-01
8.053749799728393555e-01
8.123702605565389367e-01
8.223192294438680383e-01
8.073380788167318078e-01
8.081681927045186731e-01
8.060180942217508582e-01
8.010171254475911828e-01
7.978268067042032508e-01
8.109375039736429480e-01
8.139128684997558594e-01
8.148475885391235352e-01
8.119530280431112024e-01
7.987490296363830566e-01
7.912945747375488281e-01
8.115492661794027063e-01
8.049068649609883996e-01
8.012278079986572266e-01
8.184755444526672363e-01
8.231616020202636719e-01
8.046958843866983679e-01
8.107969959576925012e-01
7.963017423947652551e-01
8.030289014180501672e-01
7.884021401405334473e-01
7.864631215731302527e-01
8.050764203071594238e-01
8.042038480440775183e-01
8.114267190297445032e-01
7.928780515988668176e-01
8.003299832344055176e-01
8.118102153142293664e-01
8.024659355481466028e-01
7.984014352162679407e-01
8.065700332323709754e-01
8.204470475514730188e-01
8.145112196604410437e-01
7.833265066146850586e-01
8.033469915390014648e-01
8.061638474464416504e-01
8.217076063156127930e-01
8.187980055809020996e-01
7.981611092885335657e-01
8.224548697471618652e-01
7.959394653638204309e-01
8.109704057375589636e-01
7.943633397420247766e-01
7.952135205268859863e-01
7.965451876322428015e-01
8.140923778216043738e-01
8.056486248970031738e-01
7.906054258346557617e-01
8.150589863459268836e-01
7.954189380009969446e-01
8.078854878743489953e-01
7.952228784561157227e-01
8.063108325004577637e-01
8.087254563967386511e-01
7.836787303288778039e-01
8.131874402364095422e-01
8.152322570482889441e-01
8.071436683336893347e-01
7.984061042467752722e-01
8.042885661125183105e-01
8.117501735687255859e-01
8.161876400311788293e-01
8.112374742825826379e-01
8.064047892888387414e-01
7.977250615755716590e-01
7.976325750350952148e-01
7.998724381128946570e-01
8.102034926414489746e-01
7.741739948590596887e-01
7.885183890660604211e-01
8.131681481997171668e-01
7.976786494255065918e-01
7.955779234568277625e-01
8.257108529408773157e-01
8.138843576113382605e-01
8.250632882118225098e-01
7.915650606155395508e-01
7.936018308003743860e-01
7.986412644386291504e-01
7.857385277748107910e-01
8.310316006342569617e-01
8.018082380294799805e-01
7.954230308532714844e-01
7.964310447374979285e-01
8.093453645706176758e-01
8.239365617434183386e-01
8.137909571329752234e-01
8.020015756289163855e-01
7.786206007003784180e-01
8.039838274319967004e-01
7.941169937451680871e-01
8.135718901952108117e-01
8.020718097686767578e-01
8.058547973632812500e-01
8.095786174138387414e-01
7.994927962621053430e-01
8.175299763679504395e-01
7.985902428627014160e-01
8.070211410522460938e-01
7.936030626296997070e-01
8.168888688087463379e-01
7.986377278963724402e-01
8.036536773045858117e-01
8.017065525054931641e-01
7.941914598147074011e-01
8.207701444625854492e-01
8.095467487970987586e-01
8.041338920593261719e-01
8.126946687698364258e-01
8.186972935994466516e-01
7.892891764640808105e-01
7.951419949531555176e-01
7.863211035728454590e-01
8.162308335304260254e-01
7.877005934715270996e-01
7.946310639381408691e-01
7.898799975713094446e-01
8.012297749519348145e-01
8.035566210746765137e-01
8.049484888712564734e-01
8.068716327349344519e-01
8.037618796030679968e-01
7.971576452255249023e-01
7.934428652127584192e-01
8.007777929306030273e-01
8.110283811887105676e-01
8.178494175275167200e-01
8.044539690017700195e-01
7.929613987604776648e-01
7.983143528302510950e-01
8.168171246846517297e-01
8.074032068252563477e-01
8.137655655543009070e-01
8.070803085962930945e-01
7.987333138783773157e-01
7.889622052510579797e-01
8.058809439341226843e-01
7.958800196647644043e-01
8.032971024513244629e-01
8.100506862004598352e-01
7.986180186271667480e-01
8.011592427889505652e-01
7.979342540105184289e-01
7.892296314239501953e-01
7.743968764940897254e-01
8.233801921208699914e-01
8.031440774599710730e-01
7.881444295247396203e-01
7.963760892550150183e-01
8.079275488853454590e-01
8.211187720298767090e-01
8.039317925771077844e-01
7.959633469581604004e-01
7.921174963315328332e-01
8.211111227671304968e-01
7.895235021909078332e-01
7.744729916254678992e-01
8.107446432113647461e-01
8.074978391329447058e-01
8.172902067502340051e-01
7.663023471832275391e-01
7.988957166671752930e-01
8.032113909721374512e-01
8.098158240318298340e-01
8.103323976198831824e-01
8.005587855974832800e-01
8.203860521316528320e-01
8.054335514704386023e-01
8.136784235636392859e-01
8.048362334569295617e-01
8.177215059598287317e-01
8.152498404184976843e-01
8.186562458674112586e-01
8.012451330820719031e-01
8.018634517987569543e-01
7.920392950375875207e-01
7.778344353040059778e-01
7.980392773946126672e-01
7.964779734611511230e-01
7.639891505241394043e-01
7.918259700139363977e-01
8.075372378031412390e-01
7.985846400260925293e-01
8.068528970082601282e-01
8.169243931770324707e-01
7.960236668586730957e-01
8.191231489181518555e-01
8.006759285926818848e-01
8.037814696629842492e-01
7.661196589469909668e-01
7.935174902280172082e-01
7.836353182792663574e-01
8.057664036750793457e-01
8.033508857091268274e-01
8.207599322001138953e-01
7.901920080184936523e-01
8.192659020423889160e-01
8.061708410580953332e-01
8.068654338518778113e-01
8.078838189442952844e-01
7.965849836667379114e-01
8.066716194152832031e-01
8.061097860336303711e-01
8.155747850735982629e-01
7.945940891901651648e-01
7.843930522600809363e-01
8.305644989013671875e-01
8.143683671951293945e-01
7.826601862907409668e-01
8.229030172030130652e-01
8.070873618125915527e-01
8.205273151397705078e-01
8.159381945927938196e-01
8.217989206314086914e-01
8.100083470344543457e-01
8.160166343053182336e-01
7.825382550557454797e-01
8.232354521751403809e-01
8.055595755577087402e-01
8.233061035474141809e-01
7.934132019678751258e-01
8.118826349576314660e-01
7.899383107821146277e-01
7.862278024355570105e-01
8.063936233520507812e-01
8.027457594871520996e-01
7.937941749890645715e-01
7.948393225669860840e-01
8.075363834698995325e-01
7.877260049184163782e-01
8.197363615036010742e-01
7.973107298215230676e-01
8.140837152798970910e-01
8.232399622599283484e-01
8.082041740417480469e-01
7.957869768142700195e-01
8.009685277938842773e-01
8.186099727948507043e-01
8.108765284220377234e-01
8.254873951276143762e-01
8.142060041427612305e-01
8.150693376859029504e-01
8.235329588254293176e-01
7.998787363370259973e-01
8.102983633677164343e-01
8.121501803398132324e-01
8.148417274157205847e-01
8.183215061823526648e-01
8.067890604337056848e-01
8.133037090301513672e-01
8.115456302960714075e-01
7.922952572504678992e-01
7.871435483296712610e-01
8.145676255226135254e-01
8.070356051127115515e-01
8.017694751421610144e-01
8.223390976587930945e-01
8.206671476364135742e-01
8.132816553115844727e-01
7.966447472572326660e-01
8.227690458297729492e-01
8.113682468732198450e-01
8.088455994923909875e-01
8.010724981625875207e-01
8.151378432909647254e-01
8.120690186818441125e-01
8.109655777613321570e-01
8.167962829271951941e-01
8.128681381543477746e-01
7.987645665804544715e-01
8.047857681910196570e-01
8.114734490712484094e-01
8.197480837504068640e-01
7.909723917643228797e-01
8.282512426376342773e-01
8.101113041241964075e-01
8.030126889546712610e-01
8.049920996030172082e-01
7.949637770652770996e-01
7.992416818936666223e-01
7.911461989084879187e-01
8.064526915550231934e-01
8.182161847750345496e-01
8.102593819300333289e-01
7.977699438730875281e-01
8.121432662010192871e-01
7.882180015246073035e-01
7.961763342221578332e-01
8.179053862889608117e-01
8.280631105105081824e-01
8.052578767140706750e-01
8.045182426770528528e-01
8.196693261464437219e-01
7.949606180191040039e-01
8.048844337463378906e-01
8.202948371569315222e-01
7.931202252705892297e-01
8.157375256220499304e-01
8.194512724876403809e-01
7.964870333671569824e-01
8.122067848841348914e-01
8.090488115946451453e-01
8.116178313891092566e-01
8.199270367622375488e-01
8.162712454795837402e-01
8.143299420674642297e-01
8.154279987017313269e-01
8.216716845830281946e-01
8.019438982009887695e-01
8.082011342048645020e-01
8.199185132980346680e-01
8.185270031293233606e-01
8.100801308949788782e-01
8.004975914955139160e-01
8.064122796058654785e-01
8.171810706456502649e-01
8.063580393791198730e-01
8.027691443761190149e-01
8.332659999529520300e-01
8.308726151784261438e-01
8.004080057144165039e-01
8.155228296915689734e-01
8.070359428723653528e-01
7.868738770484924316e-01
8.252667188644409180e-01
8.222362796465555457e-01
8.025222420692443848e-01
8.166992266972860071e-01
7.819196979204813269e-01
8.080700635910034180e-01
7.799324591954549524e-01
8.220495978991190222e-01
8.236965338389078406e-01
7.963975270589193078e-01
8.191105127334594727e-01
8.110563755035400391e-01
8.043711582819620398e-01
8.158077597618103027e-01
8.166260321935018274e-01
8.070694605509439734e-01
8.113588094711303711e-01
7.840648690859476355e-01
8.128178914388021203e-01
8.073765039443969727e-01
8.186369339625040320e-01
8.003091414769490930e-01
8.145493865013122559e-01
7.833370566368103027e-01
8.122635483741760254e-01
8.178058266639709473e-01
8.076532880465189246e-01
7.991632819175720215e-01
8.333053787549337121e-01
8.118595878283182410e-01
7.971576452255249023e-01
8.130105137825012207e-01
7.949112057685852051e-01
7.935059467951456336e-01
8.071922262509664270e-01
8.150976300239562988e-01
8.086390495300292969e-01
8.078480362892150879e-01
8.146774570147196082e-01
8.157790104548136023e-01
8.202942609786987305e-01
7.916086713473001746e-01
8.115775783856710168e-01
7.967906196912130090e-01
8.086524009704589844e-01
8.087556958198547363e-01
8.064557115236917761e-01
8.039487799008687707e-01
7.983958125114440918e-01
8.096297979354858398e-01
8.101535638173421594e-01
7.892849047978719446e-01
8.155434727668762207e-01
8.009913365046182898e-01
7.908463478088378906e-01
7.973164319992065430e-01
8.106883962949117395e-01
8.046485185623168945e-01
8.136448065439859656e-01
8.052132924397786828e-01
8.052139083544412879e-01
8.174211780230203894e-01
8.007078766822814941e-01
8.078142404556274414e-01
7.876890500386556360e-01
8.149164319038391113e-01
8.061650196711221961e-01
8.024902939796447754e-01
7.978467742602030066e-01
8.016406893730163574e-01
8.037492632865905762e-01
8.152349789937337610e-01
8.041155338287353516e-01
7.872329552968343469e-01
7.973257899284362793e-01
8.139188885688781738e-01
8.072251081466674805e-01
7.947693467140197754e-01
7.942610780398050574e-01
8.220268090565999719e-01
7.968332370122274133e-01
8.127146164576212195e-01
8.158762454986572266e-01
7.882655660311380652e-01
8.162381251653035852e-01
8.092657526334127160e-01
