9.210276961326598899e-01
7.449241995811461958e-01
2.469723306596279255e-01
3.229729905724525452e-01
1.309709511697292328e-01
8.859043084084987363e-02
1.978682972490787562e-01
2.101408880203962382e-01
1.904749639332294353e-01
1.224303320050239563e-01
7.907284796237945557e-02
7.508231364190579016e-02
1.032417587935924586e-01
1.045860335230827387e-01
9.797593653202056607e-02
1.800662536174058859e-01
1.330843735486268997e-01
1.120038140565156881e-01
7.499041184782981317e-02
1.249540295451879446e-01
1.402434125542640631e-01
1.276794593781232778e-01
2.310818411409854833e-01
1.619481645524501745e-01
1.323180180042982101e-01
1.462377592921257075e-01
1.484069321304559708e-01
1.330085657536983490e-01
9.617148786783218106e-02
6.480536088347435553e-02
1.429332975298166220e-01
9.839366897940635126e-02
1.775251172482967266e-01
1.099096909165382385e-01
7.546149529516696375e-02
1.056070547550916616e-01
1.501198101788759343e-01
4.977337308228015761e-02
1.058136072009801809e-01
1.906206160783767700e-01
1.028480224311351804e-01
9.135675765573977869e-02
1.024494193494319971e-01
8.716664351522922238e-02
9.624381102621555606e-02
1.495709858834743389e-01
2.032172560691833385e-01
1.602901577949523981e-01
1.117914497852325467e-01
1.115666478872299194e-01
1.612772796303033884e-01
1.847646176815032903e-01
1.069748114794492749e-01
1.064035322517156573e-01
9.814740680158137720e-02
1.586186755448579788e-01
2.489146411418914906e-01
1.815520264208316803e-01
1.859556294977665059e-01
8.845301531255245209e-02
9.350096583366393488e-02
9.719009175896645147e-02
9.944394789636135101e-02
7.548981830477714816e-02
1.254435852169990540e-01
8.052937909960747320e-02
5.234483126550912996e-02
1.013135038316249903e-01
1.525792837142944391e-01
1.228860098868608530e-01
7.266989275813103000e-02
5.472132116556167880e-02
8.052174113690853396e-02
8.220412135124206821e-02
7.277446929365397055e-02
1.091032706201076480e-01
7.205870598554611761e-02
4.992203861474990567e-02
5.957091636955737929e-02
1.694663155823946110e-01
1.214855700731277410e-01
1.441372763365507126e-01
1.100991569459438268e-01
1.023779731243848745e-01
1.100231252610683469e-01
1.167293194681406077e-01
8.891871236264706213e-02
1.167495302855968420e-01
1.467808954417705591e-01
8.999298736453056891e-02
9.539469815790653506e-02
1.018530581146478708e-01
1.181807264685630771e-01
1.019447974860668155e-01
1.053292807191610336e-01
1.300410896539688221e-01
1.701315555721521489e-01
1.381106108427047618e-01
8.578566163778304776e-02
7.598462589085101804e-02
7.523851506412029821e-02
3.645882885903119902e-02
4.277914166450500627e-02
3.113572243601083617e-02
3.305256050080061098e-02
2.819490684196352889e-02
5.842569991946220537e-02
6.312202606350184042e-02
4.789269678294658800e-02
5.537293925881385526e-02
5.916893072426319261e-02
5.745240096002816876e-02
4.273799899965524673e-02
6.652699299156665524e-02
4.606695491820574084e-02
5.247903876006602963e-02
3.564785029739141187e-02
3.676107786595821103e-02
3.537404369562864581e-02
4.822763148695230484e-02
7.819383777678012848e-02
9.187686815857887268e-02
5.289345122873782834e-02
2.789939790964126448e-02
2.779554221779107978e-02
2.440286763012409349e-02
4.946490712463855882e-02
4.613404311239719530e-02
5.040601585060357909e-02
3.582229632884263715e-02
2.658719411119818757e-02
3.654730338603258410e-02
6.149257775396108766e-02
5.232360018417239050e-02
4.516406673938035826e-02
4.402520079165696959e-02
6.029088236391544342e-02
7.510661724954843799e-02
3.760985322296619277e-02
3.350187186151742935e-02
3.832055274397135058e-02
3.996110390871763368e-02
2.860792148858308862e-02
3.886069208383560042e-02
3.665822893381118913e-02
2.959875073283910890e-02
2.516532288864254882e-02
2.557160928845405440e-02
3.879503589123487611e-02
3.289643265306949754e-02
3.319940343499183655e-02
2.910447139292955329e-02
4.024593755602836470e-02
2.150375572964548926e-02
2.498220521956682344e-02
2.685590581968426774e-02
3.166622668504714966e-02
3.057764042168855528e-02
3.468847852200269977e-02
3.218143116682768007e-02
2.999860607087612152e-02
3.547608777880668918e-02
2.282610833644866874e-02
2.476298427209257941e-02
3.105367040261626174e-02
2.697389908134937425e-02
5.559794493019580564e-02
3.518462516367435594e-02
1.952120158821344514e-02
1.880686786025762697e-02
3.973438795655966083e-02
2.603681273758411477e-02
4.139491077512502670e-02
3.583176340907812119e-02
3.228442706167698045e-02
2.587278243154287477e-02
6.283587068319321234e-02
3.489444125443696976e-02
3.403908610343932967e-02
4.879771638661623001e-02
3.456482272595166882e-02
3.407542221248149872e-02
2.446853825822472434e-02
3.022557422518730094e-02
3.644757680594921251e-02
2.611209079623222351e-02
2.724048700183629920e-02
3.934106957167386731e-02
3.722751345485449115e-02
3.799928873777389665e-02
3.217256683856248994e-02
2.665963079780340333e-02
2.762445751577615599e-02
2.617782000452279975e-02
4.266539923846721788e-02
2.527559511363506456e-02
3.429160155355930051e-02
3.037039050832390785e-02
4.531153980642557005e-02
4.278285764157772203e-02
2.779421526938676695e-02
1.538417451083660091e-02
2.210931573063135147e-02
1.743114767596125672e-02
1.655730525963008265e-02
1.440500486642122199e-02
1.840753331780433516e-02
2.722451202571391990e-02
1.989255901426077028e-02
3.032223470509052415e-02
1.738863731734454493e-02
1.817293744534254074e-02
1.975483885034918716e-02
2.128279730677604814e-02
1.660596937872469564e-02
1.614520568400621553e-02
1.567207956686616013e-02
2.152584781870246072e-02
1.576372776180505822e-02
2.041057469323277404e-02
1.690695341676473618e-02
2.197795184329152246e-02
2.876911545172333717e-02
2.601035600528121133e-02
2.389109060168266227e-02
3.433820502832531790e-02
3.795417649671435634e-02
2.048660479485988478e-02
1.899320026859641075e-02
3.257548436522483826e-02
3.958176206797361235e-02
2.979508331045508523e-02
2.003115070983767579e-02
1.845628954470157623e-02
2.760206256061792374e-02
1.841981709003448486e-02
1.554217496886849473e-02
2.511038929224014213e-02
2.120423279702663560e-02
1.612361175939440797e-02
1.362173324450850417e-02
2.069863732904195924e-02
3.569861184805631776e-02
2.581018572673201422e-02
4.574094060808420181e-02
3.764299163594841957e-02
2.890340806916356226e-02
2.400778494775295327e-02
2.116531804203987052e-02
2.688644761219620774e-02
1.889531193301081588e-02
1.864477172493934562e-02
2.653643470257520745e-02
1.659941375255584786e-02
1.774928076192736764e-02
1.984367165714502265e-02
1.645078863948583672e-02
2.193437842652201653e-02
2.246732478961348603e-02
3.271014746278524260e-02
1.856879033148288796e-02
1.650660131126642158e-02
2.520964508876204560e-02
2.645393526181578567e-02
2.763153556734323363e-02
2.813908262178301672e-02
2.022427301853895257e-02
1.713143261149525573e-02
1.492894310504198040e-02
2.361078569665551324e-02
1.857776381075382233e-02
1.952029280364513467e-02
2.073469422757625441e-02
2.468775240704417298e-02
1.702772099524736335e-02
1.432451843284070561e-02
1.440391968935728073e-02
1.687570810317993303e-02
2.005919041112065246e-02
1.975409807637333939e-02
2.468432448804378648e-02
3.600228279829024991e-02
3.580947779119014740e-02
2.662014467641711166e-02
2.728695357218384812e-02
3.427396956831216951e-02
4.432920701801777025e-02
3.382973959669470509e-02
2.692329240962863107e-02
1.906537776812911034e-02
1.821303162723779748e-02
1.553421542048454354e-02
1.688208701089024405e-02
2.282210746780037949e-02
1.170864095911383629e-02
3.019133508205413749e-02
1.620898488909006119e-02
1.533543551340699196e-02
2.193567529320716858e-02
2.664764150977134635e-02
2.091789180412888596e-02
1.408103336580097606e-02
9.741355571895838131e-03
1.032601501792669227e-02
1.030256268568336894e-02
1.086032791063189576e-02
1.044479827396571636e-02
1.434706747531890904e-02
9.911160776391625057e-03
8.796583395451307297e-03
9.699109755456448295e-03
9.865002846345305790e-03
9.203849872574210861e-03
1.066785366274416481e-02
1.757951863110065321e-02
1.680842367932200432e-02
1.494193146936595440e-02
2.266359888017177582e-02
1.379698095843195915e-02
1.005406007170677254e-02
1.051682573743164574e-02
7.994595868512987397e-03
9.836980770342052677e-03
9.307977790012956359e-03
1.146732070483267273e-02
1.599506009370088577e-02
1.316153951920568874e-02
1.020494131371378968e-02
1.240441082045435836e-02
1.044810893945396016e-02
9.829211723990738045e-03
9.945021243765950203e-03
9.561319975182414402e-03
9.867450315505265843e-03
1.342908823862671783e-02
1.250349432229995797e-02
1.560144335962831974e-02
1.589062595739960601e-02
1.104568308219313656e-02
1.125084571540355648e-02
1.114428206346929073e-02
1.169064640998840332e-02
1.009571468457579578e-02
1.471466845832765033e-02
1.378521211445331643e-02
1.280639120377600158e-02
9.289631620049476624e-03
1.192742800340056489e-02
1.041865255683660507e-02
1.077378420159220626e-02
9.163287654519080422e-03
1.504961266182363103e-02
2.015919117256998946e-02
1.076567452400922775e-02
1.543740709312260186e-02
1.183327115140855347e-02
1.004887516610324452e-02
1.103060734458267619e-02
1.041643493808805908e-02
7.776327524334191929e-03
9.648294700309634903e-03
1.960688680410384993e-02
1.221769964322447742e-02
1.507021998986601830e-02
2.112438110634684563e-02
1.423570462502539088e-02
1.326112719252705609e-02
9.963916242122649800e-03
1.182224331423640216e-02
1.073159491643309663e-02
1.711486675776541233e-02
1.117283185012638534e-02
9.697304200381040226e-03
1.196339521557092736e-02
1.034722640179097652e-02
8.609247207641602256e-03
9.661145182326436390e-03
7.835662411525844834e-03
1.150437812320887973e-02
9.431796800345181725e-03
1.059374674223363330e-02
1.224813605658709934e-02
1.129941563121974503e-02
1.023177485913038219e-02
8.495199726894497871e-03
1.226752735674381187e-02
1.456550108268856933e-02
1.344265202060341766e-02
1.067678346298634937e-02
1.125499461777508189e-02
9.039569878950715065e-03
8.975793141871690750e-03
1.093950881622731720e-02
1.598654580302536626e-02
1.857903306372463842e-02
1.093001388944685529e-02
1.145460833795368741e-02
1.227456931956112315e-02
1.445978661067783867e-02
1.420609029009938309e-02
7.482072804123163223e-03
9.967488376423716892e-03
7.475548190996050835e-03
6.633281009271740913e-03
8.017696742899715207e-03
7.727105822414159948e-03
7.215664908289909536e-03
7.013460900634527033e-03
7.557487022131681789e-03
7.436272199265658508e-03
7.021981105208396738e-03
8.000550558790564537e-03
1.029775408096611500e-02
8.479118067771195671e-03
9.820560971274972656e-03
7.677400344982742916e-03
7.635060604661703457e-03
7.510801078751683235e-03
6.698556547053158457e-03
6.637257197871804584e-03
7.890231115743518223e-03
7.460320764221250837e-03
9.210955561138689171e-03
8.716329187154769204e-03
1.082618483342230251e-02
8.675536420196295478e-03
6.433833320625126188e-03
6.601924449205398907e-03
7.759964885190128933e-03
6.989624770358205015e-03
7.615700107999145638e-03
8.344311919063329003e-03
7.933970261365174553e-03
7.260909769684076309e-03
7.238156464882195169e-03
6.785893603228032936e-03
6.897469004616141493e-03
7.891422114335000168e-03
7.174652558751404632e-03
7.104975543916225780e-03
7.397179910913109953e-03
7.052371185272932400e-03
8.932649902999401786e-03
7.988599175587297180e-03
9.954295051284135082e-03
1.090232532005757163e-02
7.600619317963719021e-03
1.070095109753310680e-02
1.168241216801106999e-02
1.333452994003891945e-02
7.280119508504867380e-03
7.208206155337393110e-03
6.400244939140975302e-03
6.412130268290639097e-03
6.308914581313729460e-03
7.561977184377610510e-03
7.651353231631219040e-03
6.923737097531556736e-03
7.153957127593457352e-03
8.188730478286743511e-03
8.540784474462270737e-03
1.212538885883986985e-02
1.249904199503362213e-02
1.001622313633561065e-02
6.999260536395013679e-03
9.003577870316803455e-03
9.141024388372897408e-03
8.589108102023601185e-03
8.157177781686186097e-03
6.471532257273792874e-03
6.636417657136917288e-03
7.784026674926280975e-03
1.177353113889694283e-02
6.890877406112850059e-03
6.701907538808882063e-03
6.738905515521764929e-03
7.292065792717039932e-03
7.713685045018792152e-03
8.610475226305425167e-03
6.662467261776328087e-03
7.128861965611577034e-03
7.558279437944293022e-03
7.353045535273850311e-03
1.018365989439189503e-02
7.839380996301770210e-03
6.648593558929860245e-03
6.659567775204777891e-03
6.741017941385507931e-03
7.768803415820002903e-03
9.025346254929900169e-03
9.684755443595349442e-03
8.307052170857786785e-03
1.018760150764137437e-02
7.187987631186843092e-03
7.090344629250466997e-03
8.577307639643549225e-03
9.216163144446908734e-03
1.144161790143698523e-02
9.115092363208532680e-03
7.261820696294307362e-03
6.439826870337128813e-03
6.205870071426033974e-03
7.069234387017786503e-03
6.922263652086257935e-03
6.450772099196910685e-03
5.911454814486205925e-03
5.937852198258042336e-03
5.495444708503782923e-03
5.967053212225436817e-03
6.447735964320600380e-03
5.961725092492997820e-03
5.611249385401606907e-03
5.827778181992471045e-03
6.046362267807125872e-03
6.049102009274065668e-03
5.316957063041627234e-03
5.461268802173435341e-03
5.712940450757741581e-03
6.457484955899417227e-03
6.008263910189270973e-03
5.973843601532280098e-03
5.690485052764415567e-03
6.015255558304488312e-03
6.455819983966648405e-03
6.434573256410658186e-03
5.576223786920309240e-03
5.485861841589212244e-03
5.515385721810162241e-03
5.435931379906833172e-03
5.945672048255801201e-03
5.922383326105773275e-03
6.467660423368215561e-03
6.398189137689769615e-03
5.321115581318735729e-03
5.988788814283907760e-03
6.039318395778536797e-03
5.462244688533246691e-03
5.495817726477980267e-03
4.963276616763323545e-03
5.997615167871117592e-03
7.291825208812952215e-03
6.381816510111093348e-03
5.759630515240132635e-03
6.402611848898231983e-03
5.799522204324602907e-03
5.324823886621743267e-03
5.622632219456136227e-03
5.679141473956405770e-03
5.341013753786682736e-03
5.449053645133971994e-03
5.490796454250812357e-03
5.507936398498713797e-03
6.057435297407209873e-03
6.687854602932930166e-03
6.343412166461348707e-03
5.461428361013531511e-03
5.317812482826411551e-03
5.317024188116192818e-03
5.789986276067793196e-03
5.378413409925997084e-03
6.060007121413945805e-03
6.781452894210815083e-03
5.608413298614322966e-03
5.211824085563421249e-03
5.690376553684472864e-03
5.691582453437149525e-03
6.480725714936852455e-03
6.185626168735325683e-03
6.478057871572673147e-03
5.442031240090727633e-03
5.562954698689281940e-03
5.725017306394875397e-03
5.466597876511514534e-03
5.035834503360092640e-03
5.486823781393468207e-03
6.158810108900070190e-03
6.746452883817255497e-03
7.273463811725377863e-03
7.903905352577567101e-03
6.409738305956124912e-03
6.692229257896542723e-03
5.336656561121344219e-03
5.653358739800750862e-03
5.569842550903559078e-03
5.129683483392000372e-03
5.190746055450290615e-03
5.322592612355947321e-03
5.217964714393019850e-03
5.699819629080593239e-03
5.709276418201625347e-03
6.251890095882117748e-03
4.984190943650901665e-03
6.123365089297294790e-03
5.375683028250932867e-03
6.291704159229994167e-03
5.395610164850950068e-03
5.755835538730024944e-03
6.691489671356976206e-03
6.820123619399964462e-03
5.746545200236141508e-03
7.009083661250770439e-03
5.279807723127305508e-03
4.854396265000104731e-03
5.022936256136745041e-03
4.899613466113806118e-03
5.061999545432627201e-03
4.706415941473096783e-03
4.959869617596268827e-03
4.874196159653365959e-03
6.019298196770250450e-03
4.999852622859179974e-03
5.100050661712885076e-03
5.847578239627182657e-03
4.806201905012130737e-03
4.713189508765936071e-03
4.771189298480749130e-03
6.205774820409714829e-03
4.861481697298586022e-03
4.758936795406043183e-03
5.007185763679445137e-03
4.844391322694719011e-03
5.091953813098371376e-03
5.122379912063479250e-03
4.659221181645989765e-03
4.720353730954229485e-03
4.800066875759512186e-03
4.730623320210724896e-03
4.608907504007220268e-03
4.883609886746853590e-03
5.573390005156397993e-03
5.634465930052101265e-03
5.138342129066586148e-03
5.696786998305470098e-03
4.957284941338002508e-03
5.297365970909595836e-03
4.885876807384193291e-03
4.959113639779388558e-03
5.480684712529182781e-03
5.841444036923349251e-03
4.647384886629879822e-03
5.103330197744071657e-03
5.148853862192481583e-03
4.814705939497798855e-03
5.826835404150187969e-03
6.094918586313724518e-03
4.928453848697245468e-03
4.558409750461578543e-03
5.433585832361131733e-03
5.323733773548155850e-03
6.299397186376154076e-03
4.794909968040883541e-03
4.650549800135195429e-03
4.829626600258052523e-03
4.761817015241831888e-03
4.765093303285538803e-03
4.986177920363843788e-03
4.900086892303079193e-03
4.573146486654878010e-03
5.006851209327578371e-03
5.256765265949070107e-03
4.716518078930675636e-03
4.814352549146860838e-03
4.678598511964083065e-03
4.623066983185708523e-03
4.734934912994504322e-03
5.131835630163550203e-03
5.239766300655901085e-03
4.526888485997915268e-03
5.010337755084037954e-03
4.737012065015732895e-03
4.823777452111243855e-03
4.767888679634779518e-03
4.878776217810809786e-03
4.669116530567407782e-03
4.674228979274630894e-03
5.119058501441032041e-03
5.200184020213782961e-03
5.614576162770390511e-03
4.671613255050032984e-03
4.947713634464889765e-03
4.922604409512132233e-03
4.986580274999141520e-03
4.522857884876429861e-03
5.614366754889488567e-03
5.757904308848082846e-03
4.946137801744044174e-03
6.662021274678409100e-03
5.067645141389220606e-03
5.102686001919209957e-03
5.294274445623159756e-03
5.108147370629012238e-03
4.654810088686645378e-03
4.840548010542988430e-03
4.971452464815229177e-03
4.790591960772872145e-03
5.898464261554181923e-03
4.819141211919486176e-03
4.483176907524466341e-03
4.761961207259446036e-03
4.970438801683485855e-03
4.597437044139951468e-03
4.600526473950594664e-03
4.754472861532121723e-03
4.473459324799478054e-03
4.593290272168815136e-03
4.604335094336419951e-03
4.622636619023979057e-03
4.540357459336519415e-03
4.545896197669208050e-03
4.477623244747519146e-03
4.645584267564117908e-03
4.534665145911276340e-03
4.422715702094137842e-03
4.438249371014535080e-03
4.433935182169080128e-03
4.615496878977864634e-03
4.530115879606455738e-03
4.359823686536401163e-03
4.444996302481740713e-03
4.348554194439202721e-03
4.504334216471761118e-03
4.472883371636271650e-03
4.494949535001069307e-03
4.357117274776100939e-03
4.475571669172495430e-03
4.407797742169350039e-03
4.546802141703665257e-03
4.961770446971059019e-03
4.368958983104675835e-03
4.526647622697055340e-03
4.695809690747410232e-03
4.632128891535103668e-03
4.408820683602243315e-03
4.468751093372702772e-03
4.444407555274665703e-03
4.430910770315677275e-03
4.507828736677765846e-03
5.035414046142249953e-03
4.763040191028267492e-03
4.600662388838827610e-03
4.584736726246774370e-03
4.362632613629102360e-03
4.343908431474119078e-03
4.395769780967384403e-03
4.484715708531439478e-03
5.005191243253648108e-03
4.751421860419213772e-03
4.714427061844617302e-03
4.436108912341296499e-03
4.584384756162762989e-03
4.694824316538869988e-03
4.556303191930055445e-03
4.657899471931159149e-03
4.346315225120633841e-03
4.452872485853731459e-03
4.422855819575488914e-03
4.750520503148436373e-03
4.379491624422371561e-03
4.596735991071909666e-03
4.407902504317462791e-03
4.947112139780074705e-03
4.303451371379196297e-03
4.371145868208259518e-03
4.464963811915368015e-03
4.443245450966059815e-03
4.482682957313954657e-03
4.451340564992278467e-03
4.636762721929699183e-03
4.438502923585474144e-03
4.547268722672015255e-03
4.502358473837375294e-03
5.424709385260939251e-03
4.335528425872326071e-03
4.711531382054090326e-03
4.326841817237437118e-03
4.467325832229107965e-03
4.396055696997791355e-03
4.499474540352821350e-03
4.409210791345685373e-03
4.431992722675204451e-03
4.407251754309981714e-03
4.460433847270905972e-03
4.269092332106083458e-03
4.319202643819153656e-03
4.505478311330080032e-03
4.383975255768746485e-03
4.368342389352619475e-03
4.269125754944980145e-03
4.560537962242960583e-03
4.400682286359369755e-03
4.334962333086877888e-03
4.309150890912860285e-03
4.263606388121843338e-03
4.429676604922860514e-03
4.433700139634311546e-03
4.647962434682994734e-03
4.301269713323563337e-03
4.532927763648331165e-03
4.373438889160752296e-03
4.566134558990598072e-03
4.241210874170064926e-03
4.293684975709766323e-03
4.284969915170222174e-03
4.201139428187161511e-03
4.392378404736519207e-03
4.267069348134100611e-03
4.402804456185549151e-03
4.202838917262852018e-03
4.199525003787130291e-03
4.246679926291107784e-03
4.162525071296841080e-03
4.185890976805240263e-03
4.242413653992116104e-03
4.310615023132413799e-03
4.242194141261279930e-03
4.228159505873918707e-03
4.221075086388736790e-03
4.316128930076957096e-03
4.332259413786232471e-03
4.300962807610631336e-03
4.228619858622550964e-03
4.175318265333771359e-03
4.263576446101069103e-03
4.132543760351836855e-03
4.268456273712218155e-03
4.415455483831464897e-03
4.279392014723271132e-03
4.286486050114035259e-03
4.269721102900803089e-03
4.182785958983003746e-03
4.168194672092795545e-03
4.205852851737290447e-03
4.308435763232409781e-03
4.208402405492961233e-03
4.235159594099968498e-03
4.199928278103471149e-03
4.216584935784339558e-03
4.314927593804895531e-03
4.367486760020256216e-03
4.203445499297231262e-03
4.304022749420255249e-03
4.211220156867057432e-03
4.265185527037829508e-03
4.277417249977588480e-03
4.355683666653930794e-03
4.279415390919893633e-03
4.327282984741031777e-03
4.231381684076040810e-03
4.278675478417426348e-03
4.305117973126470696e-03
4.215699317865073507e-03
4.376831080298871149e-03
4.386667942162603487e-03
4.255085054319351565e-03
4.192987910937517708e-03
4.185675759799778461e-03
4.202853352762758558e-03
4.262194386683404446e-03
4.170825378969312061e-03
4.221263527870178396e-03
4.198616975918412556e-03
4.243495955597609628e-03
4.180132423061877663e-03
4.243353730998933315e-03
4.454414139036089355e-03
4.222969058901071548e-03
4.459449113346636642e-03
4.224554880056530411e-03
4.291859688237309456e-03
4.148333542980253349e-03
4.240701592061668287e-03
4.335608298424631704e-03
4.250608012080192219e-03
4.202870116569101637e-03
4.167003545444458550e-03
4.225454828701913530e-03
4.206319758668542082e-03
4.383673181291669434e-03
4.162394290324300875e-03
4.304133832920342857e-03
4.235929681453853672e-03
4.221221350599079977e-03
4.315000399947166790e-03
4.201252665370702917e-03
4.258420772384851997e-03
4.154054354876280178e-03
4.194240120705216776e-03
4.124327248428016554e-03
4.168654652312397610e-03
4.307272727601230145e-03
4.246139898896217346e-03
4.171555861830711365e-03
4.140171443577855652e-03
4.251687414944171559e-03
4.190380498766898935e-03
4.199687798973172903e-03
4.348975815810262810e-03
4.111541749443859209e-03
4.248021752573549747e-03
4.248007596470415419e-03
4.146583611145615578e-03
4.182235605549066912e-03
4.103859374299645597e-03
4.115299100521952087e-03
4.109028994571417223e-03
4.127463977783918554e-03
4.239864251576364214e-03
4.175853217020630836e-03
4.194742045365273606e-03
4.154418176040053194e-03
4.129784659016877586e-03
4.117568931542336594e-03
4.168511496391147549e-03
4.137581610120832747e-03
4.111813160125166351e-03
4.099796921946108168e-03
4.122633917722851385e-03
4.096536501310765917e-03
4.091915581375360836e-03
4.126705974340438669e-03
4.274313978385180235e-03
4.092393582686782230e-03
4.144092893693595951e-03
4.151173483114689935e-03
4.102031351067125797e-03
4.086866520810872490e-03
4.115934495348483498e-03
4.128009011037647551e-03
4.113147931639105429e-03
4.153900104574859489e-03
4.122026218101382429e-03
4.130740184336900711e-03
4.098417446948587547e-03
4.116437293123454029e-03
4.158638394437729965e-03
4.072839731816202229e-03
4.089399275835603129e-03
4.121607274282723492e-03
4.115632409229874958e-03
4.089490685146301985e-03
4.085813357960432768e-03
4.180662299040705313e-03
4.119970963802188808e-03
4.106851841788739313e-03
4.096089059021324093e-03
4.104382859077304255e-03
4.113698448054492647e-03
4.113865876570343624e-03
4.142006277106702328e-03
4.120110953226685697e-03
4.218369000591337334e-03
4.071782075334340681e-03
4.096102423500269478e-03
4.090230178553611387e-03
4.145810136105865067e-03
4.129087517503649343e-03
4.132781457155942743e-03
4.090968659147620548e-03
4.136135487351566206e-03
4.182535503059625452e-03
4.097774974070489407e-03
4.139932151883840387e-03
4.204043140634894545e-03
4.161339392885566105e-03
4.127624118700623859e-03
4.147578543052077120e-03
4.148204822558909828e-03
4.146079230122268026e-03
4.126664856448769916e-03
4.120822483673691923e-03
4.102211527060717691e-03
4.084130900446325194e-03
4.113956377841532577e-03
4.105134063865989620e-03
4.110987298190593719e-03
4.201735474634915417e-03
4.134992579929530274e-03
4.081282590050250292e-03
4.121406597550958568e-03
4.079923697281629194e-03
4.102864069864153862e-03
4.155061789788305759e-03
4.062670748680830002e-03
4.104713024571537798e-03
4.089997988194227566e-03
4.104519914835691625e-03
4.156444338150322437e-03
4.101649508811533451e-03
4.072894237469881946e-03
4.087921651080250914e-03
4.063138121273368944e-03
4.111681121867149895e-03
4.128459119237959038e-03
4.122951696626841848e-03
4.085706768091767853e-03
4.135397309437393969e-03
4.052189493086189379e-03
4.076951555907726635e-03
4.101888136938213955e-03
4.083216504659504045e-03
