3.680827338248491426e-02
7.783324201591312538e-03
1.990639456198550934e-03
2.200765762245282444e-03
5.087810714030638337e-04
2.427336032269522439e-04
4.610032643540762582e-04
5.157653125934302590e-04
6.844942457973956845e-04
3.017749855644069829e-04
2.706583232793491551e-04
2.110101173457223868e-04
2.478837952367029976e-04
4.256048152456059943e-04
2.670212663360871266e-04
4.407046435517258942e-04
2.898847014876082540e-04
2.195262219174764996e-04
1.411209315847372528e-04
3.601232550863642029e-04
2.947675282484851886e-04
2.745500118180643550e-04
8.832648833049461462e-04
6.891177647048607902e-04
7.014984497800469182e-04
4.913031749310903468e-04
3.648946352768689177e-04
4.406251260661520281e-04
3.198907528712879650e-04
1.299126495723612715e-04
3.153767334879376211e-04
2.217851368186529834e-04
4.406835520057939210e-04
3.640631461166776500e-04
2.282242465298622955e-04
1.965560542885213982e-04
3.693572536576539170e-04
1.114445305574918193e-04
2.494549866241868369e-04
5.350252555217594125e-04
3.024683494004420828e-04
1.757764359354041408e-04
2.017977800278458690e-04
1.852416098699904978e-04
3.381746464583557099e-04
4.887080140179023147e-04
5.576010240474716046e-04
4.155160815571434687e-04
2.909089984314050309e-04
2.151659937226213515e-04
3.530989852151833475e-04
5.588519561570137739e-04
3.162296212394722023e-04
2.250049343274440562e-04
2.080028636555652957e-04
4.311344891902990639e-04
9.694746346212923744e-04
4.452900720934849232e-04
6.877680949401110628e-04
2.285596550791524405e-04
1.603688022441929315e-04
1.781675902748247500e-04
2.735380134254228107e-04
1.742333333822898567e-04
3.046508856641594212e-04
2.010437441640533561e-04
1.201960556500125649e-04
2.607737435027956854e-04
4.165778853348456432e-04
3.844675491563975919e-04
1.793612849724013413e-04
1.040067385474685634e-04
1.414916237990837490e-04
1.293629367864923443e-04
9.229490606230684167e-05
2.196239496697671766e-04
1.750408395309932584e-04
8.396850826102309200e-05
9.110917380894534290e-05
3.547744476236402772e-04
2.465078294335398931e-04
2.201977957156486918e-04
2.075156473438255380e-04
2.181148098316043561e-04
2.455372836266178421e-04
2.187530226365197450e-04
1.690747900283895379e-04
2.129308544681407565e-04
2.506879216525703777e-04
2.055564295005751828e-04
2.104066115862224251e-04
1.824819970352109467e-04
2.414038215647451688e-04
1.830702196457423161e-04
1.450569718144833933e-04
3.155821716063655804e-04
3.628357830166350833e-04
2.700877004826906960e-04
1.437253151379991214e-04
1.445125530153745840e-04
1.705766844679601490e-04
6.052712233213241872e-05
4.622508386091795090e-05
3.510311416903278130e-05
3.583351872293860652e-05
2.730491278271074542e-05
5.051422249380266294e-05
6.089689268264919655e-05
3.897688293363898993e-05
5.294992606650339304e-05
6.437533338612410629e-05
5.010508139093872295e-05
8.263169183919671923e-05
1.014866804325720322e-04
6.026065384503454105e-05
4.667069788411026821e-05
5.119730176375014843e-05
5.572163972829002616e-05
3.911373014489072511e-05
6.925174056959804147e-05
1.075023714292910936e-04
1.037261596138705445e-04
4.703119302575942264e-05
2.350004760955926166e-05
1.862849235294561300e-05
2.120252406712097581e-05
3.923078929801704362e-05
5.045713778599747728e-05
3.931220389858935689e-05
3.660358543129404736e-05
1.629046364541863955e-05
3.419092445255955681e-05
6.105249776737764749e-05
4.765771636812132512e-05
4.802868643309921297e-05
3.639463611762039499e-05
5.373567682909197174e-05
5.689338686352129890e-05
4.305478987589595044e-05
2.141641689377138256e-05
3.079377711401320994e-05
2.968341368614346720e-05
3.108195896857068603e-05
4.552509271888993409e-05
3.335380106364027733e-05
2.730527930907555991e-05
2.417915766272926703e-05
2.919377566286129945e-05
5.187428669159998982e-05
4.462507185962749510e-05
3.168812108924612538e-05
2.016923444898566299e-05
2.572117673480533859e-05
1.666935750108677758e-05
1.869784728114609607e-05
1.831188646974624270e-05
2.482496693119173937e-05
3.293814643257064745e-05
4.986856711184372990e-05
2.422372263026772931e-05
1.898825785247027010e-05
2.371172904531704330e-05
1.649418900342425467e-05
1.642791930862586082e-05
1.936440667122951776e-05
2.930461123469285735e-05
3.791609196923673153e-05
2.499951806385070153e-05
1.513910015091823914e-05
1.292949946218868718e-05
2.785943379421951114e-05
2.270991008117562092e-05
2.576315800979500704e-05
3.684491512103704871e-05
2.083031249640043893e-05
1.812932414395618185e-05
4.559144244922208735e-05
3.431781569815939157e-05
3.480833488538337677e-05
5.692441573046380654e-05
3.090502123086480695e-05
2.516943250157055377e-05
1.504263709648512338e-05
3.471400414127856764e-05
3.454492634773487496e-05
2.493461570338695175e-05
3.758806296900729378e-05
6.748508476448478719e-05
3.686736654344713586e-05
3.005214384756982462e-05
2.775932398435543291e-05
2.318165543329087018e-05
2.288736914124456234e-05
1.661977175899664939e-05
4.059377424709964273e-05
2.516886825105757520e-05
2.747594071479397894e-05
3.332754022267181426e-05
5.449227710414561172e-05
3.345369550515897843e-05
1.477949112995702274e-05
8.296286659970064986e-06
8.568687758270242971e-06
7.059737413328548428e-06
7.074352538438688498e-06
7.413797720801085064e-06
9.250340463040629741e-06
8.815543469609111294e-06
7.058779465296538208e-06
1.193380435324797906e-05
5.895571212022332136e-06
8.238871737376030408e-06
6.568664025508041620e-06
6.830536381130514031e-06
7.237275076477089558e-06
5.834721036990231369e-06
7.070195511005294805e-06
8.766429436946054582e-06
7.138583055166236760e-06
1.393619181726535249e-05
6.760767359992314765e-06
8.889893888408550315e-06
1.294668975333479534e-05
1.068164929165504839e-05
9.651170330471359193e-06
2.389239116382668591e-05
1.737748643790837242e-05
1.050859582392149673e-05
7.818370613676961850e-06
1.600241471351182622e-05
1.907025443870224990e-05
1.054105273396999177e-05
8.201354603443178348e-06
7.780505757182255134e-06
1.266898620997380965e-05
1.010465525723702672e-05
6.453891478486184158e-06
1.186332074212259579e-05
1.005004855869628955e-05
7.282669685082510114e-06
4.501616490415471902e-06
1.142035437169397550e-05
1.385100445077114205e-05
1.332625611212279250e-05
2.663209379534237155e-05
1.422011578142701216e-05
1.137302388087846339e-05
1.100613776543468635e-05
1.383472981615341336e-05
1.198803142870019588e-05
1.063125791915808737e-05
1.257999692825251293e-05
1.169015699815645416e-05
9.233915943696046502e-06
5.351635081751737744e-06
7.042689026093284726e-06
7.748058374090760819e-06
8.599541206422146156e-06
1.145448914030566812e-05
1.473737474952940863e-05
7.465463090738921553e-06
5.491595743478683289e-06
1.021996433792082826e-05
8.865311292538535442e-06
1.097103036045154955e-05
9.949485502147581428e-06
7.742091838736087084e-06
6.702746259179548530e-06
6.250270462260232138e-06
1.726718569443619277e-05
1.052654861268820207e-05
7.995561463758350096e-06
8.625809778095572594e-06
1.076698949873389244e-05
4.906795993520063348e-06
5.342313693290634885e-06
5.837778815021010814e-06
6.460526947194011882e-06
9.055484906639321030e-06
9.261999821319477633e-06
7.765524628666753415e-06
1.730544881866080619e-05
1.699324252513179090e-05
1.120432789321057566e-05
1.276789901112351867e-05
2.089262038680317414e-05
2.420910223008831827e-05
2.129270596924470805e-05
1.179810540179460009e-05
6.533757868965039961e-06
9.913306985254167325e-06
8.375116976822027937e-06
1.063837626134045456e-05
1.222291944031894740e-05
4.880205801782722458e-06
1.276371922358521193e-05
6.376771057148289232e-06
8.959544652498152911e-06
1.014034755826287505e-05
1.181079528578266036e-05
5.943533983554516114e-06
4.291344998819112905e-06
2.828896231221733445e-06
3.032466258900967744e-06
2.481409217125474327e-06
3.420179768909292592e-06
2.520506143355305539e-06
2.916032281063962643e-06
1.936519305445472043e-06
2.110734692450932841e-06
2.254971803949956666e-06
2.145599557934474518e-06
1.755474886522279163e-06
2.572533708189439579e-06
4.819892183149931952e-06
4.330969113652827557e-06
3.614650950112263672e-06
8.150592987021808999e-06
3.664975417905225101e-06
2.702183599012642019e-06
2.036403566307853823e-06
1.583229141033371064e-06
1.833387744909487125e-06
1.925397930335748327e-06
2.919412315804947951e-06
5.261379237708752382e-06
3.695082466492749687e-06
2.241163747385144318e-06
3.021889807541811193e-06
2.428072411930770698e-06
2.107541956775094319e-06
2.117199562690075339e-06
2.124951708992739271e-06
2.439124892816835115e-06
4.906017034045362718e-06
3.730220009856566236e-06
3.702033563968143595e-06
4.549621939986536406e-06
3.337569557970709951e-06
2.462509735323692354e-06
3.107699274096375860e-06
3.237419139168195956e-06
3.396584213533060308e-06
3.910315160737809323e-06
4.039737575567414751e-06
2.518629719361342807e-06
2.061213206161483128e-06
2.729554103098053104e-06
2.398658989477553574e-06
2.111986987074487843e-06
1.605677863381060846e-06
4.170244187662319407e-06
5.655393624692805873e-06
3.096539592206681930e-06
3.573601429707196245e-06
3.457855194710646089e-06
2.695525847684621282e-06
2.032384907124651278e-06
1.904147700315661580e-06
1.617408895526750669e-06
1.989042527839046840e-06
4.182091743132332340e-06
3.087457855599495815e-06
3.754175702397333141e-06
4.119991444895276800e-06
2.709534510358935391e-06
2.537179921091592574e-06
1.996365972445346500e-06
2.871326205422519537e-06
3.390517258594627407e-06
5.047813192504690791e-06
2.905816438669717087e-06
2.227026095624751094e-06
2.110999650994927009e-06
1.945151882409845542e-06
1.690759694383814434e-06
2.168541800529055594e-06
1.972269933503412261e-06
2.152795116217021301e-06
2.533984445562964369e-06
2.810695923471939835e-06
3.420458551772753877e-06
2.296949742230936123e-06
2.499265156075125645e-06
1.613102870123839281e-06
2.371481059526558965e-06
6.039094159859814681e-06
5.843081885359424293e-06
3.098805314039054877e-06
2.103139536302478518e-06
2.261997406094451604e-06
2.050818540055843017e-06
1.868331332843808838e-06
3.804262848916550696e-06
4.344720628068898466e-06
2.044687141733447873e-06
2.252471540487022054e-06
4.477501613564527700e-06
5.063897447143972386e-06
4.522228164205444215e-06
1.697220869800730767e-06
1.549629274677499780e-06
1.082348114778142105e-06
1.060903952065927982e-06
1.019531504198312093e-06
9.964129304762535929e-07
9.856212045633584177e-07
1.084116763649944957e-06
1.224595848725584801e-06
1.198158005877303409e-06
1.118748593853524569e-06
1.301123614894095184e-06
1.499537017934926510e-06
1.901047050978377144e-06
1.482378473838252746e-06
1.170958358898133198e-06
1.227566093575660573e-06
1.155051603518586447e-06
9.485077015369824525e-07
9.022971454442085815e-07
1.259615095250410462e-06
1.157461292677908120e-06
1.232842976151005132e-06
1.336214324965112610e-06
1.660851768292559470e-06
1.434422966894999221e-06
1.046033528950829308e-06
8.461247801960781058e-07
1.285450997556836313e-06
1.112001530145789772e-06
1.065140332912051151e-06
1.142523080943647158e-06
1.130378942093557186e-06
1.634356749491416849e-06
1.139313650355688836e-06
9.728141350251462427e-07
1.340864869803226611e-06
1.241878703694965182e-06
1.084262331119134530e-06
1.022736739741958445e-06
1.214384892023190290e-06
1.050893985166112543e-06
1.411778509918804005e-06
1.247335114840097874e-06
1.579714239596796730e-06
1.957018037046509477e-06
1.069666683406467243e-06
2.139881132734444691e-06
2.321097156254836591e-06
2.631303129874140892e-06
1.439831981997485939e-06
1.131500835072074509e-06
9.101713914105857415e-07
9.341284766151147355e-07
9.553683725016525449e-07
9.574057003192137503e-07
9.719728808477157145e-07
9.160727103108002180e-07
9.800868440379418581e-07
1.501941375181559209e-06
1.399198271201385111e-06
2.844476932750694602e-06
2.529008492047068927e-06
1.675740725204377753e-06
1.121878062804171435e-06
1.200976078052917813e-06
1.275036012771124661e-06
1.514034318006451855e-06
1.439754845478091823e-06
1.135144299269086290e-06
1.159538032879936551e-06
1.188974979982049305e-06
1.672166453658974290e-06
1.336072347157824012e-06
8.852063785980135859e-07
9.539495408716903026e-07
1.016085917626696755e-06
9.985238563103848296e-07
1.131678550336801066e-06
1.094178168159487456e-06
8.863564403327473185e-07
1.268390033715149869e-06
1.290855749402908259e-06
1.470042161599849308e-06
1.495425260600313692e-06
9.274098886180582181e-07
8.389546906073519494e-07
1.019009485503374848e-06
1.084620259916846323e-06
1.157298316911692424e-06
1.257012689848124949e-06
1.119220837608736432e-06
1.286668393163381552e-06
1.070424659133095702e-06
1.041153291225782511e-06
1.364347338039806303e-06
1.329070943256738289e-06
1.675097738029762737e-06
1.325044308941869531e-06
9.633642434891953599e-07
8.653213853904162957e-07
7.374183269348577808e-07
7.711829056233910008e-07
9.463581932322995483e-07
7.742415533584789532e-07
6.595141186949148991e-07
7.291167520406816462e-07
6.990168998299850288e-07
7.255017919760575751e-07
9.156300606605327630e-07
6.970648911419630167e-07
6.965544031345416654e-07
7.311393432019030813e-07
7.316127806689110214e-07
7.468378157682309816e-07
6.782150506978723358e-07
6.661011042297105146e-07
7.063396196826943196e-07
7.106924556410376893e-07
6.710824777655944186e-07
7.857178417225440657e-07
8.022739876878404175e-07
7.511786861869040453e-07
7.187652016682477763e-07
7.842078701969512622e-07
6.479088327182580331e-07
6.407445553691105002e-07
6.654949004314403071e-07
6.410244836274614288e-07
7.811139909108533386e-07
7.362998786675234018e-07
8.227206706123979318e-07
7.956272867204461363e-07
6.910341738830538816e-07
8.258672863803439699e-07
7.064613100737915798e-07
6.094015716939793069e-07
6.002187660669732881e-07
5.715811283835137570e-07
6.882226387006084710e-07
9.572599708462803392e-07
7.922899243339998065e-07
6.894171235671820310e-07
8.095010286979231327e-07
7.220231481142036924e-07
6.401964085966937577e-07
6.894537747825779238e-07
6.428779812495122738e-07
6.310966313094467993e-07
6.827989651014832330e-07
6.416223612859539148e-07
6.377078932473523521e-07
6.597591323043161749e-07
7.617138379600874455e-07
7.591483324631553418e-07
6.677845306057860884e-07
6.158471165917945169e-07
6.243384930826323821e-07
6.996490185429137941e-07
6.904448383693307247e-07
7.499339659489123521e-07
7.148342945129116045e-07
6.625212392918911276e-07
6.436244547103342696e-07
6.339693626955522420e-07
6.551443732405459318e-07
7.651114600548680967e-07
6.680163323835585986e-07
7.004331024518250646e-07
7.067530134463595459e-07
6.761116395637145615e-07
6.767683913722066367e-07
6.553922190732919050e-07
6.107369600272249743e-07
6.656911494928863672e-07
7.170192958483312184e-07
8.007873731230574353e-07
8.675445926087377302e-07
8.316454369605708052e-07
7.412572955445284606e-07
7.095944994262026316e-07
6.152379143031794017e-07
6.433968991359506194e-07
5.952453790314393277e-07
5.710906251010783519e-07
5.956499336434716983e-07
6.904172522581575322e-07
6.048559271221165545e-07
6.501306202721934400e-07
6.948742793611017775e-07
7.926575619876530678e-07
7.247072034033407849e-07
7.374326941089748500e-07
6.836639556695445208e-07
6.300077245668944458e-07
6.048820921478182268e-07
6.610420541619533165e-07
9.796377185011806432e-07
8.659701222768489970e-07
7.930807157663366525e-07
7.181284786383912856e-07
6.111953098297817421e-07
5.280354045567036823e-07
5.387253210642483768e-07
5.279188286522185081e-07
5.430578625009729453e-07
5.215643795963842210e-07
5.224993245178665833e-07
5.652942292044826900e-07
5.794244344770049369e-07
5.449854626249362111e-07
5.779935065675090723e-07
6.110373988121864174e-07
5.349753465111461568e-07
5.223079654115281512e-07
5.162800107427756302e-07
6.451549708685888830e-07
5.700692852883549190e-07
5.707234549845451997e-07
5.301708441152186424e-07
5.339301537787832574e-07
5.772377264179340061e-07
5.494830745078615807e-07
5.201343768135302314e-07
5.244542990112677005e-07
5.177131399136669643e-07
5.356483981699966746e-07
4.904171404973566982e-07
5.270391554290654312e-07
5.787053638073303287e-07
5.938045944731129778e-07
5.892696407272524296e-07
5.564349180531280369e-07
5.571339173116030209e-07
5.681224394038508974e-07
5.834886138700312586e-07
5.572311408741370754e-07
5.510291146038070596e-07
6.047305234346822544e-07
5.577839189641053751e-07
5.534464207812561865e-07
5.519163266853865511e-07
5.058740654817484452e-07
6.078395699660177766e-07
5.876244685509845810e-07
5.485451310960343108e-07
5.448819607067889169e-07
5.520671095382568151e-07
5.397218217240151293e-07
6.307730046728466246e-07
5.214603149283902894e-07
5.282609137680083434e-07
5.140911355283606311e-07
5.251837549735682418e-07
5.168523586007722558e-07
5.646145766036170667e-07
5.282540257667278426e-07
5.053947901956235424e-07
5.104484927187513465e-07
5.498367528389280355e-07
5.134690439945188277e-07
5.080328406847911538e-07
4.941535834745991663e-07
4.979311157171650424e-07
4.999128634608496002e-07
5.322258090245668004e-07
5.277910091194826236e-07
5.136552587714504625e-07
5.451930931599235495e-07
5.024479747817167663e-07
5.106147440869790020e-07
5.524485416685820594e-07
5.228483544783557802e-07
5.124012801616118152e-07
5.008174099430107586e-07
5.551695053895855169e-07
5.940728385667171308e-07
5.402872403692527071e-07
5.142145155900835076e-07
4.793499698507730288e-07
5.149870077048035455e-07
5.090011143238371429e-07
5.089765508614619162e-07
6.357728679518003932e-07
6.044032090812833789e-07
5.586539742807872456e-07
6.801629695019073552e-07
5.575555093173534260e-07
5.637917098511025172e-07
5.893993346717252280e-07
5.323545934743379317e-07
5.176493857561581959e-07
5.209223303381805150e-07
5.070081755320643636e-07
4.816517957806354389e-07
5.851866688999507460e-07
5.289374797712298883e-07
4.872682495715707350e-07
5.289722892598547756e-07
5.153705515681394900e-07
4.879351138242782750e-07
4.722470904994224733e-07
4.984339142311000826e-07
4.740781299972240747e-07
4.837075181285399806e-07
4.682014463242012531e-07
4.734430426367453249e-07
4.826476001085211465e-07
4.949555233224600882e-07
4.799080585371484419e-07
4.674225053236113930e-07
4.675554720279251130e-07
4.670088273428518627e-07
4.602132165132388975e-07
4.756380548087691052e-07
4.663088262191195099e-07
5.031890395912341350e-07
4.699830157051110503e-07
4.672848191944467332e-07
4.560209774240320257e-07
4.684593619685983867e-07
4.713399803790707665e-07
4.809558916463174894e-07
4.683718515252621728e-07
4.491755873914371477e-07
4.706877703597456381e-07
4.784470135632545862e-07
4.839108797227708935e-07
4.724021543722756390e-07
4.928732664666312789e-07
4.805567428434187605e-07
4.694250165471203006e-07
4.655552942267604310e-07
4.632631970480360694e-07
4.591716916024779599e-07
4.751638400080082541e-07
4.838484329638959237e-07
4.999284286100192244e-07
4.884870008936558892e-07
5.068934541441194173e-07
4.757510978947721120e-07
4.682724096483070541e-07
4.592426790850368191e-07
4.549535177034158445e-07
4.614813107650661656e-07
4.883106129227599224e-07
4.753879267127558494e-07
4.823570449730141263e-07
4.552554187853275137e-07
4.777342397233041993e-07
4.882637810510459742e-07
4.736802878824164509e-07
4.837473312591101117e-07
4.670029881026494073e-07
4.645778616918505471e-07
4.753691101200274822e-07
4.748528908748994793e-07
4.693986980441877465e-07
4.690506834492680461e-07
4.595892349357200252e-07
4.831774020885859500e-07
4.573552686792936372e-07
4.596298865067183003e-07
4.636401392588141091e-07
4.698827154925311545e-07
4.691670497436462240e-07
4.635374551753557382e-07
4.796030381726268388e-07
4.762519594692094066e-07
4.687330601882422449e-07
4.728906930040466144e-07
5.542178740824965220e-07
4.846064811658834515e-07
4.910110888545205367e-07
4.946788671134072290e-07
4.658957735159674485e-07
4.534717746196292971e-07
4.658864085627101304e-07
4.509608615421711875e-07
4.642295564849518784e-07
4.630378342085350384e-07
4.867423896826040132e-07
4.635778807937640628e-07
4.547343721128527144e-07
4.612176653040478202e-07
4.529692290589082510e-07
4.484225513579076611e-07
4.442673187554646680e-07
4.580571840051561700e-07
4.644411617960031541e-07
4.512619213414836744e-07
4.563453543937612267e-07
4.636395061652365363e-07
4.570020678329456344e-07
4.571490762828034137e-07
4.749699627382142459e-07
4.517071261034288803e-07
4.677806344943746914e-07
4.777678910272697976e-07
4.559110180935022178e-07
4.551801794150378767e-07
4.566189730326186585e-07
4.396425950403681887e-07
4.412285150579009496e-07
4.506862353537144160e-07
4.366153689261409348e-07
4.549998493530438282e-07
4.399450361347589827e-07
4.369099826817546379e-07
4.548130760895219282e-07
4.380189878361307122e-07
4.387093916591311321e-07
4.364979012905223287e-07
4.399499687224306505e-07
4.419029650648553692e-07
4.426092878873078007e-07
4.427387537475624625e-07
4.402773143397098359e-07
4.483341385252970318e-07
4.496744971049792882e-07
4.368986942893115960e-07
4.348696847955580081e-07
4.386147125501338451e-07
4.360697616334618942e-07
4.374889591929331588e-07
4.594430578208630322e-07
4.512768001063704909e-07
4.427210811286386161e-07
4.449600162104161533e-07
4.393754977627395419e-07
4.337074926752393579e-07
4.449144554996564693e-07
4.416527104922352221e-07
4.312822362351198747e-07
4.385623725511322634e-07
4.384806345569814069e-07
4.348719087943209372e-07
4.396607479861813666e-07
4.457161139725940196e-07
4.362834069127074948e-07
4.380984520935271364e-07
4.465767673877962913e-07
4.395979800619898121e-07
4.468718884709233164e-07
4.500435011323133949e-07
4.485625026973139029e-07
4.548886991528888757e-07
4.365283913898565410e-07
4.543875121498786241e-07
4.453308392271537529e-07
4.310317081035464071e-07
4.445098952032822338e-07
4.345234046354562557e-07
4.397492489260912195e-07
4.358614965838114374e-07
4.358286702199620671e-07
4.328352247284783410e-07
4.450414394341350893e-07
4.359798083442001582e-07
4.408795831523093723e-07
4.303002626215857374e-07
4.361972194999452874e-07
4.343392077998942325e-07
4.396956072127977571e-07
4.525614251349452176e-07
4.350390895524469458e-07
4.368419972422543651e-07
4.515125105797324279e-07
4.451371431457573635e-07
4.437187911321416534e-07
4.422199950226968107e-07
4.450148040291423756e-07
4.308392803409333494e-07
4.393866070984131511e-07
4.361765988392107829e-07
4.319722400225600828e-07
4.325075458666560947e-07
4.492898696639713096e-07
4.309988334227909733e-07
4.347050662545371081e-07
4.448758062380875450e-07
4.356507773195517287e-07
4.343868695855235273e-07
4.377893468188176590e-07
4.357390537279570708e-07
4.229987119686029261e-07
4.419881975081807256e-07
4.267972229854422251e-07
4.350476046965923372e-07
4.372779976336005453e-07
4.376136388373197300e-07
4.398659903870339106e-07
4.335660932497376052e-07
4.314477408229322358e-07
4.383551299724786077e-07
4.329766710498006644e-07
4.357795482690107853e-07
4.318438243444689063e-07
4.381716451007377843e-07
4.257542613572695594e-07
4.261067658717365703e-07
4.264565674816367603e-07
4.257883190916800337e-07
4.326766671169934747e-07
4.208991782661542159e-07
4.323926603433392302e-07
4.226823222097664151e-07
4.210877222021735982e-07
4.279885764901791633e-07
4.245422118742681156e-07
4.225019054615586356e-07
4.265281006610166620e-07
4.260928250232609571e-07
4.305140002713869868e-07
4.231845593949401518e-07
4.208730622679013534e-07
4.262595041382155614e-07
4.251361069407266663e-07
4.210629661827169700e-07
4.253977216706061775e-07
4.284170628920946805e-07
4.249769915531942282e-07
4.237266907125558858e-07
4.257841659693895159e-07
4.201735578135412864e-07
4.250957275075961661e-07
4.252360426448831382e-07
4.220097196139249718e-07
4.226327796175155421e-07
4.299710425925695851e-07
4.252981320007620419e-07
4.244775844597370557e-07
4.260132264732874319e-07
4.211525229891321730e-07
4.281811015971470412e-07
4.234711454387252055e-07
4.191804606534788248e-07
4.264285578869930971e-07
4.232991827279874785e-07
4.248132356110545304e-07
4.242356105521593933e-07
4.253225064587695458e-07
4.275419534849334225e-07
4.225334720331375244e-07
4.215010655173045750e-07
4.210299039186793591e-07
4.217654037574902865e-07
4.280389546806873008e-07
4.205661184641940265e-07
4.214671150748472640e-07
4.223190018137756957e-07
4.302270909306571623e-07
4.235813193531612342e-07
4.232106419976844124e-07
4.257720604528003499e-07
4.229326243887498792e-07
4.258292975123367584e-07
4.233075941328934383e-07
4.280503262066303948e-07
4.354594594246918965e-07
4.275198676850777596e-07
4.238604851991567663e-07
4.251686036127466544e-07
4.298040579442386039e-07
4.256511985545330496e-07
4.225591915485438010e-07
4.248845890231223060e-07
4.283788683778766426e-07
4.214019767800891502e-07
4.321703940490806205e-07
4.207741554296262409e-07
4.238026434677522153e-07
4.400333224907626678e-07
4.179514149882379464e-07
4.204718507594407340e-07
4.230262788951222319e-07
4.286477761183959850e-07
4.212446555129645064e-07
4.259429658759472871e-07
4.220255135578554261e-07
4.267530925972096050e-07
4.180064401282379549e-07
4.194827518233523627e-07
4.245991661377957128e-07
4.251855834525031347e-07
4.253050384761536301e-07
4.246256949613780095e-07
4.174741945917048830e-07
4.205155647696301352e-07
4.198742928451792871e-07
4.163014210689652722e-07
4.181852979456834873e-07
4.417908989751140325e-07
4.329793064528075880e-07
4.243420946181686410e-07
4.150396549107426942e-07
4.197768774361065774e-07
4.206507220771982353e-07
4.182165369570611801e-07
4.239079629542175098e-07
