1.299417773882548088e+00
2.620154271523157941e-01
2.684099723895390643e-01
2.580553392569224225e-01
2.778848508993784772e-01
3.454908033212025775e-01
4.903054336706797467e-01
3.551395038763682233e-01
3.175504108270009174e-01
2.593748271465301514e-01
2.540768533945083618e-01
2.736248175303141461e-01
2.863084971904754639e-01
2.525314440329869403e-01
2.652897189060847150e-01
2.574567943811416626e-01
2.912140885988871442e-01
2.629312127828598022e-01
3.479579289754231586e-01
3.490766882896423340e-01
4.254087209701538086e-01
3.193462391694386615e-01
3.807690441608428955e-01
2.375927418470382690e-01
2.517791390419006348e-01
2.734475632508595599e-01
4.561520516872406006e-01
3.108888268470764160e-01
2.414121826489766531e-01
3.493813971678416119e-01
2.876910467942555560e-01
3.446999192237854004e-01
3.835504055023193359e-01
2.308120280504226685e-01
2.848282158374786377e-01
4.560133715470631732e-01
2.722918291886647357e-01
2.729950447877247943e-01
4.243696232636769428e-01
2.747034331162770404e-01
2.985606392224629535e-01
2.757650117079417096e-01
3.998923699061076031e-01
2.638614922761917114e-01
2.533864080905914307e-01
3.908956050872802734e-01
2.671571671962738037e-01
2.970468600591023578e-01
3.059516449769337787e-01
2.627899299065272198e-01
5.564717849095662805e-01
2.787394225597381592e-01
2.433830350637435913e-01
2.689979175726572858e-01
3.150345186392466412e-01
2.526534895102183209e-01
3.341983159383137836e-01
5.482754707336425781e-01
3.108429412047068463e-01
2.819295326868693219e-01
3.931087950865427838e-01
2.616019944349924908e-01
3.137861092885335101e-01
4.116413295269012451e-01
2.956044971942901611e-01
2.530822753906250000e-01
3.036529223124186383e-01
2.769572536150614606e-01
3.652366201082865582e-01
2.782172063986460553e-01
2.664555211861928119e-01
2.729042172431945801e-01
2.605992555618286133e-01
2.975168426831563129e-01
2.762324114640553607e-01
2.481052279472351074e-01
2.584868272145589008e-01
2.905173103014628277e-01
3.775056997934977399e-01
3.081095616022745953e-01
2.662172416845957623e-01
3.377206325531005859e-01
2.916094362735748291e-01
3.179652094841003418e-01
2.665814459323883057e-01
2.937572797139485492e-01
3.563428918520609723e-01
2.704197466373443604e-01
2.529962311188380109e-01
2.705669999122619629e-01
3.442089259624481201e-01
3.065982162952423096e-01
3.434147238731384277e-01
2.615214983622233258e-01
3.642366131146748676e-01
2.926411032676696777e-01
3.274093468983967914e-01
2.578414181868235455e-01
2.444157203038533621e-01
2.495070050160090036e-01
2.602602243423461914e-01
2.497445742289225168e-01
2.687139113744099750e-01
2.696074446042378558e-01
2.731094559033711566e-01
2.669616242249806537e-01
2.683701813220977783e-01
2.718777656555175781e-01
2.788921793301900043e-01
2.514643669128417969e-01
2.562087525924046649e-01
2.754161258538563861e-01
3.003309269746144428e-01
2.679067552089691162e-01
2.672955940167109357e-01
2.540838221708933697e-01
2.535047183434168683e-01
2.713717619578043805e-01
2.502644360065460205e-01
3.145123124122619629e-01
3.144674201806386127e-01
3.158132533232371197e-01
2.670116623242695941e-01
2.488241195678710938e-01
2.567807833353678570e-01
2.497624556223551340e-01
2.679683864116668701e-01
2.735970616340637207e-01
2.398628840843836374e-01
2.574858119090397968e-01
2.457533329725265503e-01
2.605516413847605572e-01
3.023662070433298932e-01
2.584896186987559186e-01
2.636061211427052631e-01
2.620605776707331525e-01
2.915031015872955322e-01
2.744851162036259784e-01
2.557871490716934204e-01
2.525928368171055927e-01
2.809029718240101947e-01
2.618951002756754742e-01
2.787427504857381000e-01
2.519430269797642841e-01
2.548336088657379150e-01
2.575816959142684937e-01
2.454342643419901437e-01
2.488357573747634888e-01
2.578281313180923462e-01
2.511578152577082501e-01
2.592402299245198383e-01
2.461877266565958566e-01
2.554104079802830829e-01
2.493849148352940970e-01
2.443309128284454346e-01
2.459923128286997385e-01
2.554727494716644287e-01
2.466967354218164987e-01
2.640816768010457172e-01
2.549448559681574689e-01
2.530393650134404315e-01
2.528722633918126239e-01
2.507597108681996478e-01
2.692735493183135986e-01
2.519851028919219971e-01
2.668021619319915771e-01
2.507237792015075684e-01
2.518098702033360614e-01
2.540763616561889648e-01
2.594757874806721820e-01
2.529741177956263409e-01
2.897632221380869733e-01
2.582973937193552838e-01
2.640516757965087891e-01
2.535197387139002667e-01
2.519222944974899292e-01
2.697471876939137592e-01
2.577375769615173340e-01
2.886613110701243268e-01
2.505715290705363141e-01
2.596466541290283203e-01
2.642680009206135883e-01
2.464452584584554129e-01
2.574421366055806293e-01
2.515200177828471051e-01
2.636189560095469342e-01
2.478966563940048218e-01
2.384591499964396066e-01
2.654401262601216449e-01
2.916690508524577008e-01
2.422213653723398752e-01
2.476874788602193289e-01
2.494504153728485107e-01
2.530744870503743305e-01
2.452559967835744315e-01
2.477986812591552734e-01
2.536921749512354718e-01
2.452804446220397949e-01
2.513865033785502301e-01
2.490008175373077393e-01
2.613500754038493024e-01
2.681508858998616351e-01
2.636910676956176758e-01
2.588370045026143207e-01
2.551912317673365460e-01
2.544367263714472638e-01
2.423340181509653635e-01
2.533452212810516357e-01
2.905576129754384174e-01
2.475178043047586984e-01
2.500201314687728882e-01
2.604056000709533691e-01
2.690482934315999164e-01
2.570004860560099469e-01
2.562668025493621826e-01
2.481036732594172067e-01
2.473246703545252390e-01
2.455606162548065186e-01
2.570828795433044434e-01
2.505038976669311523e-01
2.474411477645238333e-01
2.656086683273315430e-01
2.589564472436904907e-01
2.495706578095754080e-01
2.483707666397094727e-01
2.682428658008575439e-01
2.499083131551742554e-01
2.452498773733774728e-01
2.488804062207539969e-01
2.678362429141998291e-01
2.522349556287129535e-01
2.489384561777114868e-01
2.588732987642288208e-01
2.572731375694274902e-01
2.456229825814565115e-01
2.474732100963592529e-01
2.610531051953633441e-01
2.564047078291575299e-01
2.601017653942108154e-01
2.436541716257731027e-01
2.494330306847890311e-01
2.586516837279002057e-01
2.545460015535354614e-01
2.481309274832407541e-01
2.721567302942276001e-01
2.516520271698634015e-01
2.435702979564666748e-01
2.492331663767496652e-01
2.584335108598073139e-01
2.584652751684188843e-01
2.492738862832387381e-01
2.555901706218719482e-01
2.425318658351898193e-01
2.415436506271362305e-01
2.437772601842880249e-01
2.426003962755203247e-01
2.409642636775970459e-01
2.471390962600708008e-01
2.636814316113789691e-01
2.457336237033208304e-01
2.437773048877716064e-01
2.430604547262191772e-01
2.733634710311889648e-01
2.546449353297551288e-01
2.454071392615636282e-01
2.437656472126642770e-01
2.628346979618072510e-01
2.527595857779185162e-01
2.463413824637731009e-01
2.434379110733667917e-01
2.557553201913833618e-01
2.565201222896575928e-01
2.694477190574010028e-01
2.456687440474828177e-01
2.543516308069229126e-01
2.493052333593368530e-01
2.466550072034200125e-01
2.459777096907297678e-01
2.519944806893666400e-01
2.607845465342203961e-01
2.729084690411885394e-01
2.437252054611841745e-01
2.902936438719431744e-01
2.562048484881718768e-01
2.476232995589574271e-01
2.651106814543406354e-01
2.645158519347508563e-01
2.677212655544281006e-01
2.517075737317402973e-01
2.521182646354039325e-01
2.482773015896479196e-01
2.464946508407592773e-01
2.735668917496998920e-01
2.464118202527364188e-01
2.487346927324930734e-01
2.484685828288396292e-01
2.503319382667541504e-01
2.590066840251286640e-01
2.512826273838679181e-01
2.519509891668955670e-01
2.614682515462239398e-01
2.514056563377380371e-01
2.468381275733312064e-01
2.521688093741734638e-01
2.540222853422164917e-01
2.441528191169103079e-01
2.435252567132314139e-01
2.492658346891403198e-01
2.500471621751785278e-01
2.490242024262746268e-01
2.497648000717163086e-01
2.515679895877838135e-01
2.470180143912633353e-01
2.502305259307225360e-01
2.475435535113016672e-01
2.515244086583455219e-01
2.471619198719660349e-01
2.534911880890528546e-01
2.500571409861246930e-01
2.477689385414123535e-01
2.485369791587193899e-01
2.536809792121251239e-01
2.554711600144703998e-01
2.514092276493708478e-01
2.435895204544067383e-01
2.498341500759124756e-01
2.521250645319620953e-01
2.537250568469365253e-01
2.510570387045542584e-01
2.505027006069819318e-01
2.506112555662791119e-01
2.513598303000132428e-01
2.476648936669031686e-01
2.506906390190124512e-01
2.502806733051936017e-01
2.489099850257237845e-01
2.589474618434906006e-01
2.517125457525253296e-01
2.497525562842687064e-01
2.479364673296610422e-01
2.516795645157496319e-01
2.514686286449432373e-01
2.523077875375747681e-01
2.606517076492309570e-01
2.491133560736974173e-01
2.494464914004007883e-01
2.579733083645502911e-01
2.550232907136281146e-01
2.483358432849248343e-01
2.483085046211878366e-01
2.551730026801427020e-01
2.493792374928792410e-01
2.500732988119125366e-01
2.560291290283203125e-01
2.477082163095474243e-01
2.536919365326563702e-01
2.479366560777028494e-01
2.514786471923192157e-01
2.494984716176986694e-01
2.523844788471857892e-01
2.454828619956970215e-01
2.563046813011169434e-01
2.570189684629440308e-01
2.435894509156545096e-01
2.558769285678863525e-01
2.561073303222656250e-01
2.517609993616740094e-01
2.545035034418106079e-01
2.579109072685241699e-01
2.482051849365234375e-01
2.586637636025746478e-01
2.548837314049403058e-01
2.551318705081939697e-01
2.521898299455642700e-01
2.466489821672439575e-01
2.518812517325083600e-01
2.496050695578257150e-01
2.495048940181732178e-01
2.471318890651067191e-01
2.525686621665954590e-01
2.531099965174992694e-01
2.541349828243255615e-01
2.509569227695465088e-01
2.484236309925715036e-01
2.519337584575017108e-01
2.491714557011922293e-01
2.465039988358815604e-01
2.539540628592173444e-01
2.546177307764689313e-01
2.560202976067860736e-01
2.541541159152984619e-01
2.470715393622716360e-01
2.471847782532373972e-01
2.683020383119583130e-01
2.537684241930643902e-01
2.498912215232849121e-01
2.479675660530726022e-01
2.495224426190058298e-01
2.630511720975239887e-01
2.443939695755640573e-01
2.509708255529403687e-01
2.511780460675557269e-01
2.536830802758534564e-01
2.521224220593770160e-01
2.532928834358851300e-01
2.532903701066970825e-01
2.523640394210815430e-01
2.509684463342030658e-01
2.533823847770690918e-01
2.539482812086741315e-01
2.494899630546569824e-01
2.508028497298558368e-01
2.561704069375991821e-01
2.480269273122151785e-01
2.517943630615870343e-01
2.554577142000198364e-01
2.515338808298110962e-01
2.500029901663462506e-01
2.508841753005981445e-01
2.552073895931243896e-01
2.494668066501617432e-01
2.587278187274932861e-01
2.502577354510625018e-01
2.479292154312133789e-01
2.579042017459869385e-01
2.482319474220275879e-01
2.516938596963882446e-01
2.523697614669799805e-01
2.520547310511271344e-01
2.518698573112487793e-01
2.574344128370285034e-01
2.508005946874618530e-01
2.530855834484100342e-01
2.564733425776163922e-01
2.528922508160273419e-01
2.530810733636220111e-01
2.543631394704182758e-01
2.540124108393986835e-01
2.553332249323527203e-01
2.504209131002426147e-01
2.550866901874542236e-01
2.533827821413676129e-01
2.490346978108088083e-01
2.544387429952621460e-01
2.470247795184453421e-01
2.510873327652613507e-01
2.561381558577219830e-01
2.462826520204544067e-01
2.574128657579421997e-01
2.472659051418304443e-01
2.536404579877853394e-01
2.512876292069752826e-01
2.533675630887349262e-01
2.535982082287470685e-01
2.517466296752293720e-01
2.485074003537496024e-01
2.540816515684127808e-01
2.540805141131083356e-01
2.531124154726664410e-01
2.543619275093078613e-01
2.560985436042149677e-01
2.494353751341501779e-01
2.578707536061604633e-01
2.534360140562057495e-01
2.553324600060780658e-01
2.509702493747075214e-01
2.505264927943547382e-01
2.624613841374714984e-01
2.523622661828994751e-01
2.554651151100794659e-01
2.509238968292872296e-01
2.612038354078928815e-01
2.494709342718124390e-01
2.561706354220708026e-01
2.519263327121734619e-01
2.513363609711329327e-01
2.541609456141789569e-01
2.583238830169041766e-01
2.521266440550486432e-01
2.545443375905354633e-01
2.548825542132059918e-01
2.538415044546127319e-01
2.492275486389795847e-01
2.556648055712382184e-01
2.533546090126037598e-01
2.544972499211629047e-01
2.518370002508163452e-01
2.577424049377441406e-01
2.503797163565953388e-01
2.523792386054992676e-01
2.568356096744537354e-01
2.565065821011860980e-01
2.529246757427851544e-01
2.521863977114359723e-01
2.514724880456924438e-01
2.571675678094227924e-01
2.541221330563227521e-01
2.538713663816452026e-01
2.583270321289698468e-01
2.562587211529414044e-01
2.532489597797393799e-01
2.528019646803538190e-01
2.546742955843607770e-01
2.527050773302714215e-01
2.537413785854975568e-01
2.578405588865280151e-01
2.522449940443038940e-01
2.537513176600138531e-01
2.549616744120915546e-01
2.563932935396830426e-01
2.547395577033360614e-01
2.536914745966593610e-01
2.521751423676808490e-01
2.537328451871871948e-01
2.522417406241099225e-01
2.533351033926010132e-01
2.551436771949132098e-01
2.513265411059061871e-01
2.541086971759796143e-01
2.550981193780899048e-01
2.524821857611338483e-01
2.531020889679591046e-01
2.540239393711090088e-01
2.519977043072382794e-01
2.525794059038162231e-01
2.527215381463368549e-01
2.578998208045959473e-01
2.515922784805297852e-01
2.549524605274200439e-01
2.531930357217788696e-01
2.499969750642776489e-01
2.557624280452728271e-01
2.529202153285344257e-01
2.545575896898905621e-01
2.503714064757029401e-01
2.529507726430892944e-01
2.508606463670730591e-01
2.539911915858586444e-01
2.523359308640162335e-01
2.533418685197830200e-01
2.550992468992869244e-01
2.574292669693629132e-01
2.552086412906646729e-01
2.520194649696350098e-01
2.538777490456898822e-01
2.540375987688700543e-01
2.544018675883610858e-01
2.547978709141413556e-01
2.518427719672520770e-01
2.526264141003290997e-01
2.533092349767684937e-01
2.535471419493357526e-01
2.541315704584121704e-01
2.560010254383087158e-01
2.523543039957682477e-01
2.529344558715820312e-01
2.536967496077219830e-01
2.516525586446126117e-01
2.529712865749995099e-01
2.550439884265263690e-01
2.545213649670283185e-01
2.564621816078822003e-01
2.546457697947819843e-01
2.544177522261937274e-01
2.539230982462565289e-01
2.545898308356602802e-01
2.536066621541976929e-01
2.535135298967361450e-01
2.565753261248270856e-01
2.529221922159194946e-01
2.515903959671656476e-01
2.540051986773808612e-01
2.535675217707951679e-01
2.547205239534378052e-01
2.557746271292368756e-01
2.542053212722142352e-01
2.512187461058298932e-01
2.574546386798222675e-01
2.508603980143864765e-01
2.553497403860092163e-01
2.540664126475651874e-01
2.535302092631657733e-01
2.551082472006480084e-01
2.529070675373077393e-01
2.548833340406417847e-01
2.567388713359832764e-01
2.530138591925303326e-01
2.538141955931981220e-01
2.543737143278121948e-01
2.522137612104415894e-01
2.545778900384902954e-01
2.520573735237121582e-01
2.572819987932841168e-01
2.519800961017608643e-01
2.511386026938756122e-01
2.557402749856312885e-01
2.543573329846064435e-01
2.530716061592102051e-01
2.559755841890971051e-01
2.510880331198374615e-01
2.564407338698704852e-01
2.516853908697764264e-01
2.545853356520335065e-01
2.521630525588989258e-01
2.543602883815765381e-01
2.540388007958729877e-01
2.529917160669962750e-01
2.540609737237294330e-01
2.552137672901153564e-01
2.559920599063237323e-01
2.548864831527073993e-01
2.549873093763987408e-01
2.527136852343876972e-01
2.552974770466486798e-01
2.522929757833480835e-01
2.542123893896738873e-01
2.555955102046330585e-01
2.562762151161829816e-01
2.552563001712163104e-01
2.544508477052052631e-01
2.548580964406331195e-01
2.567241241534550800e-01
2.528636157512664795e-01
2.546669294436772479e-01
2.560266455014546527e-01
2.533850620190302716e-01
2.557049294312794818e-01
2.561024129390716553e-01
2.544468641281127930e-01
2.538881649573643817e-01
2.544739842414855957e-01
2.538035015265147076e-01
2.534199853738148822e-01
2.546079357465108051e-01
2.537079304456710815e-01
2.536095281442006244e-01
2.553432981173197613e-01
2.529341181119282855e-01
2.566133290529251099e-01
2.532334476709365845e-01
2.549736599127451764e-01
2.540073891480763568e-01
2.536054948965708600e-01
2.545214494069417133e-01
2.572848598162333356e-01
2.555772016445795880e-01
2.539513409137725830e-01
2.559901873270670758e-01
2.540799081325531006e-01
2.545893539985020770e-01
2.546210289001464844e-01
2.536261479059855328e-01
2.539890358845393048e-01
2.544855674107869281e-01
2.542180915673573627e-01
2.557835628588994159e-01
2.548236548900604248e-01
2.548807958761851178e-01
2.540382246176401959e-01
2.538933704296748028e-01
2.545342197020848407e-01
2.550764481226603375e-01
2.549234877030054913e-01
2.551058977842330933e-01
2.535664041837056293e-01
2.561728656291961670e-01
2.555731038252512799e-01
2.549351255098978863e-01
2.548799415429433002e-01
2.584604720274607526e-01
2.541533857583999634e-01
2.546618779500325336e-01
2.534070014953613281e-01
2.567188292741775513e-01
2.561317284901936664e-01
2.541765968004862652e-01
2.546096593141555786e-01
2.577551752328872681e-01
2.553283820549647198e-01
2.574975887934367047e-01
2.546419451634089337e-01
2.567741672197977887e-01
2.558084378639857159e-01
2.560911724964777814e-01
2.551581511894862042e-01
2.553457717100779401e-01
2.570931613445281982e-01
2.547754993041356220e-01
2.571734984715779437e-01
2.545394152402877808e-01
2.532809376716613770e-01
2.556773920853932514e-01
2.555573731660842896e-01
2.580615778764088764e-01
2.547978560129801617e-01
2.556113104025523053e-01
2.552381257216135846e-01
2.533382276693980084e-01
2.552966972192128314e-01
2.546549240748087750e-01
2.542788535356521606e-01
2.573657333850860596e-01
2.536659936110178815e-01
2.552095850308735980e-01
2.560500005880991803e-01
2.546441505352656232e-01
2.555165042479832782e-01
2.561583121617634906e-01
2.551847596963246478e-01
2.539760023355484009e-01
2.575293729702631818e-01
2.532427956660588397e-01
2.546697656313578473e-01
2.575174868106842041e-01
2.534521321455637799e-01
2.538340638081232892e-01
2.583464433749516620e-01
2.544138580560684204e-01
2.555093765258789062e-01
2.551561991373698102e-01
2.548960695664088116e-01
2.566798230012257709e-01
2.545383026202519550e-01
2.556147774060567035e-01
2.565046052138010846e-01
2.535866945981979370e-01
2.547678550084431781e-01
2.527092744906743182e-01
2.552832216024398804e-01
2.551031162341435565e-01
2.522643804550170898e-01
2.547409584124882831e-01
2.545337726672490253e-01
2.567996581395466937e-01
2.553474704424540387e-01
2.570466498533884869e-01
2.550333092610041485e-01
2.547555168469746723e-01
2.586268782615661621e-01
2.540103842814763202e-01
2.552925894657770978e-01
2.569637646277745380e-01
2.562852104504902973e-01
2.540122369925181256e-01
2.561570703983306885e-01
2.540553708871205463e-01
2.537490775187810077e-01
2.564848363399505615e-01
2.545441240072250366e-01
2.558299948771794452e-01
2.564527889092763080e-01
2.558209051688511981e-01
2.563457190990447998e-01
2.531452973683674945e-01
2.555494209130604877e-01
2.565313180287678851e-01
2.544681727886199951e-01
2.542776366074879779e-01
2.543957581122716083e-01
2.545977433522542133e-01
2.559195508559544696e-01
2.547444651524226056e-01
2.549260209004084454e-01
2.559133619070053101e-01
2.559514542420704974e-01
2.539293269316355572e-01
2.568047344684600830e-01
2.534046421448389874e-01
2.547128101189931049e-01
2.527735928694407330e-01
2.539425939321517944e-01
2.559763193130493164e-01
2.557392070690790997e-01
2.549009223779042377e-01
2.562093883752822876e-01
2.558429886897404804e-01
2.531119535366694318e-01
2.549412747224171771e-01
2.556317249933878766e-01
2.568408946196238385e-01
2.543581376473109112e-01
2.559183935324351178e-01
2.570336461067199707e-01
2.556582689285278320e-01
2.553194165229797363e-01
2.544174989064534320e-01
2.557911475499470844e-01
2.543400178352991925e-01
2.545222540696461810e-01
2.573522329330444336e-01
2.560052424669265747e-01
2.554824352264404297e-01
2.542288949092229022e-01
2.545864979426066266e-01
2.552047868569691791e-01
2.552582422892252789e-01
2.557586232821146832e-01
2.545190950234730853e-01
2.559313724438349591e-01
2.537543078263600482e-01
2.540309578180313110e-01
2.559613535801569806e-01
2.537900954484939575e-01
2.562223871548970355e-01
2.551813026269276752e-01
2.564983069896697998e-01
2.575139850378036499e-01
2.549271583557128906e-01
2.552636961142222272e-01
2.554076313972473145e-01
2.568585574626922607e-01
2.538713812828063965e-01
2.563746919234593524e-01
2.546122123797734393e-01
2.554681996504465924e-01
2.557468762000401630e-01
2.541447232166926251e-01
2.530906945466995239e-01
2.560675193866093768e-01
2.547066410382588519e-01
2.561669449011484967e-01
2.543183664480845319e-01
2.565478036801020489e-01
2.540313055117924823e-01
2.571080575386683331e-01
2.555299699306488037e-01
2.560068617264429913e-01
2.552151580651600971e-01
2.561664779980977191e-01
2.561840116977691650e-01
2.564545323451359882e-01
2.557347516218821393e-01
2.544360260168711529e-01
2.562270214160283222e-01
2.549606064955393658e-01
2.549425512552261353e-01
2.558296124140421735e-01
2.557850529750188007e-01
2.573111752669016705e-01
2.558755576610565186e-01
2.553559790054957257e-01
2.572406282027562274e-01
2.565691570440928326e-01
2.577452808618545532e-01
2.561836640040079938e-01
2.540769378344218121e-01
2.562958200772603168e-01
2.574662317832310809e-01
2.555446426073710309e-01
2.562003185351689472e-01
2.535956700642903461e-01
2.560022622346878052e-01
2.553101281325022565e-01
2.581838568051655902e-01
2.550856173038482666e-01
2.555881440639495850e-01
2.540648629268010272e-01
2.561777631441752301e-01
2.571757237116495953e-01
2.550137837727864398e-01
2.550306469202041626e-01
2.558852483828862323e-01
2.546960959831873761e-01
2.581425110499064313e-01
2.548982451359431134e-01
2.560746669769287109e-01
2.549894104401270734e-01
2.573692897955576764e-01
2.560747216145197735e-01
2.556136896212895526e-01
2.570722699165344238e-01
2.549856305122375488e-01
2.566582659880320416e-01
2.553845445315043317e-01
2.557871341705322266e-01
2.540256232023239136e-01
2.548205008109410419e-01
2.559302151203155518e-01
2.534935971101124896e-01
2.563054362932841168e-01
2.563559412956237793e-01
2.541445940732955933e-01
2.549864749113718854e-01
2.561152428388595581e-01
2.553255955378214703e-01
2.565836062033970966e-01
2.546510497728983746e-01
2.553812315066655292e-01
2.569935470819473267e-01
2.568500737349192486e-01
2.553400595982869281e-01
2.547771682341893329e-01
2.558332631985346661e-01
2.546107620000839233e-01
2.565400103727976666e-01
2.546535482009251727e-01
2.537539700667063580e-01
2.556948165098826276e-01
2.561700344085693359e-01
2.560891509056091309e-01
2.560622195402781354e-01
2.553975383440653668e-01
2.568113356828689575e-01
2.546227673689524518e-01
2.561247398455937518e-01
2.544937133789062500e-01
2.572340865929921283e-01
2.550534556309382306e-01
2.553950250148773193e-01
2.572995026906331195e-01
2.547869980335235596e-01
2.556924323240916119e-01
2.545927117268244610e-01
2.560284336407979144e-01
2.550576428572337018e-01
2.550662606954574585e-01
2.552078316609064923e-01
2.543282806873321533e-01
2.564276705185572491e-01
2.567060142755508423e-01
2.548212061325709210e-01
2.565746009349822998e-01
2.555752247571945190e-01
2.579557001590728760e-01
2.570954710245132446e-01
2.551068464914957867e-01
2.550923079252243042e-01
2.553484290838241577e-01
2.561897635459899902e-01
2.541509916385014667e-01
2.546471804380416870e-01
2.561355878909428729e-01
2.547451953093211041e-01
2.539793501297633038e-01
2.571494479974110736e-01
2.547589888175328388e-01
2.560368726650874005e-01
2.563469757636387958e-01
2.559774319330851422e-01
2.566491216421127319e-01
2.544586608807246075e-01
2.563548783461253033e-01
2.546664029359817505e-01
2.558903793493906842e-01
2.555339137713114606e-01
2.567208607991536273e-01
2.562217861413955688e-01
2.566453317801157819e-01
2.568313181400299072e-01
2.549565782149632587e-01
2.556764980157216205e-01
2.560233970483143939e-01
2.562515983978907452e-01
2.547940661509831561e-01
2.563872337341308594e-01
2.550374617179234638e-01
2.566346824169158936e-01
2.554747412602106915e-01
2.555652409791946411e-01
2.569647630055745258e-01
2.539049436648686542e-01
2.548014422257741107e-01
2.542647222677866803e-01
2.562722464402516498e-01
2.552981277306874408e-01
2.563480138778686523e-01
2.552915910879771100e-01
2.565324306488037109e-01
2.557349950075149536e-01
2.571395536263783588e-01
2.558940450350443707e-01
2.574545492728551044e-01
2.555087159077326642e-01
2.560600886742274152e-01
2.553755541642506732e-01
2.545166810353596820e-01
2.560055007537205829e-01
2.556810975074768066e-01
2.568425436814625873e-01
2.533941616614659442e-01
2.575180282195408954e-01
2.562205791473388672e-01
2.566200544436772479e-01
2.561341822147369385e-01
2.542961935202280865e-01
2.546129971742630005e-01
2.557398825883865356e-01
2.565601567427317486e-01
2.552795559167861938e-01
2.550342381000518799e-01
2.560526132583618164e-01
2.556240459283192767e-01
2.550456722577412738e-01
2.560631334781646729e-01
2.547194411357243671e-01
2.555455466111500873e-01
2.539220253626505719e-01
2.553317646185557233e-01
2.550132771333058490e-01
2.559886574745178223e-01
