2.541256882250308990e-02
4.614467111726601629e-03
3.298440870518485560e-03
3.967984657113750487e-03
5.197613655279080362e-03
4.702634410932660103e-03
5.457854208846886664e-03
4.365124662096302004e-03
4.833540723969538717e-03
3.934443773080904989e-03
4.172935538614789934e-03
4.134050958479444475e-03
5.483230731139580698e-03
4.293747711926698685e-03
3.805874225993951306e-03
3.700552197794119372e-03
4.878879835208256750e-03
4.096143646165728569e-03
4.243992269039154053e-03
5.547644104808568954e-03
6.604381526509921045e-03
4.208853157858054132e-03
5.539036200692256003e-03
3.378451025734344974e-03
3.301627701148390770e-03
5.573058811326821356e-03
5.182632089902956991e-03
5.797112515817086191e-03
3.880730985353390231e-03
4.969336247692505808e-03
5.478538728008667917e-03
4.257146501913666725e-03
4.104398889467120171e-03
3.179416758939623833e-03
4.571640864014625549e-03
6.031269052376349478e-03
5.263815633952617645e-03
4.521977466841538458e-03
5.985316975663105936e-03
4.875967589517434149e-03
4.695237070942918749e-03
4.677725179741780252e-03
5.225665246446927099e-03
4.466168737659851999e-03
4.195380024611949921e-03
5.548945240055521040e-03
5.444713557759921045e-03
5.429616508384545355e-03
4.726254226018984823e-03
4.606566081444422693e-03
4.371269140392541885e-03
4.959815647453069687e-03
4.396761534735560417e-03
5.085870002706845312e-03
4.279269215961297064e-03
4.101784278949101477e-03
5.243783661474783926e-03
7.069975292931000681e-03
6.199776660650968552e-03
5.009674467146396637e-03
4.932052300622065573e-03
4.263978296269972830e-03
4.184449324384331703e-03
6.195930608858664541e-03
5.758210395773251562e-03
4.333361284807324409e-03
4.002922835449377985e-03
4.023068118840456009e-03
4.292545917754371672e-03
5.676080317546923666e-03
4.756918332229058237e-03
5.394789079825083704e-03
4.521285338948170633e-03
5.607248439143101663e-03
5.822840146720409393e-03
4.130507276083032579e-03
4.628353907416264505e-03
5.253857001662254333e-03
5.619764716054002733e-03
4.658041521906852722e-03
4.711496178060770035e-03
4.444305474559466333e-03
5.328535878409941702e-03
5.028437046955029459e-03
4.964806139469146729e-03
4.449941994001467734e-03
5.505807697772979736e-03
5.666711212446291952e-03
4.627650293211142511e-03
4.867732680092255564e-03
6.049830311288435965e-03
5.173696360240380258e-03
6.387524772435426712e-03
5.087264037380616159e-03
4.800746527810891180e-03
5.180363155280550032e-03
5.314587770650784464e-03
4.976872044305006952e-03
4.785846142719189615e-03
4.794065064440171213e-03
4.861596350868542700e-03
5.021480067322651834e-03
5.183743468175332041e-03
5.417638458311557770e-03
5.185856639097134561e-03
4.528396452466647119e-03
4.875485940525929422e-03
5.249182538439829855e-03
5.435483685384194345e-03
4.746348131448030472e-03
4.818685430412490873e-03
5.434864511092503576e-03
5.481290941437085180e-03
5.365126455823580713e-03
5.429278438289959936e-03
4.973311132440964670e-03
4.784581173832218141e-03
5.241061560809612274e-03
4.754799495761592894e-03
5.217514311273892431e-03
4.618442850187420845e-03
5.239949561655521393e-03
5.213001587738593130e-03
4.681214069326718359e-03
5.083472157518069239e-03
4.727166999752323122e-03
4.708485910668969154e-03
4.832563611368338556e-03
4.517753763745228739e-03
5.022342006365458460e-03
4.702236658583085031e-03
5.230494464437167139e-03
4.832233457515637369e-03
4.634432494640350342e-03
5.113049255063136130e-03
4.916853892306487055e-03
5.131871129075686426e-03
4.646455791468421907e-03
4.109944643763204127e-03
4.826646142949660330e-03
4.591225335995356531e-03
4.960125001768271417e-03
5.301141024877627402e-03
4.609525669366121292e-03
4.961887684961159735e-03
4.719137835005919428e-03
4.614597807327906580e-03
4.700240523864825277e-03
5.098745847741763086e-03
5.033191759139299393e-03
4.998281132429838181e-03
4.754892472798625917e-03
5.088789388537406921e-03
4.829075187444686890e-03
4.747305608664949446e-03
5.045445015033085852e-03
5.109604448080062866e-03
4.535148541132609339e-03
5.274285251895586939e-03
4.667055482665698023e-03
4.657316409672300310e-03
4.661341353009144754e-03
4.810048422465722055e-03
4.685046306500832529e-03
4.393939161673188210e-03
4.305020517980058699e-03
4.631949666266639738e-03
4.710715419302384348e-03
4.837720034023125677e-03
4.653937493761380224e-03
4.740782082080841064e-03
4.826295965661604910e-03
4.690827258552114458e-03
4.477074835449457169e-03
4.899474792182445526e-03
4.888163258632023840e-03
4.669831755260626764e-03
4.853306959072749109e-03
5.581695896883805304e-03
4.209352036317189245e-03
4.462049342691898346e-03
4.967220903684695273e-03
4.841158088917533846e-03
4.901609073082606287e-03
5.051946500316262245e-03
4.916944541037082672e-03
4.404004663228988647e-03
4.565058974549174309e-03
4.906666309883196860e-03
4.975918292378385573e-03
4.538217714677254648e-03
4.919259653737147360e-03
4.776842271288235693e-03
4.670745460316538811e-03
4.566272410253684015e-03
4.948866864045460730e-03
5.154340993613004684e-03
4.782919616748888998e-03
4.818308322379986734e-03
4.782646739234526663e-03
4.524114464099208803e-03
5.079549504444003105e-03
4.776900634169578552e-03
4.754190954069296808e-03
4.907761079569657355e-03
5.082183595125873594e-03
5.042282010739048033e-03
4.411109567930300741e-03
4.485843547930319815e-03
4.919522597144047708e-03
4.578567575663328171e-03
4.658393096178770065e-03
4.939969163388013840e-03
5.109687180568774252e-03
4.839765528837840051e-03
4.953442451854546576e-03
4.282534355297684669e-03
4.492672781149546594e-03
4.917158124347527533e-03
4.785488980511824579e-03
4.946494319786627798e-03
5.071135703474283218e-03
4.679845335582892389e-03
4.511918872594833374e-03
4.756351001560688019e-03
4.982981209953625708e-03
4.482901344696680994e-03
4.726398891458909006e-03
4.797072072202960939e-03
4.489138644809524507e-03
4.661251946041981668e-03
4.522227915003895760e-03
5.118827878807981520e-03
4.678736984108884840e-03
4.457840152705709429e-03
4.420817984888951273e-03
4.911868677784998923e-03
5.059656842301289530e-03
4.572591511532664299e-03
4.896550284077723532e-03
4.891755835463603048e-03
5.122244202842314749e-03
4.786686195681492777e-03
4.728154667342702837e-03
5.242753541097044945e-03
5.037998159726460486e-03
4.938084632158279419e-03
4.742707125842571259e-03
4.703229138006766348e-03
4.912357777357101440e-03
4.883537146573265104e-03
5.110737013941009550e-03
4.610613764574130087e-03
4.537960669646660776e-03
4.815122267852227182e-03
4.767776466906070709e-03
4.712544847279787064e-03
4.487194508935014696e-03
4.906477251400549917e-03
4.715328337624669075e-03
4.904085459808508844e-03
4.772278092180688887e-03
4.618107651670773535e-03
5.066293524578213692e-03
4.697169332454602213e-03
4.754694954802592306e-03
4.783357260748744011e-03
4.729803962012131720e-03
4.586138684923450441e-03
4.942115551481644602e-03
4.549512950082619696e-03
4.815655915687481851e-03
4.791222978383302689e-03
5.029089127977688818e-03
4.750329457844297380e-03
4.937875239799420328e-03
4.329910579447944670e-03
4.735960004230340033e-03
5.158760507280628176e-03
4.426419502124190331e-03
4.354981550325949698e-03
4.796352082242568045e-03
4.904276380936305017e-03
4.978713889916737585e-03
4.899415187537670135e-03
4.969629924744367599e-03
4.681650859614213019e-03
5.007271654903888702e-03
5.082855078702171354e-03
4.792438509563605280e-03
4.394573159515857697e-03
4.793448839336633682e-03
4.984047884742419214e-03
4.764295959224303274e-03
4.853939947982628851e-03
4.831735355158646612e-03
4.608244945605595617e-03
4.855705269922812491e-03
4.664573973665635080e-03
4.665878911813099890e-03
4.567750807230670958e-03
4.589553456753492355e-03
4.860708490014076233e-03
4.942812180767456980e-03
4.952250824620326071e-03
4.727332775170604677e-03
4.582625658561785727e-03
4.712392576038837433e-03
4.681347248454888373e-03
4.897148658831913977e-03
4.504892198989788980e-03
4.549897353475292235e-03
4.809437630077202826e-03
4.945340100675821304e-03
4.993551721175511389e-03
5.036048358306288719e-03
4.394309905668099432e-03
4.585761266450087519e-03
5.061196163296699524e-03
4.702991805970668793e-03
4.508760447303454370e-03
4.633105204751093893e-03
4.669466521590948105e-03
5.027904796103636713e-03
4.854433704167604446e-03
4.938324447721242905e-03
4.948507373531659155e-03
4.602311489482720404e-03
4.652746021747589111e-03
4.787299471596877069e-03
4.797702499975760489e-03
4.534402474140127211e-03
4.496465126673380823e-03
4.585893514255682916e-03
4.419693956151604652e-03
4.954789221907655687e-03
4.409056312094132395e-03
4.472363584985335379e-03
4.774831701070070267e-03
4.779389516140024156e-03
4.872230812907218933e-03
4.632569073388974161e-03
5.047449686874945669e-03
4.725062754005193710e-03
5.185180343687534332e-03
4.879528346161047907e-03
4.728976792345444650e-03
4.984203881273667307e-03
5.045958949873845072e-03
4.764717537909746170e-03
5.000497680157423019e-03
4.834111003826062174e-03
4.663640633225440979e-03
4.354363462577263803e-03
4.687988044073184042e-03
4.646045155823230743e-03
4.857697989791631699e-03
4.715243664880593329e-03
5.026215842614571543e-03
4.526750262205799132e-03
4.865676475067933111e-03
4.668926664938529043e-03
4.653827287256717682e-03
4.864038356269399614e-03
4.557354530940453501e-03
4.513129591941833496e-03
4.759413345406453104e-03
4.340470070019364357e-03
4.742705573638279944e-03
4.466198384761810303e-03
4.710503077755372019e-03
4.795901787777741461e-03
4.531451190511385889e-03
4.796037139991919489e-03
4.861155912900964708e-03
4.588131016741196604e-03
4.698240198194980621e-03
4.717291022340456934e-03
4.734583199024200439e-03
4.681470183034737616e-03
5.144833354279398918e-03
4.831878157953421564e-03
4.828790823618571253e-03
4.504513461142778397e-03
4.980699935307105093e-03
4.363528918474912643e-03
4.256841726601123810e-03
4.607969739784796744e-03
4.689202954371769934e-03
4.607894613097111673e-03
4.760249052196741104e-03
4.511122048522035570e-03
4.543961879486839266e-03
4.980712973823149710e-03
4.890571658809979468e-03
4.805365422119696646e-03
4.879612786074479132e-03
4.730614988754193277e-03
4.695568388948838205e-03
4.813798392812411280e-03
4.986332496628165245e-03
4.870653462906678229e-03
4.764334764331579208e-03
4.708834768583376913e-03
4.812416310111681909e-03
5.100491301467021017e-03
4.933477068940798731e-03
4.746045606831709833e-03
4.813028189043204279e-03
4.686706078549225836e-03
5.009327394266922980e-03
4.768535805245240240e-03
4.896156334628661184e-03
4.776120030631621390e-03
4.981652678300936728e-03
5.104181123897433281e-03
4.654121274749438257e-03
4.626252378026644678e-03
4.643674939870834351e-03
4.619032687818010359e-03
4.627130537604291945e-03
4.483848499755064936e-03
4.653452429920434952e-03
4.721043941875298529e-03
4.448610901211698561e-03
4.257876154345770388e-03
4.718233365565538406e-03
4.641962858537833185e-03
4.647500269735853166e-03
4.894643711547057123e-03
4.439831633741657228e-03
4.724707454442977905e-03
4.710794426500797272e-03
4.705299778530995340e-03
4.739978971580664606e-03
4.760520998388528824e-03
4.832624302556117087e-03
4.514059129481514006e-03
4.639092289532224626e-03
4.836960074802239447e-03
4.506799081961314173e-03
4.954123559097449274e-03
4.537699976935982704e-03
5.030712888886530905e-03
4.814556877439220457e-03
4.602857166901230812e-03
4.759420951207478552e-03
4.948555802305539160e-03
5.020237062126398087e-03
4.581834888085722923e-03
5.237454160427053480e-03
4.816453127811352701e-03
4.824652336537837982e-03
4.763030757506688147e-03
4.856899535904328317e-03
4.797133617103099823e-03
4.747513526429732351e-03
5.045591543118159265e-03
4.874106496572494507e-03
4.764398870368798285e-03
4.810164372126261682e-03
5.013945124422510176e-03
4.637543577700853348e-03
4.825046441207329721e-03
5.017139948904514313e-03
4.707102353374163599e-03
4.618157787869374246e-03
4.830381988237301798e-03
4.656913224607706070e-03
4.768454702571034431e-03
4.540934770678480177e-03
4.662081133574247360e-03
5.027134514724214583e-03
5.092011454204718561e-03
4.942291881889104843e-03
4.795293556526303291e-03
4.655097300807635279e-03
4.401999448115627260e-03
4.648952279239892960e-03
4.544101267432172804e-03
5.176077364012598991e-03
4.624117476244767218e-03
4.692282062023878098e-03
4.814157883326212854e-03
4.762436108042796164e-03
4.637104536717136412e-03
5.010910797864198685e-03
4.653696203604340553e-03
4.761747705439726801e-03
4.754617034147183390e-03
4.786464075247446985e-03
4.845876712352037430e-03
4.845034020642439813e-03
4.695112816989421844e-03
4.795497749000787735e-03
4.770247420916954965e-03
4.765281143287817926e-03
4.932818934321403503e-03
4.859356209635734558e-03
4.772845345238844843e-03
5.065306865920622854e-03
5.033774301409721375e-03
4.792164390285809546e-03
4.801301906506220789e-03
4.565379659955699949e-03
4.713166660318772287e-03
4.555804732566078215e-03
5.148856357360879869e-03
4.522816821311910658e-03
4.676408600062131882e-03
4.738574692358572989e-03
4.532331445564826040e-03
5.003208449731270761e-03
4.819789746155341177e-03
5.038670729845762253e-03
4.963135036329428644e-03
4.797214176505804062e-03
5.034816528980930357e-03
4.664945959423978834e-03
4.854451088855664224e-03
4.934395508219798117e-03
4.716642511387665777e-03
4.848815966397523880e-03
5.223180400207638741e-03
5.025507649406790733e-03
4.971999364594618769e-03
4.243735418034096270e-03
4.591738494733969660e-03
4.604983298728863687e-03
4.955846350640058517e-03
4.683184903115034103e-03
4.858903276423613520e-03
4.862524569034576416e-03
4.836563952267169952e-03
4.965118442972500830e-03
5.048210266977548599e-03
4.807475488632917404e-03
5.095135575781266184e-03
4.840421024709939957e-03
4.839481941113869638e-03
4.988012214501698523e-03
4.609836110224326162e-03
4.943200697501500158e-03
4.665761875609557123e-03
4.648650530725717545e-03
5.256385697672764749e-03
4.912865348160266876e-03
4.981818220888574629e-03
5.280336597934365273e-03
5.073817291607459097e-03
4.719629262884457617e-03
4.841957706958055496e-03
4.637878465776641874e-03
4.602541060497363119e-03
4.658921078468362779e-03
5.035070702433586121e-03
5.049850636472304373e-03
4.655683956419427900e-03
5.012228153645992279e-03
4.822704785813887625e-03
4.868051425243417711e-03
4.565996893992026358e-03
4.949147657801707297e-03
4.573019764696558027e-03
4.711494315415620804e-03
5.190854504083593397e-03
5.014061306913693457e-03
4.844780778512358665e-03
4.749287385493516922e-03
5.257311509922146797e-03
4.754174966365098953e-03
4.851299803704023361e-03
4.883206604669491739e-03
4.876020830124616623e-03
4.654140134031574220e-03
5.033881869167089462e-03
4.558919540916879683e-03
5.008996386701862306e-03
4.949826281517744064e-03
4.447705345228314400e-03
4.796222473184267969e-03
5.062462141116459875e-03
4.824897274374961853e-03
5.093223104874293299e-03
4.766830243170261383e-03
4.560145859917004614e-03
4.771026317030191422e-03
4.607490031048655510e-03
5.098829123501976042e-03
4.723146247367064447e-03
4.895426022509734125e-03
4.980564893533785849e-03
4.904093376050393076e-03
5.032363813370466232e-03
4.955481427411238642e-03
4.681083839386701584e-03
5.069934763014316559e-03
5.003485828638076782e-03
4.849532619118690491e-03
4.672749899327754974e-03
4.799937984595696421e-03
4.770842536042134256e-03
4.627785878255963326e-03
4.763495487471421271e-03
4.710553834835688562e-03
4.856315519039829283e-03
5.056093136469523401e-03
4.813902700940768213e-03
5.120798790206511526e-03
4.770837568988402395e-03
4.867208035041888266e-03
5.087074590846896172e-03
5.051714057723681421e-03
4.849533860882123022e-03
4.769099410623311996e-03
4.962490561107794733e-03
4.717006503293911905e-03
4.981805880864460974e-03
4.890998204549153357e-03
4.733591030041377039e-03
5.018923431634902954e-03
4.810056493928034811e-03
4.966578446328639984e-03
4.880633981277545004e-03
4.723766197760899573e-03
4.983166853586832971e-03
4.598920000717043877e-03
4.782814066857099533e-03
4.665865562856197357e-03
5.070593906566500664e-03
4.798827460035681725e-03
4.932464876522620230e-03
5.156676284968852997e-03
4.937647997091214151e-03
4.932018773009379416e-03
4.882746220876772909e-03
4.923087389518816977e-03
5.053039019306500464e-03
4.335310969812174349e-03
5.100997940947611838e-03
4.708994179964065552e-03
5.001330748200416565e-03
5.100214155390858650e-03
4.741124498347441645e-03
4.720928302655617685e-03
5.033334561934073477e-03
5.218396972243984251e-03
4.674482935418684988e-03
5.124769328782956095e-03
4.947200029467542677e-03
4.758743879695733099e-03
4.920546120653550119e-03
4.796631634235382080e-03
4.870382137596607208e-03
4.630080346638957949e-03
4.703115050991375952e-03
4.546844555685917826e-03
4.970615652079383821e-03
4.741688569386799841e-03
5.061062208066384287e-03
4.719079627345005960e-03
5.118384957313537598e-03
5.209365549186865778e-03
4.914965325345595389e-03
5.300376719484726877e-03
4.738370577494303675e-03
4.631508452196915655e-03
4.973655100911855698e-03
4.622061504051089287e-03
4.371784860268235207e-03
5.035764460141460390e-03
5.000341528405745535e-03
4.998685326427221298e-03
4.924304783344268799e-03
4.714756117512782126e-03
5.010040787359078436e-03
4.669355616594354601e-03
4.806519951671361923e-03
4.458598792552947998e-03
4.697882725546757669e-03
5.111555491263668032e-03
4.827884181092183084e-03
4.696064628660678864e-03
4.459850645313660593e-03
4.997414691994587869e-03
4.820150012771288843e-03
4.606851066152255030e-03
4.557878089447815924e-03
4.805025334159533472e-03
4.571376834064722061e-03
5.194149445742368698e-03
4.697582839677731485e-03
4.685816044608752222e-03
4.552982747554779053e-03
4.967828126003344565e-03
4.868055693805217743e-03
4.924804593125979395e-03
4.753422147283951731e-03
5.066081105420987100e-03
4.683682229369878769e-03
5.101064685732126236e-03
4.648773853356639833e-03
4.896755019823710413e-03
4.902102053165435791e-03
4.843615461140871048e-03
4.873117276777823477e-03
4.801622436692317038e-03
4.649543669074773788e-03
4.783553692201773615e-03
5.208532325923442841e-03
4.821203028162320166e-03
4.775080829858779907e-03
5.190854426473379135e-03
4.488352686166763306e-03
5.063631959880392046e-03
4.860408448924620657e-03
4.463274885589878054e-03
4.821322392672300339e-03
4.818245302885770798e-03
5.052258027717471123e-03
5.009261580804984064e-03
4.728964685151974649e-03
5.134150075415770502e-03
4.967442403237025232e-03
4.956706271817286520e-03
4.649960047875841170e-03
4.930621168265740366e-03
4.827931988984346390e-03
4.753528162837028503e-03
4.685429468130071669e-03
4.724362865090370178e-03
5.188536752636234255e-03
4.769054551919301062e-03
4.675980191677808762e-03
4.790388668576876612e-03
4.678360264127452879e-03
4.679894230018059702e-03
4.818775691092014313e-03
4.477521482234199553e-03
5.206215505798657446e-03
4.920283487687508554e-03
4.481291320795814485e-03
4.547417551899949999e-03
4.926270184417565375e-03
4.793117288500070572e-03
4.860284039750695229e-03
4.787323685983817072e-03
4.817084254076083212e-03
4.611734688902894945e-03
4.953668064748247175e-03
4.653686347107092829e-03
4.630254038299123735e-03
5.006885466476281195e-03
4.910373128950595856e-03
4.763207087914149256e-03
4.741036954025427790e-03
5.275132444997628241e-03
5.021046847105026245e-03
5.126060917973518372e-03
4.756589575360218973e-03
4.965209246923525839e-03
4.624340450391173363e-03
4.928920573244492502e-03
5.043468438088893890e-03
4.359103506430983543e-03
4.873073504616816549e-03
4.746051660428444834e-03
4.829767936219771414e-03
4.742190086593230276e-03
4.699175090839465170e-03
4.826549440622329712e-03
4.774793516844511032e-03
4.619335522875189781e-03
4.936058850338061361e-03
5.091929342597723007e-03
4.880026603738467188e-03
4.984619716803233118e-03
5.224162635083000154e-03
4.750492827345927267e-03
4.726954114933808355e-03
5.160378913084666223e-03
4.880320746451616287e-03
4.717752027014891596e-03
4.773939338823159247e-03
4.827227443456649780e-03
5.025191154951850862e-03
4.869391676038503647e-03
4.770574004699786215e-03
4.936991725116968155e-03
4.568912166481216459e-03
4.861603180567423792e-03
4.740010791768630057e-03
5.042483254025380106e-03
5.168170202523469925e-03
4.740588677426178961e-03
4.744257312268018723e-03
4.299686173908412457e-03
4.855881600330273599e-03
4.620596223200361223e-03
4.597572066510717363e-03
4.828048869967460632e-03
4.859667271375656128e-03
4.801960351566473932e-03
4.699343970666329355e-03
4.658295772969722748e-03
4.571088356897234917e-03
4.401730295891563387e-03
4.762326522419850321e-03
4.802213516086339951e-03
4.875954240560531616e-03
4.714430775493383408e-03
4.953521459052960367e-03
4.532991132388512583e-03
4.800474736839532852e-03
4.920755047351121902e-03
4.742809416105349569e-03
5.165924861406286268e-03
4.735488755007584601e-03
4.900251359989245444e-03
4.994440358132123947e-03
4.989171555886666269e-03
4.838644837339718847e-03
4.693719946468870134e-03
4.860532935708761215e-03
4.836956815173228293e-03
4.856748816867669134e-03
4.943007913728554754e-03
4.843223451947172194e-03
4.653219366446137428e-03
4.710715108861525564e-03
4.763839611162741690e-03
4.479192740594347029e-03
5.070190255840619116e-03
4.872440205266078024e-03
4.541099925215045900e-03
4.979700781404972076e-03
4.766893107444047928e-03
5.069265297303597421e-03
4.516141877199212999e-03
4.767101568480332403e-03
5.114510733013351469e-03
4.951819777488708496e-03
4.909430320064227075e-03
4.712054195503394098e-03
4.725215956568717957e-03
4.705262370407581329e-03
4.999086416016022653e-03
4.790266044437885284e-03
5.377222628643115072e-03
4.543701962878306418e-03
4.776401134828726740e-03
4.976828737805287332e-03
5.020721039424340219e-03
4.564046238859494238e-03
4.906489824255307226e-03
4.856966746350129156e-03
4.572426977877815275e-03
4.824849621703227072e-03
5.077816002691785784e-03
4.999801671753327341e-03
5.159756789604823084e-03
5.164392525330185890e-03
4.972457963352401762e-03
4.435901607697208433e-03
4.803714187194903402e-03
4.584549227729439735e-03
5.003912529597680063e-03
4.476399160921573639e-03
4.419494420289993286e-03
5.126088391989469528e-03
5.160864675417542458e-03
4.562527096519867868e-03
4.826086728523175211e-03
4.986469789097706766e-03
4.776389803737401962e-03
4.928033488492171259e-03
4.637979048614700346e-03
4.679293682177861242e-03
4.882662945116559954e-03
4.576743114739656448e-03
4.986731956402461023e-03
4.901885520666837692e-03
4.465661632517973871e-03
5.035991935680310221e-03
5.018624942749738693e-03
5.058703633646170587e-03
4.758977176000674277e-03
5.114081315696239471e-03
4.521383438259363174e-03
4.451969250415761976e-03
4.711769055575132370e-03
4.978338023647665977e-03
4.754918161779642105e-03
4.553617366279165239e-03
4.740675445646047592e-03
5.243012215942144394e-03
5.002977481732766123e-03
4.855752922594547272e-03
4.776725545525550842e-03
5.119210031504432649e-03
4.795713194956381827e-03
4.829803636918465586e-03
4.710663265238205881e-03
5.191893394415576964e-03
4.915687488391995430e-03
5.381178110837936401e-03
4.676692032565672903e-03
5.223728561153014212e-03
4.816412770499785452e-03
5.010838077093164415e-03
4.683686032270391493e-03
4.644044597322742433e-03
5.016717438896496802e-03
4.921204410493373871e-03
4.869188492496808081e-03
5.021920427680015564e-03
4.570383578538894653e-03
4.978241786981622667e-03
4.735390966137249975e-03
4.862014204263687134e-03
5.113488994538784027e-03
4.559744770328204126e-03
5.068732891231775284e-03
4.743414465337991714e-03
4.666630954792101889e-03
5.303550511598587036e-03
5.012882873415946960e-03
4.518581011022130937e-03
5.063160477826992960e-03
5.215992918238043785e-03
4.804818580547968836e-03
4.670681819940607042e-03
5.118021508678793907e-03
4.698910828058918028e-03
4.837562795728445053e-03
4.931763357793291121e-03
4.968954638267557115e-03
5.062877355764309854e-03
4.861964533726374597e-03
5.147714478274186163e-03
4.743800653765599222e-03
4.683179470400015802e-03
4.407069412991404533e-03
4.795445284495751352e-03
5.119766962404052706e-03
4.731655586510896683e-03
4.815635737031698227e-03
4.691837821155786514e-03
4.613491551329691916e-03
5.288457187513510675e-03
4.816199497630198507e-03
4.898670284698407144e-03
4.520193363229433985e-03
5.345511638248960466e-03
5.159739404916763306e-03
5.123249255120754242e-03
5.158001401772101431e-03
4.997796689470608740e-03
4.945100750774145126e-03
4.777353722602128983e-03
4.630236187949776649e-03
4.815481292704741449e-03
4.930091866602499991e-03
4.822544598331053763e-03
5.074178722376625032e-03
4.721734828005234690e-03
4.772349571188290625e-03
4.729829107721646338e-03
4.766363495339949637e-03
5.002859358986218481e-03
4.901782609522342682e-03
4.558948877577980070e-03
5.005515956630309134e-03
5.159988533705472946e-03
5.012245305503408403e-03
4.941281552116076441e-03
5.055575321118037195e-03
4.794497663776080103e-03
4.930015963812668829e-03
4.971470062931378393e-03
4.625096451491117477e-03
4.591560844952861757e-03
4.868978324035803766e-03
4.932167474180459976e-03
5.334964022040367126e-03
5.020225265373786001e-03
5.110273448129494696e-03
4.458625257636110277e-03
4.874129624416430502e-03
5.022663467874129324e-03
5.066192553689082174e-03
5.042447708547115326e-03
4.947128395239512415e-03
4.771197680383920670e-03
5.089117912575602531e-03
5.031507772703965216e-03
5.178503847370545358e-03
4.946842013547818155e-03
4.874036802599827738e-03
4.961108478407065363e-03
